0 0.43828125 0.84375 0.040625 0.084375
0 0.37734375 0.85625 0.03125 0.0921875
0 0.3609375 0.940625 0.028125 0.0890625
0 0.40234375 0.9265625 0.0265625 0.0890625
0 0.34453125 0.83984375 0.03125 0.096875
0 0.3046875 0.8453125 0.034375 0.1
0 0.446875 0.93828125 0.0375 0.08125
0 0.42265625 0.9796875 0.0234375 0.040625
0 0.39453125 0.99453125 0.01875 0.0109375
0 0.4015625 0.68984375 0.034375 0.084375
0 0.43828125 0.71328125 0.0296875 0.084375
0 0.4609375 0.77890625 0.028125 0.08125
0 0.48203125 0.93671875 0.0296875 0.0765625
0 0.47421875 0.9890625 0.025 0.0203125
0 0.41953125 0.57578125 0.0375 0.09375
0 0.44921875 0.62421875 0.040625 0.0859375
0 0.4703125 0.69296875 0.0328125 0.08125
0 0.4953125 0.7703125 0.028125 0.0796875
0 0.48671875 0.85078125 0.034375 0.075
0 0.51015625 0.95859375 0.034375 0.0828125
0 0.51875 0.87265625 0.03125 0.078125
0 0.540625 0.98984375 0.021875 0.0203125
0 0.403125 0.428125 0.034375 0.0859375
0 0.43046875 0.490625 0.034375 0.0875
0 0.4609375 0.54375 0.03125 0.0890625
0 0.4828125 0.6109375 0.028125 0.0796875
0 0.50390625 0.68671875 0.0328125 0.08125
0 0.52578125 0.78984375 0.03125 0.078125
0 0.5421875 0.940625 0.03125 0.0765625
0 0.57265625 0.95625 0.028125 0.0796875
0 0.596875 0.984375 0.0203125 0.03125
0 0.60234375 0.9234375 0.03125 0.078125
0 0.625 0.96875 0.025 0.0625
0 0.65 0.946875 0.025 0.071875
0 0.5515625 0.859375 0.0296875 0.075
0 0.57890625 0.88046875 0.028125 0.0765625
0 0.559375 0.77890625 0.03125 0.078125
0 0.5859375 0.79921875 0.028125 0.071875
0 0.61015625 0.8375 0.0296875 0.0796875
0 0.6296875 0.89453125 0.028125 0.075
0 0.49453125 0.5296875 0.028125 0.08125
0 0.434375 0.3859375 0.0328125 0.0828125
0 0.43515625 0.29296875 0.0375 0.0859375
0 0.47421875 0.37578125 0.034375 0.078125
0 0.4609375 0.459375 0.034375 0.084375
0 0.496875 0.446875 0.0296875 0.08125
0 0.52578125 0.5265625 0.0296875 0.08125
0 0.5140625 0.61015625 0.0328125 0.078125
0 0.54765625 0.63125 0.0296875 0.0828125
0 0.5328125 0.709375 0.034375 0.08125
0 0.5578125 0.55546875 0.028125 0.0875
0 0.5765625 0.6203125 0.0265625 0.06875
0 0.56640625 0.7 0.03125 0.071875
0 0.4734375 0.29296875 0.03125 0.0828125
0 0.415625 0.21796875 0.03125 0.0875
0 0.38671875 0.15234375 0.03125 0.0828125
0 0.4015625 0.071875 0.040625 0.0796875
0 0.4359375 0.128125 0.0265625 0.084375
0 0.47109375 0.134375 0.034375 0.071875
0 0.45078125 0.21015625 0.03125 0.075
0 0.48515625 0.2125 0.03125 0.071875
0 0.503125 0.28671875 0.028125 0.078125
0 0.4671875 0.053125 0.0296875 0.096875
0 0.43046875 0.03984375 0.0328125 0.0796875
0 0.67265625 0.9828125 0.01875 0.034375
0 0.6453125 0.99140625 0.021875 0.0171875
0 0.69609375 0.9734375 0.021875 0.053125
0 0.67578125 0.9234375 0.025 0.071875
0 0.68203125 0.853125 0.0234375 0.071875
0 0.70234375 0.90703125 0.0234375 0.0703125
0 0.721875 0.96484375 0.028125 0.0703125
0 0.73984375 0.98828125 0.025 0.0234375
0 0.6375 0.81796875 0.025 0.075
0 0.65703125 0.87109375 0.0234375 0.0703125
0 0.66484375 0.7953125 0.0234375 0.0734375
0 0.6890625 0.77890625 0.025 0.0734375
0 0.7109375 0.8328125 0.025 0.0734375
0 0.725 0.89609375 0.025 0.075
0 0.7484375 0.87421875 0.021875 0.071875
0 0.7453125 0.946875 0.0203125 0.075
0 0.7625 0.98046875 0.01875 0.0375
0 0.76953125 0.9203125 0.01875 0.075
0 0.78515625 0.97265625 0.021875 0.0546875
0 0.80703125 0.96328125 0.0203125 0.0734375
0 0.825 0.98671875 0.01875 0.0265625
0 0.8296875 0.9328125 0.021875 0.065625
0 0.84296875 0.97265625 0.0171875 0.053125
0 0.86015625 0.99296875 0.015625 0.0125
0 0.8609375 0.95625 0.0203125 0.0625
0 0.8796875 0.98359375 0.01875 0.0328125
0 0.8828125 0.934375 0.025 0.06875
0 0.9 0.97109375 0.01875 0.0578125
0 0.91640625 0.98984375 0.0078125 0.01875
0 0.95 0.98359375 0.021875 0.0328125
0 0.93046875 0.98046875 0.01875 0.0375
0 0.965625 0.9578125 0.0234375 0.0609375
0 0.97734375 0.89921875 0.021875 0.0578125
0 0.934375 0.928125 0.01875 0.0578125
0 0.91640625 0.9515625 0.01875 0.0609375
0 0.90390625 0.9078125 0.0171875 0.065625
0 0.9515625 0.89921875 0.021875 0.05625
0 0.5203125 0.3625 0.028125 0.078125
0 0.52734375 0.4421875 0.028125 0.0734375
0 0.5578125 0.46875 0.0265625 0.071875
0 0.5875 0.5453125 0.025 0.06875
0 0.6046875 0.6390625 0.025 0.071875
0 0.5953125 0.71796875 0.03125 0.071875
0 0.61640625 0.75546875 0.028125 0.06875
0 0.6453125 0.7375 0.0234375 0.0671875
0 0.63046875 0.6734375 0.028125 0.071875
0 0.67265625 0.71953125 0.025 0.0703125
0 0.49375 0.01875 0.03125 0.0375
0 0.51015625 0.0734375 0.025 0.078125
0 0.50859375 0.1625 0.03125 0.078125
0 0.52890625 0.23828125 0.028125 0.084375
0 0.54453125 0.30625 0.0265625 0.065625
0 0.55234375 0.39140625 0.0265625 0.071875
0 0.5859375 0.46640625 0.028125 0.0734375
0 0.6140625 0.56640625 0.028125 0.0625
0 0.53125 0.0359375 0.03125 0.071875
0 0.53515625 0.11484375 0.0296875 0.06875
0 0.559375 0.23046875 0.025 0.0765625
0 0.575 0.3078125 0.025 0.0765625
0 0.6375 0.59453125 0.0296875 0.075
0 0.65625 0.6578125 0.028125 0.0765625
0 0.6140625 0.49375 0.034375 0.078125
0 0.65 0.5140625 0.03125 0.071875
0 0.56015625 0.07421875 0.028125 0.078125
0 0.56875 0.15703125 0.0296875 0.0765625
0 0.59609375 0.25703125 0.028125 0.08125
0 0.603125 0.32890625 0.028125 0.08125
0 0.58203125 0.3890625 0.03125 0.08125
0 0.5921875 0.0875 0.04375 0.078125
0 0.56171875 0.01328125 0.0390625 0.0265625
0 0.6 0.025 0.0390625 0.05
0 0.62109375 0.0640625 0.0296875 0.078125
0 0.61875 0.13515625 0.028125 0.0765625
0 0.61875 0.21484375 0.025 0.06875
0 0.59765625 0.16953125 0.03125 0.08125
0 0.62734375 0.28984375 0.0265625 0.071875
0 0.63203125 0.365625 0.0265625 0.065625
0 0.6375 0.44375 0.021875 0.059375
0 0.609375 0.4109375 0.03125 0.0703125
0 0.66875 0.5859375 0.025 0.0734375
0 0.68203125 0.64296875 0.034375 0.0734375
0 0.6984375 0.703125 0.0265625 0.065625
0 0.71328125 0.765625 0.03125 0.06875
0 0.72890625 0.821875 0.0265625 0.06875
0 0.6375 0.0140625 0.0359375 0.028125
0 0.65390625 0.059375 0.028125 0.06875
0 0.646875 0.134375 0.021875 0.06875
0 0.6484375 0.21015625 0.021875 0.0734375
0 0.659375 0.28515625 0.021875 0.0734375
0 0.659375 0.3578125 0.0265625 0.06875
0 0.6640625 0.4390625 0.021875 0.0734375
0 0.67578125 0.5125 0.025 0.0625
0 0.690625 0.571875 0.03125 0.075
0 0.709375 0.63203125 0.03125 0.075
0 0.72109375 0.6921875 0.03125 0.078125
0 0.7421875 0.73671875 0.0296875 0.06875
0 0.75625 0.796875 0.028125 0.06875
0 0.77265625 0.85703125 0.028125 0.06875
0 0.6765625 0.02890625 0.025 0.0578125
0 0.70234375 0.01875 0.0265625 0.0375
0 0.69609375 0.08046875 0.025 0.0734375
0 0.6734375 0.11171875 0.03125 0.065625
0 0.67109375 0.18984375 0.028125 0.075
0 0.68203125 0.26640625 0.0296875 0.06875
0 0.68671875 0.34609375 0.0296875 0.075
0 0.69140625 0.42734375 0.03125 0.0734375
0 0.70078125 0.49609375 0.025 0.065625
0 0.71640625 0.55859375 0.025 0.059375
0 0.7328125 0.6203125 0.025 0.065625
0 0.99375 0.853125 0.0125 0.05625
0 0.9875 0.7890625 0.0203125 0.05
0 0.978125 0.83984375 0.021875 0.0453125
0 0.96015625 0.84453125 0.021875 0.053125
0 0.97109375 0.78671875 0.0203125 0.0578125
0 0.94453125 0.8078125 0.01875 0.053125
0 0.9421875 0.865625 0.021875 0.05625
0 0.921875 0.88984375 0.01875 0.059375
0 0.9859375 0.73203125 0.021875 0.053125
0 0.9703125 0.72265625 0.015625 0.05
0 0.95703125 0.74375 0.021875 0.059375
0 0.93828125 0.7625 0.025 0.0625
0 0.9296875 0.82578125 0.0171875 0.053125
0 0.90859375 0.84609375 0.015625 0.065625
0 0.8921875 0.8671875 0.025 0.06875
0 0.8703125 0.890625 0.021875 0.071875
0 0.84921875 0.91328125 0.0203125 0.06875
0 0.9109375 0.7859375 0.021875 0.065625
0 0.896875 0.80703125 0.0296875 0.0703125
0 0.87421875 0.82265625 0.0234375 0.0703125
0 0.85390625 0.8484375 0.021875 0.0640625
0 0.8359375 0.86328125 0.025 0.0765625
0 0.81484375 0.8921875 0.025 0.06875
0 0.79296875 0.91171875 0.025 0.0734375
0 0.79765625 0.83984375 0.025 0.078125
0 0.8171875 0.82109375 0.025 0.084375
0 0.8390625 0.80234375 0.025 0.0734375
0 0.86015625 0.78046875 0.021875 0.0703125
0 0.87890625 0.76171875 0.021875 0.065625
0 0.9 0.7390625 0.021875 0.06875
0 0.921875 0.721875 0.025 0.06875
0 0.93828125 0.70859375 0.01875 0.065625
0 0.953125 0.68828125 0.015625 0.059375
0 0.97109375 0.67890625 0.025 0.05
0 0.990625 0.67109375 0.015625 0.059375
0 0.78046875 0.78125 0.021875 0.065625
0 0.76484375 0.73046875 0.01875 0.065625
0 0.803125 0.76875 0.021875 0.0671875
0 0.8234375 0.75 0.021875 0.0640625
0 0.84375 0.7328125 0.021875 0.06875
0 0.8625 0.71640625 0.01875 0.065625
0 0.88125 0.6984375 0.0203125 0.065625
0 0.903125 0.67734375 0.021875 0.059375
0 0.921875 0.659375 0.021875 0.0703125
0 0.93984375 0.64375 0.0203125 0.05625
0 0.95859375 0.6265625 0.021875 0.0640625
0 0.9953125 0.6109375 0.009375 0.0578125
0 0.98203125 0.6109375 0.021875 0.05625
0 0.99296875 0.5515625 0.0140625 0.059375
0 0.99609375 0.48515625 0.0078125 0.065625
0 0.99765625 0.42578125 0.003125 0.059375
0 0.996875 0.36953125 0.00625 0.0640625
0 0.9953125 0.1671875 0.009375 0.046875
0 0.99453125 0.22421875 0.0109375 0.05625
0 0.9953125 0.3015625 0.009375 0.0625
0 0.97578125 0.55625 0.021875 0.065625
0 0.95390625 0.56953125 0.0234375 0.06875
0 0.93046875 0.5984375 0.025 0.0640625
0 0.90859375 0.61640625 0.01875 0.06875
0 0.88828125 0.6328125 0.021875 0.0609375
0 0.86953125 0.64140625 0.0171875 0.0734375
0 0.8515625 0.6640625 0.01875 0.06875
0 0.83125 0.684375 0.021875 0.065625
0 0.80859375 0.70078125 0.0203125 0.0703125
0 0.78828125 0.7125 0.025 0.084375
0 0.7484375 0.678125 0.01875 0.0734375
0 0.76875 0.6625 0.0234375 0.078125
0 0.98203125 0.4953125 0.021875 0.078125
0 0.965625 0.49765625 0.01875 0.071875
0 0.95078125 0.5171875 0.0125 0.0625
0 0.93515625 0.525 0.0203125 0.053125
0 0.921875 0.5484375 0.01875 0.05625
0 0.9015625 0.565625 0.0203125 0.06875
0 0.87734375 0.57890625 0.021875 0.071875
0 0.85546875 0.59765625 0.028125 0.0734375
0 0.8375 0.61796875 0.015625 0.071875
0 0.8140625 0.63359375 0.021875 0.0609375
0 0.79296875 0.64140625 0.021875 0.0625
0 0.840625 0.5484375 0.01875 0.0625
0 0.82109375 0.5625 0.0234375 0.065625
0 0.79765625 0.54609375 0.01875 0.0671875
0 0.77890625 0.5875 0.0171875 0.06875
0 0.7578125 0.59921875 0.021875 0.071875
0 0.765625 0.5328125 0.021875 0.06875
0 0.74296875 0.54296875 0.025 0.071875
0 0.9265625 0.42578125 0.0171875 0.0578125
0 0.93671875 0.47578125 0.0171875 0.053125
0 0.921875 0.49140625 0.0140625 0.065625
0 0.90390625 0.50234375 0.0171875 0.0609375
0 0.88359375 0.51640625 0.01875 0.065625
0 0.86171875 0.53359375 0.01875 0.065625
0 0.90546875 0.44453125 0.01875 0.0640625
0 0.88671875 0.4546875 0.0203125 0.0625
0 0.86640625 0.46875 0.0203125 0.0625
0 0.8453125 0.4828125 0.01875 0.059375
0 0.825 0.4984375 0.021875 0.0625
0 0.95703125 0.4578125 0.021875 0.0453125
0 0.96953125 0.4296875 0.015625 0.040625
0 0.984375 0.41640625 0.01875 0.05625
0 0.96796875 0.37734375 0.01875 0.0421875
0 0.95 0.34765625 0.0203125 0.059375
0 0.93359375 0.36328125 0.021875 0.05625
0 0.915625 0.3765625 0.0234375 0.053125
0 0.89375 0.3859375 0.021875 0.05
0 0.875 0.403125 0.021875 0.059375
0 0.85234375 0.41640625 0.021875 0.0640625
0 0.83125 0.4328125 0.0203125 0.065625
0 0.80546875 0.46875 0.021875 0.0625
0 0.7828125 0.49140625 0.021875 0.0671875
0 0.76875 0.4375 0.021875 0.0671875
0 0.74765625 0.47421875 0.021875 0.0671875
0 0.72421875 0.4875 0.0265625 0.06875
0 0.9796875 0.2296875 0.015625 0.04375
0 0.9625 0.26171875 0.0171875 0.059375
0 0.95234375 0.2859375 0.01875 0.046875
0 0.93828125 0.30546875 0.01875 0.053125
0 0.91796875 0.31875 0.0234375 0.0578125
0 0.89609375 0.3296875 0.021875 0.0625
0 0.8765625 0.340625 0.01875 0.059375
0 0.85703125 0.3515625 0.01875 0.0625
0 0.8359375 0.36796875 0.025 0.0640625
0 0.81328125 0.3984375 0.025 0.0640625
0 0.790625 0.41640625 0.01875 0.0609375
0 0.9828125 0.175 0.015625 0.046875
0 0.96640625 0.171875 0.0171875 0.046875
0 0.953125 0.19921875 0.01875 0.053125
0 0.94140625 0.2328125 0.021875 0.059375
0 0.9203125 0.25625 0.0234375 0.0625
0 0.90234375 0.26640625 0.015625 0.0578125
0 0.88203125 0.2734375 0.021875 0.059375
0 0.8625 0.2875 0.01875 0.0625
0 0.84140625 0.29609375 0.025 0.0609375
0 0.81796875 0.33046875 0.025 0.0671875
0 0.79609375 0.3453125 0.0203125 0.0640625
0 0.7765625 0.36328125 0.025 0.0609375
0 0.75390625 0.38515625 0.021875 0.065625
0 0.73125 0.41875 0.028125 0.065625
0 0.84140625 0.23046875 0.025 0.059375
0 0.82578125 0.26171875 0.021875 0.0578125
0 0.80078125 0.27734375 0.025 0.0625
0 0.775 0.28046875 0.021875 0.0640625
0 0.75625 0.31640625 0.0234375 0.06875
0 0.73359375 0.3484375 0.021875 0.065625
0 0.7109375 0.3796875 0.021875 0.0671875
0 0.8484375 0.165625 0.01875 0.0625
0 0.82578125 0.18203125 0.021875 0.059375
0 0.809375 0.2125 0.021875 0.059375
0 0.871875 0.01875 0.021875 0.0375
0 0.86171875 0.06328125 0.0171875 0.053125
0 0.84609375 0.096875 0.021875 0.05625
0 0.8265625 0.11796875 0.021875 0.065625
0 0.8078125 0.13984375 0.025 0.0671875
0 0.7890625 0.17421875 0.021875 0.0609375
0 0.76953125 0.2109375 0.0203125 0.0609375
0 0.7515625 0.24140625 0.021875 0.0640625
0 0.7296875 0.26953125 0.025 0.065625
0 0.70625 0.303125 0.0234375 0.0625
0 0.7046875 0.228125 0.021875 0.06875
0 0.7265625 0.19609375 0.021875 0.0609375
0 0.74765625 0.17109375 0.021875 0.06875
0 0.76796875 0.13359375 0.025 0.06875
0 0.846875 0.025 0.021875 0.05
0 0.82890625 0.04765625 0.01875 0.0609375
0 0.80859375 0.06953125 0.021875 0.0609375
0 0.7875 0.09375 0.021875 0.0625
0 0.8 0.0171875 0.01875 0.034375
0 0.8203125 0.0078125 0.015625 0.015625
0 0.77734375 0.028125 0.01875 0.0484375
0 0.75859375 0.0078125 0.0140625 0.015625
0 0.784375 0.00703125 0.009375 0.0140625
0 0.7390625 0.0265625 0.021875 0.053125
0 0.7203125 0.053125 0.025 0.0703125
0 0.759375 0.0640625 0.0203125 0.0640625
0 0.740625 0.0953125 0.0203125 0.065625
0 0.71796875 0.12890625 0.021875 0.0703125
0 0.69453125 0.15703125 0.025 0.0671875