0 0.8796875 0.1359375 0.075 0.0890625
0 0.68359375 0.43828125 0.0703125 0.0796875
0 0.7796875 0.6265625 0.0625 0.078125
0 0.7796875 0.74453125 0.0609375 0.08125
0 0.77890625 0.86953125 0.05625 0.0765625
0 0.69296875 0.56484375 0.0640625 0.0734375
0 0.68984375 0.6859375 0.059375 0.075
0 0.6921875 0.809375 0.053125 0.0734375
0 0.603125 0.13125 0.0640625 0.0828125
0 0.60234375 0.2484375 0.053125 0.084375
0 0.6015625 0.36796875 0.05625 0.06875
0 0.60859375 0.50078125 0.065625 0.090625
0 0.603125 0.62265625 0.0578125 0.08125
0 0.603125 0.7484375 0.05625 0.08125
0 0.6046875 0.86796875 0.0625 0.0796875
0 0.51953125 0.18671875 0.05625 0.084375
0 0.51953125 0.3078125 0.0625 0.0734375
0 0.521875 0.434375 0.0546875 0.0875
0 0.51640625 0.56015625 0.05 0.078125
0 0.515625 0.68671875 0.0515625 0.0671875
0 0.5203125 0.80625 0.0609375 0.0765625
0 0.43515625 0.1421875 0.0625 0.071875
0 0.43203125 0.2484375 0.0578125 0.075
0 0.4296875 0.3671875 0.0609375 0.0921875
0 0.434375 0.49296875 0.053125 0.075
0 0.4359375 0.6171875 0.0515625 0.0734375
0 0.43359375 0.74453125 0.059375 0.08125
0 0.43671875 0.86328125 0.05625 0.06875
0 0.35 0.19375 0.05625 0.0703125
0 0.265625 0.13671875 0.053125 0.0625
0 0.2625 0.253125 0.053125 0.0671875
0 0.34375 0.309375 0.053125 0.0625
0 0.3453125 0.4328125 0.046875 0.0640625
0 0.26640625 0.37265625 0.0515625 0.0609375
0 0.35 0.559375 0.0453125 0.0703125
0 0.1828125 0.315625 0.05 0.06875
0 0.18125 0.19453125 0.05 0.06875
0 0.18125 0.5609375 0.053125 0.075
0 0.26484375 0.61953125 0.05 0.078125
0 0.26953125 0.5015625 0.0546875 0.0640625
0 0.3515625 0.6796875 0.046875 0.075
0 0.18359375 0.67265625 0.053125 0.0734375
0 0.265625 0.73515625 0.046875 0.06875
0 0.346875 0.80859375 0.05 0.071875
0 0.26640625 0.86484375 0.05 0.0703125
0 0.18125 0.79765625 0.0484375 0.0625
0 0.0984375 0.86015625 0.0546875 0.075
0 0.1 0.73203125 0.05625 0.071875
0 0.09921875 0.61796875 0.053125 0.0671875
0 0.1015625 0.49765625 0.053125 0.0640625
0 0.10390625 0.3796875 0.05625 0.059375
0 0.1015625 0.25703125 0.053125 0.065625
0 0.096875 0.13203125 0.05 0.0625
0 0.1859375 0.43984375 0.05625 0.065625