0 0.8483780031249999 0.10619241093750001 0.836753271875 0.093946575 0.83074295 0.0919925484375 0.817104378125 0.09294625 0.8096413484375 0.0982167390625 0.8001644796875 0.1166867671875 0.8040954906250001 0.14490363125 0.8158854421875 0.159512225 0.8208389703125001 0.160352996875 0.8316376 0.16078504062500001 0.8410489968749999 0.1553783078125 0.8544226 0.136635790625 0.8529356187499999 0.11537096250000001 0.8483780031249999 0.10619241093750001
0 0.9119165703125001 0.14686129375 0.898178253125 0.132388940625 0.89216793125 0.1304349125 0.8824260953125 0.131116128125 0.8692831828124999 0.13915810625 0.8615894624999999 0.15512913125 0.860632415625 0.169441928125 0.8655204734374999 0.183345996875 0.8792587890625001 0.197818346875 0.8842123187500001 0.19865911875 0.8950109484375 0.19909116093749998 0.9063707125 0.1935481859375 0.912611728125 0.18480167812499998 0.9156823609375 0.1727153984375 0.9119165703125001 0.14686129375
0 0.7872834609375 0.0724755640625 0.77354514375 0.058003214062499996 0.7538962484375 0.057002885937500004 0.7462679999999999 0.0599106171875 0.7364606921875 0.073655128125 0.7364949640625 0.10214447499999998 0.7410525828125001 0.1113230265625 0.753568884375 0.1223193609375 0.7721609859375 0.12220643281250002 0.77784086875 0.11943494375000001 0.787648178125 0.10569043125 0.7908840296874999 0.0959669078125 0.7872834609375 0.0724755640625
0 0.9039609609375001 0.21508549999999999 0.8901571671875 0.21367644531250002 0.8844772890625 0.21644793125 0.872556390625 0.227965928125 0.867537390625 0.2401884515625 0.8688591515624999 0.25909052187500003 0.8734167656249999 0.26826906875 0.885041496875 0.28051490625 0.8899950249999999 0.281355678125 0.896896921875 0.28206020781249996 0.9121534203125 0.276244746875 0.9216302890625 0.2577747140625 0.9199780859375 0.2341471265625 0.9039609609375001 0.21508549999999999
0 0.9254303531250001 0.3121181703125 0.9116920328125 0.29764581562500003 0.886528478125 0.30177973593749996 0.8751032437499999 0.32038600625 0.8741461984375001 0.3346988046875 0.8767554453124999 0.3440135953125 0.8885453984374999 0.358622190625 0.8956125109374999 0.361689478125 0.9122562453124999 0.361712790625 0.9159877578125 0.3590775453125 0.927247775 0.3381085171875 0.9278743828125 0.31907020468749997 0.9254303531250001 0.3121181703125
0 0.9336570890625 0.4017667625 0.9217019171875 0.38479540624999997 0.9135780062500001 0.3806148625 0.89799106875 0.3817048078125 0.8844522453125 0.39808456406250003 0.8812163906249999 0.40780808437499994 0.8848169578125 0.431299428125 0.8923797359375 0.44145499531250004 0.9035088078125 0.44661255468750005 0.918204171875 0.44677211093749997 0.923884053125 0.444000621875 0.9320734343750001 0.4351178703125 0.935309290625 0.4253943515625 0.9336570890625 0.4017667625
0 0.9369957671875 0.47751128906250007 0.9253710359375 0.46526545312499995 0.9193607125 0.46331142031250006 0.9058873625 0.46662788437499997 0.8984243328125 0.47189837187499994 0.88878224375 0.48800564062499996 0.8902692249999999 0.5092704718750001 0.89482684375 0.518449021875 0.9062863546875001 0.5283320984375 0.9112398828125 0.529172871875 0.9239868781249999 0.529468671875 0.9333982734375 0.5240619343749999 0.9427099234374999 0.5032291468750001 0.9417186015624999 0.48905259687499997 0.9369957671875 0.47751128906250007
0 0.9496148968749999 0.5739756703125 0.9448920624999999 0.5624343625 0.930988521875 0.5455992515625 0.9097217015625001 0.5494606828124999 0.8997491734375 0.5608424375000001 0.8948953906250001 0.5754277203125 0.8958867109374999 0.5896042718750001 0.9027231359375 0.603372096875 0.9120690609375 0.6110286578124999 0.9230329078124999 0.6138234578125 0.927986440625 0.61466423125 0.9373978359375 0.6092574984375 0.9488230703125 0.590651228125 0.9502757765625001 0.5834267078125001 0.9496148968749999 0.5739756703125
0 0.8588835453125 0.2004302796875 0.849933534375 0.184435940625 0.8405876093750001 0.176779378125 0.8211039375 0.1781418078125 0.804164040625 0.2018823296875 0.805651021875 0.22314715624999998 0.807929828125 0.22773643125 0.8197197796875001 0.2423450265625 0.826786896875 0.24541231406250003 0.83368879375 0.24611684218750002 0.8469969234375 0.2404376234375 0.8569694531250001 0.22905587343749997 0.8602053062499999 0.21933235 0.8588835453125 0.2004302796875
0 0.866945059375 0.2877161125 0.862222225 0.2761748046875 0.8505974937499999 0.26392896875 0.8445871703125001 0.261974940625 0.82526871875 0.265700128125 0.8120603328125 0.28680540312499997 0.8133820953124999 0.3057074734375 0.8179397140625 0.31488602499999996 0.8274508562499999 0.32490534375 0.8364663390624999 0.32783638593750003 0.8492133359375 0.3281321875 0.8529448500000001 0.325496940625 0.86113423125 0.31661419375 0.8677711609375001 0.29952990625 0.866945059375 0.2877161125
0 0.8604421546875001 0.348715803125 0.8523182437499999 0.3445352578125 0.8367313046874999 0.345625203125 0.8329997921875 0.3482604453125 0.8214093374999999 0.364503959375 0.8183387015625 0.376590240625 0.8189995812499999 0.38604127187500004 0.8237224203125001 0.3975825796875 0.8332335625 0.4076019046875 0.8441974125 0.410396703125 0.8569444078125 0.41069250312500005 0.8644074390625001 0.40542201406249995 0.8738843078125 0.3869519875 0.87011851875 0.36109788125 0.8604421546875001 0.348715803125
0 0.8778495921875 0.4436581984375 0.8619976875 0.42695932656249996 0.8444623796874999 0.42818551562499996 0.8407308656250001 0.4308207609375 0.8307583375 0.44220251250000003 0.8260697765625 0.45915055625 0.8291746859375 0.47555362343749996 0.8335670796875 0.4823694140625 0.8469749562500001 0.4921162484375 0.8538768546875 0.492820778125 0.86077875 0.49352530625 0.8701901453125 0.48811857343750004 0.8782143078125 0.4768730625 0.881450159375 0.4671495421875 0.8778495921875 0.4436581984375
0 0.8541418203125 0.5106095890625 0.8484619390624999 0.5133810796875 0.8384894125000001 0.5247628296875 0.8334704109375 0.5369853531250001 0.8347921734374999 0.555887421875 0.8370709796875 0.5604767015625 0.84463375625 0.5706322640625 0.8538144593749999 0.575926065625 0.872406559375 0.5758131359374999 0.88756330625 0.55457161875 0.8859111046875 0.53094403125 0.8718423468750001 0.5117461609375 0.8541418203125 0.5106095890625
0 0.7616273234375 0.1395632015625 0.754164296875 0.144833690625 0.7427390593750001 0.1634399609375 0.744226040625 0.1847047921875 0.74878365625 0.19388334062499998 0.7582948015625 0.2039026625 0.7632483296875 0.2047434359375 0.7798920578125 0.2047667453125 0.796997178125 0.1833889875 0.795344975 0.159761396875 0.7812762140625 0.14056352656249999 0.7616273234375 0.1395632015625
0 0.8032412687500001 0.2446844734375 0.7986836546875 0.23550592343750001 0.7851105578124999 0.22339632968749998 0.7675752499999999 0.22462251875 0.750470134375 0.246000278125 0.75228755625 0.27199062500000004 0.7545663625000001 0.27657989843749997 0.7640775078125001 0.28659922187500003 0.7730929890625 0.289530265625 0.7858399859375 0.289826065625 0.793303015625 0.28455557656249997 0.8013271765625 0.2733100640625 0.8045630296875 0.26358654531250003 0.8032412687500001 0.2446844734375
0 0.7951204374999999 0.3105459234375 0.7850481609375 0.30650161875 0.7735231765624999 0.3096818375 0.7642770015625 0.3174513296875 0.75658328125 0.333422353125 0.76034906875 0.359276459375 0.7749789625 0.3724993109375 0.79746779375 0.3721138953125 0.8124593250000001 0.3485096171875 0.811302784375 0.33197030625 0.80463158125 0.32056524375 0.7951204374999999 0.3105459234375
0 0.8028515125 0.3931062359375 0.7832026171875001 0.39210591093749997 0.7775227359375 0.394877396875 0.764314353125 0.41598267031249997 0.7631920890624999 0.42793270781250003 0.7682453640625 0.44419953593750006 0.7777565078124999 0.45421885624999997 0.7848236234375 0.45728614062500006 0.7995189875000001 0.4574456984375 0.8089303843750001 0.452038965625 0.818407253125 0.43356893750000003 0.8169202703125 0.41230410624999997 0.8028515125 0.3931062359375
0 0.82253775625 0.49263790625 0.8066858515625001 0.47593903906249996 0.7948304265624999 0.47439374218749997 0.7872021796875 0.4773014703125 0.7736633562499999 0.493681228125 0.7704275015625 0.503404746875 0.771418821875 0.5175813015624999 0.7759764390624999 0.5267598515625 0.7854875812500001 0.536779171875 0.7925546953125 0.5398464578125 0.80530169375 0.5401422578124999 0.814713090625 0.534735525 0.8227372515625 0.5234900171875 0.82597310625 0.51376649375 0.82253775625 0.49263790625
0 0.825876434375 0.5683824328125 0.8204272453125 0.5604533859374999 0.8062930156249999 0.5543188109375 0.7947680296875 0.5574990265624999 0.7892533687500001 0.5626332765625001 0.781229209375 0.573878784375 0.7779933546875 0.5836023078125 0.7793151171875 0.602504378125 0.78387273125 0.6116829265625 0.7972806109375 0.621429759375 0.8041825046875 0.6221342875 0.8110844015625001 0.6228388171875 0.8224441640625001 0.6172958421875 0.8319210328125 0.5988258140625 0.8304340515625 0.5775609828125 0.825876434375 0.5683824328125
0 0.714006134375 0.102529890625 0.6964708265625 0.1037560796875 0.6890078 0.10902656875000001 0.68114885625 0.12263483593749999 0.6798613718750001 0.13222211718750002 0.6808526921875 0.1463986703125 0.687689115625 0.160166490625 0.6991486234375001 0.170049571875 0.7079988875 0.1706178578125 0.7110040484375 0.1715948703125 0.72041544375 0.1661881375 0.7336238265625 0.14508286406249998 0.72969281875 0.1168660015625 0.714006134375 0.102529890625
0 0.7397026999999999 0.20401559218749998 0.7257991625 0.1871804828125 0.7197888406249999 0.18522645 0.7080986359375 0.18604390937499998 0.6986872390625 0.19145064218750002 0.6872620031250001 0.21005691718750003 0.6864701796875 0.22673246875 0.689079425 0.2360472609375 0.6966422015625 0.246202828125 0.7098848578125 0.2535869 0.7206834890625 0.2540189421875 0.7300948875 0.248612209375 0.73990219375 0.23486769999999998 0.7429728296875 0.22278141875 0.7397026999999999 0.20401559218749998
0 0.747929434375 0.2936641859375 0.7410930109375 0.2798963609375 0.7276851328125 0.27014952812500004 0.70836668125 0.273874715625 0.6983941515625001 0.28525646875 0.6935403703125 0.29984175 0.694366471875 0.31165554375000004 0.6990893093749999 0.32319685468750003 0.7107140375000001 0.3354426875 0.715667565625 0.33628345937500004 0.7303629328125 0.3364430171875 0.7378259609375 0.33117252656249996 0.744066975 0.3224260203125 0.74892075625 0.3078407359375 0.747929434375 0.2936641859375
0 0.753546921875 0.3739979859375 0.7468757187499999 0.3625929203125 0.737529796875 0.3549363578125 0.7199944890625 0.356162546875 0.712531459375 0.36143303437499996 0.7045072984375 0.372678546875 0.7012714453125 0.3824020671875 0.70259320625 0.40130413593750003 0.704872015625 0.40589340937499996 0.7164967437499999 0.41813924687500004 0.7235638609375 0.4212065359375 0.7363108609375 0.42150233750000005 0.7475054 0.4135966015625 0.7551991234375001 0.39762557187500003 0.7563213875 0.38567553593750004 0.753546921875 0.3739979859375
0 0.761608434375 0.46128381875 0.7570508203124999 0.452105271875 0.7475396765625 0.4420859484375 0.739415765625 0.437905403125 0.72967393125 0.43858661874999993 0.720262534375 0.4439933515625 0.712073153125 0.4528761015625 0.7073845921874999 0.4698241421875 0.7080454734375 0.4792751796875 0.7127683078125 0.49081648749999995 0.72227945 0.50083580625 0.7312949359375 0.5037668531249999 0.7420935671875 0.5041988953125001 0.7515049609375 0.49879215937500004 0.7595291234375 0.487546653125 0.762764975 0.4778231296875 0.761608434375 0.46128381875
0 0.7695047296874999 0.5462068953125 0.76478189375 0.534665584375 0.7531571625 0.522419746875 0.7471468406249999 0.5204657203124999 0.727828390625 0.5241909078125 0.7146200078125 0.5452961828125 0.7161069890625 0.5665610125 0.720664603125 0.575739559375 0.7280621578125 0.5835323671875 0.743087965625 0.588417440625 0.74804149375 0.5892582109375 0.7574528890625001 0.5838514796875 0.7672601968749999 0.57010696875 0.77033083125 0.5580206890625 0.7695047296874999 0.5462068953125
0 0.6707118640624999 0.08537566875 0.6684330562499999 0.08078639374999999 0.6589219125 0.070767075 0.6507980015625 0.06658652968749999 0.6332627 0.06781271875 0.6240165234374999 0.07558220624999999 0.617940728125 0.08669147499999999 0.6176445625 0.1104553046875 0.6222021796874999 0.11963385625 0.6317133203124999 0.1296531765625 0.638780434375 0.1327204625 0.6515274343749999 0.13301626093750002 0.6609388296875001 0.1276095296875 0.6689629906250001 0.11636402187499999 0.6721988453125001 0.10664049843750001 0.6707118640624999 0.08537566875
0 0.6786081562499999 0.17029874375 0.6763293515625 0.16570947187500001 0.6666529859375 0.153327390625 0.6585290765625 0.14914684218750002 0.6429421390625001 0.1502367875 0.6354791093750001 0.1555072796875 0.6258370234374999 0.171614546875 0.6253756359375 0.19301562187500002 0.6299332515625 0.2021941703125 0.6445631421875 0.215417021875 0.6612068734375 0.215440334375 0.6668867578125 0.2126688453125 0.676694065625 0.19892433437499998 0.67992991875 0.189200815625 0.6786081562499999 0.17029874375
0 0.684556084375 0.2553580609375 0.67788488125 0.243952996875 0.6664253734375001 0.23406992031249998 0.6488900656250001 0.2352961078125 0.6414270359375001 0.240566596875 0.63178495 0.2566738671875 0.633602371875 0.282664215625 0.635881178125 0.2872534890625 0.6453923203125 0.297272809375 0.6544078046874999 0.3002038546875 0.6632580671875 0.3007721375 0.67461783125 0.2952291625 0.68264199375 0.2839836546875 0.6858778453125 0.27426013125000004 0.684556084375 0.2553580609375
0 0.690338790625 0.3380546203125 0.6857811765624999 0.32887607343749997 0.6762700328125 0.318856753125 0.6566211421875 0.3178564234375 0.6509412593749999 0.3206279125 0.6409687296875 0.332009665625 0.6377328765625 0.341733184375 0.639219859375 0.362998015625 0.6414986640625 0.3675872890625 0.6511750265625 0.37996936875 0.6582421453125 0.3830366578125 0.6748858765625 0.3830599671875 0.678617390625 0.380424725 0.6868067718749999 0.371541975 0.6918257718749999 0.3593194515625 0.690338790625 0.3380546203125
0 0.6959562765625 0.41838842343750005 0.6841663265625 0.4037798265625 0.664517434375 0.40277949843750005 0.6588375515625 0.4055509875 0.6456291703125 0.4266562609375 0.6464552703125 0.4384700546875 0.644672125 0.44096905781249995 0.6495601796875 0.45487312187500006 0.6611849125 0.46711895937500003 0.6661384390625 0.46795973125 0.680833803125 0.4681192890625 0.686513684375 0.46534779843749996 0.69632099375 0.45160328749999995 0.6995568484375 0.44187976874999996 0.6959562765625 0.41838842343750005
0 0.7038525734375 0.503311496875 0.7015737640624999 0.49872222343750006 0.692062621875 0.4887029 0.6839387140625 0.48452235468750005 0.6722485078125 0.4853398140625 0.6628371140625 0.4907465453125 0.6514118765625 0.5093528218750001 0.6528988578125 0.5306176484375 0.657456471875 0.5397961984374999 0.6719211453125 0.550656290625 0.6866165109375 0.550815846875 0.6940795375000001 0.5455453593749999 0.7021037015625 0.534299846875 0.7053395546875 0.5245763265625001 0.7038525734375 0.503311496875
0 0.678031215625 0.5680363734375 0.670568184375 0.5733068640625001 0.6609260953125 0.589414134375 0.6604647124999999 0.6108152078125 0.6629087375 0.6177672375000001 0.6725851046875 0.63014931875 0.6796522171875 0.63321660625 0.69824431875 0.633103678125 0.7134010703125 0.6118621609375 0.7115836484375 0.5858718125 0.6957317390625 0.5691729453125001 0.678031215625 0.5680363734375
0 0.6134516609375 0.134491621875 0.6088940468749999 0.125313075 0.599382903125 0.11529375156249999 0.5797340109375 0.1142934265625 0.5740541296874999 0.11706491249999999 0.562463671875 0.1333084265625 0.5621675078124999 0.1570722578125 0.564611534375 0.16402429062499999 0.574287896875 0.1764063703125 0.5813550140625 0.17947365937499998 0.599947115625 0.17936072812499998 0.6100848609375 0.17034173749999998 0.6151038625 0.1581192140625 0.615895690625 0.14144365625 0.6134516609375 0.134491621875
0 0.621017515625 0.2146891828125 0.6092275640625 0.20008058437499998 0.6011036562500001 0.19590004218749998 0.5837335703125001 0.1994889859375 0.5719778921875001 0.213369740625 0.568907259375 0.22545601875000001 0.5723426093749999 0.24658460781249997 0.5790138125000001 0.257989671875 0.587302940625 0.2645329765625 0.6039466734375 0.2645562890625 0.61514121875 0.25665055312499996 0.6230001578125 0.24304228593750002 0.6244528671875 0.235817765625 0.621017515625 0.2146891828125
0 0.6222426078125001 0.288207190625 0.6109483171875 0.280686871875 0.5914646453125 0.28204930156249997 0.584001615625 0.2873197953125 0.5761426734375 0.300928059375 0.5758465078125 0.32469189374999996 0.58268293125 0.3384597140625 0.595034015625 0.34709329218749996 0.6116777484375 0.34711660625 0.6191407765625 0.3418461140625 0.6287828656250001 0.325738846875 0.6292442515625 0.304337771875 0.6222426078125001 0.288207190625
0 0.6186793890625 0.36324718906250003 0.6050408203125001 0.364200890625 0.5956294234375 0.369607621875 0.5858221140625 0.38335213281249997 0.58275148125 0.3954384125 0.5835775828124999 0.40725221093749997 0.5883004171875 0.4187935171875 0.597811559375 0.4288128359375 0.6068270453125 0.4317438796875 0.6233055546874999 0.4294044375 0.6332780828125 0.4180226828125 0.638131865625 0.403437403125 0.6345312984375 0.3799460546875 0.6186793890625 0.36324718906250003
0 0.6403140046875 0.4626426140625 0.6286892734375 0.450396778125 0.6070920125 0.44953269531249995 0.59962898125 0.45480318437499995 0.5916048218750001 0.4660486921875 0.5883689671875 0.475772215625 0.589525509375 0.49231152656250005 0.59424834375 0.5038528343750001 0.6016459015625 0.5116456390625 0.6087130140625 0.514712925 0.6253567484375 0.5147362390625 0.6290882609375 0.512100996875 0.6408439390625 0.4982202421875 0.6440797921875 0.48849671875 0.6403140046875 0.4626426140625
0 0.6325236125 0.53322958125 0.6206681859375001 0.531684278125 0.6130399390625 0.5345920125 0.6037937640625 0.542361503125 0.5977179687499999 0.55347076875 0.5974218015625 0.577234603125 0.6019794203125 0.58641315 0.614495721875 0.5974094859375 0.6369845562500001 0.5970240687499999 0.6451739375 0.58814131875 0.650192940625 0.5759187953125 0.6483755171875 0.5499284484375 0.6325236125 0.53322958125
0 0.551696240625 0.09132374062500001 0.54218509375 0.0813044171875 0.5280508640625 0.075169846875 0.5126291468749999 0.0786225484375 0.49925554375000003 0.0973650625 0.50008164375 0.109178859375 0.49829849687500005 0.11167785781249999 0.5035169921875 0.1303074421875 0.5110797703125 0.140463009375 0.520260471875 0.1457568125 0.5330074703125 0.1460526078125 0.5477683078125 0.1331488703125 0.553844103125 0.1220396046875 0.556749515625 0.1075905640625 0.551696240625 0.09132374062500001
0 0.56008819375 0.183335090625 0.551138184375 0.16734075312500002 0.5439058484375 0.16191070624999998 0.5242569546875 0.160910378125 0.516793925 0.1661808671875 0.5087697640625 0.1774263796875 0.5055339109375 0.18714989843750002 0.5092996984375 0.213004003125 0.5209244296875 0.2252498390625 0.5279915468749999 0.228317125 0.5407385453125 0.22861292500000002 0.5464184249999999 0.2258414390625 0.5581741015625 0.211960684375 0.56140995625 0.20223716249999998 0.56008819375 0.183335090625
0 0.56781926875 0.2658954078125 0.5588692562500001 0.24990106875 0.5516369234375 0.2444710234375 0.5339363968749999 0.2433344515625 0.5263081484375001 0.246242184375 0.514552471875 0.2601229375 0.5116470578125 0.274571975 0.514917184375 0.2933378015625 0.5267071359375 0.3079464 0.533774253125 0.311013684375 0.5504179859375 0.311036996875 0.5541495000000001 0.3084017515625 0.563956809375 0.29465724375 0.5688105890624999 0.2800719625 0.56781926875 0.2658954078125
0 0.573601975 0.3485919671875 0.5713231671875 0.34400269375 0.561646803125 0.33162061249999997 0.5515745265625001 0.3275763125 0.5418326921875 0.32825752656249996 0.5286897781250001 0.336299503125 0.5242319125 0.3425470078125 0.51954335 0.3594950515625 0.525092290625 0.38285015312500004 0.53460343125 0.392869471875 0.54167055 0.3959367625 0.5544175453125 0.39623256093750003 0.5600974265625001 0.393461071875 0.5718531046875001 0.37958031718749996 0.5749237375 0.3674940375 0.573601975 0.3485919671875
0 0.5790542421875 0.42656300937499997 0.5714914656250001 0.41640744375 0.56125396875 0.41000038281249995 0.5456670296875 0.41109032812499996 0.5344724859375 0.4189960640625 0.526778765625 0.434967090625 0.5307097765625 0.4631839515625 0.5382725500000001 0.47333951875 0.5474532562500001 0.47863332031250005 0.56214861875 0.478792878125 0.567828503125 0.47602138906249997 0.5760178828125 0.4671386375 0.5808716640625 0.452553353125 0.5790542421875 0.42656300937499997
0 0.5874461984375 0.518574359375 0.58288858125 0.5093958078124999 0.569315484375 0.49728621562499997 0.555511690625 0.4958771609375 0.5498318078125 0.498648646875 0.54236878125 0.5039191390625 0.534509840625 0.5175274078125 0.534048453125 0.538928478125 0.536657703125 0.548243271875 0.5503960203125 0.562715621875 0.5553495484375001 0.5635563953125 0.568096546875 0.5638521937500001 0.5737764296875 0.5610807046875 0.5801826609375 0.5546969578125001 0.5869848109375 0.539975434375 0.5874461984375 0.518574359375
0 0.5955077109375 0.60586019375 0.5932289046875 0.6012709203125 0.583717759375 0.5912516 0.569583528125 0.585117025 0.55805854375 0.588297240625 0.54881236875 0.5960667328125 0.5430670140625 0.6119015171875 0.54422355625 0.6284408296875 0.551059978125 0.6422086515625 0.5605711203125 0.6522279734375 0.5655246515625 0.65306874375 0.5743749140625 0.65363703125 0.5894661906249999 0.645458809375 0.593924059375 0.639211303125 0.5969946921875 0.627125025 0.5955077109375 0.60586019375
0 0.498828434375 0.14725548593749999 0.4919920109375 0.1334876609375 0.4867080421875 0.1279213734375 0.47257380937500004 0.121786796875 0.46283197343750004 0.12246801249999999 0.4534205765625 0.1278747453125 0.445396415625 0.139120253125 0.44232577968750003 0.1512065359375 0.4433171015625 0.1653830875 0.4480399390625 0.17692439375 0.45755108125 0.1869437171875 0.46461819843749996 0.19001100312500002 0.47931356249999996 0.1901705609375 0.4867765890625 0.184900071875 0.49658389999999997 0.1711555609375 0.49965453593750003 0.1590692796875 0.498828434375 0.14725548593749999
0 0.5021671109375 0.2230000125 0.48648042656249996 0.20866389999999999 0.46310001874999995 0.21029881874999998 0.449726415625 0.2290413328125 0.4494302484375 0.25280516406250003 0.45626667187500003 0.26657298749999997 0.4666693890625 0.275342809375 0.4891582234375 0.274957390625 0.49913075312500005 0.26357563906250003 0.504149753125 0.251353115625 0.5047763609375 0.2323148015625 0.5021671109375 0.2230000125
0 0.50583623125 0.3034700546875 0.4963250875 0.293450734375 0.4747278265625 0.29258664843750004 0.46353328281249995 0.300492384375 0.45745749062499996 0.3116016484375 0.45732654375 0.337728240625 0.45977057343750005 0.344680275 0.4652197625 0.3526093203125 0.47846241875000006 0.35999339531249996 0.49120941562500003 0.360289196875 0.4968893 0.3575177078125 0.5102629015625 0.33877519375 0.5105590671875 0.3150113625 0.50583623125 0.3034700546875
0 0.5181249203125 0.39520891874999997 0.5135673046875 0.386030371875 0.498045840625 0.374057021875 0.4844072671875 0.3750107234375 0.47499587187500003 0.3804174546875 0.4635706375 0.39902372656249996 0.46505761874999996 0.42028855624999995 0.46961523281249995 0.4294671046875 0.47912637656249996 0.43948642812500005 0.4881418609375 0.4424174703125 0.4969921234375 0.44298575468749996 0.50640351875 0.43757902499999995 0.5145929015624999 0.428696271875 0.5192814609374999 0.4117482328125 0.5181249203125 0.39520891874999997
0 0.5239076265625 0.477905478125 0.51951523125 0.4710896875 0.5142312625 0.4655233984375 0.5000970296875 0.4593888234375 0.49035519375 0.4600700390625 0.479160653125 0.46797577500000004 0.4714669296875 0.48394680156250003 0.4731191328125 0.507574390625 0.475397940625 0.5121636640625 0.484909084375 0.5221829859375 0.49197620000000003 0.525250271875 0.5086199328125 0.5252735859375 0.5160829609375 0.520003096875 0.522323975 0.5112565890625 0.526847315625 0.49194578906249997 0.5239076265625 0.477905478125
0 0.5298555546875 0.5629647984374999 0.520344409375 0.552945475 0.5081585453125 0.54667465625 0.500365078125 0.5472196281249999 0.487222165625 0.5552616078125 0.47774529687499995 0.573731634375 0.48118064687500006 0.5948602234375 0.49808934687499995 0.61267235 0.5186298125000001 0.6124231765625 0.5223613281249999 0.6097879296875 0.530385490625 0.5985424218750001 0.5334561234375 0.5864561421875 0.5298555546875 0.5629647984374999
0 0.4351246421875 0.1042238453125 0.43284583750000005 0.0996345703125 0.4254482796875 0.0918417640625 0.4132624140625 0.085570946875 0.3937787421875 0.086933378125 0.382023065625 0.10081413125000001 0.37895243125 0.1129004125 0.379943753125 0.1270769640625 0.38694539687499996 0.14320754687499998 0.3984049078125 0.1530906265625 0.40335843593750004 0.1539313984375 0.41610543125 0.1542271953125 0.4235684625 0.1489567046875 0.4333757703125 0.1352121953125 0.43644640468749996 0.1231259140625 0.4351246421875 0.1042238453125
0 0.43440136718750005 0.1778780953125 0.42716903281249996 0.17244805000000002 0.401675034375 0.171856453125 0.3897541390625 0.18337444687499999 0.3865182875 0.1930979703125 0.388335709375 0.219088315625 0.390614515625 0.2236775921875 0.40223924687499996 0.2359234296875 0.4093063625 0.2389907140625 0.42010499218749997 0.23942275781250003 0.42578487656249997 0.23665126875000003 0.4409416265625 0.21540975156250003 0.4410725703125 0.1892831640625 0.43440136718750005 0.1778780953125
0 0.44457647031249997 0.267390446875 0.43100337031249997 0.25528085312500004 0.41330284375000004 0.25414428437500003 0.4076229609375 0.25691577187500003 0.3974852125 0.2659347640625 0.39263143437500003 0.2805200484375 0.39395319687499997 0.29942211875 0.398510809375 0.308600665625 0.408021953125 0.318619984375 0.41508906874999996 0.321687275 0.42783606562500004 0.321983075 0.43351594687499995 0.31921158437499997 0.446889553125 0.30046907031250003 0.447020496875 0.27434248125 0.44457647031249997 0.267390446875
0 0.43288934375 0.33824989843750003 0.4211991390625 0.33906735781249997 0.40983937499999995 0.3446103328125 0.40036250781250005 0.3630803640625 0.40201470937500006 0.3867079515625 0.40974270625000003 0.399226275 0.41892340937499994 0.404520078125 0.43946387343750004 0.40427090468750004 0.454620625 0.38302938750000004 0.4557428921875 0.37107935 0.4529684234375 0.3594018 0.43288934375 0.33824989843750003
0 0.4585859109375 0.4397356 0.4490747671875 0.4297162765625 0.44095085625 0.4255357328125 0.4177356703125 0.4295334109375 0.40971150625 0.44077891718749995 0.406640875 0.4528651984375 0.40763219531250006 0.46704175000000003 0.41446861874999996 0.480809575 0.421866175 0.4886023828125 0.432830025 0.49139718125 0.4416802875 0.49196546874999997 0.45287483125000005 0.4840597328125 0.4625169203125 0.4679524609375 0.4608647171875 0.44432487343749993 0.4585859109375 0.4397356
0 0.4668126453125 0.52938419375 0.449012371875 0.512821565625 0.4314770640625 0.5140477531250001 0.4240140375 0.5193182453125 0.4159898734375 0.530563753125 0.41552848906250006 0.551964828125 0.417972515625 0.558916859375 0.42464371874999995 0.5703219265625 0.43504643906249996 0.5790917453125 0.44974180312499995 0.5792513015625 0.4554216859375 0.5764798109375 0.4689605078125 0.5601000578125 0.4692566703125 0.5363362234375 0.4668126453125 0.52938419375
0 0.46536301562500004 0.6066507031249999 0.4552907390625 0.602606403125 0.4418173890625 0.6059228640625001 0.43201008124999996 0.619667375 0.4287742234375 0.6293908953125 0.429930765625 0.645930209375 0.4367671890625 0.6596980296875 0.4471699046875 0.6684678515625 0.46576200625 0.6683549234374999 0.47946605 0.654337925 0.482701903125 0.6446144015625 0.47910133593750004 0.6211230578125 0.46536301562500004 0.6066507031249999
0 0.37608129375 0.15583880156250002 0.3713584578125 0.144297490625 0.35194025624999997 0.132596628125 0.334570171875 0.136185575 0.3263807890625 0.1450683265625 0.3215270109375 0.159653609375 0.3205699640625 0.173966403125 0.32757160625 0.1900969890625 0.3349691640625 0.197889790625 0.34203627812500004 0.20095707968749998 0.3586800109375 0.20098039375 0.366143040625 0.1957099015625 0.37595035 0.18196538906249998 0.3774030546875 0.1747408734375 0.37608129375 0.15583880156250002
0 0.300587553125 0.0981985625 0.278825071875 0.094971721875 0.2674653078125 0.10051469531249999 0.25944114687500003 0.1117602078125 0.25620529375 0.121483728125 0.2596406421875 0.1426123140625 0.2786629296875 0.1626509578125 0.2992033953125 0.16240178125 0.3109590734375 0.148521028125 0.31548241093749996 0.129210228125 0.31449109062499997 0.11503367812500001 0.300587553125 0.0981985625
0 0.3718571953125 0.2214277609375 0.344414834375 0.2209724078125 0.3387349515625 0.22374389374999998 0.3292580828125 0.242213921875 0.3309102859375 0.2658415140625 0.3354679 0.27502006093750003 0.346927409375 0.2849031375 0.3518809421875 0.2857439109375 0.36657630625 0.285903465625 0.37403933437500003 0.2806329765625 0.38189827656249997 0.267024709375 0.381533559375 0.23380984218749998 0.3718571953125 0.2214277609375
0 0.387151046875 0.314143640625 0.377639903125 0.304124321875 0.3560426421875 0.3032602390625 0.3484143921875 0.30616796874999996 0.33860708281249996 0.31991247968750003 0.33537123125 0.32963600312499997 0.33669299218750004 0.3485380734375 0.3557152796875 0.3685767125 0.37625574687499996 0.368327540625 0.38817664375 0.356809546875 0.391412496875 0.3470860234375 0.389595075 0.32109567499999997 0.387151046875 0.314143640625
0 0.3930989734375 0.39920296093749996 0.3756291390625 0.387365853125 0.3639389375 0.3881833109375 0.3545275390625 0.39359004375 0.346338159375 0.402472796875 0.3431023046875 0.412196315625 0.3445892859375 0.43346114687500004 0.36060641250000003 0.4525227734375 0.36962189375 0.45545381718750005 0.3765237921875 0.45615834531250005 0.3914498484375 0.44561736874999996 0.3989783484375 0.4272835796875 0.3976565875 0.40838150781250004 0.3930989734375 0.39920296093749996
0 0.4011604875 0.48648879375 0.39164934218749997 0.47646947500000003 0.383525434375 0.4722889265625 0.367938496875 0.47337887187499994 0.360475465625 0.4786493640625 0.35245130625 0.48989487187499997 0.3492154515625 0.49961839531249996 0.34987633281249997 0.5090694296875 0.3591567828125 0.5297892890625 0.3725646625 0.539536121875 0.379466559375 0.54024065 0.39009996875 0.5383099328125 0.3993461453125 0.530540440625 0.407039865625 0.514569415625 0.405718103125 0.4956673453125 0.4011604875 0.48648879375
0 0.4019896671875 0.56834458125 0.39191739062500003 0.5643002796875 0.3802271859375 0.5651177390625 0.3727641546875 0.570388228125 0.3631220671875 0.5864955000000001 0.3668878578125 0.612349603125 0.3714454734375 0.6215281515625 0.3818481890625 0.6302979734374999 0.4004402890625 0.6301850390625 0.412361184375 0.618667046875 0.41738018749999994 0.6064445234375 0.4136143984375 0.5805904187500001 0.4019896671875 0.56834458125
0 0.315881403125 0.190914446875 0.3084838453125 0.183121640625 0.29841156875 0.1790773390625 0.27519638281250003 0.1830750125 0.2653890734375 0.1968195234375 0.2623184421875 0.208905803125 0.26542334843750004 0.225308875 0.2720945515625 0.2367139390625 0.288507590625 0.2474377875 0.3032029546875 0.2475973453125 0.31261435 0.2421906125 0.32192599843749997 0.22135782499999998 0.3206042375 0.20245575312500003 0.315881403125 0.190914446875
0 0.3265521640625 0.2875150703125 0.32199455 0.27833652343750004 0.31248340625000004 0.26831720312499996 0.306473084375 0.2663631734375 0.283092675 0.267998090625 0.2749032953125 0.27688084062499996 0.27166744062500003 0.2866043609375 0.270875615625 0.3032799140625 0.2778772578125 0.3194104984375 0.2895019890625 0.3316563359375 0.29445551718749996 0.33249710781249997 0.3072025171875 0.332792903125 0.3128823984375 0.33002141875 0.3246380734375 0.3161406640625 0.327873925 0.306417140625 0.3265521640625 0.2875150703125
0 0.3163177453125 0.351150003125 0.2968340734375 0.3525124328125 0.2798941734375 0.37625295312499996 0.283659965625 0.402107059375 0.29845507968749996 0.4176926671875 0.32094391093749997 0.4173072515625 0.3361006609375 0.396065734375 0.3365620484375 0.3746646609375 0.3320044296875 0.3654861125 0.3163177453125 0.351150003125
0 0.342509975 0.45972398124999997 0.3402311671875 0.45513470624999997 0.3305548046875 0.4427526265625 0.3183689390625 0.43648180937500003 0.3009988515625 0.440070753125 0.291026321875 0.45145250781249996 0.2861725421875 0.466037790625 0.28699864218750004 0.4778515859375 0.29155625937499996 0.48703013124999994 0.305459796875 0.5038652421875 0.31041332499999996 0.5047060140624999 0.3251086921875 0.5048655703125 0.330788571875 0.50209408125 0.33897795468749997 0.49321133437500003 0.3438317375 0.47862605 0.342509975 0.45972398124999997
0 0.3549638828125 0.5538256046875001 0.3502410484375 0.542284296875 0.338616315625 0.5300384609375 0.3304924078125 0.525857915625 0.313122321875 0.5294468609375 0.30153186718749997 0.5456903734375 0.300740040625 0.562365928125 0.30334928906249997 0.571680721875 0.31229929843750004 0.5876750609375 0.3225367953125 0.5940821203125 0.337232159375 0.5942416781250001 0.342912040625 0.5914701890625 0.3527193515625 0.577725678125 0.3557899828125 0.5656393984375 0.3549638828125 0.5538256046875001
0 0.2342121203125 0.1289574203125 0.2165115921875 0.1278208515625 0.206934978125 0.1308648234375 0.19356137499999998 0.149607340625 0.19260432656249998 0.163920134375 0.19537879687499998 0.1755976859375 0.1999364125 0.1847762359375 0.2094475578125 0.19479555625 0.216514671875 0.1978628453125 0.23315840312499997 0.197886159375 0.248315153125 0.1766446421875 0.24894176093749998 0.157606328125 0.246167290625 0.1459287765625 0.2342121203125 0.1289574203125
0 0.26023912656250003 0.2351686390625 0.24861439531250001 0.2229228 0.22345084062499998 0.227056721875 0.2115299453125 0.238574715625 0.2084593109375 0.25066099531249997 0.2099462921875 0.27192582656250003 0.214503909375 0.2811043765625 0.2261286421875 0.2933502109375 0.240989225 0.295872528125 0.25535415 0.2913065640625 0.2615951640625 0.282560059375 0.26773643125 0.2583874984375 0.26724077031250004 0.2512992234375 0.26023912656250003 0.2351686390625
0 0.271570771875 0.3412202984375 0.2647343484375 0.327452478125 0.2573367921875 0.319659671875 0.24515092656249998 0.31338885312500003 0.2240493265625 0.3196130453125 0.2144072375 0.33572031562500004 0.21589421875 0.356985146875 0.218173028125 0.3615744203125 0.23207656875 0.37840953125 0.23914368125 0.381476815625 0.255787415625 0.38150012968749997 0.261467296875 0.37872864375000004 0.26949145625000004 0.3674831328125 0.2727273140625 0.3577596125 0.271570771875 0.3412202984375
0 0.2793018453125 0.42378061406249995 0.2747442296875 0.41460206875 0.2652330875 0.40458274375 0.253047221875 0.39831193125 0.2452537515625 0.398856903125 0.2321108421875 0.406898878125 0.22586982500000002 0.41564538593749994 0.2244171203125 0.42286990468749996 0.22590410312500003 0.4441347359375 0.241921228125 0.4631963625 0.2489883453125 0.46626365 0.2617353421875 0.4665594484375 0.2674152234375 0.463787959375 0.277387753125 0.452406209375 0.28062360625 0.4426826859375 0.2793018453125 0.42378061406249995
0 0.28719813906249997 0.5087036921875 0.2775217765625 0.49632161249999995 0.26338754375 0.4901870375 0.247965825 0.4936397421875 0.2347574421875 0.5147450124999999 0.235913984375 0.5312843265625 0.2404716 0.5404628734375 0.2572150796875 0.5559122421875 0.2758071796875 0.555799309375 0.28327020625 0.550528821875 0.291129146875 0.5369205531250001 0.2894769453125 0.513292965625 0.28719813906249997 0.5087036921875
0 0.29509443125 0.5936267640625 0.28541806875 0.5812446859375 0.27323220312499996 0.5749738718749999 0.2558621203125 0.578562815625 0.245889590625 0.589944565625 0.2426537390625 0.5996680890625 0.2460890859375 0.6207966765624999 0.2578790375 0.6354052703125 0.26705973906249997 0.6406990734375 0.27785836875 0.641131115625 0.289218134375 0.635588140625 0.298695003125 0.6171181125 0.297373240625 0.59821604375 0.29509443125 0.5936267640625
0 0.356188975 0.6273436140624999 0.3405022890625 0.61300750625 0.3229669828125 0.6142336953124999 0.307810234375 0.6354752109375 0.3089667765625 0.6520145203125 0.313524390625 0.6611930687500001 0.3272627078125 0.6756654234374999 0.3322162359375 0.6765061953125 0.346911603125 0.676665753125 0.350643115625 0.67403050625 0.358667278125 0.6627849968749999 0.361737909375 0.65069871875 0.356188975 0.6273436140624999
0 0.8892497859375 0.6066885578125001 0.8776250546875 0.5944427203125 0.8716147328125 0.5924886890625001 0.8542446453125001 0.5960776375 0.84427211875 0.6074593890625 0.8394183390625001 0.622044671875 0.8402444390625 0.633858465625 0.8472460828124999 0.649989046875 0.8565920046875 0.657645609375 0.8615455328125 0.6584863828125 0.8762408984375 0.6586459390625 0.8819207796875 0.65587445 0.8933460140625 0.637268178125 0.8943030609375 0.6229553812499999 0.8892497859375 0.6066885578125001
0 0.955397603125 0.6566722296874999 0.9505095484374999 0.6427681625 0.9388848171875 0.630522325 0.93287449375 0.6285682984375 0.9211842906250001 0.6293857578125001 0.9137212625 0.634656246875 0.9039139546875001 0.6484007578125001 0.9026264656249999 0.6579880328125001 0.9060618171874999 0.6791166203125 0.9115110062499999 0.6870456703125 0.9247536625 0.69442974375 0.939449025 0.6945893 0.9469120562500001 0.6893188125 0.953153071875 0.680572303125 0.9562237031249999 0.6684860234375 0.955397603125 0.6566722296874999
0 0.9561270359374999 0.723101965625 0.9446675250000001 0.713218884375 0.93102895 0.7141725875 0.9178860406249999 0.7222145656250001 0.9134281734374999 0.7284620703125 0.9103575421875 0.74054835 0.9141233296875001 0.7664024546875 0.9216861062499999 0.7765580171875001 0.9278616484375 0.7808748078125001 0.9347635421874999 0.7815793390625 0.9473453203125001 0.7795123765625 0.956591496875 0.7717428843749999 0.9641199968749999 0.7534091 0.9629634546875 0.7368697859375 0.9561270359374999 0.723101965625
0 0.9648494296875001 0.8198388328125 0.9533899171875 0.8099557546874999 0.93568939375 0.8088191828125 0.9300095109375001 0.8115906718750001 0.916635909375 0.8303331875 0.91584408125 0.847008740625 0.91845333125 0.856323534375 0.9302432828124999 0.87093213125 0.9351968109375 0.8717729000000001 0.9537889078124999 0.8716599703125001 0.9612519390625 0.8663894796875 0.970894025 0.850282209375 0.9694070421875001 0.8290173828125 0.9648494296875001 0.8198388328125
0 0.9018689156249999 0.7031529390625 0.897146078125 0.69161163125 0.8814593921875 0.6772755234375001 0.8658724546875 0.67836546875 0.8584094265625 0.6836359578125 0.8521684125 0.6923824656249999 0.8458619265625 0.714192265625 0.8528635687499999 0.7303228500000001 0.86042634375 0.7404784125 0.875452146875 0.7453634859375 0.8804056765625001 0.746204259375 0.8935485875 0.7381622796875 0.9014075296874999 0.7245540109374999 0.9028602359375 0.7173294921875 0.9018689156249999 0.7031529390625
0 0.9095999875 0.7857132546875001 0.90732118125 0.78112398125 0.89569645 0.7688781437500001 0.885624175 0.7648338421875 0.8758823390625 0.7655150578125001 0.8684193078125 0.770785546875 0.8586119999999999 0.784530059375 0.85715929375 0.791754578125 0.8609250828125001 0.8176086828125 0.87060144375 0.8299907624999999 0.8815652953124999 0.8327855640624999 0.8865188234374999 0.833626334375 0.8978785874999999 0.828083359375 0.9078511171875 0.81670160625 0.91108696875 0.8069780859375 0.9095999875 0.7857132546875001
0 0.8362167578124999 0.66025754375 0.8265403921875001 0.6478754624999999 0.816468115625 0.6438311624999999 0.8008811781249999 0.6449211078125 0.7971496640625 0.6475563484375 0.78734235625 0.6613008609375 0.7842717218749999 0.6733871390624999 0.784932603125 0.6828381765625 0.7896554390625 0.694379484375 0.8012801703125 0.7066253203125 0.8122440203125001 0.709420121875 0.8248257984375 0.7073531609375 0.8303404578125001 0.7022189140624999 0.8347983250000001 0.6959714109374999 0.8393216656250001 0.676660609375 0.8362167578124999 0.66025754375
0 0.8419994656249999 0.7429541015625001 0.8324883203125 0.7329347796875 0.816570940625 0.7292992078125 0.8014796640625 0.7374774296875 0.7923332375000001 0.7606729734375001 0.79299411875 0.7701240109375 0.799995759375 0.7862545921875 0.8073933171875 0.7940473984375 0.8183571671875001 0.796842196875 0.8328873124999999 0.7946389984375 0.8384019734375 0.7895047484375 0.8446429875 0.78075824375 0.84738318125 0.76394644375 0.8419994656249999 0.7429541015625001
0 0.8590109890625 0.8462342734374999 0.85428815625 0.8346929671875 0.8386014671875 0.8203568546875 0.8210661625 0.8215830437499999 0.8136031328125 0.8268535359375001 0.80234311875 0.8478225687500001 0.8031692187499999 0.8596363609375001 0.8078920546875 0.87117766875 0.8195167859374999 0.8834235046875 0.8244703140625 0.884264278125 0.841114046875 0.8842875875 0.8467939296875 0.8815161015624999 0.856766459375 0.870134346875 0.8600023109375 0.8604108281249999 0.8590109890625 0.8462342734374999
0 0.7754526562499999 0.6312662109375 0.7708950421874999 0.622087665625 0.761383896875 0.612068340625 0.75131161875 0.6080240390625 0.73962141875 0.6088414984375 0.7259173718749999 0.6228584953125 0.7226815203125 0.6325820156249999 0.7241685015625 0.6538468468749999 0.7359584531250001 0.6684554421875 0.7509842578125 0.6733405171875 0.755937784375 0.6741812859375 0.7653491812500001 0.668774553125 0.77337334375 0.6575290453125 0.776443978125 0.645442765625 0.7754526562499999 0.6312662109375
0 0.7828532921875 0.7091010109375 0.7805744828125001 0.704511734375 0.7611562843749999 0.6928108734375 0.743786196875 0.69639981875 0.7355968171875 0.7052825687500001 0.730743034375 0.719867853125 0.731899575 0.7364071625 0.736457190625 0.745585709375 0.748081921875 0.757831546875 0.7530354499999999 0.75867231875 0.767730815625 0.7588318765625 0.7751938453125 0.7535613875 0.7814348578125 0.7448148781249999 0.78450549375 0.7327285984375 0.7828532921875 0.7091010109375
0 0.7910800250000001 0.7987496015625 0.7836824703125 0.7909567984375 0.7714966046875 0.7846859796875 0.7598064015625 0.7855034390625 0.7523433734375 0.7907739281249999 0.744319209375 0.8020194359374999 0.739465428125 0.8166047187500001 0.7446839265625 0.8352343046874999 0.7594790375 0.8508199171875 0.7800195046875 0.850570740625 0.7901572546875 0.84155175 0.795011034375 0.8269664656250001 0.7933588328125001 0.803338878125 0.7910800250000001 0.7987496015625
0 0.7217587484375 0.6753841640625 0.719479940625 0.6707948859374999 0.7099687968749999 0.6607755656250001 0.6998965203124999 0.6567312640625 0.6862579484375 0.6576849671875 0.6787949203125 0.66295545625 0.6691528328125 0.679062728125 0.6683610046874999 0.6957382812499999 0.670805034375 0.7026903140625 0.68276020625 0.7196616671875 0.6898273234375 0.7227289578125 0.7045226859375 0.7228885109375 0.71020256875 0.720117025 0.7200098781250001 0.7063725140625 0.72324573125 0.696648990625 0.7217587484375 0.6753841640625
0 0.718360753125 0.7527869171875 0.7102368421875 0.7486063734374999 0.6965982734375 0.749560075 0.68913524375 0.7548305640625 0.68111108125 0.766076075 0.6780404484375 0.7781623546875001 0.6813105765625 0.7969281828125 0.685868190625 0.8061067296875001 0.6982192765625 0.8147403078125001 0.7129146390625001 0.814899865625 0.7185945203124999 0.812128375 0.731968128125 0.7933858625 0.7301507046875 0.7673955140625 0.718360753125 0.7527869171875
0 0.7313757953125 0.840913521875 0.722029871875 0.8332569624999999 0.7062777125 0.8319841468750001 0.6968663171875 0.8373908796875 0.68382315625 0.8608589140625 0.6893720906249999 0.884214015625 0.701888396875 0.8952103515625 0.7224288640625 0.8949611781250001 0.7318402578125001 0.8895544453124999 0.7398644203125 0.8783089343749999 0.7401605859375 0.854545103125 0.7313757953125 0.840913521875
0 0.6588810609375 0.6441663156249999 0.6520446390625 0.6303984953125 0.63279165625 0.6210603859375 0.626946553125 0.621469115625 0.6138036453125 0.6295110953124999 0.6059447046875001 0.6431193625 0.60759690625 0.6667469500000001 0.619552078125 0.683718303125 0.6266191921875001 0.6867855921875 0.64521129375 0.6866726625 0.64894280625 0.6840374171875 0.6569669671875 0.672791909375 0.6600376031249999 0.6607056296875 0.6588810609375 0.6441663156249999
0 0.6571009906249999 0.7167073109375 0.6410183921875 0.71070898125 0.6277102593749999 0.7163881984375 0.6196861 0.7276337093749999 0.6167806859375 0.7420827453125 0.6221644015625001 0.763075090625 0.629727178125 0.773230653125 0.6367942953125 0.77629794375 0.653438025 0.7763212578124999 0.6609010546875 0.7710507640625 0.6703779234375 0.7525807359375001 0.668725721875 0.7289531484375 0.6571009906249999 0.7167073109375
0 0.6769524546875 0.8186017421875 0.672394840625 0.809423190625 0.6567081546875 0.7950870812499999 0.6411212171875 0.7961770265625 0.6336581859375 0.8014475187500001 0.6274171734375 0.810194021875 0.6225633921875 0.82477930625 0.6281123281250001 0.84813440625 0.639737059375 0.8603802437500001 0.6446905890625 0.8612210156250001 0.65548921875 0.8616530593749999 0.66311746875 0.8587453265624999 0.6723636453124999 0.8509758375 0.676656290625 0.8423655734375 0.6769524546875 0.8186017421875
0 0.593892859375 0.680763946875 0.5797586296875 0.6746293718749999 0.57797548125 0.677128375 0.5682336453125 0.677809590625 0.5564779703125 0.69169034375 0.553407334375 0.7037766249999999 0.5542334359375001 0.71559041875 0.55912149375 0.7294944859375 0.5677410625 0.7407633078125 0.5921782656250001 0.7402416484375001 0.6039339406249999 0.7263608953125 0.6071697921875 0.716637371875 0.6056828109375 0.69537254375 0.593892859375 0.680763946875
0 0.6156926953124999 0.782522134375 0.611135078125 0.7733435828124999 0.593500028125 0.7591437187500001 0.5798614546875 0.7600974218750001 0.572398428125 0.7653679109375 0.5643742625 0.77661341875 0.56130363125 0.7886997015625 0.564573759375 0.8074655296875 0.569131375 0.8166440765624999 0.581482459375 0.8252776546874999 0.5961778234375 0.8254372078125 0.6075375890625 0.8198942328125 0.6119954546875 0.813646728125 0.6166840171875 0.7966986890625 0.6156926953124999 0.782522134375
0 0.6235889890624999 0.86744520625 0.6190313734374999 0.8582666609375 0.6033446875 0.8439305484374999 0.5953859968749999 0.8421127640625 0.5820778671875 0.8477919828125 0.570487409375 0.8640354984374999 0.5672515578125 0.8737590171875 0.568242878125 0.887935571875 0.5728004921875 0.89711411875 0.5780844609375 0.9026804078125 0.5870999453125 0.9056114546874999 0.6076404125 0.9053622812500001 0.6133202953125 0.9025907921874999 0.6215096765625 0.8937080421875001 0.6247455296875 0.883984521875 0.6235889890624999 0.86744520625
0 0.5347466859375001 0.64691085625 0.5223956046875 0.6382772812499999 0.5087570312499999 0.6392309828125 0.5012940046875001 0.6445014718750001 0.4916519140625 0.6606087421875 0.49591336249999995 0.6935511203125 0.506481303125 0.7046836984375 0.5289701359375 0.704298284375 0.5425089578125 0.6879185296875 0.5457448140625 0.67819500625 0.5423094640625 0.657066421875 0.5347466859375001 0.64691085625
0 0.5505362 0.7467150109375 0.5458133609375 0.7351737046875 0.530291896875 0.723200353125 0.5127565921875 0.7244265421875 0.49759984062499996 0.745668059375 0.496477575 0.7576180953125 0.5016960687500001 0.77624768125 0.509258846875 0.7864032484375 0.5163259625000001 0.7894705328125 0.5329696968750001 0.7894938453125 0.538649575 0.7867223562500001 0.548456884375 0.772977846875 0.551692740625 0.763254325 0.5505362 0.7467150109375
0 0.5582672718749999 0.829275328125 0.55370965625 0.82009678125 0.536074603125 0.8058969140625001 0.5243843984375001 0.8067143734375 0.5169213703125 0.8119848624999999 0.505496134375 0.8305911359374999 0.5094271453125 0.8588079984375 0.516989921875 0.8689635609374999 0.5240570359375 0.8720308484375 0.5426491359375001 0.8719179203125 0.5501121640625 0.8666474281250001 0.5579711078125 0.8530391578125001 0.5594238140625001 0.8458146421875 0.5582672718749999 0.829275328125
0 0.47309409062499996 0.6892110203125 0.4630218140625 0.68516671875 0.447600096875 0.6886194234375 0.4360096390625 0.704862934375 0.43455692968750004 0.7120874546875 0.4401058703125 0.73544255625 0.4529526125 0.7511644125 0.47154471249999996 0.75105148125 0.4884846109375 0.7273109609375 0.48944165625 0.7129981640625 0.48471882187500004 0.70145685625 0.47309409062499996 0.6892110203125
0 0.4927803359375 0.788742690625 0.4769284296875 0.7720438234375 0.47091810624999997 0.7700897921875 0.46117627031249997 0.7707710078125001 0.451764875 0.77617774375 0.44228800625 0.794647771875 0.44133095781250004 0.8089605687500001 0.4439402078125 0.8182753578125 0.453781790625 0.8330201984375 0.46084890781250004 0.836087484375 0.47944100624999997 0.8359745562500001 0.4831725234375 0.8333393078125001 0.4895787546875 0.8269555609375001 0.49621568437499997 0.809871278125 0.4927803359375 0.788742690625
0 0.5003461890625001 0.86894025 0.4929486328125 0.86114744375 0.4807627671875 0.854876625 0.4633926828125 0.8584655734375 0.45520330312499996 0.8673483203125001 0.4501843015625 0.87957084375 0.45200172343749995 0.9055611921875 0.4593992765625 0.9133539984375 0.47442508281249995 0.918239071875 0.483275346875 0.9188073578125 0.4983666234375 0.9106291359375 0.505895125 0.8922953515625001 0.5049038046875001 0.878118796875 0.5003461890625001 0.86894025
0 0.4215106921875 0.6655134953124999 0.41411313749999995 0.6577206890625 0.401927271875 0.6514498703125 0.3921854359375 0.6521310859375 0.380825671875 0.6576740625 0.37458465625000004 0.6664205703125 0.3715140234375 0.67850685 0.3795069875 0.708813984375 0.3869045453125 0.716606790625 0.3918580734375 0.7174475625000001 0.40655343750000006 0.7176071203125 0.4122333203125 0.7148356312499999 0.42560692187500004 0.6960931171875 0.4237895 0.67010276875 0.4215106921875 0.6655134953124999
0 0.42745861874999996 0.7505728125 0.41583388593750004 0.738326975 0.4098235640625 0.73637294375 0.394236625 0.7374628890625 0.3867735984375 0.74273338125 0.379079878125 0.7587044046875 0.3802364203125 0.7752437203125 0.38528969375 0.7915105453125 0.3926872515625 0.79930335 0.40170273281249996 0.80223439375 0.40860463124999996 0.8029389218749999 0.419964390625 0.797395946875 0.42977170156250005 0.7836514359375 0.4328423328125 0.77156515625 0.42745861874999996 0.7505728125
0 0.43535491249999997 0.8354958874999999 0.42373018125 0.8232500515625001 0.4136579046875 0.819205746875 0.405864434375 0.8197507203125 0.39645303906249996 0.8251574546875 0.386976171875 0.8436274828125001 0.38879359375 0.86961783125 0.39635637031250004 0.8797733937500001 0.4055370734375 0.8850671953125 0.4241291734375 0.8849542671874999 0.42980905468749997 0.882182778125 0.437833215625 0.8709372703125 0.44090385000000004 0.8588509906249999 0.43535491249999997 0.8354958874999999
0 0.3545741265625 0.7022473671875 0.346450215625 0.698066821875 0.330863278125 0.6991567671875 0.32340025 0.70442725625 0.315706528125 0.7203982843750001 0.3191418765625 0.741526871875 0.3280918859375 0.7575212109375 0.3342674296875 0.761837996875 0.3528595296875 0.76172506875 0.3621057046875 0.753955575 0.368181496875 0.7428463109375001 0.366364075 0.7168559640625001 0.3545741265625 0.7022473671875
0 0.372477221875 0.804278040625 0.36263564062500003 0.7895332046875 0.35239814375 0.7831261421875 0.3348628359375 0.78435233125 0.3311313234375 0.786987571875 0.321819675 0.8078203609375001 0.321358290625 0.8292214343750001 0.32363709687500003 0.8338107078125001 0.3311998734375 0.8439662703125 0.34232894375 0.84912383125 0.3570243078125 0.8492833875000001 0.36448733906249997 0.8440128984375 0.374129425 0.8279056265625 0.3752516921875 0.815955590625 0.372477221875 0.804278040625
0 0.3703667140625 0.8720935203125 0.3583460703125 0.8681854578125 0.34665586406250004 0.8690029171875 0.33456975 0.8781581546874999 0.328593703125 0.904693475 0.333481759375 0.9185975421875 0.3408793140625 0.9263903453125 0.34900322500000003 0.9305708890625001 0.3578534875 0.931139175 0.37238363125 0.9289359718749999 0.38057301250000003 0.920053225 0.3839740875 0.9126924609374999 0.3823218859375 0.8890648734375001 0.3703667140625 0.8720935203125