0 0.6669921890625 0.8352463921875 0.65625 0.845658053125 0.65234375 0.8549128609375 0.6542968765625 0.8826772843749999 0.6650390609375 0.8954026468749999 0.6708984390625 0.897716346875 0.69140625 0.896559496875 0.7050781234375 0.8803635812499999 0.70703125 0.8734224765624999 0.7050781234375 0.8502854578125 0.6943359390625 0.837560096875 0.6865234390625 0.8329326921875 0.6669921890625 0.8352463921875
0 0.7822265609375 0.7195613 0.7685546890625 0.7195613 0.7587890609375 0.7241887 0.7519531234375 0.7322866578125 0.7480468765625 0.74385516875 0.7480468765625 0.76005108125 0.75390625 0.7739332921875001 0.7607421890625 0.78203125 0.7705078109375 0.786658653125 0.7832031234375 0.7855018031250001 0.7919921890625 0.78203125 0.8027343765625 0.7669921890625 0.8046875 0.75773738125 0.8027343765625 0.741541465625 0.7900390609375 0.7241887 0.7822265609375 0.7195613
0 0.6767578109375 0.7149338921874999 0.6611328109375 0.7241887 0.6542968765625 0.7346003609375 0.65234375 0.7554236765625 0.6582031234375 0.7693058890625 0.6689453109375 0.779717546875 0.6728515609375 0.78203125 0.6875 0.7808744 0.6943359390625 0.777403846875 0.7050781234375 0.764678484375 0.70703125 0.7369140609375 0.6943359390625 0.7195613 0.6845703109375 0.7149338921874999 0.6767578109375 0.7149338921874999
0 0.5869140609375 0.775090146875 0.57421875 0.787815503125 0.5703125 0.7970703109375 0.5703125 0.82020733125 0.5791015609375 0.8352463921875 0.5947265609375 0.8421875 0.6015625 0.8410306500000001 0.6103515609375 0.837560096875 0.6230468765625 0.822521034375 0.625 0.801697715625 0.62109375 0.7901292078125 0.6103515609375 0.777403846875 0.5869140609375 0.775090146875
0 0.5205078109375 0.8352463921875 0.5107421890625 0.8329326921875 0.4990234390625 0.8352463921875 0.4921875 0.8410306500000001 0.4824218765625 0.859540265625 0.484375 0.8803635812499999 0.5009765609375 0.900030046875 0.51953125 0.8988731968750001 0.5263671890625 0.8954026468749999 0.5371093765625 0.8803635812499999 0.5390625 0.8734224765624999 0.5371093765625 0.8525991578125 0.5302734390625 0.8421875 0.5205078109375 0.8352463921875
0 0.5107421890625 0.7126201921875001 0.5029296890625 0.717247596875 0.4921875 0.7322866578125 0.4902343765625 0.741541465625 0.4921875 0.75773738125 0.4970703109375 0.7681490390625 0.5107421890625 0.777403846875 0.5292968765625 0.776246996875 0.5410156234375 0.764678484375 0.5449218765625 0.7554236765625 0.5449218765625 0.7346003609375 0.5341796890625 0.717247596875 0.5244140609375 0.7126201921875001 0.5107421890625 0.7126201921875001
0 0.4267578109375 0.7681490390625 0.4169921890625 0.7727764421875001 0.40625 0.7855018031250001 0.40234375 0.7947566109374999 0.40234375 0.8086388234375 0.4082031234375 0.822521034375 0.4150390609375 0.8306189921874999 0.4228515609375 0.8352463921875 0.4355468765625 0.8340895421875001 0.4443359390625 0.8306189921874999 0.4550781234375 0.82020733125 0.45703125 0.7924429078124999 0.453125 0.7831881 0.4443359390625 0.7727764421875001 0.4267578109375 0.7681490390625
0 0.3427734390625 0.8283052890624999 0.3310546890625 0.8352463921875 0.3222656234375 0.845658053125 0.3203125 0.8734224765624999 0.328125 0.8873046890625 0.3349609390625 0.8930889421874999 0.3388671890625 0.8954026468749999 0.35546875 0.8942457921875 0.3691406234375 0.8826772843749999 0.375 0.8687950734375001 0.375 0.8572265609375 0.37109375 0.845658053125 0.3603515609375 0.8329326921875 0.3427734390625 0.8283052890624999
0 0.1923828109375 0.8236778843750001 0.1826171890625 0.8236778843750001 0.1689453109375 0.8329326921875 0.1640625 0.8410306500000001 0.16015625 0.8502854578125 0.16015625 0.8687950734375001 0.1660156234375 0.8803635812499999 0.1748046890625 0.8884615390624999 0.1865234390625 0.8930889421874999 0.19140625 0.8919320921875 0.2041015609375 0.8861478390625 0.2109375 0.8780498812499999 0.2167968765625 0.8641676687500001 0.2167968765625 0.8525991578125 0.2080078109375 0.8329326921875 0.1923828109375 0.8236778843750001
0 0.08691406093750001 0.7889723531249999 0.078125 0.799384015625 0.07421875 0.8109525234375001 0.07421875 0.822521034375 0.08007812343750001 0.8387169468750001 0.08691406093750001 0.8468149031250001 0.09667968906249999 0.8514423078125001 0.10546875 0.8502854578125 0.12011718906249999 0.8421875 0.1269531234375 0.8317758421875 0.12890625 0.80632511875 0.11230468906249999 0.786658653125 0.09863281093750001 0.784344953125 0.08691406093750001 0.7889723531249999
0 0.2841796890625 0.775090146875 0.2724609390625 0.7681490390625 0.2646484390625 0.7681490390625 0.2509765609375 0.775090146875 0.2441406234375 0.7831881 0.2402343765625 0.7924429078124999 0.2402343765625 0.8132662265624999 0.2548828109375 0.8329326921875 0.2587890609375 0.8352463921875 0.2753906234375 0.8340895421875001 0.2822265609375 0.8306189921874999 0.2910156234375 0.82020733125 0.2949218765625 0.8086388234375 0.2949218765625 0.799384015625 0.2890625 0.7808744 0.2841796890625 0.775090146875
0 0.1962890609375 0.7149338921874999 0.1787109390625 0.7149338921874999 0.1728515609375 0.717247596875 0.1640625 0.727659253125 0.16015625 0.7369140609375 0.16015625 0.7554236765625 0.1640625 0.764678484375 0.1728515609375 0.775090146875 0.1806640609375 0.779717546875 0.19140625 0.778560696875 0.2041015609375 0.7727764421875001 0.2109375 0.764678484375 0.21484375 0.7554236765625 0.21484375 0.739227765625 0.2041015609375 0.7195613 0.1962890609375 0.7149338921874999
0 0.3525390609375 0.7126201921875001 0.3447265609375 0.7126201921875001 0.3349609390625 0.717247596875 0.32421875 0.7299729578124999 0.3203125 0.7484825734375 0.32421875 0.762364784375 0.3310546890625 0.7727764421875001 0.3369140609375 0.777403846875 0.3535156234375 0.778560696875 0.3623046890625 0.775090146875 0.3730468765625 0.762364784375 0.3769531234375 0.74385516875 0.3730468765625 0.7299729578124999 0.3662109390625 0.7195613 0.3525390609375 0.7126201921875001
0 0.4443359390625 0.6547776468750001 0.4267578109375 0.6547776468750001 0.4140625 0.665189303125 0.4082031234375 0.679071515625 0.4082031234375 0.6929537265625 0.4121093765625 0.704522234375 0.4228515609375 0.717247596875 0.4287109390625 0.7195613 0.44140625 0.7184044468749999 0.4462890609375 0.717247596875 0.4609375 0.69989483125 0.4628906234375 0.679071515625 0.4589843765625 0.667503003125 0.4521484390625 0.659405046875 0.4443359390625 0.6547776468750001
0 0.2587890609375 0.659405046875 0.2421875 0.6767578109375 0.2402343765625 0.68601261875 0.2421875 0.702208534375 0.2529296890625 0.7195613 0.2607421890625 0.7241887 0.2734375 0.72303185 0.2822265609375 0.7195613 0.29296875 0.704522234375 0.2949218765625 0.681385215625 0.2910156234375 0.6721304078125 0.2822265609375 0.66171875 0.2587890609375 0.659405046875
0 0.11621093906249999 0.6756009609375 0.09277343906249999 0.6732872609375 0.08496093906249999 0.6779146609375 0.07617187656249999 0.6929537265625 0.07617187656249999 0.716090746875 0.08691406093750001 0.7334435078125 0.09667968906249999 0.738070915625 0.10546875 0.7369140609375 0.11621093906249999 0.7334435078125 0.125 0.72303185 0.12890625 0.7091496390625001 0.12890625 0.6952674265625001 0.125 0.68601261875 0.11621093906249999 0.6756009609375
0 0.5029296890625 0.6038762 0.4941406234375 0.6142878609375 0.4902343765625 0.6235426687500001 0.4902343765625 0.642052284375 0.5048828109375 0.66171875 0.5087890609375 0.664032453125 0.5234375 0.6628756 0.5322265609375 0.659405046875 0.5410156234375 0.6489933890625 0.5449218765625 0.6327974765625 0.54296875 0.618915265625 0.5283203109375 0.6015625 0.5029296890625 0.6038762
0 0.6123046890625 0.659405046875 0.5947265609375 0.6570913468749999 0.5810546890625 0.664032453125 0.57421875 0.6744441109375 0.5722656234375 0.69989483125 0.57421875 0.7068359390625 0.5849609390625 0.7195613 0.5947265609375 0.7241887 0.6035156234375 0.72303185 0.6123046890625 0.7195613 0.62109375 0.7114633421875001 0.6269531234375 0.69758113125 0.6269531234375 0.681385215625 0.6230468765625 0.6721304078125 0.6123046890625 0.659405046875
0 0.6787109390625 0.6038762 0.6708984390625 0.6085036078125 0.6621093765625 0.618915265625 0.6582031234375 0.6281700734375 0.6582031234375 0.642052284375 0.6621093765625 0.6536207921875 0.6708984390625 0.664032453125 0.6787109390625 0.668659853125 0.6953125 0.667503003125 0.7041015609375 0.66171875 0.7128906234375 0.6489933890625 0.71484375 0.6374248812500001 0.7128906234375 0.6235426687500001 0.6962890609375 0.6038762 0.6787109390625 0.6038762
0 0.7822265609375 0.5529747609375 0.7666015609375 0.5506610578125 0.7490234390625 0.5599158656250001 0.7441406234375 0.5657001187499999 0.7421875 0.5934645421875 0.74609375 0.60271935 0.7548828109375 0.6131310078125 0.7734375 0.6166015609375 0.7841796890625 0.6154447109375 0.7949218765625 0.60271935 0.7988281234375 0.5934645421875 0.7988281234375 0.5749549265625 0.7949218765625 0.5657001187499999 0.7822265609375 0.5529747609375
0 0.12011718906249999 0.099489184375 0.10644531093750001 0.09717548125 0.09667968906249999 0.101802884375 0.0859375 0.114528246875 0.08398437656249999 0.14229266875 0.09082031093750001 0.15501803125 0.10253906093750001 0.161959134375 0.12109375 0.160802284375 0.1347656234375 0.1492337734375 0.1386718765625 0.137665265625 0.1386718765625 0.123783053125 0.1347656234375 0.1122145421875 0.1279296890625 0.104116584375 0.12011718906249999 0.099489184375
0 0.1943359390625 0.15501803125 0.1748046890625 0.15733173125 0.1621093765625 0.174684496875 0.16015625 0.183939303125 0.1621093765625 0.197821515625 0.1660156234375 0.20707632343750002 0.1787109390625 0.21748798125 0.1972656234375 0.21633113124999998 0.2021484390625 0.2151742765625 0.2128906234375 0.20013521562499997 0.21484375 0.1931941109375 0.2128906234375 0.1723707921875 0.2001953109375 0.15733173125 0.1943359390625 0.15501803125
0 0.2626953109375 0.099489184375 0.2529296890625 0.104116584375 0.2441406234375 0.114528246875 0.2402343765625 0.126096753125 0.2402343765625 0.139978965625 0.2441406234375 0.1515474765625 0.2548828109375 0.161959134375 0.2587890609375 0.1642728390625 0.27734375 0.163115984375 0.2861328109375 0.15733173125 0.29296875 0.14460636875 0.2949218765625 0.137665265625 0.29296875 0.11915564999999999 0.2822265609375 0.104116584375 0.2626953109375 0.099489184375
0 0.3505859390625 0.15501803125 0.3369140609375 0.15733173125 0.3261718765625 0.1654296890625 0.3203125 0.1793119 0.3203125 0.197821515625 0.3261718765625 0.2093900234375 0.3349609390625 0.21748798125 0.3388671890625 0.219801684375 0.35546875 0.21864483125 0.3623046890625 0.2151742765625 0.3730468765625 0.197821515625 0.375 0.19088040781249999 0.3730468765625 0.174684496875 0.3583984390625 0.15733173125 0.3505859390625 0.15501803125
0 0.4345703109375 0.099489184375 0.4208984390625 0.099489184375 0.4130859390625 0.104116584375 0.4042968765625 0.114528246875 0.4003906234375 0.126096753125 0.4003906234375 0.14229266875 0.4082031234375 0.15617488125 0.4169921890625 0.1642728390625 0.4355468765625 0.163115984375 0.4511718765625 0.1515474765625 0.4550781234375 0.139978965625 0.4550781234375 0.126096753125 0.4511718765625 0.114528246875 0.4423828109375 0.104116584375 0.4345703109375 0.099489184375
0 0.4345703109375 0.21054687656249998 0.4208984390625 0.21054687656249998 0.4042968765625 0.223272234375 0.3984375 0.23946815 0.3984375 0.2487229578125 0.4042968765625 0.26491886875000004 0.4091796890625 0.2707031234375 0.4228515609375 0.27764423125 0.4296875 0.27648738125 0.4404296890625 0.27301682656250004 0.4511718765625 0.26260516875 0.4550781234375 0.23946815 0.44921875 0.223272234375 0.4443359390625 0.21748798125 0.4345703109375 0.21054687656249998
0 0.5166015609375 0.15501803125 0.5009765609375 0.15501803125 0.484375 0.1700570921875 0.48046875 0.1816256 0.48046875 0.1931941109375 0.4863281234375 0.20707632343750002 0.4931640609375 0.2151742765625 0.5009765609375 0.219801684375 0.515625 0.21864483125 0.53125 0.20707632343750002 0.5371093765625 0.1931941109375 0.5371093765625 0.1793119 0.5332031234375 0.1700570921875 0.5244140609375 0.15964543125 0.5166015609375 0.15501803125
0 0.6044921890625 0.104116584375 0.5947265609375 0.099489184375 0.5869140609375 0.099489184375 0.5732421890625 0.1064302890625 0.56640625 0.114528246875 0.5625 0.126096753125 0.5625 0.139978965625 0.56640625 0.1515474765625 0.5751953109375 0.161959134375 0.5869140609375 0.1665865390625 0.5917968765625 0.1654296890625 0.6064453109375 0.15964543125 0.61328125 0.1515474765625 0.6171875 0.14229266875 0.6171875 0.123783053125 0.61328125 0.114528246875 0.6044921890625 0.104116584375
0 0.7509765609375 0.099489184375 0.7392578109375 0.104116584375 0.73046875 0.114528246875 0.7265625 0.123783053125 0.7265625 0.14460636875 0.73046875 0.1538611765625 0.7392578109375 0.161959134375 0.7470703109375 0.1665865390625 0.7578125 0.1654296890625 0.7685546890625 0.161959134375 0.7792968765625 0.1492337734375 0.78125 0.123783053125 0.7792968765625 0.116841946875 0.7666015609375 0.101802884375 0.7509765609375 0.099489184375
0 0.6611328109375 0.15733173125 0.6533203109375 0.161959134375 0.6425781234375 0.1793119 0.64453125 0.20244891874999998 0.6533203109375 0.2151742765625 0.6611328109375 0.219801684375 0.6796875 0.21864483125 0.6933593765625 0.20707632343750002 0.6972656234375 0.197821515625 0.6972656234375 0.176998196875 0.69140625 0.1654296890625 0.6806640609375 0.15733173125 0.6611328109375 0.15733173125
0 0.5966796890625 0.21286057656250001 0.5791015609375 0.21286057656250001 0.5712890609375 0.21748798125 0.5625 0.23021334218749998 0.5605468765625 0.2556640609375 0.56640625 0.2672325734375 0.5791015609375 0.27764423125 0.59765625 0.27648738125 0.6044921890625 0.27301682656250004 0.6152343765625 0.257977765625 0.6171875 0.246409253125 0.6152343765625 0.2325270421875 0.6044921890625 0.21748798125 0.5966796890625 0.21286057656250001
0 0.7412109390625 0.21748798125 0.7285156234375 0.2325270421875 0.7265625 0.260291465625 0.7373046890625 0.27533053125 0.7451171890625 0.27995793125 0.76171875 0.27880108125 0.7666015609375 0.27764423125 0.7792968765625 0.26260516875 0.78125 0.23715444687499998 0.7666015609375 0.21748798125 0.7470703109375 0.2151742765625 0.7412109390625 0.21748798125
0 0.6669921890625 0.2683894234375 0.6533203109375 0.27533053125 0.6425781234375 0.2880558890625 0.6425781234375 0.3135066109375 0.6513671890625 0.32854567343749996 0.6630859390625 0.3354867765625 0.67578125 0.3343299265625 0.6884765609375 0.32623196875 0.6953125 0.3158203109375 0.6972656234375 0.2926832921875 0.6884765609375 0.27764423125 0.6787109390625 0.2707031234375 0.6669921890625 0.2683894234375
0 0.4931640609375 0.27301682656250004 0.4824218765625 0.2857421890625 0.4785156234375 0.304251803125 0.48046875 0.3158203109375 0.4931640609375 0.3308593765625 0.5029296890625 0.3354867765625 0.51171875 0.3343299265625 0.5205078109375 0.3308593765625 0.53125 0.318134015625 0.5332031234375 0.29036959218749997 0.5224609390625 0.27301682656250004 0.5048828109375 0.2683894234375 0.4931640609375 0.27301682656250004
0 0.2783203109375 0.21286057656250001 0.2568359390625 0.21286057656250001 0.2421875 0.23021334218749998 0.2402343765625 0.25335036093749996 0.2421875 0.260291465625 0.2529296890625 0.27301682656250004 0.2626953109375 0.27764423125 0.2734375 0.27648738125 0.2822265609375 0.27301682656250004 0.2910156234375 0.26260516875 0.2949218765625 0.25335036093749996 0.2949218765625 0.23715444687499998 0.2910156234375 0.2255859390625 0.2783203109375 0.21286057656250001
0 0.1279296890625 0.21748798125 0.11425781093750001 0.20823317343749997 0.10058593906249999 0.20823317343749997 0.08886718906249999 0.21748798125 0.08398437656249999 0.2255859390625 0.08007812343750001 0.23715444687499998 0.08007812343750001 0.246409253125 0.09082031093750001 0.2683894234375 0.10449218906249999 0.27533053125 0.11132812343750001 0.27417367656249997 0.11816406093750001 0.27301682656250004 0.12890625 0.26491886875000004 0.1347656234375 0.2556640609375 0.13671875 0.23946815 0.1347656234375 0.22789963906250002 0.1279296890625 0.21748798125
0 0.1962890609375 0.26376201875 0.1767578109375 0.26376201875 0.1640625 0.27648738125 0.16015625 0.2857421890625 0.16015625 0.30656550312499997 0.1708984390625 0.32391826875 0.1787109390625 0.32854567343749996 0.1933593765625 0.32738882343750003 0.2021484390625 0.32391826875 0.2109375 0.3135066109375 0.2128906234375 0.3088792078125 0.2128906234375 0.283428484375 0.2089843765625 0.27417367656249997 0.1962890609375 0.26376201875
0 0.2783203109375 0.32160456875 0.2568359390625 0.32160456875 0.2421875 0.33895733125 0.2402343765625 0.3458984390625 0.2421875 0.366721753125 0.2548828109375 0.38176081562499997 0.2607421890625 0.38407451875 0.2734375 0.38291766875 0.2802734390625 0.38176081562499997 0.2910156234375 0.3690354578125 0.2949218765625 0.35978065 0.2949218765625 0.3458984390625 0.2861328109375 0.32623196875 0.2783203109375 0.32160456875
0 0.3544921890625 0.2660757234375 0.3408203109375 0.2660757234375 0.32421875 0.27880108125 0.3203125 0.2857421890625 0.3183593765625 0.3019381 0.3222656234375 0.3158203109375 0.3330078109375 0.32854567343749996 0.3427734390625 0.3331730765625 0.3496093765625 0.3320162265625 0.3603515609375 0.32854567343749996 0.3730468765625 0.3158203109375 0.375 0.2926832921875 0.3691406234375 0.27880108125 0.3623046890625 0.2707031234375 0.3544921890625 0.2660757234375
0 0.08398437656249999 0.33895733125 0.08203125 0.34821213906250004 0.08398437656249999 0.366721753125 0.09472656093750001 0.38176081562499997 0.10058593906249999 0.38407451875 0.1171875 0.38291766875 0.1308593765625 0.3713491578125 0.1347656234375 0.36209435 0.1347656234375 0.341271034375 0.11816406093750001 0.32160456875 0.09863281093750001 0.32160456875 0.08398437656249999 0.33895733125
0 0.1787109390625 0.3725060078125 0.1689453109375 0.379447115625 0.1621093765625 0.3898587734375 0.16015625 0.41299579218750004 0.1640625 0.42456430312500004 0.1708984390625 0.4326622609375 0.1806640609375 0.4372896609375 0.1933593765625 0.4361328109375 0.2041015609375 0.4303485578125 0.2109375 0.4199369 0.2128906234375 0.3921724765625 0.2021484390625 0.377133415625 0.1943359390625 0.3725060078125 0.1787109390625 0.3725060078125
0 0.11621093906249999 0.4303485578125 0.09863281093750001 0.4303485578125 0.08398437656249999 0.44770132343749997 0.08203125 0.47083834218750004 0.0859375 0.48240685 0.09277343906249999 0.49050480781249994 0.109375 0.4939753609375 0.12207031093750001 0.49050480781249994 0.1308593765625 0.48009314999999997 0.1347656234375 0.47315204218750007 0.1347656234375 0.4500150234375 0.12402343906249999 0.4349759609375 0.11621093906249999 0.4303485578125
0 0.1767578109375 0.4881911078125 0.1621093765625 0.50323016875 0.1582031234375 0.5124849765625 0.1582031234375 0.5263671890625 0.1689453109375 0.5460336531250001 0.1767578109375 0.5506610578125 0.1933593765625 0.5495042078125 0.2001953109375 0.5460336531250001 0.2109375 0.5309945921875 0.2128906234375 0.524053484375 0.2109375 0.50554386875 0.1982421890625 0.49050480781249994 0.1767578109375 0.4881911078125
0 0.2568359390625 0.4326622609375 0.2490234390625 0.4372896609375 0.2402343765625 0.4500150234375 0.23828125 0.45926983125 0.2402343765625 0.47777944687499996 0.2490234390625 0.49050480781249994 0.2568359390625 0.4951322109375 0.2734375 0.4939753609375 0.2802734390625 0.49050480781249994 0.2910156234375 0.475465746875 0.2910156234375 0.4523287265625 0.2871093765625 0.44307391875 0.2783203109375 0.4349759609375 0.2568359390625 0.4326622609375
0 0.3564453109375 0.377133415625 0.3388671890625 0.377133415625 0.3310546890625 0.38176081562499997 0.3222656234375 0.3921724765625 0.3183593765625 0.4060546890625 0.3222656234375 0.426878003125 0.3369140609375 0.44191706875000003 0.34765625 0.44307391875 0.3642578109375 0.4349759609375 0.37109375 0.426878003125 0.375 0.41299579218750004 0.375 0.403740984375 0.3691406234375 0.3875450734375 0.3564453109375 0.377133415625
0 0.4130859390625 0.32854567343749996 0.40234375 0.341271034375 0.4003906234375 0.364408053125 0.4042968765625 0.3759765609375 0.4111328109375 0.38407451875 0.4189453109375 0.3887019234375 0.4375 0.3875450734375 0.453125 0.3713491578125 0.4550781234375 0.34821213906250004 0.4511718765625 0.33895733125 0.4404296890625 0.32623196875 0.4208984390625 0.32391826875 0.4130859390625 0.32854567343749996
0 0.6064453109375 0.3331730765625 0.6005859390625 0.32854567343749996 0.5849609390625 0.32623196875 0.5751953109375 0.3308593765625 0.5625 0.3458984390625 0.5605468765625 0.366721753125 0.5712890609375 0.3863882234375 0.5869140609375 0.3933293265625 0.59375 0.3921724765625 0.6025390609375 0.3887019234375 0.61328125 0.3759765609375 0.6171875 0.366721753125 0.6171875 0.355153246875 0.6113281234375 0.33895733125 0.6064453109375 0.3331730765625
0 0.7802734390625 0.3331730765625 0.7724609390625 0.32854567343749996 0.7607421890625 0.32854567343749996 0.7490234390625 0.3354867765625 0.7421875 0.343584734375 0.73828125 0.3528395421875 0.73828125 0.3713491578125 0.7490234390625 0.3887019234375 0.7587890609375 0.3933293265625 0.7734375 0.3921724765625 0.7783203109375 0.3910156234375 0.7890625 0.378290265625 0.79296875 0.3690354578125 0.79296875 0.3528395421875 0.7890625 0.343584734375 0.7802734390625 0.3331730765625
0 0.6845703109375 0.38176081562499997 0.6689453109375 0.38176081562499997 0.6611328109375 0.3863882234375 0.6503906234375 0.39911358125 0.6484375 0.42456430312500004 0.65234375 0.4338191109375 0.6669921890625 0.44654446875 0.6894531234375 0.44538761875 0.69921875 0.4338191109375 0.703125 0.42456430312500004 0.7050781234375 0.417623196875 0.703125 0.40142728437499997 0.6923828109375 0.3863882234375 0.6845703109375 0.38176081562499997
0 0.5029296890625 0.38176081562499997 0.4970703109375 0.38407451875 0.4824218765625 0.40142728437499997 0.48046875 0.4199369 0.484375 0.43150540781249996 0.4951171890625 0.44423076874999995 0.4990234390625 0.44654446875 0.5175781234375 0.44538761875 0.53125 0.4338191109375 0.5371093765625 0.4106820921875 0.53125 0.39448617656249996 0.5244140609375 0.3863882234375 0.5126953109375 0.38176081562499997 0.5029296890625 0.38176081562499997
0 0.4248046890625 0.4326622609375 0.4111328109375 0.439603365625 0.4042968765625 0.44770132343749997 0.4003906234375 0.45926983125 0.4003906234375 0.47315204218750007 0.40625 0.48703425312500004 0.4130859390625 0.4951322109375 0.4208984390625 0.49975961562500004 0.43359375 0.498602765625 0.4423828109375 0.4951322109375 0.453125 0.48240685 0.45703125 0.461583534375 0.4462890609375 0.439603365625 0.4404296890625 0.4349759609375 0.4248046890625 0.4326622609375
0 0.3505859390625 0.4881911078125 0.3388671890625 0.49050480781249994 0.3291015609375 0.497445915625 0.3203125 0.5124849765625 0.3222656234375 0.535621996875 0.3291015609375 0.5460336531250001 0.3388671890625 0.5529747609375 0.3574218765625 0.5518179078125 0.37109375 0.5402494 0.375 0.5286808890625 0.375 0.5124849765625 0.3691406234375 0.500916465625 0.3583984390625 0.49050480781249994 0.3505859390625 0.4881911078125
0 0.2724609390625 0.5460336531250001 0.2607421890625 0.5460336531250001 0.2490234390625 0.5529747609375 0.2421875 0.5633864187500001 0.2402343765625 0.5865234390625 0.2421875 0.5934645421875 0.2529296890625 0.606189903125 0.2646484390625 0.6108173078125 0.2714843765625 0.6096604578125 0.2841796890625 0.6038762 0.29296875 0.5911508421875 0.2949218765625 0.584209734375 0.29296875 0.5657001187499999 0.2822265609375 0.5506610578125 0.2724609390625 0.5460336531250001
0 0.10058593906249999 0.5576021609375 0.08691406093750001 0.5645432687499999 0.08007812343750001 0.5726412265625 0.07617187656249999 0.5934645421875 0.08203125 0.6119741578125 0.08691406093750001 0.617758415625 0.09472656093750001 0.6223858156250001 0.11328125 0.6212289656250001 0.125 0.6119741578125 0.1308593765625 0.5957782468749999 0.1308593765625 0.584209734375 0.12011718906249999 0.5645432687499999 0.10644531093750001 0.5576021609375 0.10058593906249999 0.5576021609375
0 0.1806640609375 0.6015625 0.1689453109375 0.6085036078125 0.1640625 0.6166015609375 0.16015625 0.6281700734375 0.16015625 0.642052284375 0.1660156234375 0.6559344968749999 0.1767578109375 0.666346153125 0.19140625 0.667503003125 0.2041015609375 0.66171875 0.21484375 0.6466796890625 0.21484375 0.6235426687500001 0.2021484390625 0.606189903125 0.1943359390625 0.6015625 0.1806640609375 0.6015625
0 0.3447265609375 0.6015625 0.3369140609375 0.606189903125 0.328125 0.618915265625 0.3261718765625 0.6397385812499999 0.3300781234375 0.6489933890625 0.3408203109375 0.66171875 0.3447265609375 0.664032453125 0.3613281234375 0.6628756 0.3681640609375 0.659405046875 0.37890625 0.6466796890625 0.3808593765625 0.6212289656250001 0.3769531234375 0.6119741578125 0.3642578109375 0.6015625 0.3447265609375 0.6015625
0 0.4384765609375 0.543719953125 0.4248046890625 0.5460336531250001 0.4121093765625 0.558759015625 0.4082031234375 0.5680138234375 0.4082031234375 0.5865234390625 0.4189453109375 0.606189903125 0.4267578109375 0.6108173078125 0.4433593765625 0.6096604578125 0.4482421890625 0.6085036078125 0.4589843765625 0.5957782468749999 0.4628906234375 0.5865234390625 0.4628906234375 0.5657001187499999 0.4462890609375 0.5460336531250001 0.4384765609375 0.543719953125
0 0.5146484390625 0.4881911078125 0.4990234390625 0.4951322109375 0.4921875 0.50323016875 0.48828125 0.5124849765625 0.48828125 0.5309945921875 0.4921875 0.5402494 0.5048828109375 0.5529747609375 0.51953125 0.5541316109375 0.5322265609375 0.5483473531249999 0.5390625 0.5402494 0.54296875 0.5309945921875 0.54296875 0.5101712734375 0.5302734390625 0.4928185078125 0.5146484390625 0.4881911078125
0 0.6103515609375 0.44191706875000003 0.6025390609375 0.4372896609375 0.5869140609375 0.4372896609375 0.5703125 0.45464242656250003 0.5683593765625 0.48009314999999997 0.5791015609375 0.497445915625 0.5888671890625 0.502073315625 0.6035156234375 0.500916465625 0.6083984390625 0.49975961562500004 0.6191406234375 0.48703425312500004 0.6230468765625 0.475465746875 0.6230468765625 0.46389723437499997 0.6191406234375 0.4523287265625 0.6103515609375 0.44191706875000003
0 0.6123046890625 0.5506610578125 0.6025390609375 0.5460336531250001 0.5947265609375 0.5460336531250001 0.5810546890625 0.5529747609375 0.57421875 0.561072715625 0.5703125 0.5703275234375 0.5703125 0.5888371390625 0.5810546890625 0.606189903125 0.5869140609375 0.6108173078125 0.5996093765625 0.6119741578125 0.6064453109375 0.6108173078125 0.6191406234375 0.60040565 0.625 0.584209734375 0.625 0.5703275234375 0.6230468765625 0.5633864187500001 0.6123046890625 0.5506610578125
0 0.6826171890625 0.4928185078125 0.6660156234375 0.50554386875 0.6621093765625 0.5147986765625 0.6621093765625 0.535621996875 0.6767578109375 0.5552884609375 0.6806640609375 0.5576021609375 0.6972656234375 0.5564453109375 0.7041015609375 0.5529747609375 0.71484375 0.537935696875 0.71484375 0.5124849765625 0.7080078109375 0.49975961562500004 0.6962890609375 0.4928185078125 0.6826171890625 0.4928185078125
0 0.7685546890625 0.439603365625 0.7519531234375 0.45464242656250003 0.75 0.48240685 0.7558593765625 0.4939753609375 0.7626953109375 0.49975961562500004 0.7724609390625 0.5043870187499999 0.78515625 0.50323016875 0.80078125 0.48934795781249996 0.8046875 0.48009314999999997 0.8046875 0.461583534375 0.7988281234375 0.4500150234375 0.7900390609375 0.44191706875000003 0.7685546890625 0.439603365625