0 0.41581456875 0.4755859375 0.422607421875 0.48046875 0.430758846875 0.48046875 0.43755170000000004 0.4775390625 0.43755170000000004 0.4677734375 0.43347598749999994 0.46484375 0.41989027968750003 0.46484375 0.41581456875 0.4677734375 0.41581456875 0.4755859375
0 0.388643153125 0.4638671875 0.39271886562499997 0.466796875 0.40358743124999996 0.466796875 0.40766314374999996 0.4638671875 0.40766314374999996 0.4599609375 0.4008702890625 0.455078125 0.39543600625 0.455078125 0.388643153125 0.4599609375 0.388643153125 0.4638671875
0 0.39543600625 0.48828125 0.40358743124999996 0.48828125 0.40766314374999996 0.4853515625 0.4049460015625 0.4775390625 0.39543600625 0.4765625 0.39136029375 0.4794921875 0.39136029375 0.4853515625 0.39543600625 0.48828125
0 0.388643153125 0.5087890625 0.39271886562499997 0.51171875 0.40358743124999996 0.51171875 0.40766314374999996 0.5087890625 0.40766314374999996 0.5048828125 0.4008702890625 0.5 0.39271886562499997 0.5 0.388643153125 0.5029296875 0.388643153125 0.5087890625
0 0.388643153125 0.5302734375 0.39136029375 0.5341796875 0.40358743124999996 0.53515625 0.40766314374999996 0.5322265625 0.40766314374999996 0.5244140625 0.4008702890625 0.51953125 0.39543600625 0.51953125 0.388643153125 0.5244140625 0.388643153125 0.5302734375
0 0.39271886562499997 0.556640625 0.4008702890625 0.556640625 0.4049460015625 0.5537109375 0.40766314374999996 0.5498046875 0.40358743124999996 0.544921875 0.3981531484375 0.54296875 0.388643153125 0.5478515625 0.388643153125 0.5537109375 0.39271886562499997 0.556640625
0 0.4022288609375 0.5771484375 0.4049460015625 0.5732421875 0.4022288609375 0.5712890625 0.4022288609375 0.5673828125 0.39136029375 0.5673828125 0.388643153125 0.5751953125 0.39271886562499997 0.578125 0.4022288609375 0.5771484375
0 0.388643153125 0.5986328125 0.39271886562499997 0.6015625 0.4008702890625 0.6015625 0.4049460015625 0.5986328125 0.4049460015625 0.5927734375 0.4008702890625 0.58984375 0.39271886562499997 0.58984375 0.388643153125 0.5927734375 0.388643153125 0.5986328125
0 0.42804170468749997 0.591796875 0.43211741718749996 0.5888671875 0.43483455937500004 0.5849609375 0.43211741718749996 0.5791015625 0.41989027968750003 0.578125 0.41309742656250004 0.5830078125 0.41717313906250003 0.591796875 0.42804170468749997 0.591796875
0 0.422607421875 0.572265625 0.429400275 0.5673828125 0.42804170468749997 0.556640625 0.422607421875 0.5546875 0.41581456875 0.5595703125 0.41717313906250003 0.572265625 0.422607421875 0.572265625
0 0.41989027968750003 0.546875 0.42804170468749997 0.546875 0.43211741718749996 0.5439453125 0.43211741718749996 0.5361328125 0.42804170468749997 0.533203125 0.41989027968750003 0.533203125 0.41309742656250004 0.5400390625 0.41989027968750003 0.546875
0 0.418531709375 0.5205078125 0.42804170468749997 0.521484375 0.43211741718749996 0.5185546875 0.43211741718749996 0.5126953125 0.42532456406249997 0.5078125 0.422607421875 0.5078125 0.41581456875 0.5126953125 0.418531709375 0.5205078125
0 0.41989027968750003 0.5 0.42804170468749997 0.5 0.43211741718749996 0.4970703125 0.43211741718749996 0.4931640625 0.42804170468749997 0.490234375 0.41989027968750003 0.490234375 0.41581456875 0.4970703125 0.41989027968750003 0.5
0 0.41989027968750003 0.45703125 0.42804170468749997 0.45703125 0.43211741718749996 0.4541015625 0.43211741718749996 0.4482421875 0.42804170468749997 0.4453125 0.41717313906250003 0.4453125 0.41581456875 0.4541015625 0.41989027968750003 0.45703125
0 0.41989027968750003 0.435546875 0.42532456406249997 0.435546875 0.429400275 0.4326171875 0.429400275 0.4248046875 0.42532456406249997 0.421875 0.41581456875 0.4228515625 0.41581456875 0.4326171875 0.41989027968750003 0.435546875
0 0.388643153125 0.4423828125 0.3981531484375 0.447265625 0.40358743124999996 0.4453125 0.40766314374999996 0.4423828125 0.40630457187499996 0.43359375 0.4008702890625 0.431640625 0.39271886562499997 0.43359375 0.388643153125 0.4365234375 0.388643153125 0.4423828125
0 0.39136029375 0.4208984375 0.39543600625 0.423828125 0.40358743124999996 0.423828125 0.40766314374999996 0.4208984375 0.40766314374999996 0.4150390625 0.4008702890625 0.41015625 0.39543600625 0.41015625 0.39136029375 0.4130859375 0.39136029375 0.4208984375
0 0.41581456875 0.4091796875 0.422607421875 0.4140625 0.42804170468749997 0.4140625 0.43483455937500004 0.4091796875 0.43483455937500004 0.4052734375 0.42804170468749997 0.400390625 0.41989027968750003 0.400390625 0.41581456875 0.4033203125 0.41581456875 0.4091796875
0 0.388643153125 0.3955078125 0.39543600625 0.400390625 0.40358743124999996 0.400390625 0.40766314374999996 0.3974609375 0.40766314374999996 0.3896484375 0.40358743124999996 0.38671875 0.39271886562499997 0.38671875 0.388643153125 0.3916015625 0.388643153125 0.3955078125
0 0.364188878125 0.4091796875 0.3709817328125 0.4140625 0.3736988734375 0.4140625 0.380491728125 0.4091796875 0.380491728125 0.4013671875 0.376416015625 0.3984375 0.3709817328125 0.3984375 0.364188878125 0.4033203125 0.364188878125 0.4091796875
0 0.364188878125 0.4287109375 0.368264590625 0.43359375 0.380491728125 0.4326171875 0.38320886875000004 0.4287109375 0.380491728125 0.4208984375 0.376416015625 0.41796875 0.3709817328125 0.41796875 0.364188878125 0.4228515625 0.364188878125 0.4287109375
0 0.36690602031249997 0.4541015625 0.3791331578125 0.455078125 0.38320886875000004 0.4521484375 0.38320886875000004 0.4482421875 0.376416015625 0.443359375 0.3709817328125 0.443359375 0.36690602031249997 0.4462890625 0.36690602031249997 0.4541015625
0 0.364188878125 0.4755859375 0.3736988734375 0.48046875 0.380491728125 0.4775390625 0.38320886875000004 0.4697265625 0.3791331578125 0.466796875 0.368264590625 0.466796875 0.364188878125 0.4697265625 0.364188878125 0.4755859375
0 0.364188878125 0.4990234375 0.3709817328125 0.501953125 0.376416015625 0.501953125 0.38320886875000004 0.4970703125 0.380491728125 0.4912109375 0.376416015625 0.48828125 0.368264590625 0.48828125 0.364188878125 0.4912109375 0.364188878125 0.4990234375
0 0.364188878125 0.5185546875 0.368264590625 0.5234375 0.376416015625 0.5234375 0.380491728125 0.5205078125 0.380491728125 0.5126953125 0.376416015625 0.509765625 0.3709817328125 0.509765625 0.364188878125 0.5146484375 0.364188878125 0.5185546875
0 0.3709817328125 0.546875 0.380491728125 0.5439453125 0.3791331578125 0.533203125 0.3709817328125 0.53125 0.364188878125 0.5361328125 0.364188878125 0.5419921875 0.3709817328125 0.546875
0 0.3709817328125 0.5703125 0.3736988734375 0.5703125 0.380491728125 0.5654296875 0.380491728125 0.5576171875 0.3777745859375 0.5537109375 0.3709817328125 0.552734375 0.364188878125 0.5595703125 0.364188878125 0.5654296875 0.3709817328125 0.5703125
0 0.36690602031249997 0.5888671875 0.376416015625 0.58984375 0.380491728125 0.5869140625 0.380491728125 0.5810546875 0.376416015625 0.578125 0.368264590625 0.578125 0.364188878125 0.5830078125 0.36690602031249997 0.5888671875
0 0.33701746250000003 0.5966796875 0.341093175 0.599609375 0.3519617421875 0.599609375 0.3533203125 0.5908203125 0.3492446 0.587890625 0.3438103171875 0.587890625 0.33701746250000003 0.5908203125 0.33701746250000003 0.5966796875
0 0.334300321875 0.5751953125 0.338376034375 0.580078125 0.3492446 0.580078125 0.3533203125 0.5771484375 0.3533203125 0.5673828125 0.3492446 0.564453125 0.341093175 0.564453125 0.334300321875 0.5693359375 0.334300321875 0.5751953125
0 0.338376034375 0.556640625 0.3492446 0.556640625 0.3533203125 0.5537109375 0.3519617421875 0.544921875 0.341093175 0.54296875 0.334300321875 0.5478515625 0.334300321875 0.5537109375 0.338376034375 0.556640625
0 0.334300321875 0.5361328125 0.338376034375 0.5390625 0.34652745937499996 0.5390625 0.3533203125 0.5341796875 0.3533203125 0.5224609375 0.3492446 0.51953125 0.338376034375 0.51953125 0.334300321875 0.5224609375 0.334300321875 0.5361328125
0 0.3519617421875 0.51171875 0.3560374546875 0.5068359375 0.3533203125 0.5009765625 0.338376034375 0.5 0.33701746250000003 0.5087890625 0.341093175 0.51171875 0.3519617421875 0.51171875
0 0.33701746250000003 0.4853515625 0.341093175 0.48828125 0.3519617421875 0.48828125 0.3560374546875 0.4814453125 0.3492446 0.4765625 0.3438103171875 0.4765625 0.33701746250000003 0.4794921875 0.33701746250000003 0.4853515625
0 0.3438103171875 0.466796875 0.3533203125 0.4658203125 0.3519617421875 0.455078125 0.3438103171875 0.453125 0.33701746250000003 0.4580078125 0.33701746250000003 0.4619140625 0.3438103171875 0.466796875
0 0.33701746250000003 0.4404296875 0.3438103171875 0.4453125 0.3492446 0.4453125 0.3560374546875 0.4423828125 0.3560374546875 0.4345703125 0.3519617421875 0.431640625 0.341093175 0.431640625 0.33701746250000003 0.4345703125 0.33701746250000003 0.4404296875
0 0.33701746250000003 0.4169921875 0.341093175 0.421875 0.3492446 0.423828125 0.3560374546875 0.4189453125 0.3560374546875 0.4130859375 0.3519617421875 0.41015625 0.3438103171875 0.41015625 0.33701746250000003 0.4150390625 0.33701746250000003 0.4169921875
0 0.3438103171875 0.400390625 0.3519617421875 0.400390625 0.3560374546875 0.3974609375 0.3587545953125 0.3916015625 0.3519617421875 0.38671875 0.341093175 0.38671875 0.33701746250000003 0.3935546875 0.3438103171875 0.400390625
0 0.30712890625 0.3837890625 0.313921759375 0.390625 0.3247903265625 0.390625 0.3315831796875 0.3857421875 0.3315831796875 0.3779296875 0.3275074671875 0.375 0.31120461875 0.375 0.30712890625 0.3798828125 0.30712890625 0.3837890625
0 0.3166389015625 0.412109375 0.3247903265625 0.412109375 0.3315831796875 0.4091796875 0.3315831796875 0.4013671875 0.3275074671875 0.3984375 0.3166389015625 0.396484375 0.31256318906249997 0.3994140625 0.30984604843749997 0.4072265625 0.3166389015625 0.412109375
0 0.30984604843749997 0.4306640625 0.313921759375 0.43359375 0.3275074671875 0.43359375 0.3315831796875 0.4306640625 0.330224609375 0.419921875 0.3247903265625 0.41796875 0.3166389015625 0.41796875 0.30984604843749997 0.4228515625 0.30984604843749997 0.4306640625
0 0.322073184375 0.455078125 0.3288660390625 0.4521484375 0.3288660390625 0.4443359375 0.313921759375 0.443359375 0.30984604843749997 0.4482421875 0.313921759375 0.453125 0.322073184375 0.455078125
0 0.3166389015625 0.4765625 0.3275074671875 0.4765625 0.3315831796875 0.4736328125 0.3315831796875 0.4677734375 0.3275074671875 0.46484375 0.313921759375 0.46484375 0.31256318906249997 0.4736328125 0.3166389015625 0.4765625
0 0.3166389015625 0.501953125 0.3247903265625 0.501953125 0.3315831796875 0.4970703125 0.3315831796875 0.4931640625 0.3275074671875 0.48828125 0.31935604375 0.486328125 0.31256318906249997 0.4892578125 0.31256318906249997 0.4990234375 0.3166389015625 0.501953125
0 0.3166389015625 0.525390625 0.3247903265625 0.525390625 0.3315831796875 0.5205078125 0.3315831796875 0.5126953125 0.3275074671875 0.509765625 0.3166389015625 0.5078125 0.30984604843749997 0.5126953125 0.30984604843749997 0.5205078125 0.3166389015625 0.525390625
0 0.30984604843749997 0.5419921875 0.3166389015625 0.546875 0.322073184375 0.546875 0.3288660390625 0.5419921875 0.3288660390625 0.5380859375 0.322073184375 0.533203125 0.3166389015625 0.533203125 0.30984604843749997 0.5380859375 0.30984604843749997 0.5419921875
0 0.30984604843749997 0.5673828125 0.313921759375 0.5703125 0.3247903265625 0.5703125 0.3288660390625 0.5673828125 0.3288660390625 0.5576171875 0.3247903265625 0.5546875 0.313921759375 0.5546875 0.30984604843749997 0.5576171875 0.30984604843749997 0.5673828125
0 0.32614889687500004 0.5888671875 0.3288660390625 0.5849609375 0.32614889687500004 0.5791015625 0.3166389015625 0.578125 0.30984604843749997 0.5830078125 0.313921759375 0.58984375 0.32614889687500004 0.5888671875
0 0.2867503453125 0.6015625 0.30169462343750003 0.6005859375 0.30169462343750003 0.5908203125 0.2976189109375 0.587890625 0.2894674859375 0.5859375 0.2826746328125 0.5888671875 0.2826746328125 0.5986328125 0.2867503453125 0.6015625
0 0.2826746328125 0.5751953125 0.2894674859375 0.580078125 0.300336053125 0.580078125 0.30441176406250003 0.5771484375 0.30441176406250003 0.5693359375 0.2976189109375 0.564453125 0.2894674859375 0.564453125 0.2826746328125 0.5693359375 0.2826746328125 0.5751953125
0 0.2867503453125 0.556640625 0.29490176875 0.55859375 0.30169462343750003 0.5537109375 0.300336053125 0.544921875 0.2894674859375 0.54296875 0.2853917734375 0.5458984375 0.2826746328125 0.5517578125 0.2867503453125 0.556640625
0 0.2826746328125 0.5302734375 0.2867503453125 0.53515625 0.2976189109375 0.53515625 0.30441176406250003 0.5302734375 0.30169462343750003 0.5224609375 0.2976189109375 0.51953125 0.2853917734375 0.5205078125 0.2826746328125 0.5244140625 0.2826746328125 0.5302734375
0 0.2894674859375 0.51171875 0.300336053125 0.51171875 0.30441176406250003 0.5068359375 0.30169462343750003 0.5009765625 0.2894674859375 0.5 0.2853917734375 0.5029296875 0.2853917734375 0.5087890625 0.2894674859375 0.51171875
0 0.2826746328125 0.4814453125 0.2853917734375 0.4833984375 0.2853917734375 0.4873046875 0.2894674859375 0.490234375 0.2976189109375 0.490234375 0.30441176406250003 0.4853515625 0.30441176406250003 0.4794921875 0.2976189109375 0.474609375 0.2894674859375 0.474609375 0.2826746328125 0.4794921875 0.2826746328125 0.4814453125
0 0.2894674859375 0.466796875 0.2976189109375 0.466796875 0.30441176406250003 0.4619140625 0.30441176406250003 0.4580078125 0.300336053125 0.455078125 0.29490176875 0.453125 0.2853917734375 0.4580078125 0.2853917734375 0.4638671875 0.2894674859375 0.466796875
0 0.2853917734375 0.4384765625 0.2894674859375 0.443359375 0.300336053125 0.443359375 0.30441176406250003 0.4404296875 0.30441176406250003 0.4345703125 0.2976189109375 0.4296875 0.2894674859375 0.4296875 0.2853917734375 0.4345703125 0.2853917734375 0.4384765625
0 0.2894674859375 0.421875 0.30169462343750003 0.4208984375 0.30441176406250003 0.4150390625 0.300336053125 0.41015625 0.292184628125 0.408203125 0.2853917734375 0.4111328125 0.2853917734375 0.4189453125 0.2894674859375 0.421875
0 0.292184628125 0.400390625 0.2976189109375 0.400390625 0.30712890625 0.3955078125 0.30712890625 0.3916015625 0.30305319375 0.38671875 0.292184628125 0.384765625 0.2853917734375 0.3876953125 0.2853917734375 0.3955078125 0.292184628125 0.400390625
0 0.2650132125 0.38671875 0.275881778125 0.38671875 0.279957490625 0.3837890625 0.279957490625 0.3779296875 0.27724034999999997 0.3740234375 0.2622960703125 0.373046875 0.2582203578125 0.3759765625 0.2582203578125 0.3818359375 0.2650132125 0.38671875
0 0.26773035312500004 0.412109375 0.2731646375 0.412109375 0.279957490625 0.4072265625 0.279957490625 0.4033203125 0.275881778125 0.3984375 0.2650132125 0.396484375 0.2609375 0.3994140625 0.2609375 0.4072265625 0.26773035312500004 0.412109375
0 0.2582203578125 0.4306640625 0.26773035312500004 0.435546875 0.2731646375 0.43359375 0.27724034999999997 0.4306640625 0.27724034999999997 0.4208984375 0.2731646375 0.41796875 0.2622960703125 0.41796875 0.2582203578125 0.4208984375 0.2582203578125 0.4306640625
0 0.2582203578125 0.4501953125 0.2650132125 0.455078125 0.2731646375 0.455078125 0.27724034999999997 0.4521484375 0.27724034999999997 0.4443359375 0.2731646375 0.44140625 0.2650132125 0.44140625 0.2582203578125 0.4462890625 0.2582203578125 0.4501953125
0 0.2582203578125 0.4755859375 0.2622960703125 0.478515625 0.275881778125 0.478515625 0.279957490625 0.4736328125 0.27724034999999997 0.4658203125 0.2731646375 0.462890625 0.2650132125 0.462890625 0.2595789296875 0.46484375 0.2582203578125 0.4755859375
0 0.2650132125 0.5 0.2731646375 0.5 0.27724034999999997 0.4970703125 0.27724034999999997 0.4912109375 0.271806065625 0.4873046875 0.271806065625 0.4853515625 0.26773035312500004 0.484375 0.2609375 0.4892578125 0.2609375 0.4970703125 0.2650132125 0.5
0 0.2582203578125 0.5185546875 0.2622960703125 0.5234375 0.2731646375 0.525390625 0.27724034999999997 0.5224609375 0.27724034999999997 0.5185546875 0.279957490625 0.5166015625 0.27724034999999997 0.5107421875 0.2731646375 0.5078125 0.26773035312500004 0.5078125 0.2609375 0.5107421875 0.2582203578125 0.5185546875
0 0.2745232078125 0.5439453125 0.27724034999999997 0.5400390625 0.2745232078125 0.5341796875 0.2609375 0.5341796875 0.2582203578125 0.5400390625 0.2622960703125 0.544921875 0.2745232078125 0.5439453125
0 0.2731646375 0.568359375 0.279957490625 0.5634765625 0.27724034999999997 0.5537109375 0.2650132125 0.552734375 0.2609375 0.5556640625 0.2622960703125 0.56640625 0.2731646375 0.568359375
0 0.27724034999999997 0.5849609375 0.2745232078125 0.5791015625 0.2595789296875 0.578125 0.2582203578125 0.5888671875 0.2731646375 0.58984375 0.27724034999999997 0.5849609375
0 0.23376608437500002 0.5986328125 0.24055893906249998 0.6015625 0.24327607968749998 0.599609375 0.2487103625 0.599609375 0.2487103625 0.58984375 0.24327607968749998 0.587890625 0.237841796875 0.58984375 0.23104894374999999 0.5947265625 0.23376608437500002 0.5986328125
0 0.237841796875 0.578125 0.245993221875 0.578125 0.250068934375 0.5751953125 0.250068934375 0.5693359375 0.245993221875 0.56640625 0.23512465468750002 0.56640625 0.23376608437500002 0.5751953125 0.237841796875 0.578125
0 0.23104894374999999 0.5537109375 0.23512465468750002 0.556640625 0.24327607968749998 0.55859375 0.250068934375 0.5556640625 0.252786075 0.5478515625 0.245993221875 0.54296875 0.237841796875 0.54296875 0.23104894374999999 0.5478515625 0.23104894374999999 0.5537109375
0 0.23104894374999999 0.5302734375 0.23512465468750002 0.533203125 0.24327607968749998 0.53515625 0.250068934375 0.5322265625 0.250068934375 0.5244140625 0.24327607968749998 0.51953125 0.237841796875 0.51953125 0.23104894374999999 0.5244140625 0.23104894374999999 0.5302734375
0 0.23376608437500002 0.5068359375 0.24055893906249998 0.51171875 0.245993221875 0.51171875 0.252786075 0.5068359375 0.252786075 0.5009765625 0.2487103625 0.498046875 0.237841796875 0.498046875 0.23376608437500002 0.5009765625 0.23376608437500002 0.5068359375
0 0.23104894374999999 0.4853515625 0.237841796875 0.490234375 0.245993221875 0.490234375 0.252786075 0.4873046875 0.252786075 0.4775390625 0.245993221875 0.47265625 0.237841796875 0.47265625 0.23104894374999999 0.4775390625 0.23104894374999999 0.4853515625
0 0.23376608437500002 0.4638671875 0.237841796875 0.466796875 0.2487103625 0.466796875 0.252786075 0.4638671875 0.252786075 0.4580078125 0.245993221875 0.453125 0.24055893906249998 0.453125 0.23376608437500002 0.4580078125 0.23376608437500002 0.4638671875
0 0.23376608437500002 0.4423828125 0.237841796875 0.4453125 0.245993221875 0.4453125 0.250068934375 0.4423828125 0.250068934375 0.4326171875 0.245993221875 0.4296875 0.237841796875 0.4296875 0.23376608437500002 0.4326171875 0.23376608437500002 0.4423828125
0 0.23376608437500002 0.4150390625 0.24055893906249998 0.421875 0.250068934375 0.4208984375 0.252786075 0.4169921875 0.250068934375 0.4111328125 0.245993221875 0.408203125 0.24055893906249998 0.408203125 0.2364832265625 0.4111328125 0.23376608437500002 0.4150390625
0 0.24055893906249998 0.3984375 0.2487103625 0.3984375 0.252786075 0.3935546875 0.252786075 0.3876953125 0.2487103625 0.384765625 0.24327607968749998 0.3828125 0.2364832265625 0.3876953125 0.2364832265625 0.3955078125 0.24055893906249998 0.3984375
0 0.20659466875 0.3837890625 0.21067038125 0.38671875 0.22153894687500003 0.38671875 0.225614659375 0.3818359375 0.225614659375 0.3759765625 0.21882180624999997 0.37109375 0.2133875234375 0.37109375 0.20659466875 0.3759765625 0.20659466875 0.3837890625
0 0.2133875234375 0.412109375 0.22153894687500003 0.412109375 0.225614659375 0.4091796875 0.225614659375 0.3994140625 0.22153894687500003 0.396484375 0.2093118109375 0.3974609375 0.20659466875 0.4052734375 0.2133875234375 0.412109375
0 0.2093118109375 0.4267578125 0.2133875234375 0.431640625 0.225614659375 0.4306640625 0.2283318015625 0.4267578125 0.225614659375 0.4248046875 0.225614659375 0.4208984375 0.22153894687500003 0.41796875 0.2161046640625 0.41796875 0.2120289515625 0.4208984375 0.2093118109375 0.4267578125
0 0.20659466875 0.4501953125 0.2133875234375 0.455078125 0.22153894687500003 0.455078125 0.225614659375 0.4521484375 0.225614659375 0.4462890625 0.21882180624999997 0.44140625 0.2133875234375 0.44140625 0.20659466875 0.4462890625 0.20659466875 0.4501953125
0 0.21882180624999997 0.478515625 0.225614659375 0.4736328125 0.225614659375 0.4677734375 0.22153894687500003 0.46484375 0.21067038125 0.46484375 0.2093118109375 0.4755859375 0.21882180624999997 0.478515625
0 0.20659466875 0.4912109375 0.20659466875 0.4970703125 0.2133875234375 0.501953125 0.22153894687500003 0.501953125 0.225614659375 0.4990234375 0.2242560890625 0.48828125 0.21882180624999997 0.486328125 0.2161046640625 0.48828125 0.21067038125 0.48828125 0.20659466875 0.4912109375
0 0.21067038125 0.5234375 0.22153894687500003 0.5234375 0.225614659375 0.5205078125 0.225614659375 0.5146484375 0.22289751875000002 0.5107421875 0.21067038125 0.509765625 0.20659466875 0.5126953125 0.20387752812499998 0.5185546875 0.21067038125 0.5234375
0 0.20659466875 0.5400390625 0.21067038125 0.544921875 0.22153894687500003 0.544921875 0.225614659375 0.5400390625 0.225614659375 0.5361328125 0.21882180624999997 0.53125 0.2133875234375 0.53125 0.20659466875 0.5361328125 0.20659466875 0.5400390625
0 0.20387752812499998 0.5654296875 0.21067038125 0.5703125 0.2161046640625 0.5703125 0.225614659375 0.5654296875 0.22153894687500003 0.5546875 0.2161046640625 0.5546875 0.2133875234375 0.552734375 0.20387752812499998 0.5576171875 0.20387752812499998 0.5654296875
0 0.20387752812499998 0.5849609375 0.20795324062499998 0.58984375 0.2161046640625 0.591796875 0.225614659375 0.5869140625 0.225614659375 0.5810546875 0.21882180624999997 0.576171875 0.21067038125 0.576171875 0.20387752812499998 0.5810546875 0.20387752812499998 0.5849609375
0 0.17670611249999998 0.5986328125 0.180781825 0.6015625 0.19436753281250002 0.6015625 0.19844324375 0.5966796875 0.19844324375 0.5927734375 0.191650390625 0.587890625 0.180781825 0.587890625 0.17670611249999998 0.5908203125 0.17670611249999998 0.5986328125
0 0.17670611249999998 0.5771484375 0.183498965625 0.58203125 0.19436753281250002 0.580078125 0.19844324375 0.5771484375 0.19844324375 0.5673828125 0.191650390625 0.5625 0.183498965625 0.5625 0.17670611249999998 0.5693359375 0.17670611249999998 0.5771484375
0 0.149534696875 0.5849609375 0.15632755 0.58984375 0.1671961171875 0.58984375 0.1739889703125 0.5830078125 0.17127182968750002 0.5791015625 0.1671961171875 0.576171875 0.15632755 0.576171875 0.1522518375 0.5791015625 0.149534696875 0.5849609375
0 0.17942325312500002 0.5537109375 0.183498965625 0.556640625 0.19436753281250002 0.556640625 0.19844324375 0.5537109375 0.19844324375 0.5439453125 0.19436753281250002 0.541015625 0.183498965625 0.541015625 0.17670611249999998 0.5478515625 0.17942325312500002 0.5537109375
0 0.1590446921875 0.56640625 0.1671961171875 0.56640625 0.1739889703125 0.5615234375 0.1739889703125 0.5576171875 0.1699132578125 0.5546875 0.15632755 0.5546875 0.1522518375 0.5595703125 0.1590446921875 0.56640625
0 0.1590446921875 0.544921875 0.164478975 0.544921875 0.17127182968750002 0.5419921875 0.17127182968750002 0.5341796875 0.1671961171875 0.53125 0.1590446921875 0.529296875 0.1522518375 0.5361328125 0.1522518375 0.5400390625 0.1590446921875 0.544921875
0 0.183498965625 0.53515625 0.191650390625 0.53515625 0.19844324375 0.5322265625 0.19844324375 0.5205078125 0.195726103125 0.5166015625 0.1862161078125 0.515625 0.17942325312500002 0.5205078125 0.17942325312500002 0.5322265625 0.183498965625 0.53515625
0 0.17942325312500002 0.5068359375 0.1862161078125 0.51171875 0.19436753281250002 0.51171875 0.19844324375 0.5087890625 0.19844324375 0.5009765625 0.19436753281250002 0.498046875 0.183498965625 0.498046875 0.17942325312500002 0.5009765625 0.17942325312500002 0.5068359375
0 0.18893324843749998 0.48828125 0.19436753281250002 0.48828125 0.19844324375 0.4853515625 0.19844324375 0.4775390625 0.19436753281250002 0.474609375 0.1848575375 0.4775390625 0.1848575375 0.4853515625 0.18893324843749998 0.48828125
0 0.18214039531249998 0.4638671875 0.19436753281250002 0.46484375 0.19844324375 0.4619140625 0.19844324375 0.4560546875 0.19436753281250002 0.453125 0.1862161078125 0.453125 0.18214039531249998 0.4560546875 0.18214039531249998 0.4638671875
0 0.1590446921875 0.478515625 0.1699132578125 0.4765625 0.17127182968750002 0.4658203125 0.15632755 0.46484375 0.1522518375 0.4697265625 0.1522518375 0.4736328125 0.1590446921875 0.478515625
0 0.157686121875 0.4970703125 0.1699132578125 0.498046875 0.1739889703125 0.4951171875 0.17127182968750002 0.4892578125 0.1671961171875 0.486328125 0.161761834375 0.486328125 0.157686121875 0.4892578125 0.157686121875 0.4970703125
0 0.161761834375 0.5234375 0.17127182968750002 0.5205078125 0.1739889703125 0.5166015625 0.17127182968750002 0.5107421875 0.1671961171875 0.5078125 0.157686121875 0.5087890625 0.1549689796875 0.5166015625 0.161761834375 0.5234375
0 0.17942325312500002 0.4384765625 0.1862161078125 0.443359375 0.1970846734375 0.443359375 0.20116038593750002 0.4404296875 0.20116038593750002 0.4326171875 0.1970846734375 0.4296875 0.183498965625 0.4296875 0.17942325312500002 0.4345703125 0.17942325312500002 0.4384765625
0 0.1522518375 0.4521484375 0.1590446921875 0.45703125 0.164478975 0.45703125 0.17127182968750002 0.4521484375 0.17127182968750002 0.4443359375 0.1671961171875 0.44140625 0.1590446921875 0.44140625 0.15361040937499998 0.443359375 0.1522518375 0.4521484375
0 0.18214039531249998 0.4169921875 0.1862161078125 0.419921875 0.1970846734375 0.419921875 0.20116038593750002 0.4169921875 0.20116038593750002 0.4111328125 0.19436753281250002 0.40625 0.1862161078125 0.40625 0.18214039531249998 0.4091796875 0.18214039531249998 0.4169921875
0 0.1549689796875 0.4287109375 0.161761834375 0.43359375 0.1671961171875 0.43359375 0.1739889703125 0.4287109375 0.1739889703125 0.4228515625 0.1699132578125 0.419921875 0.1590446921875 0.419921875 0.1549689796875 0.4228515625 0.1549689796875 0.4287109375
0 0.18893324843749998 0.396484375 0.1970846734375 0.396484375 0.19844324375 0.3876953125 0.19436753281250002 0.384765625 0.1862161078125 0.384765625 0.1848575375 0.3935546875 0.18893324843749998 0.396484375
0 0.1549689796875 0.4091796875 0.1590446921875 0.412109375 0.1699132578125 0.41015625 0.1739889703125 0.4072265625 0.1739889703125 0.3994140625 0.1699132578125 0.396484375 0.1590446921875 0.396484375 0.1549689796875 0.3994140625 0.1549689796875 0.4091796875
0 0.157686121875 0.3837890625 0.164478975 0.38671875 0.1699132578125 0.38671875 0.17670611249999998 0.3798828125 0.1739889703125 0.3740234375 0.1699132578125 0.37109375 0.161761834375 0.37109375 0.157686121875 0.3740234375 0.157686121875 0.3837890625
0 0.133231846875 0.3935546875 0.133231846875 0.3974609375 0.1427418421875 0.400390625 0.149534696875 0.3955078125 0.149534696875 0.3896484375 0.1427418421875 0.384765625 0.13459041875 0.384765625 0.13051470625 0.3916015625 0.133231846875 0.3935546875
0 0.1277975640625 0.4169921875 0.137307559375 0.421875 0.1427418421875 0.421875 0.1468175546875 0.4189453125 0.1468175546875 0.4111328125 0.1400247015625 0.40625 0.13459041875 0.40625 0.1277975640625 0.4111328125 0.1277975640625 0.4169921875
0 0.13051470625 0.4404296875 0.13459041875 0.443359375 0.1427418421875 0.443359375 0.1468175546875 0.4404296875 0.1468175546875 0.4345703125 0.1400247015625 0.4296875 0.13459041875 0.4296875 0.13051470625 0.4326171875 0.13051470625 0.4404296875
0 0.1318732765625 0.466796875 0.1400247015625 0.466796875 0.14410041406250002 0.4638671875 0.1468175546875 0.4580078125 0.1427418421875 0.453125 0.137307559375 0.451171875 0.1277975640625 0.4560546875 0.1250804234375 0.4599609375 0.1318732765625 0.466796875
0 0.1277975640625 0.4814453125 0.13459041875 0.48828125 0.1427418421875 0.48828125 0.149534696875 0.4833984375 0.149534696875 0.4775390625 0.1427418421875 0.47265625 0.13459041875 0.47265625 0.13051470625 0.4755859375 0.1277975640625 0.4814453125
0 0.1318732765625 0.51171875 0.1427418421875 0.51171875 0.1468175546875 0.5087890625 0.1468175546875 0.5009765625 0.1427418421875 0.498046875 0.13459041875 0.49609375 0.1277975640625 0.4990234375 0.1277975640625 0.5087890625 0.1318732765625 0.51171875
0 0.1277975640625 0.5302734375 0.1318732765625 0.533203125 0.145458984375 0.533203125 0.1468175546875 0.5224609375 0.1427418421875 0.51953125 0.1318732765625 0.51953125 0.1277975640625 0.5224609375 0.1277975640625 0.5302734375
0 0.1277975640625 0.5537109375 0.1318732765625 0.556640625 0.1427418421875 0.556640625 0.1468175546875 0.5537109375 0.1468175546875 0.5458984375 0.1427418421875 0.54296875 0.1318732765625 0.54296875 0.1277975640625 0.5478515625 0.1277975640625 0.5537109375
0 0.13459041875 0.58203125 0.137307559375 0.58203125 0.14410041406250002 0.5771484375 0.14410041406250002 0.5693359375 0.137307559375 0.564453125 0.1277975640625 0.5673828125 0.1277975640625 0.5751953125 0.13459041875 0.58203125
0 0.137307559375 0.6015625 0.1468175546875 0.5966796875 0.1468175546875 0.5908203125 0.1427418421875 0.587890625 0.13459041875 0.5859375 0.1277975640625 0.5888671875 0.1277975640625 0.5966796875 0.137307559375 0.6015625
0 0.1006261484375 0.5849609375 0.107419003125 0.58984375 0.11285328593749999 0.58984375 0.11964613906249999 0.5869140625 0.11964613906249999 0.5791015625 0.115570428125 0.576171875 0.1047018609375 0.576171875 0.1006261484375 0.5791015625 0.1006261484375 0.5849609375
0 0.1006261484375 0.5634765625 0.1047018609375 0.56640625 0.115570428125 0.56640625 0.11964613906249999 0.5634765625 0.11964613906249999 0.5576171875 0.11285328593749999 0.552734375 0.107419003125 0.552734375 0.1006261484375 0.5576171875 0.1006261484375 0.5634765625
0 0.1006261484375 0.5419921875 0.107419003125 0.544921875 0.11828756874999999 0.54296875 0.11964613906249999 0.5341796875 0.115570428125 0.53125 0.1047018609375 0.53125 0.1006261484375 0.5341796875 0.1006261484375 0.5419921875
0 0.103343290625 0.5205078125 0.11285328593749999 0.5234375 0.11964613906249999 0.5185546875 0.11964613906249999 0.5107421875 0.115570428125 0.5078125 0.107419003125 0.5078125 0.1006261484375 0.5146484375 0.103343290625 0.5205078125
0 0.1006261484375 0.4951171875 0.107419003125 0.5 0.115570428125 0.5 0.11964613906249999 0.4970703125 0.11964613906249999 0.4892578125 0.11285328593749999 0.484375 0.107419003125 0.484375 0.1006261484375 0.4892578125 0.1006261484375 0.4951171875
0 0.1006261484375 0.4736328125 0.107419003125 0.478515625 0.11285328593749999 0.478515625 0.12236328125 0.4716796875 0.11964613906249999 0.4658203125 0.115570428125 0.462890625 0.107419003125 0.462890625 0.1006261484375 0.4677734375 0.1006261484375 0.4736328125
0 0.1006261484375 0.4501953125 0.107419003125 0.455078125 0.11828756874999999 0.455078125 0.12236328125 0.4501953125 0.12236328125 0.4462890625 0.115570428125 0.44140625 0.1047018609375 0.44140625 0.1006261484375 0.4443359375 0.1006261484375 0.4501953125
0 0.10606043125 0.4287109375 0.11013614375 0.431640625 0.115570428125 0.431640625 0.12236328125 0.4267578125 0.12236328125 0.4228515625 0.115570428125 0.41796875 0.11013614375 0.41796875 0.10606043125 0.4208984375 0.10606043125 0.4287109375
0 0.11285328593749999 0.412109375 0.115570428125 0.412109375 0.12236328125 0.4052734375 0.12236328125 0.3994140625 0.11828756874999999 0.396484375 0.11013614375 0.39453125 0.103343290625 0.3974609375 0.103343290625 0.4072265625 0.11285328593749999 0.412109375
0 0.10606043125 0.3818359375 0.11013614375 0.384765625 0.11828756874999999 0.384765625 0.12236328125 0.3818359375 0.12236328125 0.3740234375 0.11828756874999999 0.37109375 0.11013614375 0.37109375 0.10606043125 0.3740234375 0.10606043125 0.3818359375
0 0.082964728125 0.3984375 0.091116153125 0.3984375 0.09519186562500001 0.3955078125 0.09519186562500001 0.3876953125 0.09247472500000001 0.3837890625 0.082964728125 0.3828125 0.076171875 0.3857421875 0.076171875 0.3935546875 0.082964728125 0.3984375
0 0.082964728125 0.419921875 0.091116153125 0.419921875 0.09519186562500001 0.4169921875 0.09519186562500001 0.4072265625 0.0802475875 0.40625 0.076171875 0.4091796875 0.076171875 0.4169921875 0.082964728125 0.419921875
0 0.076171875 0.4384765625 0.0802475875 0.443359375 0.09247472500000001 0.4423828125 0.09519186562500001 0.4384765625 0.09247472500000001 0.4306640625 0.0883990125 0.427734375 0.082964728125 0.427734375 0.076171875 0.4326171875 0.076171875 0.4384765625
0 0.0734547328125 0.4619140625 0.0802475875 0.466796875 0.0883990125 0.466796875 0.09519186562500001 0.4599609375 0.09519186562500001 0.4560546875 0.0883990125 0.451171875 0.0802475875 0.451171875 0.0734547328125 0.4560546875 0.0734547328125 0.4619140625
0 0.076171875 0.4853515625 0.082964728125 0.4921875 0.0883990125 0.4921875 0.09519186562500001 0.4873046875 0.09519186562500001 0.4814453125 0.09247472500000001 0.4775390625 0.0883990125 0.474609375 0.0802475875 0.474609375 0.076171875 0.4775390625 0.076171875 0.4853515625
0 0.08568187031249999 0.51171875 0.091116153125 0.509765625 0.09519186562500001 0.5048828125 0.09247472500000001 0.4990234375 0.0802475875 0.498046875 0.076171875 0.5009765625 0.076171875 0.5068359375 0.08568187031249999 0.51171875
0 0.076171875 0.5322265625 0.08568187031249999 0.537109375 0.091116153125 0.537109375 0.0979090078125 0.5322265625 0.0979090078125 0.5244140625 0.091116153125 0.51953125 0.082964728125 0.51953125 0.076171875 0.5244140625 0.076171875 0.5322265625
0 0.091116153125 0.5546875 0.09247472500000001 0.5439453125 0.0775304453125 0.54296875 0.076171875 0.5537109375 0.082964728125 0.556640625 0.091116153125 0.5546875
0 0.0734547328125 0.5732421875 0.0775304453125 0.576171875 0.091116153125 0.576171875 0.09247472500000001 0.5673828125 0.08568187031249999 0.5625 0.0802475875 0.5625 0.0734547328125 0.5693359375 0.0734547328125 0.5732421875
0 0.0734547328125 0.5966796875 0.0775304453125 0.599609375 0.08568187031249999 0.6015625 0.09519186562500001 0.5966796875 0.09519186562500001 0.5908203125 0.091116153125 0.587890625 0.0775304453125 0.587890625 0.0734547328125 0.5927734375 0.0734547328125 0.5966796875
0 0.053076171875 0.58984375 0.061227596875 0.58984375 0.065303309375 0.5869140625 0.0639447375 0.576171875 0.053076171875 0.57421875 0.049000459375 0.5771484375 0.049000459375 0.5869140625 0.053076171875 0.58984375
0 0.040849034374999996 0.5615234375 0.0503590296875 0.568359375 0.0557933140625 0.568359375 0.065303309375 0.5654296875 0.065303309375 0.5576171875 0.058510454687500005 0.552734375 0.0503590296875 0.552734375 0.040849034374999996 0.5595703125 0.040849034374999996 0.5615234375
0 0.02182904375 0.5927734375 0.02590475625 0.595703125 0.036773321875 0.595703125 0.040849034374999996 0.5908203125 0.03405618125 0.5859375 0.028621898437499998 0.5859375 0.02182904375 0.5908203125 0.02182904375 0.5927734375
0 0.0163947609375 0.5751953125 0.023187615624999998 0.580078125 0.03405618125 0.580078125 0.03813189375 0.5732421875 0.0354147515625 0.5673828125 0.028621898437499998 0.5625 0.0204704734375 0.564453125 0.0163947609375 0.5673828125 0.0163947609375 0.5751953125
0 0.019111903125 0.5517578125 0.02182904375 0.5556640625 0.028621898437499998 0.55859375 0.036773321875 0.556640625 0.040849034374999996 0.5537109375 0.040849034374999996 0.5439453125 0.036773321875 0.541015625 0.02590475625 0.541015625 0.019111903125 0.5458984375 0.019111903125 0.5517578125
0 0.049000459375 0.5400390625 0.053076171875 0.54296875 0.061227596875 0.54296875 0.06802045 0.5361328125 0.065303309375 0.5322265625 0.061227596875 0.529296875 0.0557933140625 0.529296875 0.049000459375 0.5341796875 0.049000459375 0.5400390625
0 0.04628331875 0.5185546875 0.0503590296875 0.521484375 0.0639447375 0.521484375 0.0707375921875 0.5166015625 0.06666187968750001 0.509765625 0.061227596875 0.5078125 0.0503590296875 0.5078125 0.04628331875 0.5126953125 0.04628331875 0.5185546875
0 0.0245461859375 0.5263671875 0.031339039062500004 0.53125 0.036773321875 0.53125 0.040849034374999996 0.5283203125 0.040849034374999996 0.5224609375 0.036773321875 0.51953125 0.028621898437499998 0.51953125 0.0245461859375 0.5224609375 0.0245461859375 0.5263671875
0 0.0557933140625 0.5 0.0639447375 0.5 0.0707375921875 0.4951171875 0.0707375921875 0.4892578125 0.06666187968750001 0.486328125 0.0557933140625 0.484375 0.049000459375 0.4892578125 0.049000459375 0.4951171875 0.0557933140625 0.5
0 0.0354147515625 0.5087890625 0.03813189375 0.5048828125 0.0354147515625 0.4970703125 0.02590475625 0.49609375 0.02182904375 0.4990234375 0.023187615624999998 0.509765625 0.0354147515625 0.5087890625
0 0.049000459375 0.4716796875 0.053076171875 0.474609375 0.0639447375 0.474609375 0.06802045 0.4716796875 0.06802045 0.4658203125 0.061227596875 0.4609375 0.0557933140625 0.4609375 0.049000459375 0.4658203125 0.049000459375 0.4716796875
0 0.028621898437499998 0.48828125 0.03813189375 0.4853515625 0.036773321875 0.474609375 0.02590475625 0.47265625 0.02182904375 0.4755859375 0.02182904375 0.4833984375 0.028621898437499998 0.48828125
0 0.04628331875 0.4501953125 0.0503590296875 0.455078125 0.0639447375 0.455078125 0.0707375921875 0.4501953125 0.0707375921875 0.4462890625 0.06666187968750001 0.44140625 0.061227596875 0.439453125 0.053076171875 0.439453125 0.04628331875 0.4443359375 0.04628331875 0.4501953125
0 0.02182904375 0.4619140625 0.02590475625 0.46484375 0.03405618125 0.466796875 0.040849034374999996 0.4638671875 0.043566176562499996 0.4560546875 0.036773321875 0.451171875 0.02590475625 0.451171875 0.02182904375 0.4541015625 0.02182904375 0.4619140625
0 0.054434742187499996 0.4306640625 0.0639447375 0.431640625 0.0707375921875 0.4267578125 0.0707375921875 0.4208984375 0.0639447375 0.416015625 0.0557933140625 0.416015625 0.05171760156250001 0.4228515625 0.054434742187499996 0.4306640625
0 0.02182904375 0.4365234375 0.019111903125 0.4384765625 0.028621898437499998 0.4453125 0.03405618125 0.4453125 0.0394904640625 0.443359375 0.043566176562499996 0.4384765625 0.040849034374999996 0.4326171875 0.03405618125 0.427734375 0.02590475625 0.427734375 0.02182904375 0.4306640625 0.02182904375 0.4365234375
0 0.0557933140625 0.412109375 0.0639447375 0.41015625 0.06802045 0.4072265625 0.06802045 0.3994140625 0.065303309375 0.3955078125 0.053076171875 0.39453125 0.049000459375 0.3974609375 0.049000459375 0.4072265625 0.0557933140625 0.412109375
0 0.028621898437499998 0.419921875 0.03405618125 0.419921875 0.040849034374999996 0.4169921875 0.040849034374999996 0.4091796875 0.036773321875 0.40625 0.031339039062500004 0.404296875 0.02182904375 0.4091796875 0.02182904375 0.4150390625 0.028621898437499998 0.419921875
0 0.058510454687500005 0.38671875 0.06666187968750001 0.384765625 0.0707375921875 0.3798828125 0.06802045 0.3720703125 0.0557933140625 0.37109375 0.05171760156250001 0.3740234375 0.05171760156250001 0.3818359375 0.058510454687500005 0.38671875
0 0.02590475625 0.3984375 0.03405618125 0.400390625 0.043566176562499996 0.3935546875 0.043566176562499996 0.3876953125 0.0394904640625 0.384765625 0.031339039062500004 0.3828125 0.027263326562500002 0.3857421875 0.0245461859375 0.3896484375 0.02590475625 0.3984375