0 0.8828125 0.0859375 0.034375 0.0359375
0 0.81640625 0.090625 0.0359375 0.034375
0 0.7546875 0.09375 0.0359375 0.040625
0 0.6890625 0.1 0.0328125 0.0328125
0 0.62890625 0.1046875 0.028125 0.034375
0 0.56484375 0.10625 0.0359375 0.0359375
0 0.49921875 0.11328125 0.0328125 0.0390625
0 0.43515625 0.11875 0.03125 0.03125
0 0.8515625 0.1109375 0.025 0.034375
0 0.82109375 0.13203125 0.03125 0.0359375
0 0.790625 0.15546875 0.0296875 0.03125
0 0.76171875 0.1796875 0.03125 0.034375
0 0.73125 0.203125 0.0296875 0.0328125
0 0.70078125 0.2265625 0.0296875 0.034375
0 0.6703125 0.25 0.0328125 0.0375
0 0.6421875 0.2734375 0.028125 0.034375
0 0.61171875 0.29453125 0.0296875 0.0328125
0 0.58203125 0.31953125 0.03125 0.034375
0 0.55390625 0.3421875 0.0265625 0.0328125
0 0.52109375 0.3671875 0.0296875 0.0359375
0 0.45859375 0.371875 0.03125 0.034375
0 0.4890625 0.35078125 0.03125 0.034375
0 0.51953125 0.32578125 0.03125 0.034375
0 0.54921875 0.30234375 0.0296875 0.0375
0 0.578125 0.278125 0.0296875 0.034375
0 0.60859375 0.25390625 0.0296875 0.034375
0 0.63828125 0.23046875 0.03125 0.0359375
0 0.6671875 0.20625 0.03125 0.0328125
0 0.6984375 0.184375 0.03125 0.0328125
0 0.72734375 0.16015625 0.0296875 0.034375
0 0.7578125 0.1390625 0.0296875 0.034375
0 0.78671875 0.11328125 0.0296875 0.0328125
0 0.72421875 0.11796875 0.0296875 0.0328125
0 0.69375 0.14296875 0.0296875 0.0359375
0 0.6640625 0.165625 0.03125 0.034375
0 0.634375 0.18984375 0.03125 0.0359375
0 0.60546875 0.2109375 0.0265625 0.034375
0 0.575 0.23515625 0.0296875 0.0359375
0 0.546875 0.259375 0.028125 0.0375
0 0.51484375 0.2828125 0.0296875 0.0359375
0 0.4859375 0.30546875 0.028125 0.0375
0 0.4546875 0.3296875 0.0328125 0.0359375
0 0.66015625 0.1234375 0.0296875 0.034375
0 0.63203125 0.14765625 0.0296875 0.034375
0 0.6015625 0.16875 0.03125 0.0359375
0 0.571875 0.19375 0.03125 0.0375
0 0.5421875 0.21640625 0.03125 0.0328125
0 0.51328125 0.23984375 0.03125 0.0375
0 0.48046875 0.2625 0.0296875 0.034375
0 0.4515625 0.28671875 0.0296875 0.0359375
0 0.596875 0.128125 0.0296875 0.0375
0 0.56796875 0.1515625 0.03125 0.0359375
0 0.53671875 0.17421875 0.0296875 0.0359375
0 0.50625 0.19765625 0.0296875 0.034375
0 0.4765625 0.21953125 0.03125 0.034375
0 0.44609375 0.24375 0.03125 0.0359375
0 0.53203125 0.13203125 0.03125 0.0359375
0 0.50234375 0.15625 0.03125 0.0390625
0 0.471875 0.1765625 0.0328125 0.0359375
0 0.46875 0.134375 0.03125 0.0390625
0 0.43828125 0.16171875 0.03125 0.0375
0 0.44140625 0.20390625 0.03125 0.0390625
0 0.884375 0.12890625 0.034375 0.0375
0 0.853125 0.1515625 0.0296875 0.0359375
0 0.8234375 0.175 0.0296875 0.0375
0 0.79375 0.2 0.0296875 0.0375
0 0.76484375 0.22265625 0.03125 0.0375
0 0.73359375 0.24609375 0.03125 0.0359375
0 0.7046875 0.26875 0.0296875 0.0359375
0 0.67421875 0.29296875 0.0296875 0.0359375
0 0.6453125 0.31640625 0.028125 0.034375
0 0.61484375 0.33984375 0.0296875 0.0359375
0 0.5859375 0.36328125 0.0296875 0.0359375
0 0.6484375 0.35859375 0.0296875 0.0375
0 0.678125 0.334375 0.0328125 0.0375
0 0.709375 0.30859375 0.03125 0.0359375
0 0.7375 0.2875 0.0296875 0.0359375
0 0.76640625 0.2640625 0.03125 0.0359375
0 0.79609375 0.2421875 0.0296875 0.034375
0 0.82578125 0.21796875 0.0328125 0.0375
0 0.85546875 0.19453125 0.03125 0.034375
0 0.88671875 0.171875 0.03125 0.040625
0 0.8890625 0.2140625 0.0328125 0.0359375
0 0.8578125 0.2375 0.03125 0.0359375
0 0.82734375 0.26015625 0.0296875 0.0359375
0 0.79921875 0.284375 0.03125 0.0359375
0 0.76953125 0.30625 0.028125 0.0359375
0 0.740625 0.3296875 0.0296875 0.0328125
0 0.71171875 0.35390625 0.03125 0.034375
0 0.89140625 0.2546875 0.0296875 0.0359375
0 0.8609375 0.278125 0.028125 0.0375
0 0.83125 0.30078125 0.028125 0.0359375
0 0.80390625 0.325 0.028125 0.0328125
0 0.771875 0.3484375 0.03125 0.0375
0 0.834375 0.3421875 0.0296875 0.0359375
0 0.89375 0.2984375 0.0328125 0.0359375
0 0.8640625 0.32109375 0.0296875 0.0359375
0 0.8953125 0.3421875 0.03125 0.0375
0 0.865625 0.36171875 0.028125 0.034375
0 0.8375 0.3859375 0.028125 0.0375
0 0.80703125 0.3671875 0.03125 0.0359375
0 0.7765625 0.3921875 0.028125 0.034375
0 0.74765625 0.41640625 0.028125 0.0359375
0 0.74375 0.37265625 0.0296875 0.0375
0 0.7140625 0.3953125 0.0296875 0.0375
0 0.68125 0.378125 0.03125 0.0328125
0 0.68515625 0.41953125 0.03125 0.0328125
0 0.6515625 0.4015625 0.03125 0.0390625
0 0.61875 0.38359375 0.0296875 0.0359375
0 0.6203125 0.42578125 0.0328125 0.034375
0 0.58984375 0.40546875 0.028125 0.0359375
0 0.55625 0.38828125 0.028125 0.034375
0 0.55859375 0.4296875 0.028125 0.0359375
0 0.5296875 0.453125 0.03125 0.0390625
0 0.4984375 0.478125 0.03125 0.0375
0 0.46875 0.50078125 0.0296875 0.034375
0 0.52578125 0.41015625 0.03125 0.040625
0 0.49609375 0.43359375 0.03125 0.034375
0 0.4921875 0.39140625 0.03125 0.0375
0 0.46171875 0.41484375 0.0296875 0.0390625
0 0.465625 0.45859375 0.0296875 0.0375
0 0.6546875 0.44453125 0.0296875 0.034375
0 0.62421875 0.46875 0.03125 0.0359375
0 0.5953125 0.49296875 0.0296875 0.034375
0 0.8078125 0.409375 0.0296875 0.0375
0 0.7796875 0.434375 0.028125 0.0359375
0 0.75078125 0.4578125 0.03125 0.0359375
0 0.7171875 0.43828125 0.028125 0.0359375
0 0.6875 0.4640625 0.0296875 0.0359375
0 0.65703125 0.48671875 0.0296875 0.0375
0 0.71953125 0.48203125 0.0296875 0.0375
0 0.69140625 0.50625 0.0296875 0.0390625
0 0.83984375 0.4296875 0.03125 0.0375
0 0.86953125 0.40546875 0.028125 0.0359375
0 0.9 0.384375 0.0296875 0.0375
0 0.90390625 0.425 0.0328125 0.0375
0 0.87265625 0.4484375 0.0296875 0.034375
0 0.84296875 0.47265625 0.0296875 0.0375
0 0.81328125 0.4984375 0.03125 0.0375
0 0.78515625 0.5203125 0.028125 0.034375
0 0.75546875 0.54375 0.0296875 0.034375
0 0.7265625 0.56875 0.0296875 0.0375
0 0.81171875 0.4546875 0.028125 0.0390625
0 0.5921875 0.44765625 0.028125 0.034375
0 0.56171875 0.471875 0.028125 0.0359375
0 0.53046875 0.4953125 0.03125 0.0375
0 0.78203125 0.47578125 0.028125 0.0328125
0 0.7515625 0.5 0.028125 0.0328125
0 0.721875 0.52421875 0.0296875 0.034375
0 0.69375 0.54921875 0.03125 0.0359375
0 0.66328125 0.57109375 0.0296875 0.03125
0 0.66015625 0.53046875 0.0296875 0.034375
0 0.6265625 0.51015625 0.03125 0.034375
0 0.63125 0.5546875 0.0296875 0.0359375
0 0.5984375 0.534375 0.028125 0.03125
0 0.5640625 0.51640625 0.03125 0.034375
0 0.5671875 0.559375 0.0328125 0.034375
0 0.53515625 0.5390625 0.028125 0.034375
0 0.5015625 0.5203125 0.0296875 0.0359375
0 0.50390625 0.5640625 0.028125 0.0359375
0 0.47265625 0.54375 0.0296875 0.034375
0 0.47421875 0.58671875 0.03125 0.0359375
0 0.53828125 0.58203125 0.0296875 0.0328125
0 0.571875 0.6 0.0296875 0.0375
0 0.60078125 0.57578125 0.0296875 0.0328125
0 0.63359375 0.59453125 0.028125 0.03125
0 0.603125 0.6171875 0.0296875 0.0359375
0 0.5734375 0.6421875 0.03125 0.0328125
0 0.54375 0.6640625 0.028125 0.034375
0 0.540625 0.62421875 0.0296875 0.0359375
0 0.5078125 0.6078125 0.03125 0.0328125
0 0.5125 0.646875 0.0296875 0.0359375
0 0.47734375 0.628125 0.0296875 0.034375
0 0.48046875 0.671875 0.0296875 0.034375
0 0.6953125 0.5921875 0.03125 0.0359375
0 0.66640625 0.6140625 0.0296875 0.0359375
0 0.63671875 0.63828125 0.03125 0.0359375
0 0.60625 0.6625 0.03125 0.0359375
0 0.90546875 0.46953125 0.0296875 0.0359375
0 0.87578125 0.490625 0.0296875 0.034375
0 0.846875 0.51484375 0.028125 0.03125
0 0.81640625 0.53828125 0.03125 0.0359375
0 0.7890625 0.5625 0.03125 0.034375
0 0.7578125 0.58671875 0.03125 0.034375
0 0.7296875 0.6125 0.0296875 0.0375
0 0.696875 0.63359375 0.03125 0.034375
0 0.66953125 0.65703125 0.028125 0.0359375
0 0.63828125 0.68046875 0.028125 0.03125
0 0.90625 0.51171875 0.03125 0.034375
0 0.878125 0.53515625 0.0296875 0.034375
0 0.84921875 0.55859375 0.028125 0.0359375
0 0.82109375 0.5828125 0.0296875 0.034375
0 0.7921875 0.60625 0.0296875 0.034375
0 0.7609375 0.628125 0.028125 0.0328125
0 0.73203125 0.653125 0.0328125 0.034375
0 0.909375 0.55390625 0.0296875 0.040625
0 0.88125 0.578125 0.03125 0.0390625
0 0.85078125 0.6 0.0296875 0.0359375
0 0.821875 0.62421875 0.028125 0.034375
0 0.79296875 0.64765625 0.028125 0.0328125
0 0.76484375 0.6703125 0.0296875 0.0375
0 0.91328125 0.59609375 0.03125 0.0359375
0 0.8828125 0.6203125 0.03125 0.0328125
0 0.85390625 0.64375 0.03125 0.034375
0 0.825 0.66640625 0.0296875 0.0359375
0 0.91640625 0.6390625 0.03125 0.034375
0 0.88515625 0.66015625 0.03125 0.0375
0 0.85625 0.68515625 0.03125 0.0375
0 0.82734375 0.70859375 0.0296875 0.034375
0 0.7953125 0.6890625 0.0296875 0.034375
0 0.796875 0.7328125 0.0296875 0.0359375
0 0.76484375 0.7125 0.0296875 0.0359375
0 0.73515625 0.7359375 0.03125 0.034375
0 0.70546875 0.76171875 0.03125 0.0359375
0 0.675 0.78515625 0.028125 0.034375
0 0.646875 0.8078125 0.0296875 0.034375
0 0.615625 0.83203125 0.03125 0.0359375
0 0.5875 0.85625 0.0265625 0.0359375
0 0.5578125 0.88046875 0.03125 0.0359375
0 0.76875 0.75546875 0.0296875 0.0328125
0 0.73671875 0.78125 0.03125 0.0390625
0 0.70703125 0.80390625 0.03125 0.0359375
0 0.678125 0.82890625 0.03125 0.0390625
0 0.6484375 0.85 0.0296875 0.0390625
0 0.61953125 0.875 0.0328125 0.040625
0 0.6796875 0.87109375 0.03125 0.0359375
0 0.71015625 0.84609375 0.03125 0.0375
0 0.73984375 0.82265625 0.0296875 0.0390625
0 0.7703125 0.8 0.03125 0.0375
0 0.7984375 0.775 0.03125 0.0359375
0 0.828125 0.75078125 0.0296875 0.0390625
0 0.85859375 0.7296875 0.0296875 0.0375
0 0.8859375 0.70390625 0.0296875 0.0359375
0 0.91875 0.68203125 0.03125 0.0375
0 0.7328125 0.69375 0.03125 0.0390625
0 0.70390625 0.71796875 0.03125 0.0359375
0 0.67421875 0.7421875 0.03125 0.034375
0 0.64296875 0.7671875 0.028125 0.0359375
0 0.6140625 0.790625 0.03125 0.034375
0 0.640625 0.72421875 0.0328125 0.0375
0 0.671875 0.70078125 0.0296875 0.0359375
0 0.70078125 0.675 0.03125 0.0390625
0 0.6078125 0.7046875 0.03125 0.0390625
0 0.61171875 0.74765625 0.0296875 0.0375
0 0.5765625 0.68515625 0.0328125 0.0375
0 0.57890625 0.7296875 0.03125 0.0375
0 0.5453125 0.71015625 0.0296875 0.0359375
0 0.54921875 0.753125 0.0296875 0.0359375
0 0.5796875 0.77109375 0.0328125 0.0375
0 0.55234375 0.79609375 0.0296875 0.0375
0 0.584375 0.8140625 0.0296875 0.0375
0 0.92109375 0.72421875 0.03125 0.0390625
0 0.890625 0.7484375 0.028125 0.0390625
0 0.86015625 0.77109375 0.0328125 0.0375
0 0.83125 0.7953125 0.0296875 0.0390625
0 0.80234375 0.81875 0.03125 0.0390625
0 0.77109375 0.8421875 0.0296875 0.040625
0 0.74140625 0.86484375 0.03125 0.0359375
0 0.80390625 0.8609375 0.0328125 0.0359375
0 0.8328125 0.83671875 0.0296875 0.0375
0 0.8625 0.8125 0.0296875 0.0375
0 0.86484375 0.85546875 0.0328125 0.0390625
0 0.89296875 0.79140625 0.03125 0.0359375
0 0.8953125 0.83359375 0.03125 0.0359375
0 0.9234375 0.765625 0.0328125 0.0390625
0 0.92578125 0.8078125 0.034375 0.040625
0 0.9296875 0.85078125 0.034375 0.0390625
0 0.55625 0.8390625 0.0328125 0.0359375
0 0.5140625 0.690625 0.0296875 0.0359375
0 0.48359375 0.715625 0.0328125 0.0390625
0 0.4546875 0.73828125 0.03125 0.0390625
0 0.45078125 0.6953125 0.03125 0.0390625
0 0.4234375 0.72109375 0.0296875 0.0359375
0 0.39296875 0.74296875 0.03125 0.0359375
0 0.36484375 0.76875 0.0296875 0.034375
0 0.33515625 0.79375 0.0328125 0.034375
0 0.30546875 0.81953125 0.0296875 0.034375
0 0.27578125 0.84296875 0.03125 0.0375
0 0.24609375 0.865625 0.0296875 0.0375
0 0.21640625 0.88828125 0.0328125 0.034375
0 0.18515625 0.9125 0.0328125 0.0359375
0 0.25 0.9078125 0.034375 0.040625
0 0.2796875 0.88359375 0.0296875 0.0359375
0 0.309375 0.8578125 0.03125 0.0359375
0 0.33828125 0.8375 0.03125 0.0359375
0 0.36875 0.81171875 0.0328125 0.0328125
0 0.396875 0.78671875 0.0296875 0.0375
0 0.4265625 0.76328125 0.0296875 0.0390625
0 0.51796875 0.73359375 0.03125 0.0375
0 0.48671875 0.75703125 0.03125 0.0390625
0 0.45859375 0.78203125 0.0296875 0.0390625
0 0.43046875 0.80859375 0.0296875 0.0390625
0 0.40078125 0.83125 0.03125 0.0359375
0 0.37265625 0.8546875 0.028125 0.0375
0 0.3421875 0.87734375 0.0296875 0.0359375
0 0.3109375 0.90078125 0.034375 0.0375
0 0.375 0.896875 0.03125 0.0359375
0 0.40390625 0.871875 0.0296875 0.0375
0 0.4328125 0.8484375 0.0296875 0.0375
0 0.43671875 0.89140625 0.0328125 0.040625
0 0.46640625 0.86796875 0.03125 0.034375
0 0.4640625 0.82578125 0.0296875 0.0390625
0 0.49296875 0.80234375 0.0296875 0.0328125
0 0.51953125 0.778125 0.0265625 0.034375
0 0.521875 0.81953125 0.0296875 0.0359375
0 0.52734375 0.8640625 0.028125 0.034375
0 0.4953125 0.84140625 0.0265625 0.034375
0 0.496875 0.88515625 0.028125 0.0375
0 0.12578125 0.9171875 0.0328125 0.0375
0 0.12421875 0.87734375 0.0328125 0.034375
0 0.15234375 0.8546875 0.03125 0.034375
0 0.15625 0.896875 0.0296875 0.0375
0 0.184375 0.87109375 0.0328125 0.0359375
0 0.12109375 0.83515625 0.03125 0.034375
0 0.11875 0.79375 0.03125 0.0375
0 0.11484375 0.74921875 0.0296875 0.0328125
0 0.109375 0.70703125 0.0296875 0.0390625
0 0.1390625 0.68203125 0.03125 0.034375
0 0.14375 0.7234375 0.0296875 0.0375
0 0.146875 0.76640625 0.0296875 0.0359375
0 0.15 0.8109375 0.028125 0.034375
0 0.17734375 0.784375 0.0296875 0.034375
0 0.18046875 0.82890625 0.0296875 0.0359375
0 0.17578125 0.740625 0.028125 0.0359375
0 0.171875 0.69921875 0.0296875 0.034375
0 0.2046875 0.71796875 0.03125 0.0359375
0 0.2078125 0.76015625 0.0296875 0.034375
0 0.2109375 0.8046875 0.0296875 0.0375
0 0.2140625 0.8484375 0.0328125 0.0375
0 0.24453125 0.825 0.03125 0.034375
0 0.240625 0.78203125 0.0296875 0.03125
0 0.23828125 0.7375 0.0296875 0.0328125
0 0.26640625 0.7125 0.0328125 0.0328125
0 0.27109375 0.7578125 0.03125 0.034375
0 0.27421875 0.80078125 0.0296875 0.0328125
0 0.2953125 0.68828125 0.03125 0.034375
0 0.3 0.73046875 0.028125 0.034375
0 0.3328125 0.75234375 0.03125 0.034375
0 0.30234375 0.77578125 0.0296875 0.0359375
0 0.36171875 0.72578125 0.03125 0.0328125
0 0.328125 0.70859375 0.0296875 0.0328125
0 0.35625 0.68203125 0.0296875 0.034375
0 0.3890625 0.7 0.0296875 0.0359375
0 0.4203125 0.675 0.028125 0.03125
0 0.45 0.65390625 0.03125 0.0328125
0 0.415625 0.63515625 0.03125 0.0359375
0 0.38515625 0.65703125 0.03125 0.0296875
0 0.35390625 0.63671875 0.0296875 0.0328125
0 0.321875 0.66015625 0.03125 0.03125
0 0.29140625 0.64296875 0.0296875 0.0328125
0 0.2015625 0.675 0.0296875 0.0328125
0 0.16875 0.65703125 0.0328125 0.0328125
0 0.10703125 0.66328125 0.028125 0.034375
0 0.1359375 0.6390625 0.0296875 0.034375
0 0.165625 0.615625 0.0296875 0.0328125
0 0.10234375 0.6203125 0.03125 0.034375
0 0.1328125 0.59765625 0.03125 0.0328125
0 0.1609375 0.571875 0.028125 0.03125
0 0.19296875 0.59140625 0.028125 0.0359375
0 0.22109375 0.565625 0.0296875 0.034375
0 0.25 0.5390625 0.0328125 0.0328125
0 0.28125 0.51640625 0.0296875 0.034375
0 0.28515625 0.55859375 0.03125 0.0359375
0 0.25546875 0.58359375 0.03125 0.034375
0 0.2265625 0.60546875 0.028125 0.034375
0 0.19765625 0.63359375 0.028125 0.0375
0 0.23203125 0.65 0.03125 0.034375
0 0.259375 0.625 0.0296875 0.034375
0 0.26328125 0.66796875 0.0296875 0.0390625
0 0.23515625 0.69453125 0.0296875 0.0390625
0 0.28828125 0.6 0.028125 0.03125
0 0.3203125 0.61875 0.028125 0.0328125
0 0.3515625 0.59453125 0.0296875 0.0359375
0 0.31875 0.57734375 0.028125 0.0328125
0 0.315625 0.534375 0.028125 0.034375
0 0.34375 0.51015625 0.0296875 0.0328125
0 0.346875 0.55234375 0.03125 0.034375
0 0.378125 0.5296875 0.0296875 0.0375
0 0.38046875 0.571875 0.03125 0.0359375
0 0.38359375 0.615625 0.03125 0.0375
0 0.4140625 0.59140625 0.0328125 0.0359375
0 0.44453125 0.6109375 0.0296875 0.0375
0 0.44140625 0.56875 0.034375 0.034375
0 0.4109375 0.55 0.028125 0.0375
0 0.440625 0.52578125 0.0328125 0.0359375
0 0.18984375 0.54609375 0.0296875 0.034375
0 0.12734375 0.553125 0.0265625 0.0328125
0 0.1 0.578125 0.0296875 0.0359375
0 0.103125 0.51953125 0.0296875 0.0359375
0 0.11328125 0.4765625 0.0296875 0.034375
0 0.4265625 0.35390625 0.028125 0.034375
0 0.396875 0.3765625 0.03125 0.0328125
0 0.36640625 0.40078125 0.028125 0.034375
0 0.3375 0.425 0.03125 0.0328125
0 0.30625 0.44765625 0.0296875 0.034375
0 0.27734375 0.47265625 0.0296875 0.0328125
0 0.24765625 0.496875 0.0328125 0.034375
0 0.21953125 0.51953125 0.028125 0.0359375
0 0.31015625 0.49296875 0.0296875 0.034375
0 0.340625 0.46875 0.03125 0.0359375
0 0.3703125 0.4421875 0.0296875 0.0375
0 0.39921875 0.4203125 0.0296875 0.034375
0 0.4296875 0.396875 0.03125 0.0359375
0 0.43359375 0.4390625 0.028125 0.0359375
0 0.403125 0.4625 0.03125 0.0359375
0 0.3734375 0.4859375 0.0328125 0.0359375
0 0.40703125 0.50625 0.03125 0.034375
0 0.43671875 0.4828125 0.0296875 0.0359375
0 0.18515625 0.50546875 0.0296875 0.0359375
0 0.15546875 0.528125 0.0265625 0.0359375
0 0.1484375 0.48671875 0.0328125 0.0359375
0 0.1796875 0.4625 0.03125 0.0359375
0 0.42265625 0.31015625 0.0296875 0.0359375
0 0.39375 0.33515625 0.0296875 0.0390625
0 0.3625 0.359375 0.0296875 0.040625
0 0.33203125 0.38125 0.03125 0.0390625
0 0.30234375 0.4046875 0.0296875 0.0375
0 0.27265625 0.42890625 0.028125 0.0359375
0 0.24375 0.4546875 0.0328125 0.0390625
0 0.21328125 0.47734375 0.028125 0.0375
0 0.209375 0.434375 0.028125 0.0375
0 0.41875 0.2671875 0.028125 0.034375
0 0.3875 0.2921875 0.0328125 0.034375
0 0.35703125 0.31484375 0.0296875 0.0328125
0 0.328125 0.3390625 0.0328125 0.0328125
0 0.29765625 0.3625 0.03125 0.0359375
0 0.26875 0.3859375 0.03125 0.0328125
0 0.23828125 0.41015625 0.0296875 0.0359375
0 0.17421875 0.41953125 0.0328125 0.034375
0 0.1421875 0.4421875 0.0296875 0.0359375
0 0.20390625 0.39296875 0.0296875 0.0375
0 0.41171875 0.22578125 0.0296875 0.0359375
0 0.3828125 0.24921875 0.0296875 0.03125
0 0.3515625 0.27265625 0.0296875 0.0359375
0 0.32265625 0.296875 0.0296875 0.0359375
0 0.29375 0.3203125 0.03125 0.0375
0 0.2640625 0.34609375 0.0296875 0.0359375
0 0.234375 0.36796875 0.0296875 0.034375
0 0.3796875 0.20625 0.03125 0.0359375
0 0.35078125 0.23046875 0.03125 0.0359375
0 0.31875 0.25390625 0.03125 0.0375
0 0.28984375 0.278125 0.03125 0.0390625
0 0.259375 0.3015625 0.03125 0.0390625
0 0.22890625 0.325 0.03125 0.0375
0 0.2 0.34921875 0.0296875 0.0359375
0 0.17109375 0.3734375 0.0296875 0.034375
0 0.13984375 0.3984375 0.0328125 0.0375
0 0.0984375 0.39609375 0.0328125 0.0359375
0 0.1046875 0.43671875 0.0328125 0.034375
0 0.1359375 0.35546875 0.0296875 0.0359375
0 0.1 0.3515625 0.03125 0.0390625
0 0.13125 0.3140625 0.03125 0.0375
0 0.16640625 0.33125 0.03125 0.034375
0 0.196875 0.30703125 0.0296875 0.034375
0 0.31640625 0.2125 0.03125 0.034375
0 0.28671875 0.23671875 0.03125 0.0359375
0 0.25625 0.25859375 0.0296875 0.0390625
0 0.2265625 0.28125 0.03125 0.0359375
0 0.4078125 0.1421875 0.0296875 0.0375
0 0.4109375 0.184375 0.0296875 0.034375
0 0.37421875 0.1234375 0.0328125 0.0359375
0 0.3109375 0.125 0.0328125 0.0390625
0 0.24609375 0.1328125 0.03125 0.034375
0 0.1828125 0.134375 0.03125 0.0359375
0 0.12109375 0.140625 0.0296875 0.034375
0 0.0828125 0.14453125 0.0328125 0.034375
0 0.07734375 0.18671875 0.0328125 0.0375
0 0.11796875 0.18515625 0.034375 0.0375
0 0.153125 0.159375 0.0296875 0.034375
0 0.1875 0.17890625 0.0296875 0.034375
0 0.15703125 0.2 0.0328125 0.0390625
0 0.125 0.2265625 0.03125 0.034375
0 0.09140625 0.2265625 0.0296875 0.0359375
0 0.0921875 0.2703125 0.0328125 0.034375
0 0.12890625 0.26796875 0.0328125 0.0359375
0 0.159375 0.2421875 0.03125 0.0359375
0 0.19140625 0.22109375 0.0328125 0.0359375
0 0.21640625 0.153125 0.0296875 0.0328125
0 0.24921875 0.175 0.0328125 0.0375
0 0.2203125 0.196875 0.0296875 0.0390625
0 0.2796875 0.14921875 0.0296875 0.0359375
0 0.284375 0.1921875 0.03125 0.0375
0 0.253125 0.21640625 0.0296875 0.034375
0 0.22421875 0.23984375 0.0296875 0.0375
0 0.19453125 0.26328125 0.0296875 0.0375
0 0.31328125 0.16875 0.03125 0.0375
0 0.34375 0.1453125 0.0296875 0.0359375
0 0.34609375 0.1875 0.0296875 0.0359375
0 0.37734375 0.16484375 0.03125 0.0390625
0 0.1640625 0.28671875 0.0296875 0.0390625
0 0.08828125 0.3109375 0.0359375 0.0390625