0 0.20154556875 0.0589730203125 0.187729596875 0.044485979687499996 0.18087694375000002 0.0416767859375 0.1617304359375 0.041293684375 0.14482012500000002 0.0520080109375 0.1403143328125 0.0691649015625 0.1515287171875 0.0853003 0.16050690781250002 0.09033826874999999 0.17835261875 0.09154555 0.18698212187500002 0.08965343125 0.1989272828125 0.0802972515625 0.2020049234375 0.0747717625 0.20154556875 0.0589730203125
0 0.3261001796875 0.08016977812500001 0.3220871375 0.0737736640625 0.3230392421875 0.06601939531249999 0.3153618484375 0.060157249999999995 0.29172624687500004 0.0572551625 0.2794323953125 0.059681253125 0.267249203125 0.0709759953125 0.26510696875 0.0884230953125 0.2669944796875 0.092590440625 0.2810484765625 0.1051389125 0.30598486875 0.10721682031249999 0.31875477343749997 0.10091359531249999 0.32443399687499996 0.093739746875 0.3261001796875 0.08016977812500001
0 0.42806525625 0.1192547171875 0.43480725 0.11319525781249999 0.44048647343749997 0.10602140625 0.44191462968749995 0.0943900046875 0.43813961562500003 0.08605532187500001 0.42621114843749996 0.0757356234375 0.419358496875 0.0729264328125 0.400211990625 0.072543328125 0.3887428765625 0.078022371875 0.383063653125 0.085196221875 0.37998601249999997 0.090721715625 0.3811594453125 0.10070475625 0.3849344609375 0.1090394390625 0.399226484375 0.11964934687499999 0.41943575624999996 0.1211468375 0.42806525625 0.1192547171875
0 0.5493543046875 0.08888791093750001 0.54250165 0.0860787171875 0.5283202890625 0.0843374640625 0.5160264359375 0.0867635546875 0.504319296875 0.094181165625 0.5017010109375 0.1155053984375 0.5035885203125 0.11967274218749999 0.5176425171875 0.13222121250000002 0.5425789140624999 0.1342991234375 0.558188428125 0.12440897343749999 0.5624562 0.1091906484375 0.5589192093750001 0.098917396875 0.5493543046875 0.08888791093750001
0 0.620133746875 0.1084013921875 0.6177534875 0.12778705937499998 0.6215285015625 0.13612174375 0.6334569671875 0.1464414390625 0.656029803125 0.148229140625 0.6768424921875 0.1350422765625 0.679222753125 0.115656609375 0.6585541265625 0.098360375 0.6443727640625 0.096619121875 0.6229733609375 0.10481446875 0.620133746875 0.1084013921875
0 0.7456404625 0.121843884375 0.7425628234375 0.1273693765625 0.7432602015625001 0.1412295546875 0.7592017078125 0.15794536718750002 0.7794109812500001 0.159442859375 0.794782475 0.15149127812500002 0.800461696875 0.1443174265625 0.8000023484375 0.128518684375 0.7861863734375001 0.11403164375 0.7601872140625 0.11083934843750001 0.7456404625 0.121843884375
0 0.2553646 0.1482284546875 0.23942309687500002 0.131512640625 0.218151053125 0.1289007609375 0.19887718125 0.13932487968750001 0.1931979578125 0.14649873124999999 0.191769803125 0.158130128125 0.2010966796875 0.17009818593749998 0.2122004015625 0.17736493125 0.23240967499999998 0.1788624171875 0.2410391734375 0.1769703015625 0.253222365625 0.1656755546875 0.2563000046875 0.160150065625 0.2553646 0.1482284546875
0 0.3386926234375 0.14370140468749998 0.31965677656249997 0.1521869578125 0.31397755312500003 0.15936080625 0.312549396875 0.17099220625 0.3214002234375 0.186837396875 0.3303784109375 0.19187536562500002 0.350587684375 0.19337285312500002 0.359217184375 0.19148073593749998 0.36856076249999997 0.1837729171875 0.37330458593750004 0.16467745625000002 0.3597266359375 0.1482518515625 0.3386926234375 0.14370140468749998
0 0.49241799375 0.1911095 0.4936081234375 0.1814166671875 0.487945603125 0.16891463906249998 0.47814267343749994 0.16082371875 0.45710865624999997 0.156273271875 0.44457677812499996 0.160637928125 0.43499517499999996 0.170284315625 0.432852940625 0.187731415625 0.44430535000000004 0.20192825 0.4556470984375 0.2072564265625 0.464038571875 0.2073028703125 0.47999678125 0.20434281250000003 0.4865007453125 0.20022191562499997 0.49241799375 0.1911095
0 0.6120241625 0.19398853437500002 0.6029353109375 0.18008191093749998 0.59632068125 0.175334153125 0.5823773453125 0.1716543328125 0.56771993125 0.1737902171875 0.5586143796874999 0.17955946875 0.55293515625 0.186733315625 0.5512689749999999 0.20030328437499997 0.5624833578125 0.216438684375 0.573825109375 0.2217668609375 0.5822165828125 0.22181330625 0.6020771671875 0.216380709375 0.6103579796874999 0.20755850312500002 0.6120241625 0.19398853437500002
0 0.6963042859375 0.1817072171875 0.6798700281250001 0.1885444125 0.6734767265625 0.201533959375 0.67441213125 0.2134555703125 0.680312678125 0.224019028125 0.690353634375 0.2301713859375 0.71292646875 0.23195908593749998 0.7256963734374999 0.22565586093749998 0.731375596875 0.21848201406249998 0.7316303265624999 0.19686757187499998 0.7152127671875 0.1840288859375 0.6963042859375 0.1817072171875
0 0.8559469109375 0.22000289843749998 0.8545354515625 0.2119584234375 0.84048145625 0.199409946875 0.8194474421875 0.19485950624999998 0.803013184375 0.20169669687499997 0.7975719828125001 0.206931978125 0.79378026875 0.218273171875 0.7970792328125 0.23048498906249998 0.8042805749999999 0.240224271875 0.8179858843750001 0.24584265625 0.8263773562500001 0.24588910468749997 0.8373704171874999 0.24428719375000002 0.8490775562499999 0.23686958125 0.8559469109375 0.22000289843749998
0 0.171604390625 0.24420479843749998 0.17728361406249998 0.23703094687499998 0.1789497953125 0.22346098125 0.16986094375 0.209554359375 0.1611207796875 0.20257782343750003 0.1519045671875 0.19947842031250002 0.13228200625 0.2029724515625 0.12033684375 0.212328628125 0.117497228125 0.2159155546875 0.1151169671875 0.2353012203125 0.11806724375 0.2405829484375 0.1336600625 0.25036867812499997 0.15386933593750002 0.25186617031249997 0.16249883437499998 0.24997405 0.171604390625 0.24420479843749998
0 0.304218484375 0.2388420421875 0.290640540625 0.222416434375 0.264879403125 0.2172855703125 0.2453675046875 0.22964825625000002 0.24228986875 0.2351737484375 0.24322527031250002 0.2470953578125 0.254439659375 0.263230753125 0.2612923140625 0.2660399484375 0.2791380234375 0.26724723125 0.2877675234375 0.26535511093749997 0.296873078125 0.259585859375 0.3025523015625 0.2524120078125 0.304218484375 0.2388420421875
0 0.40905657343749996 0.2349883 0.38802255625000004 0.230437859375 0.3689867140625 0.23892340937499998 0.363307490625 0.2460972609375 0.3616413078125 0.259667225 0.36541632343749997 0.2680019109375 0.3773447859375 0.27832160625 0.3841974390625 0.2811308 0.3973160359375 0.2817576671875 0.405945534375 0.279865546875 0.420492284375 0.2688610109375 0.42263451874999997 0.25141390937499997 0.40905657343749996 0.2349883
0 0.538670290625 0.28337144531249997 0.5410505515625 0.263985775 0.533849209375 0.2542464984375 0.5227454875 0.24697975468750002 0.5062005671875001 0.24494829375 0.49366868906250005 0.24931295000000003 0.48408708125000005 0.25895933437499996 0.481944846875 0.2764064375 0.4912717265625 0.2883744921875 0.507102571875 0.29622165312500004 0.5107669234375 0.295687684375 0.5267251296875 0.292727621875 0.53583068125 0.28695836875 0.538670290625 0.28337144531249997
0 0.6644317359375 0.275199496875 0.6506157640625 0.26071245625 0.634308865625 0.2567424296875 0.6220150140625 0.2591685203125 0.6100698484375 0.2685246953125 0.60556405625 0.2856815875 0.616778440625 0.301816984375 0.6281201890625 0.3071451640625 0.636511665625 0.3071916078125 0.65637225 0.3017590125 0.6648910890625 0.2909982390625 0.66608121875 0.2813054046875 0.6644317359375 0.275199496875
0 0.7782480140625 0.2763837265625 0.7692698234375 0.2713457578125 0.7527249046875 0.269314296875 0.7401930250000001 0.2736789546875 0.7306114171875 0.2833253390625 0.7284691828125001 0.3007724390625 0.739921596875 0.314969271875 0.746774253125 0.3177784625 0.766983525 0.31927595468750003 0.7823550171875 0.3113243734375 0.7882722671875 0.3022119578125 0.7894623984375 0.29251912343750003 0.7782480140625 0.2763837265625
0 0.221410375 0.327064115625 0.22355261093749998 0.3096170125 0.2121002 0.29542018125 0.1939057984375 0.2872828125 0.1766467953125 0.2910670515625 0.17014283125000002 0.2951879484375 0.16114794375 0.30982585625 0.15995781250000002 0.3195186890625 0.17589931875 0.33623450625 0.18275197031249998 0.3390436953125 0.1958705671875 0.3396705625 0.20686362656249999 0.3380686515625 0.21857076250000002 0.33065103906250004 0.221410375 0.327064115625
0 0.3462030125 0.34632230937499997 0.349042625 0.342735384375 0.351184859375 0.3252882828125 0.339732446875 0.3110914515625 0.3307542609375 0.306053484375 0.31893645937500004 0.3046024421875 0.2975370515625 0.31279778281250004 0.291857828125 0.319971634375 0.290191646875 0.3335415984375 0.2918411296875 0.339647509375 0.303531565625 0.351905775 0.31038422187500003 0.354714965625 0.32586637343749997 0.355632040625 0.33189429062500003 0.3553882796875 0.3462030125 0.34632230937499997
0 0.45791045781250006 0.3256018859375 0.43451287968749996 0.3207612359375 0.41523901093750004 0.3311853546875 0.41049518906250004 0.3502808109375 0.4142702046875 0.35861549375 0.428562228125 0.36922540000000004 0.44877150625000006 0.3707228921875 0.463904971875 0.3647098765625 0.4695841953125 0.357536028125 0.47148840312500007 0.3420274953125 0.4677133890625 0.333692809375 0.45791045781250006 0.3256018859375
0 0.5431092875 0.34491805625 0.5400316468749999 0.350443546875 0.5404910015625 0.3662422890625 0.5543069734375 0.3807293296875 0.579243365625 0.3828072390625 0.5974544671875 0.3712687296875 0.5995967015625 0.3538216328125 0.5836552 0.337105815625 0.5744389828124999 0.3340064125 0.5600195984375 0.334203728125 0.5431092875 0.34491805625
0 0.7215497296875 0.37666675 0.7206143234375 0.3647451390625 0.7112874484375 0.3527770859375 0.7023092578125001 0.34773911874999996 0.67843563125 0.3467755953125 0.6638888796875 0.35778013125 0.66081124375 0.36330562187500004 0.66150861875 0.3771658015625 0.675324590625 0.391652840625 0.6821772453125 0.39446203125 0.6976594 0.39537910625 0.7062889015625 0.3934869859375 0.7184720890625 0.382192240625 0.7215497296875 0.37666675
0 0.8406798406249999 0.3834229203125 0.8369048265625001 0.375088234375 0.8273399203125 0.36505874375 0.8228508281250001 0.36253976250000003 0.801578784375 0.359927884375 0.7823049171875 0.37035200156250003 0.7789892515625 0.3778160578125 0.7796866296875 0.3916762359375 0.7890135046875 0.40364429062499996 0.7979916953124999 0.40868225625 0.815837409375 0.40988954062499994 0.824466909375 0.4079974203125 0.8335724609374999 0.4022281671875 0.8406798406249999 0.3834229203125
0 0.15871758125 0.38823915000000003 0.1427760734375 0.371523334375 0.12150403125 0.36891145625 0.11157373906250001 0.37162775312499996 0.099628575 0.3809839328125 0.097486340625 0.39843103125 0.108700728125 0.41456643125000003 0.11555337968749999 0.41737562500000003 0.1333990953125 0.418582903125 0.14439215625 0.4169809953125 0.1534977078125 0.4112117390625 0.1563373203125 0.4076248171875 0.15871758125 0.38823915000000003
0 0.258319096875 0.42703387656249997 0.267424646875 0.42126462499999995 0.2731038703125 0.414090778125 0.274770053125 0.400520809375 0.2731205734375 0.3944148984375 0.2635556703125 0.384385409375 0.2545774796875 0.37934744062500003 0.24039612031250002 0.3776061890625 0.2189967125 0.385801534375 0.2128414375 0.3968525140625 0.21165130781250002 0.40654535156250005 0.21755185781250003 0.41710881093749996 0.22735478750000002 0.4251997328125 0.23184388125000002 0.4277187171875 0.249689596875 0.42892599843749996 0.258319096875 0.42703387656249997
0 0.36518875781250004 0.39686438281249997 0.352656878125 0.401229040625 0.34591488593749997 0.4072885046875 0.34283725 0.41281399375000005 0.3430585734375 0.430551303125 0.35923810624999997 0.44532855312499997 0.37944737812499996 0.44682604374999996 0.40026006875000003 0.4336391796875 0.40240230312499997 0.41619207812500003 0.386460796875 0.3994762609375 0.3772445828125 0.39637686250000004 0.36518875781250004 0.39686438281249997
0 0.5203255859375 0.45231695624999996 0.526004809375 0.4451431078125 0.527432965625 0.43351170625 0.5162185828125 0.4173763078125 0.507240390625 0.412338340625 0.493059034375 0.4105970890625 0.47165962656250005 0.41879242968749997 0.46574237656250006 0.4279048453125 0.464552246875 0.4375976828125 0.46620172968749996 0.44370358750000005 0.47789216406249996 0.4559618546875 0.48923391250000003 0.46129003125 0.4976253875 0.46133647812499995 0.508618446875 0.4597345671875 0.5203255859375 0.45231695624999996
0 0.6166782375000001 0.419872240625 0.5945647562499999 0.43388328125 0.592422521875 0.451330384375 0.608126 0.4699847640625 0.6257336890625 0.473130615625 0.63672675 0.47152870468749997 0.651035471875 0.462462734375 0.6538750859375 0.458875809375 0.6560173218750001 0.4414287078125 0.63795028125 0.42248411875 0.6166782375000001 0.419872240625
0 0.769451509375 0.47503460468750003 0.77348125 0.46175484375 0.7701822875000001 0.449543025 0.76274291875 0.4417423109375 0.7537647265625 0.43670434374999995 0.7372198078125 0.434672884375 0.7246879296875 0.43903754062499994 0.7151063265625 0.448683925 0.7129640921875 0.46613102656249994 0.7244165 0.4803278578125 0.741786165625 0.48541227343750004 0.7501776375 0.485458721875 0.7640103078125 0.4802698828125 0.769451509375 0.47503460468750003
0 0.8640564953125001 0.13441575625 0.8605028062500001 0.1438183796875 0.8616762343750001 0.1538014203125 0.8776177421875 0.1705172390625 0.9001905765625 0.172304934375 0.9155620703125 0.1643533546875 0.9217173453124999 0.1533023703125 0.922907475 0.1436095375 0.9048404375000001 0.1246649484375 0.88120483125 0.1217628609375 0.8640564953125001 0.13441575625
0 0.9066883015625 0.3147838234375 0.9076404046875 0.307029559375 0.9038653906249999 0.2986948734375 0.8898113921874999 0.28614640156250004 0.8635742046875 0.2848926734375 0.84926548125 0.293958640625 0.8461878421875 0.2994841328125 0.844521659375 0.3130541 0.848296675 0.32138878437499996 0.8625886984375001 0.3319986890625 0.87310570625 0.3342739125 0.8814971796875 0.33432035781249997 0.8940290578125 0.3299557046875 0.9066883015625 0.3147838234375
0 0.894498871875 0.47267835468749997 0.888836346875 0.46017632812500003 0.881396978125 0.45237561406250004 0.8556358421875 0.44724475 0.839201584375 0.45408194531249996 0.833522359375 0.461255796875 0.8316181500000001 0.4767643296875 0.8332676343750001 0.4828702390625 0.8407070031250001 0.490670953125 0.8541742828125001 0.4982279046875 0.8625657609375 0.49827435 0.8785239656250001 0.4953142921875 0.8850279296875 0.49119339531249995 0.894498871875 0.47267835468749997
0 0.193755490625 0.464365696875 0.1847773046875 0.45932772499999996 0.17295950468750002 0.45787668281249994 0.16066565156249998 0.460302775 0.1489585125 0.4677203828125 0.1461188984375 0.4713073109375 0.1437386390625 0.4906929765625 0.15968014531250002 0.50740879375 0.18225298125 0.5091964890625 0.20022605625 0.49959655312500006 0.204969878125 0.4805010921875 0.2033203953125 0.4743951828125 0.193755490625 0.464365696875
0 0.3243213171875 0.50499456875 0.3259875 0.491424603125 0.3147731125 0.475289203125 0.30343136406250004 0.469961028125 0.2916135625 0.46850998437499997 0.28428485625 0.4695779265625 0.267374546875 0.480292253125 0.2626307234375 0.4993877109375 0.2740831375 0.5135845421874999 0.283061325 0.518622509375 0.3009070390625 0.5198297921874999 0.3095365390625 0.5179376734375001 0.3186420890625 0.5121684203125 0.3243213171875 0.50499456875
0 0.43815429375 0.48650292500000003 0.4287000515625 0.48534208906250004 0.41640620000000006 0.48776817812499995 0.4046990609375 0.495185790625 0.3987818125 0.5042982046875 0.39947919062500004 0.5181583843750001 0.408806065625 0.5301264375 0.41778425625000004 0.5351644046875 0.437993528125 0.536661896875 0.455966609375 0.5270619562500001 0.4604724015625 0.5099050671875001 0.44949604218749994 0.4918311 0.43815429375 0.48650292500000003
0 0.5717810546875 0.5412821828125 0.5746206671875 0.537695259375 0.576762903125 0.5202481578125 0.565310490625 0.5060513249999999 0.556332303125 0.501013359375 0.5421509421875 0.49927210625 0.534822234375 0.5003400484375 0.5205135109375 0.5094060171875 0.517673896875 0.5129929390625 0.5155316625 0.5304400421875 0.5269840765625 0.5446368734375 0.5359622640625 0.5496748390625 0.5490808578124999 0.55030170625 0.5600739171875 0.5486997953125 0.5717810546875 0.5412821828125
0 0.6905457796875 0.5607841390625 0.7024909453125 0.5514279609375 0.703681075 0.5417351265625 0.706282659375 0.540086771875 0.7048712046875 0.5320422953125 0.6955443265625 0.520074240625 0.6865661359375 0.515036271875 0.6676576562500001 0.512714603125 0.6577273640625 0.5154309015625 0.6481457609375 0.5250772859375 0.6448300953125 0.5325413453125 0.6457655015625 0.5444629515625 0.649540515625 0.5527976375 0.6617070046875 0.56117876875 0.68191628125 0.562676259375 0.6905457796875 0.5607841390625
0 0.1265569 0.542697621875 0.1175787140625 0.537659653125 0.09867023124999999 0.535337984375 0.0796343859375 0.543823534375 0.0737171359375 0.55293595 0.072050953125 0.56650591875 0.0835033640625 0.58070275 0.0924815546875 0.5857407171875 0.1079637078125 0.586657790625 0.11895676875000001 0.5850558796875001 0.1335035171875 0.57405134375 0.13588377812500002 0.554665678125 0.1265569 0.542697621875
0 0.219449828125 0.5482000593749999 0.197336340625 0.5622111046875 0.19519410625 0.5796582031249999 0.21113561406249998 0.59637401875 0.236072009375 0.5984519296874999 0.25144349843749997 0.5905003437499999 0.2571227265625 0.583326496875 0.2585508828125 0.571695096875 0.2547758625 0.5633604140624999 0.2452109625 0.5533309234375 0.219449828125 0.5482000593749999
0 0.3726051828125 0.5709407609375 0.3615014609375 0.5636740171875 0.34022942343749996 0.5610621390625 0.3276975390625 0.5654267953125001 0.32095555 0.5714862578125001 0.3178779109375 0.5770117484374999 0.3180992375 0.59474905625 0.334278771875 0.609526303125 0.35685160625 0.6113140046875001 0.37506270937499997 0.5997755 0.3786163953125 0.590372871875 0.3776809953125 0.578451265625 0.3726051828125 0.5709407609375
0 0.494652171875 0.6223304078125 0.500331396875 0.6151565609375 0.5019975796875 0.6015865921875 0.49078319531250003 0.5854511953125 0.47944144375000003 0.580123015625 0.4699872046875 0.57896218125 0.44882582656250003 0.585218959375 0.44338462500000003 0.590454240625 0.439354884375 0.6037339984375001 0.44265384843750005 0.6159458171875001 0.4522187515625 0.62597530625 0.4590714078125 0.6287844984375 0.47691712031250005 0.62999178125 0.48554662187500003 0.6280996609375 0.494652171875 0.6223304078125
0 0.6317720640625 0.5998107625 0.619843596875 0.5894910656250001 0.5985715593750001 0.5868791875 0.58603968125 0.5912438437499999 0.5764580734375 0.600890228125 0.5743158390625 0.6183373296875 0.5857682515625 0.6325341609375 0.59711 0.6378623375 0.6078650359375 0.63819899375 0.6214596796875 0.6349487234375 0.63080325625 0.6272409031249999 0.6355470796875 0.6081454453124999 0.6317720640625 0.5998107625
0 0.1522512359375 0.6265319890625001 0.139957384375 0.6289580765625 0.12280904687500001 0.6416109718749999 0.1209048390625 0.65711950625 0.13235724843750002 0.6713163375 0.1413354359375 0.676354303125 0.1615447125 0.6778517953125001 0.1823574015625 0.66466493125 0.18449963593750002 0.6472178296875 0.17541078593749998 0.6333112078124999 0.1640690375 0.62798303125 0.1522512359375 0.6265319890625001
0 0.3026609453125 0.6814041390625001 0.3085781953125 0.6722917234375 0.3095302984375 0.664537459375 0.30599331093750004 0.6542642078124999 0.29642840625 0.64423471875 0.2919393125 0.6417157328124999 0.27066727031250004 0.6391038546875001 0.258135390625 0.6434685109375 0.25139339843749997 0.6495279734375 0.24664957968749998 0.6686234296875 0.2578639640625 0.6847588296875 0.26920571249999997 0.6900870046875001 0.279960746875 0.6904236625 0.2909538078125 0.6888217515624999 0.3026609453125 0.6814041390625001
0 0.43007186875 0.679338103125 0.42842238593750004 0.6732321921875 0.41673194843749994 0.6609739265625 0.39333437031249996 0.656133275 0.3834040796875 0.658849571875 0.371458915625 0.6682057484375 0.368381275 0.6737312390625 0.36884062968750003 0.6895299828125 0.38265660156250003 0.704017021875 0.3895092546875 0.7068262171875 0.40262784687500003 0.7074530828125 0.4188240828125 0.70255445625 0.42556607343749997 0.696494990625 0.43007186875 0.679338103125
0 0.561495834375 0.6836681796875 0.5476798625 0.6691811390625 0.5290094062499999 0.6649209015624999 0.5190791156250001 0.6676371999999999 0.5073719765625 0.6750548109375 0.5014547281249999 0.6841672265625001 0.502152103125 0.6980274046875 0.5180936093749999 0.714743221875 0.5383028828125 0.716240709375 0.54693238125 0.7143485890625 0.558877546875 0.7049924125 0.5619551859375 0.699466921875 0.561495834375 0.6836681796875
0 0.6810685984375 0.7258989671875 0.6869858484375 0.7167865499999999 0.6881759796875 0.7070937140625 0.684638990625 0.6968204640625 0.6727105250000001 0.6865007656250001 0.6516765109375 0.681950321875 0.632640665625 0.690435871875 0.626723415625 0.6995482875000001 0.625295259375 0.7111796906250001 0.6290702734375 0.7195143749999999 0.6386351796875 0.729543865625 0.643124271875 0.732062846875 0.6633335453125 0.7335603374999999 0.67196304375 0.73166821875 0.6810685984375 0.7258989671875
0 0.10735405312499999 0.7479419296875001 0.11303327656249999 0.7407680828125 0.11469945937499999 0.7271981140625 0.103485075 0.7110627140625 0.094506884375 0.7060247453125 0.0779619640625 0.7039932859375 0.0604649359375 0.70971609375 0.053722946875 0.7157755546875 0.04921715 0.732932446875 0.052992165625 0.7412671296875 0.0646826046875 0.753525396875 0.0691717 0.7560443796875 0.084653853125 0.7569614515625 0.0956469140625 0.755359540625 0.10735405312499999 0.7479419296875001
0 0.235241028125 0.7419987578125 0.22402664374999998 0.7258633578125 0.215048453125 0.7208253890625 0.20086709218749998 0.7190841375 0.1909368 0.7218004359375 0.1766280734375 0.73086640625 0.1702347734375 0.7438559546875 0.1737717609375 0.7541292046875 0.183098640625 0.7660972625 0.1920768296875 0.7711352312499999 0.207558984375 0.7720523046875 0.221153628125 0.7688020343749999 0.2304972046875 0.7610942140625 0.235241028125 0.7419987578125
0 0.3531643109375 0.778123634375 0.3590815609375 0.76901121875 0.36050971718749997 0.7573798187499999 0.3567347015625 0.7490451359375 0.347169796875 0.7390156453125 0.323772221875 0.7341749890625 0.313841928125 0.7368912875 0.30213479374999996 0.7443088999999999 0.2973909703125 0.7634043609375001 0.3011659859375 0.77173904375 0.3107308890625 0.7817685328125 0.315219984375 0.78428751875 0.335429259375 0.7857850078124999 0.341457171875 0.7855412453125 0.3531643109375 0.778123634375
0 0.4261966484375 0.789058671875 0.43836314062500004 0.797439803125 0.45857241249999997 0.79893729375 0.47654548906249994 0.789337353125 0.4815273390625 0.768303328125 0.46794939218750004 0.7518777203125 0.44455181718750003 0.7470370703125 0.42243833124999997 0.7610481109375 0.420296096875 0.7784952125 0.4261966484375 0.789058671875
0 0.8235252640624999 0.542675596875 0.818449453125 0.5351650921875 0.8049821734375 0.5276081390625 0.78110854375 0.5266446203124999 0.76632376875 0.539587721875 0.7644195593750001 0.5550962546875 0.7681945765625 0.563430940625 0.7801230421875001 0.5737506359375 0.8026958734375 0.5755383359375 0.811325375 0.573646215625 0.8206689515625 0.5659383953125 0.8237465921875 0.5604129078125 0.8235252640624999 0.542675596875
0 0.760339715625 0.6274036390625 0.7568027265625 0.6171303890625001 0.7472378234375 0.6071008984375 0.7427487296875 0.6045819171875 0.721476684375 0.6019700390625 0.7019647921875001 0.614332721875 0.697935046875 0.62761248125 0.7014720375 0.63788573125 0.711036940625 0.6479152218750001 0.720015128125 0.6529531890625 0.7331337234374999 0.6535800546874999 0.7506307484375 0.6478572484375 0.7593876125000001 0.63515790625 0.760339715625 0.6274036390625
0 0.8692848062499999 0.6584905484375 0.8752020609375 0.6493781328125 0.8761541656249999 0.641623865625 0.8747427078125 0.633579390625 0.8654158296875 0.6216113328125 0.8448578703124999 0.6131837546875001 0.8325640171875 0.6156098484375 0.8208568765625 0.623027459375 0.81422555 0.637955575 0.8153989781250001 0.6479386171875 0.8247258546875 0.659906671875 0.8384311656250001 0.66552505625 0.8468226390625 0.6655715046874999 0.86017925625 0.6642598015625001 0.8692848062499999 0.6584905484375
0 0.8647289140625001 0.7346750671875 0.8609538953125 0.7263403828125 0.8490254328125 0.7160206859375 0.842172778125 0.713211490625 0.8206627140625 0.71253818125 0.8061159609375 0.7235427171875 0.8028002984375 0.7310067765625 0.803497675 0.7448669515625 0.817313646875 0.759353990625 0.8241663000000001 0.7621631859375 0.8420120171875001 0.7633704640625 0.850641515625 0.7614783453125 0.8599850921875 0.753770528125 0.8647289140625001 0.7346750671875