0 0.8025549453125 0.13671875 0.7970397234375 0.1396484375 0.7948336328125001 0.1474609390625 0.7992458109375 0.1513671859375 0.8091732171875 0.15234375 0.8146884390625001 0.1474609390625 0.8146884390625001 0.1416015625 0.8091732171875 0.13671875 0.8025549453125 0.13671875
0 0.8356462953125 0.11914062343750001 0.8323371625 0.1240234375 0.8323371625 0.1318359390625 0.8389554312499999 0.1357421859375 0.842264565625 0.13671875 0.8499858796875 0.1318359390625 0.8499858796875 0.1220703125 0.8466767468749999 0.11914062343750001 0.8356462953125 0.11914062343750001
0 0.87756200625 0.060546875 0.8698406890625 0.0654296875 0.8698406890625 0.0751953125 0.8742528703125 0.0771484375 0.8819741875 0.078125 0.8874894093749999 0.07324218593750001 0.8874894093749999 0.0654296875 0.8819741875 0.060546875 0.87756200625 0.060546875
0 0.8003488546874999 0.0625 0.7948336328125001 0.06738281406249999 0.7948336328125001 0.07324218593750001 0.7992458109375 0.0771484375 0.8091732171875 0.078125 0.8146884390625001 0.07324218593750001 0.8146884390625001 0.06738281406249999 0.8091732171875 0.0625 0.8003488546874999 0.0625
0 0.762845325 0.08203125 0.7595361921875 0.08691406093750001 0.7617422828125 0.0947265625 0.7661544609375001 0.0966796875 0.769463596875 0.09765625 0.7771849125 0.0927734375 0.7771849125 0.08496093906249999 0.7738757765625001 0.08203125 0.762845325 0.08203125
0 0.8025549453125 0.09960937656249999 0.7948336328125001 0.10449218593750001 0.7948336328125001 0.1103515625 0.7992458109375 0.11425781406249999 0.8091732171875 0.11523437656249999 0.8146884390625001 0.1103515625 0.8146884390625001 0.10449218593750001 0.8091732171875 0.09960937656249999 0.8025549453125 0.09960937656249999
0 0.762845325 0.11718749843750001 0.7595361921875 0.12011718593750001 0.7595361921875 0.1298828140625 0.7639483703125001 0.1318359390625 0.769463596875 0.1328125015625 0.774978821875 0.1298828140625 0.7771849125 0.1220703125 0.7738757765625001 0.11718749843750001 0.762845325 0.11718749843750001
0 0.7275478859375 0.09960937656249999 0.7242387531250001 0.10253906093750001 0.7220326625 0.1083984375 0.72644484375 0.11425781406249999 0.736372246875 0.11523437656249999 0.7418874734375 0.1103515625 0.7418874734375 0.10253906093750001 0.7385783375 0.09960937656249999 0.7275478859375 0.09960937656249999
0 0.7275478859375 0.060546875 0.7220326625 0.0654296875 0.7242387531250001 0.0751953125 0.736372246875 0.076171875 0.7396813828125001 0.07324218593750001 0.7418874734375 0.06738281406249999 0.736372246875 0.060546875 0.7275478859375 0.060546875
0 0.6988687171875 0.11718749843750001 0.6900443578125001 0.11718749843750001 0.6845291328124999 0.1240234375 0.6845291328124999 0.1279296875 0.6933534906250001 0.1337890609375 0.6966626265625 0.1347656234375 0.7010748078125 0.1328125015625 0.7043839421875 0.1279296875 0.7043839421875 0.1240234375 0.6988687171875 0.11718749843750001
0 0.7275478859375 0.13671875 0.7220326625 0.1416015625 0.7242387531250001 0.1494140609375 0.72865093125 0.1513671859375 0.7341661562499999 0.15234375 0.7418874734375 0.1474609390625 0.7418874734375 0.1396484375 0.7385783375 0.13671875 0.7275478859375 0.13671875
0 0.762845325 0.154296875 0.7573301031249999 0.1591796875 0.7573301031249999 0.1630859390625 0.7617422828125 0.1689453125 0.769463596875 0.169921875 0.774978821875 0.1650390609375 0.7771849125 0.1611328140625 0.7716696875 0.154296875 0.762845325 0.154296875
0 0.8025549453125 0.171875 0.7948336328125001 0.1787109390625 0.7948336328125001 0.1826171859375 0.7992458109375 0.1884765625 0.8091732171875 0.189453125 0.8146884390625001 0.1845703125 0.8146884390625001 0.1787109390625 0.8069671265625 0.171875 0.8025549453125 0.171875
0 0.8378523859375001 0.15625 0.8323371625 0.1611328140625 0.8323371625 0.1689453125 0.83454325 0.1708984375 0.8466767468749999 0.171875 0.8499858796875 0.1689453125 0.8499858796875 0.1591796875 0.8466767468749999 0.15625 0.8378523859375001 0.15625
0 0.9150655359375 0.15625 0.9073442203125 0.1611328140625 0.9073442203125 0.1689453125 0.9117564 0.1728515625 0.9194777171874999 0.173828125 0.9249929390625 0.1689453125 0.9249929390625 0.1611328140625 0.9194777171874999 0.15625 0.9150655359375 0.15625
0 0.9073442203125 0.1962890609375 0.9073442203125 0.2041015625 0.9117564 0.2080078140625 0.9194777171874999 0.2089843765625 0.9249929390625 0.2041015625 0.9249929390625 0.1962890609375 0.9172716265625 0.19140625 0.9073442203125 0.1962890609375
0 0.8731498249999999 0.17578125 0.8676346031250001 0.1826171859375 0.8698406890625 0.1884765625 0.8742528703125 0.1904296875 0.8797680968750001 0.19140625 0.8874894093749999 0.1865234375 0.8874894093749999 0.1806640609375 0.8819741875 0.17578125 0.8731498249999999 0.17578125
0 0.8334402046875 0.19140625 0.8301310718750001 0.1943359390625 0.8301310718750001 0.2041015625 0.8367493406250001 0.2080078140625 0.8444706562500001 0.2089843765625 0.8499858796875 0.2041015625 0.8499858796875 0.1943359390625 0.8466767468749999 0.19140625 0.8334402046875 0.19140625
0 0.8731498249999999 0.13671875 0.8698406890625 0.1396484375 0.8676346031250001 0.1474609390625 0.8720467796875001 0.1513671859375 0.8819741875 0.15234375 0.8874894093749999 0.1474609390625 0.8874894093749999 0.1396484375 0.8841802765625 0.13671875 0.8731498249999999 0.13671875
0 0.762845325 0.19140625 0.7573301031249999 0.1962890609375 0.7573301031249999 0.2021484375 0.7639483703125001 0.2060546875 0.769463596875 0.20703125 0.774978821875 0.2021484375 0.774978821875 0.1943359390625 0.7716696875 0.19140625 0.762845325 0.19140625
0 0.8378523859375001 0.08203125 0.8323371625 0.08691406093750001 0.8323371625 0.0927734375 0.8367493406250001 0.0966796875 0.8466767468749999 0.09765625 0.8521919703125 0.0927734375 0.8521919703125 0.08691406093750001 0.8466767468749999 0.08203125 0.8378523859375001 0.08203125
0 0.875355915625 0.09960937656249999 0.8698406890625 0.10253906093750001 0.8698406890625 0.1123046875 0.8720467796875001 0.11425781406249999 0.8819741875 0.11523437656249999 0.8874894093749999 0.1103515625 0.8874894093749999 0.10449218593750001 0.8819741875 0.09960937656249999 0.875355915625 0.09960937656249999
0 0.9106533546875 0.11914062343750001 0.9051381296875001 0.1240234375 0.9051381296875001 0.1298828140625 0.9095503109375 0.1337890609375 0.9194777171874999 0.1347656234375 0.9249929390625 0.1298828140625 0.9249929390625 0.1220703125 0.9216838046875001 0.11914062343750001 0.9106533546875 0.11914062343750001
0 0.9128594453125001 0.08203125 0.9095503109375 0.08496093906249999 0.9073442203125 0.0927734375 0.9117564 0.0966796875 0.9216838046875001 0.09765625 0.9271990296875 0.0927734375 0.9271990296875 0.08691406093750001 0.9216838046875001 0.08203125 0.9128594453125001 0.08203125
0 0.6900443578125001 0.080078125 0.6867352234374999 0.08300781406249999 0.6867352234374999 0.0908203125 0.6889413125 0.0927734375 0.7010748078125 0.09375 0.7043839421875 0.08886718593750001 0.7043839421875 0.08300781406249999 0.7010748078125 0.080078125 0.6900443578125001 0.080078125
0 0.65474691875 0.060546875 0.6514377828125 0.0634765625 0.6492316921875 0.06933593906249999 0.6536438734375001 0.0751953125 0.6635712765624999 0.076171875 0.6668804125000001 0.07324218593750001 0.6690865031250001 0.06738281406249999 0.6635712765624999 0.060546875 0.65474691875 0.060546875
0 0.6194494796875001 0.080078125 0.6139342531249999 0.08496093906249999 0.6139342531249999 0.0908203125 0.618346434375 0.0947265625 0.626067746875 0.095703125 0.6315829734375 0.0908203125 0.6315829734375 0.08496093906249999 0.626067746875 0.080078125 0.6194494796875001 0.080078125
0 0.6591590968750001 0.09765625 0.6514377828125 0.10253906093750001 0.6514377828125 0.1103515625 0.6536438734375001 0.1123046875 0.6657773671875 0.11328125 0.6690865031250001 0.1103515625 0.6690865031250001 0.10253906093750001 0.6635712765624999 0.09765625 0.6591590968750001 0.09765625
0 0.6172433890625 0.11718749843750001 0.6139342531249999 0.12011718593750001 0.6139342531249999 0.1298828140625 0.6161403437499999 0.1318359390625 0.626067746875 0.1328125015625 0.6293768828124999 0.1298828140625 0.6293768828124999 0.12011718593750001 0.626067746875 0.11718749843750001 0.6172433890625 0.11718749843750001
0 0.65474691875 0.1347656234375 0.6492316921875 0.1396484375 0.6492316921875 0.1455078140625 0.6536438734375001 0.1494140609375 0.6591590968750001 0.1503906234375 0.6668804125000001 0.1455078140625 0.6668804125000001 0.1396484375 0.6613651875000001 0.1347656234375 0.65474691875 0.1347656234375
0 0.6900443578125001 0.154296875 0.6867352234374999 0.1572265625 0.6867352234374999 0.1669921859375 0.691147403125 0.1689453125 0.6988687171875 0.169921875 0.702177853125 0.1669921859375 0.7043839421875 0.1591796875 0.7010748078125 0.154296875 0.6900443578125001 0.154296875
0 0.7253417984375 0.173828125 0.7220326625 0.1767578140625 0.719826571875 0.1826171859375 0.7231357078125 0.1875 0.72644484375 0.1884765625 0.7319600656249999 0.189453125 0.7374752921875001 0.1865234375 0.7396813828125001 0.1787109390625 0.736372246875 0.173828125 0.7253417984375 0.173828125
0 0.908447265625 0.232421875 0.9051381296875001 0.2373046875 0.9051381296875001 0.2412109390625 0.9095503109375 0.2451171859375 0.9194777171874999 0.24609375 0.9227868499999999 0.2431640609375 0.9227868499999999 0.2353515625 0.9150655359375 0.23046875 0.908447265625 0.232421875
0 0.8698406890625 0.2158203125 0.8698406890625 0.2236328140625 0.8720467796875001 0.2255859390625 0.8841802765625 0.2265625015625 0.8874894093749999 0.2177734375 0.8819741875 0.2128906234375 0.8731498249999999 0.2128906234375 0.8698406890625 0.2158203125
0 0.9073442203125 0.2705078140625 0.9051381296875001 0.2802734375 0.9095503109375 0.2841796875 0.9172716265625 0.28515625 0.9227868499999999 0.2822265625 0.9249929390625 0.2763671859375 0.9194777171874999 0.26953125 0.9073442203125 0.2705078140625
0 0.875355915625 0.248046875 0.8698406890625 0.2529296875 0.8698406890625 0.2607421859375 0.8720467796875001 0.2626953125 0.8819741875 0.263671875 0.8874894093749999 0.2587890609375 0.8874894093749999 0.2529296875 0.8819741875 0.248046875 0.875355915625 0.248046875
0 0.8334402046875 0.232421875 0.8301310718750001 0.2392578140625 0.83454325 0.2451171859375 0.8444706562500001 0.24609375 0.8499858796875 0.2412109390625 0.8499858796875 0.2353515625 0.842264565625 0.23046875 0.8334402046875 0.232421875
0 0.8003488546874999 0.2109374984375 0.7948336328125001 0.2158203125 0.7948336328125001 0.2216796875 0.7992458109375 0.2255859390625 0.8091732171875 0.2265625015625 0.812482353125 0.2236328140625 0.8146884390625001 0.2177734375 0.8091732171875 0.2109374984375 0.8003488546874999 0.2109374984375
0 0.6172433890625 0.15234375 0.6117281625000001 0.1572265625 0.6117281625000001 0.1630859390625 0.6161403437499999 0.1669921859375 0.626067746875 0.16796875 0.6293768828124999 0.1650390609375 0.6293768828124999 0.1552734375 0.62386165625 0.1503906234375 0.6172433890625 0.15234375
0 0.6591590968750001 0.169921875 0.65474691875 0.169921875 0.647025603125 0.1767578140625 0.6492316921875 0.1845703125 0.6536438734375001 0.1865234375 0.6591590968750001 0.1875 0.6635712765624999 0.185546875 0.6668804125000001 0.1806640609375 0.664674321875 0.1728515625 0.6591590968750001 0.169921875
0 0.68783826875 0.19140625 0.6845291328124999 0.1943359390625 0.6845291328124999 0.2021484375 0.6867352234374999 0.2041015625 0.6988687171875 0.205078125 0.702177853125 0.2021484375 0.702177853125 0.1962890609375 0.6988687171875 0.19140625 0.68783826875 0.19140625
0 0.6150372984375 0.189453125 0.6095220718750001 0.1982421859375 0.6150372984375 0.205078125 0.618346434375 0.2060546875 0.621655565625 0.20703125 0.6293768828124999 0.2021484375 0.6293768828124999 0.1943359390625 0.62386165625 0.189453125 0.6150372984375 0.189453125
0 0.7297539765625001 0.2089843765625 0.7220326625 0.2138671859375 0.7220326625 0.2197265625 0.72644484375 0.2236328140625 0.736372246875 0.2246093765625 0.7396813828125001 0.2216796875 0.7418874734375 0.2158203125 0.7385783375 0.2109374984375 0.7297539765625001 0.2089843765625
0 0.652540828125 0.2089843765625 0.647025603125 0.2119140609375 0.647025603125 0.2197265625 0.6514377828125 0.2236328140625 0.6591590968750001 0.2246093765625 0.664674321875 0.2216796875 0.664674321875 0.2119140609375 0.6613651875000001 0.2089843765625 0.652540828125 0.2089843765625
0 0.7573301031249999 0.2314453125 0.7573301031249999 0.2392578140625 0.7661544609375001 0.2431640609375 0.774978821875 0.2392578140625 0.774978821875 0.2314453125 0.769463596875 0.2265625015625 0.765051415625 0.2265625015625 0.7573301031249999 0.2314453125
0 0.6900443578125001 0.2285156234375 0.6845291328124999 0.2353515625 0.6867352234374999 0.2412109390625 0.691147403125 0.2431640609375 0.6988687171875 0.2441406234375 0.702177853125 0.2412109390625 0.702177853125 0.2314453125 0.6988687171875 0.2285156234375 0.6900443578125001 0.2285156234375
0 0.6150372984375 0.2285156234375 0.6117281625000001 0.2314453125 0.6117281625000001 0.2392578140625 0.6139342531249999 0.2412109390625 0.626067746875 0.2421874984375 0.6293768828124999 0.2373046875 0.6293768828124999 0.2314453125 0.621655565625 0.2265625015625 0.6150372984375 0.2285156234375
0 0.5797398578124999 0.2441406234375 0.5742246328125 0.2509765625 0.5742246328125 0.2548828140625 0.580842903125 0.2607421859375 0.5907703078125001 0.2597656234375 0.5940794421875 0.2548828140625 0.5940794421875 0.2509765625 0.5885642171875001 0.2441406234375 0.5797398578124999 0.2441406234375
0 0.6503347374999999 0.248046875 0.647025603125 0.2548828140625 0.6514377828125 0.2607421859375 0.6613651875000001 0.26171875 0.6668804125000001 0.2568359390625 0.6668804125000001 0.2509765625 0.6591590968750001 0.24609375 0.6503347374999999 0.248046875
0 0.7253417984375 0.24609375 0.7220326625 0.2490234375 0.7220326625 0.2587890609375 0.7242387531250001 0.2607421859375 0.7341661562499999 0.26171875 0.7374752921875001 0.2587890609375 0.7396813828125001 0.2529296875 0.7341661562499999 0.24609375 0.7253417984375 0.24609375
0 0.798142765625 0.248046875 0.7948336328125001 0.2509765625 0.7926275421875 0.2568359390625 0.7970397234375 0.2626953125 0.8069671265625 0.263671875 0.812482353125 0.2587890609375 0.812482353125 0.2529296875 0.8091732171875 0.248046875 0.798142765625 0.248046875
0 0.8356462953125 0.267578125 0.8323371625 0.2705078140625 0.8323371625 0.2802734375 0.83454325 0.2822265625 0.8444706562500001 0.283203125 0.8499858796875 0.2783203125 0.8499858796875 0.2705078140625 0.8466767468749999 0.267578125 0.8356462953125 0.267578125
0 0.7606392375000001 0.267578125 0.7573301031249999 0.2724609390625 0.7573301031249999 0.2763671859375 0.7617422828125 0.2802734375 0.7716696875 0.28125 0.774978821875 0.2783203125 0.774978821875 0.2705078140625 0.769463596875 0.265625 0.7606392375000001 0.267578125
0 0.6900443578125001 0.265625 0.6845291328124999 0.2705078140625 0.6845291328124999 0.2763671859375 0.691147403125 0.2802734375 0.6966626265625 0.28125 0.702177853125 0.2763671859375 0.702177853125 0.2685546875 0.6988687171875 0.265625 0.6900443578125001 0.265625
0 0.6150372984375 0.263671875 0.6095220718750001 0.2685546875 0.6095220718750001 0.2744140609375 0.6139342531249999 0.2783203125 0.62386165625 0.279296875 0.6271707921874999 0.2763671859375 0.6293768828124999 0.2705078140625 0.62386165625 0.263671875 0.6150372984375 0.263671875
0 0.8731498249999999 0.28515625 0.8698406890625 0.2880859390625 0.8676346031250001 0.2939453125 0.8720467796875001 0.2998046875 0.8819741875 0.30078125 0.88528331875 0.2978515625 0.88528331875 0.2880859390625 0.8819741875 0.28515625 0.8731498249999999 0.28515625
0 0.7948336328125001 0.2880859390625 0.7948336328125001 0.2958984375 0.7970397234375 0.2978515625 0.8091732171875 0.298828125 0.8146884390625001 0.2900390609375 0.8091732171875 0.28515625 0.798142765625 0.28515625 0.7948336328125001 0.2880859390625
0 0.7231357078125 0.28515625 0.719826571875 0.2880859390625 0.719826571875 0.2958984375 0.7220326625 0.2978515625 0.7341661562499999 0.298828125 0.7374752921875001 0.2958984375 0.7374752921875001 0.2880859390625 0.7341661562499999 0.28515625 0.7231357078125 0.28515625
0 0.652540828125 0.283203125 0.647025603125 0.2880859390625 0.647025603125 0.2958984375 0.6492316921875 0.2978515625 0.6613651875000001 0.298828125 0.664674321875 0.2958984375 0.664674321875 0.2861328140625 0.6591590968750001 0.283203125 0.652540828125 0.283203125
0 0.5742246328125 0.2841796875 0.5720185421874999 0.2900390609375 0.5764307234375 0.2958984375 0.5863581265625 0.296875 0.5896672625 0.2939453125 0.5885642171875001 0.283203125 0.5775337687500001 0.28125 0.5742246328125 0.2841796875
0 0.9128594453125001 0.3027343765625 0.9051381296875001 0.3076171859375 0.9029320421874999 0.3134765625 0.9073442203125 0.3193359390625 0.9194777171874999 0.3203125015625 0.9227868499999999 0.3173828140625 0.9227868499999999 0.3076171859375 0.9194777171874999 0.3046874984375 0.9128594453125001 0.3027343765625
0 0.8356462953125 0.3027343765625 0.8301310718750001 0.3076171859375 0.8301310718750001 0.3134765625 0.83454325 0.3173828140625 0.8444706562500001 0.3183593765625 0.8499858796875 0.3134765625 0.8499858796875 0.3076171859375 0.8444706562500001 0.3027343765625 0.8356462953125 0.3027343765625
0 0.7573301031249999 0.3056640609375 0.7551240124999999 0.3115234375 0.7595361921875 0.3173828140625 0.77277273125 0.3173828140625 0.774978821875 0.3076171859375 0.769463596875 0.3027343765625 0.7606392375000001 0.3027343765625 0.7573301031249999 0.3056640609375
0 0.6900443578125001 0.30078125 0.6845291328124999 0.3037109390625 0.6823230421875001 0.3095703125 0.6867352234374999 0.3154296875 0.6966626265625 0.31640625 0.702177853125 0.3115234375 0.702177853125 0.3056640609375 0.6966626265625 0.30078125 0.6900443578125001 0.30078125
0 0.6128312078125 0.30078125 0.6095220718750001 0.3056640609375 0.6095220718750001 0.3115234375 0.618346434375 0.3154296875 0.62386165625 0.314453125 0.6293768828124999 0.3076171859375 0.62386165625 0.30078125 0.6194494796875001 0.298828125 0.6128312078125 0.30078125
0 0.5775337687500001 0.3183593765625 0.5720185421874999 0.3232421859375 0.5742246328125 0.3310546875 0.5786368125 0.3349609390625 0.5841520390625 0.3359374984375 0.5896672625 0.3310546875 0.5896672625 0.3232421859375 0.5841520390625 0.3183593765625 0.5775337687500001 0.3183593765625
0 0.6503347374999999 0.3203125015625 0.647025603125 0.3232421859375 0.647025603125 0.3330078140625 0.6492316921875 0.3349609390625 0.6591590968750001 0.3359374984375 0.66246823125 0.3330078140625 0.66246823125 0.3232421859375 0.6591590968750001 0.3203125015625 0.6503347374999999 0.3203125015625
0 0.7209296171874999 0.3222656234375 0.719826571875 0.3330078140625 0.7220326625 0.3349609390625 0.7341661562499999 0.3359374984375 0.7374752921875001 0.3310546875 0.7374752921875001 0.3251953125 0.7341661562499999 0.3222656234375 0.7209296171874999 0.3222656234375
0 0.795936678125 0.3222656234375 0.7926275421875 0.3291015625 0.7970397234375 0.3349609390625 0.8091732171875 0.3359374984375 0.812482353125 0.3330078140625 0.812482353125 0.3251953125 0.8047610359374999 0.3203125015625 0.795936678125 0.3222656234375
0 0.8676346031250001 0.3271484375 0.8676346031250001 0.3349609390625 0.8742528703125 0.3388671859375 0.8797680968750001 0.33984375 0.8874894093749999 0.3310546875 0.8819741875 0.32421875 0.8709437343750001 0.32421875 0.8676346031250001 0.3271484375
0 0.9062411750000001 0.341796875 0.9051381296875001 0.3525390609375 0.9073442203125 0.3564453125 0.9194777171874999 0.357421875 0.9249929390625 0.3525390609375 0.9249929390625 0.3447265625 0.9172716265625 0.33984375 0.9062411750000001 0.341796875
0 0.8301310718750001 0.3447265625 0.8301310718750001 0.3525390609375 0.8323371625 0.3544921859375 0.8455737015624999 0.3544921859375 0.8477797921875 0.3466796875 0.8444706562500001 0.341796875 0.8334402046875 0.341796875 0.8301310718750001 0.3447265625
0 0.7573301031249999 0.3427734375 0.7551240124999999 0.3486328140625 0.7595361921875 0.3544921859375 0.769463596875 0.35546875 0.774978821875 0.3505859390625 0.7716696875 0.341796875 0.762845325 0.33984375 0.7573301031249999 0.3427734375
0 0.6823230421875001 0.3427734375 0.6823230421875001 0.3486328140625 0.6867352234374999 0.3525390609375 0.6966626265625 0.3535156234375 0.702177853125 0.3486328140625 0.6988687171875 0.33984375 0.68783826875 0.3378906234375 0.6823230421875001 0.3427734375
0 0.6150372984375 0.3378906234375 0.6095220718750001 0.3447265625 0.6117281625000001 0.3505859390625 0.6161403437499999 0.3525390609375 0.62386165625 0.3535156234375 0.6293768828124999 0.3486328140625 0.6293768828124999 0.3427734375 0.62386165625 0.3378906234375 0.6150372984375 0.3378906234375
0 0.5775337687500001 0.35546875 0.5720185421874999 0.3603515625 0.5742246328125 0.3701171859375 0.5863581265625 0.37109375 0.5896672625 0.3681640609375 0.5896672625 0.3603515625 0.5841520390625 0.35546875 0.5775337687500001 0.35546875
0 0.652540828125 0.35546875 0.6448195125 0.3603515625 0.647025603125 0.3701171859375 0.6514377828125 0.3720703125 0.65695300625 0.373046875 0.66246823125 0.3681640609375 0.664674321875 0.3642578140625 0.6613651875000001 0.357421875 0.652540828125 0.35546875
0 0.719826571875 0.3603515625 0.719826571875 0.3701171859375 0.7220326625 0.3720703125 0.7352692015625 0.3720703125 0.7374752921875001 0.3603515625 0.7341661562499999 0.357421875 0.7275478859375 0.35546875 0.719826571875 0.3603515625
0 0.7948336328125001 0.3623046875 0.7948336328125001 0.3740234375 0.7992458109375 0.3759765625 0.8069671265625 0.376953125 0.812482353125 0.3720703125 0.8102762625000001 0.3623046875 0.8047610359374999 0.359375 0.7948336328125001 0.3623046875
0 0.8731498249999999 0.361328125 0.8676346031250001 0.3662109390625 0.8676346031250001 0.3720703125 0.8720467796875001 0.3759765625 0.8797680968750001 0.376953125 0.88528331875 0.3740234375 0.88528331875 0.3642578140625 0.8819741875 0.361328125 0.8731498249999999 0.361328125
0 0.8301310718750001 0.3837890609375 0.8301310718750001 0.3916015625 0.8323371625 0.3935546875 0.8455737015624999 0.3935546875 0.8477797921875 0.3837890609375 0.842264565625 0.37890625 0.8356462953125 0.37890625 0.8301310718750001 0.3837890609375
0 0.908447265625 0.37890625 0.9051381296875001 0.3818359390625 0.9051381296875001 0.3896484375 0.9095503109375 0.3935546875 0.9172716265625 0.39453125 0.9227868499999999 0.3896484375 0.9227868499999999 0.3818359390625 0.9194777171874999 0.37890625 0.908447265625 0.37890625
0 0.7606392375000001 0.376953125 0.7551240124999999 0.3837890609375 0.7617422828125 0.3916015625 0.769463596875 0.392578125 0.774978821875 0.3857421859375 0.774978821875 0.3818359390625 0.769463596875 0.376953125 0.7606392375000001 0.376953125
0 0.685632178125 0.376953125 0.6823230421875001 0.3798828140625 0.6823230421875001 0.3876953125 0.6867352234374999 0.3916015625 0.6944565359375 0.392578125 0.6999717624999999 0.3876953125 0.6999717624999999 0.3798828140625 0.6966626265625 0.376953125 0.685632178125 0.376953125
0 0.6128312078125 0.375 0.60731598125 0.3798828140625 0.6117281625000001 0.3876953125 0.62386165625 0.388671875 0.6271707921874999 0.3857421859375 0.6271707921874999 0.3779296875 0.62386165625 0.375 0.6128312078125 0.375
0 0.8687376453125 0.4003906234375 0.8654285125 0.4091796875 0.8698406890625 0.4130859390625 0.8819741875 0.4140625015625 0.8874894093749999 0.4072265625 0.88528331875 0.4013671859375 0.8797680968750001 0.3984374984375 0.8687376453125 0.4003906234375
0 0.908447265625 0.41796875 0.9051381296875001 0.4208984375 0.9051381296875001 0.4306640609375 0.9073442203125 0.4326171859375 0.9216838046875001 0.43359375 0.9249929390625 0.4306640609375 0.9249929390625 0.4208984375 0.9216838046875001 0.41796875 0.908447265625 0.41796875
0 0.8400584765625 0.4140625015625 0.8301310718750001 0.4189453125 0.8301310718750001 0.4267578140625 0.8367493406250001 0.4306640609375 0.842264565625 0.4316406234375 0.8466767468749999 0.4296874984375 0.8499858796875 0.4248046875 0.8477797921875 0.4189453125 0.8400584765625 0.4140625015625
0 0.8025549453125 0.39453125 0.798142765625 0.39453125 0.7926275421875 0.3994140609375 0.7926275421875 0.4072265625 0.7970397234375 0.4111328140625 0.8047610359374999 0.4121093765625 0.8091732171875 0.41015625 0.812482353125 0.4033203125 0.8069671265625 0.3964843765625 0.8025549453125 0.39453125
0 0.7606392375000001 0.4160156234375 0.7551240124999999 0.4208984375 0.7573301031249999 0.4287109390625 0.7617422828125 0.4306640609375 0.76725750625 0.4316406234375 0.774978821875 0.4267578140625 0.774978821875 0.4208984375 0.7716696875 0.4160156234375 0.7606392375000001 0.4160156234375
0 0.7231357078125 0.3964843765625 0.719826571875 0.3994140609375 0.719826571875 0.4091796875 0.7220326625 0.4111328140625 0.7319600656249999 0.4121093765625 0.7374752921875001 0.4072265625 0.7374752921875001 0.4013671859375 0.7319600656249999 0.3964843765625 0.7231357078125 0.3964843765625
0 0.6944565359375 0.4121093765625 0.68783826875 0.4121093765625 0.6823230421875001 0.4169921859375 0.6845291328124999 0.4267578140625 0.6889413125 0.4287109390625 0.6944565359375 0.4296874984375 0.6988687171875 0.4277343765625 0.702177853125 0.4228515625 0.6999717624999999 0.4150390609375 0.6944565359375 0.4121093765625
0 0.6448195125 0.3994140609375 0.647025603125 0.4091796875 0.6536438734375001 0.4111328140625 0.6591590968750001 0.41015625 0.664674321875 0.4033203125 0.6591590968750001 0.39453125 0.6503347374999999 0.39453125 0.6448195125 0.3994140609375
0 0.6150372984375 0.4121093765625 0.6095220718750001 0.4169921859375 0.6095220718750001 0.4228515625 0.6139342531249999 0.4267578140625 0.62386165625 0.4277343765625 0.6293768828124999 0.4228515625 0.6293768828124999 0.4169921859375 0.62386165625 0.4121093765625 0.6150372984375 0.4121093765625
0 0.5775337687500001 0.392578125 0.5720185421874999 0.3955078140625 0.5720185421874999 0.4072265625 0.5764307234375 0.4091796875 0.5819459484375 0.41015625 0.5896672625 0.4052734375 0.5896672625 0.3974609390625 0.5841520390625 0.392578125 0.5775337687500001 0.392578125
0 0.364646084375 0.0654296875 0.364646084375 0.07128906093750001 0.369058265625 0.0751953125 0.37677957812499996 0.076171875 0.3822948046875 0.07128906093750001 0.381191759375 0.0625 0.37016131093750004 0.060546875 0.364646084375 0.0654296875
0 0.2918451140625 0.0634765625 0.2918451140625 0.06933593906249999 0.2962572953125 0.07324218593750001 0.30618469843749996 0.07421875 0.309493834375 0.07128906093750001 0.3083907890625 0.060546875 0.297360340625 0.05859375 0.2918451140625 0.0634765625
0 0.2267654609375 0.05859375 0.2190441453125 0.0634765625 0.22125023437500002 0.07324218593750001 0.225662415625 0.0751953125 0.23117764218749998 0.076171875 0.23669286406249998 0.07128906093750001 0.23669286406249998 0.0634765625 0.23117764218749998 0.05859375 0.2267654609375 0.05859375
0 0.148449265625 0.0634765625 0.148449265625 0.07128906093750001 0.1528614453125 0.0751953125 0.15837667187499999 0.076171875 0.166097984375 0.07128906093750001 0.166097984375 0.0634765625 0.15837667187499999 0.05859375 0.148449265625 0.0634765625
0 0.0811635203125 0.0566406234375 0.0756482953125 0.0615234375 0.0756482953125 0.06933593906249999 0.082266565625 0.07324218593750001 0.0877817921875 0.07421875 0.09329701562500001 0.06933593906249999 0.09329701562500001 0.0615234375 0.0855757015625 0.0566406234375 0.0811635203125 0.0566406234375
0 0.40214961406249994 0.0810546875 0.40214961406249994 0.0908203125 0.4065617953125 0.0927734375 0.4142831078125 0.09375 0.41979833437499997 0.08691406093750001 0.41759224375 0.0791015625 0.41207701874999997 0.076171875 0.40214961406249994 0.0810546875
0 0.3348638703125 0.076171875 0.32714255468750003 0.08300781406249999 0.32934864531249997 0.08886718593750001 0.33376082500000004 0.0927734375 0.33927604843750003 0.09375 0.3447912734375 0.08886718593750001 0.3447912734375 0.0810546875 0.33927604843750003 0.076171875 0.3348638703125 0.076171875
0 0.25765072031249997 0.078125 0.254341584375 0.08300781406249999 0.25654767500000003 0.08886718593750001 0.26316594531250004 0.0927734375 0.26647508124999997 0.09375 0.27088725937499997 0.091796875 0.2741963953125 0.08496093906249999 0.26647508124999997 0.076171875 0.25765072031249997 0.078125
0 0.18926193125 0.076171875 0.1837467046875 0.0810546875 0.1837467046875 0.08886718593750001 0.18815888593750002 0.0927734375 0.1958802015625 0.09375 0.201395425 0.08886718593750001 0.199189334375 0.0791015625 0.1936741109375 0.076171875 0.18926193125 0.076171875
0 0.11866705156249999 0.076171875 0.11315182500000001 0.0791015625 0.115357915625 0.0908203125 0.12528532187500002 0.091796875 0.1285944546875 0.08886718593750001 0.13080054531250002 0.08300781406249999 0.12528532187500002 0.076171875 0.11866705156249999 0.076171875
0 0.07895743125 0.095703125 0.0756482953125 0.09863281406249999 0.0756482953125 0.1083984375 0.0778543859375 0.1103515625 0.0877817921875 0.111328125 0.091090928125 0.1083984375 0.09329701562500001 0.10253906093750001 0.0877817921875 0.095703125 0.07895743125 0.095703125
0 0.15175840000000002 0.09765625 0.148449265625 0.10253906093750001 0.1528614453125 0.1103515625 0.1605827625 0.111328125 0.166097984375 0.1064453125 0.166097984375 0.10058593906249999 0.15837667187499999 0.095703125 0.15175840000000002 0.09765625
0 0.22125023437500002 0.0966796875 0.2190441453125 0.1064453125 0.22345632499999998 0.1103515625 0.23117764218749998 0.111328125 0.23669286406249998 0.1064453125 0.2388989546875 0.10253906093750001 0.2333837296875 0.095703125 0.22125023437500002 0.0966796875
0 0.297360340625 0.09765625 0.2918451140625 0.10253906093750001 0.2918451140625 0.1064453125 0.2962572953125 0.1123046875 0.3039786078125 0.11328125 0.309493834375 0.1083984375 0.309493834375 0.10253906093750001 0.3039786078125 0.09765625 0.297360340625 0.09765625
0 0.364646084375 0.10058593906249999 0.364646084375 0.1083984375 0.366852175 0.1103515625 0.37677957812499996 0.111328125 0.3822948046875 0.1064453125 0.37898566875 0.09765625 0.37016131093750004 0.095703125 0.364646084375 0.10058593906249999
0 0.40545875000000003 0.11523437656249999 0.40214961406249994 0.11816406093750001 0.40214961406249994 0.1279296875 0.4043557046875 0.1298828140625 0.41207701874999997 0.1308593765625 0.41759224375 0.1259765625 0.41979833437499997 0.1220703125 0.4142831078125 0.11523437656249999 0.40545875000000003 0.11523437656249999
0 0.3326577796875 0.11523437656249999 0.32714255468750003 0.12011718593750001 0.32934864531249997 0.1279296875 0.33376082500000004 0.1298828140625 0.33706996093749997 0.1308593765625 0.3447912734375 0.1259765625 0.3447912734375 0.11816406093750001 0.34148213906249997 0.11523437656249999 0.3326577796875 0.11523437656249999
0 0.25654767500000003 0.11816406093750001 0.25654767500000003 0.1259765625 0.25875376562499997 0.1279296875 0.26868116875000003 0.12890625 0.2741963953125 0.1240234375 0.27088725937499997 0.11523437656249999 0.26426899062500003 0.11328125 0.25654767500000003 0.11816406093750001
0 0.18926193125 0.11328125 0.1837467046875 0.11621093906249999 0.1837467046875 0.1259765625 0.1859527953125 0.1279296875 0.1958802015625 0.12890625 0.201395425 0.1259765625 0.201395425 0.11816406093750001 0.1958802015625 0.11328125 0.18926193125 0.11328125
0 0.110945734375 0.11621093906249999 0.110945734375 0.1259765625 0.115357915625 0.1298828140625 0.12307923125 0.1308593765625 0.1285944546875 0.1259765625 0.1285944546875 0.11816406093750001 0.1208731421875 0.11328125 0.110945734375 0.11621093906249999
0 0.0756482953125 0.1357421859375 0.0756482953125 0.1435546875 0.08006047656250001 0.1474609390625 0.0877817921875 0.1484374984375 0.09329701562500001 0.1435546875 0.09329701562500001 0.1357421859375 0.0855757015625 0.1308593765625 0.0756482953125 0.1357421859375
0 0.148449265625 0.1337890609375 0.146243175 0.1435546875 0.1506553546875 0.1474609390625 0.1605827625 0.1484374984375 0.16389189531249998 0.1455078140625 0.166097984375 0.1376953125 0.16278885 0.1328125015625 0.148449265625 0.1337890609375
0 0.22125023437500002 0.1337890609375 0.2190441453125 0.1455078140625 0.22125023437500002 0.1474609390625 0.23117764218749998 0.1484374984375 0.23669286406249998 0.1435546875 0.23669286406249998 0.1376953125 0.2333837296875 0.1328125015625 0.22125023437500002 0.1337890609375
0 0.29515425 0.1328125015625 0.2918451140625 0.1357421859375 0.2918451140625 0.1455078140625 0.2940512046875 0.1474609390625 0.3039786078125 0.1484374984375 0.309493834375 0.1435546875 0.309493834375 0.1376953125 0.3039786078125 0.1328125015625 0.29515425 0.1328125015625
0 0.3679552203125 0.1328125015625 0.36243999374999997 0.1396484375 0.364646084375 0.1474609390625 0.37677957812499996 0.1484374984375 0.3822948046875 0.1416015625 0.3800887140625 0.1357421859375 0.3745734875 0.1328125015625 0.3679552203125 0.1328125015625
0 0.40214961406249994 0.1552734375 0.40214961406249994 0.1650390609375 0.4065617953125 0.1689453125 0.41207701874999997 0.169921875 0.41979833437499997 0.1611328140625 0.41759224375 0.1533203125 0.41207701874999997 0.1503906234375 0.40214961406249994 0.1552734375
0 0.32934864531249997 0.1552734375 0.32934864531249997 0.1630859390625 0.33376082500000004 0.1669921859375 0.34148213906249997 0.16796875 0.34699736406250004 0.1611328140625 0.3447912734375 0.1533203125 0.33927604843750003 0.1503906234375 0.32934864531249997 0.1552734375
0 0.2598568109375 0.1503906234375 0.25654767500000003 0.1533203125 0.25654767500000003 0.1630859390625 0.25875376562499997 0.1650390609375 0.26868116875000003 0.1660156234375 0.27199030468749996 0.1630859390625 0.2741963953125 0.1552734375 0.26868116875000003 0.1503906234375 0.2598568109375 0.1503906234375
0 0.1837467046875 0.1552734375 0.1837467046875 0.1650390609375 0.18815888593750002 0.1669921859375 0.1958802015625 0.16796875 0.201395425 0.1630859390625 0.201395425 0.1572265625 0.19146802031250001 0.1503906234375 0.1837467046875 0.1552734375
0 0.11866705156249999 0.1484374984375 0.110945734375 0.1533203125 0.110945734375 0.1611328140625 0.115357915625 0.1650390609375 0.12528532187500002 0.1660156234375 0.1285944546875 0.1630859390625 0.13080054531250002 0.1572265625 0.127491409375 0.1503906234375 0.11866705156249999 0.1484374984375
0 0.07895743125 0.169921875 0.0756482953125 0.1728515625 0.0756482953125 0.1806640609375 0.08006047656250001 0.1845703125 0.0877817921875 0.185546875 0.09329701562500001 0.1806640609375 0.09329701562500001 0.1728515625 0.0899878828125 0.169921875 0.07895743125 0.169921875
0 0.153964490625 0.16796875 0.146243175 0.1728515625 0.146243175 0.1806640609375 0.1528614453125 0.1845703125 0.15617058125 0.185546875 0.16389189531249998 0.1806640609375 0.16389189531249998 0.1728515625 0.15837667187499999 0.16796875 0.153964490625 0.16796875
0 0.2245593703125 0.16796875 0.2190441453125 0.1728515625 0.2190441453125 0.1806640609375 0.22345632499999998 0.1845703125 0.23117764218749998 0.185546875 0.23669286406249998 0.1806640609375 0.23669286406249998 0.1728515625 0.23117764218749998 0.16796875 0.2245593703125 0.16796875
0 0.29515425 0.169921875 0.2918451140625 0.1728515625 0.2918451140625 0.1806640609375 0.2962572953125 0.1845703125 0.3017725203125 0.185546875 0.309493834375 0.1806640609375 0.309493834375 0.1728515625 0.30618469843749996 0.169921875 0.29515425 0.169921875
0 0.36243999374999997 0.1767578140625 0.364646084375 0.1845703125 0.369058265625 0.1865234375 0.3745734875 0.1875 0.3800887140625 0.1845703125 0.37898566875 0.171875 0.37016131093750004 0.169921875 0.36243999374999997 0.1767578140625
0 0.3999435234375 0.1943359390625 0.40214961406249994 0.2021484375 0.4065617953125 0.2041015625 0.41207701874999997 0.205078125 0.41979833437499997 0.1962890609375 0.4142831078125 0.189453125 0.403252659375 0.189453125 0.3999435234375 0.1943359390625
0 0.32934864531249997 0.1923828140625 0.32934864531249997 0.2001953125 0.33376082500000004 0.2041015625 0.33927604843750003 0.205078125 0.34699736406250004 0.1962890609375 0.34148213906249997 0.189453125 0.3326577796875 0.189453125 0.32934864531249997 0.1923828140625
0 0.2598568109375 0.1875 0.254341584375 0.1923828140625 0.254341584375 0.2001953125 0.25875376562499997 0.2041015625 0.26426899062500003 0.205078125 0.27199030468749996 0.2001953125 0.27199030468749996 0.1923828140625 0.26647508124999997 0.1875 0.2598568109375 0.1875
0 0.19146802031250001 0.1875 0.18484974999999998 0.189453125 0.1815406140625 0.1943359390625 0.1837467046875 0.2021484375 0.18815888593750002 0.2041015625 0.1936741109375 0.205078125 0.1980862890625 0.203125 0.201395425 0.1962890609375 0.1958802015625 0.189453125 0.19146802031250001 0.1875
0 0.1164609609375 0.1875 0.110945734375 0.1923828140625 0.1087396453125 0.1962890609375 0.110945734375 0.2021484375 0.115357915625 0.2041015625 0.12307923125 0.205078125 0.13080054531250002 0.1982421859375 0.13080054531250002 0.1943359390625 0.12528532187500002 0.1875 0.1164609609375 0.1875
0 0.0756482953125 0.2060546875 0.0734422046875 0.2158203125 0.0778543859375 0.2197265625 0.0877817921875 0.220703125 0.091090928125 0.2177734375 0.091090928125 0.2080078140625 0.0877817921875 0.205078125 0.0756482953125 0.2060546875
0 0.15175840000000002 0.20703125 0.146243175 0.2119140609375 0.146243175 0.2197265625 0.148449265625 0.2216796875 0.15837667187499999 0.22265625 0.16389189531249998 0.2177734375 0.16389189531249998 0.2119140609375 0.15837667187499999 0.20703125 0.15175840000000002 0.20703125
0 0.2245593703125 0.205078125 0.2190441453125 0.2099609390625 0.2190441453125 0.2177734375 0.22125023437500002 0.2197265625 0.23117764218749998 0.220703125 0.23669286406249998 0.2158203125 0.23669286406249998 0.2099609390625 0.23117764218749998 0.205078125 0.2245593703125 0.205078125
0 0.3017725203125 0.205078125 0.2918451140625 0.2099609390625 0.2918451140625 0.2177734375 0.2962572953125 0.2216796875 0.3017725203125 0.22265625 0.30618469843749996 0.220703125 0.309493834375 0.2158203125 0.30728774375 0.2080078140625 0.3017725203125 0.205078125
0 0.37677957812499996 0.20703125 0.3679552203125 0.20703125 0.36243999374999997 0.2138671859375 0.364646084375 0.2197265625 0.369058265625 0.2216796875 0.3745734875 0.22265625 0.37898566875 0.220703125 0.3822948046875 0.2158203125 0.3822948046875 0.2119140609375 0.37677957812499996 0.20703125
0 0.40214961406249994 0.2275390609375 0.3999435234375 0.2333984375 0.4065617953125 0.2412109390625 0.4164891984375 0.2402343765625 0.41979833437499997 0.2333984375 0.4142831078125 0.2265625015625 0.409870928125 0.2246093765625 0.40214961406249994 0.2275390609375
0 0.32714255468750003 0.2314453125 0.32934864531249997 0.2392578140625 0.33376082500000004 0.2412109390625 0.33927604843750003 0.2421874984375 0.34699736406250004 0.2333984375 0.34148213906249997 0.2265625015625 0.3304516890625 0.2265625015625 0.32714255468750003 0.2314453125
0 0.25654767500000003 0.2275390609375 0.254341584375 0.2373046875 0.25875376562499997 0.2412109390625 0.26647508124999997 0.2421874984375 0.27199030468749996 0.2373046875 0.2741963953125 0.2333984375 0.26868116875000003 0.2265625015625 0.25654767500000003 0.2275390609375
0 0.18926193125 0.2246093765625 0.1837467046875 0.2294921859375 0.1837467046875 0.2373046875 0.1859527953125 0.2392578140625 0.1980862890625 0.2402343765625 0.201395425 0.2373046875 0.201395425 0.2294921859375 0.1936741109375 0.2246093765625 0.18926193125 0.2246093765625
0 0.11425487031249999 0.2246093765625 0.110945734375 0.2275390609375 0.110945734375 0.2353515625 0.11756400625 0.2392578140625 0.12307923125 0.2402343765625 0.1285944546875 0.2353515625 0.1285944546875 0.2294921859375 0.12307923125 0.2246093765625 0.11425487031249999 0.2246093765625
0 0.07895743125 0.2421874984375 0.0734422046875 0.2470703125 0.0756482953125 0.2568359390625 0.08006047656250001 0.2587890609375 0.0855757015625 0.2597656234375 0.09329701562500001 0.2529296875 0.09329701562500001 0.2490234375 0.0877817921875 0.2421874984375 0.07895743125 0.2421874984375
0 0.14955231093750002 0.2421874984375 0.146243175 0.2451171859375 0.146243175 0.2548828140625 0.148449265625 0.2568359390625 0.15837667187499999 0.2578125015625 0.16389189531249998 0.2529296875 0.16389189531249998 0.2470703125 0.15837667187499999 0.2421874984375 0.14955231093750002 0.2421874984375
0 0.22014718906250003 0.2441406234375 0.2168380546875 0.2490234375 0.2168380546875 0.2529296875 0.22125023437500002 0.2587890609375 0.22897155156250001 0.2597656234375 0.23448677343750002 0.2548828140625 0.23448677343750002 0.2470703125 0.22897155156250001 0.2421874984375 0.22014718906250003 0.2441406234375
0 0.3039786078125 0.2421874984375 0.29515425 0.2421874984375 0.2918451140625 0.2451171859375 0.2918451140625 0.2568359390625 0.2962572953125 0.2587890609375 0.3017725203125 0.2597656234375 0.30618469843749996 0.2578125015625 0.309493834375 0.2529296875 0.309493834375 0.2490234375 0.3039786078125 0.2421874984375
0 0.3657491296875 0.2441406234375 0.36243999374999997 0.2509765625 0.364646084375 0.2568359390625 0.369058265625 0.2587890609375 0.37677957812499996 0.2597656234375 0.3822948046875 0.2529296875 0.3822948046875 0.2490234375 0.3745734875 0.2421874984375 0.3657491296875 0.2441406234375
0 0.403252659375 0.263671875 0.3999435234375 0.2666015625 0.3999435234375 0.2744140609375 0.4043557046875 0.2783203125 0.41207701874999997 0.279296875 0.41759224375 0.2724609390625 0.41759224375 0.2685546875 0.41207701874999997 0.263671875 0.403252659375 0.263671875
0 0.33706996093749997 0.26171875 0.3326577796875 0.26171875 0.3249364640625 0.2666015625 0.32714255468750003 0.2763671859375 0.331554734375 0.2783203125 0.33706996093749997 0.279296875 0.34148213906249997 0.27734375 0.3447912734375 0.2724609390625 0.34258518437499996 0.2646484375 0.33706996093749997 0.26171875
0 0.25654767500000003 0.2626953125 0.254341584375 0.2724609390625 0.25875376562499997 0.2763671859375 0.26647508124999997 0.27734375 0.27199030468749996 0.2724609390625 0.27199030468749996 0.2666015625 0.26868116875000003 0.26171875 0.25654767500000003 0.2626953125
0 0.187055840625 0.26171875 0.1815406140625 0.2666015625 0.1815406140625 0.2705078140625 0.1859527953125 0.2763671859375 0.1958802015625 0.27734375 0.199189334375 0.2744140609375 0.199189334375 0.2646484375 0.1958802015625 0.26171875 0.187055840625 0.26171875
0 0.11425487031249999 0.26171875 0.110945734375 0.2646484375 0.110945734375 0.2744140609375 0.11315182500000001 0.2763671859375 0.12307923125 0.27734375 0.1285944546875 0.2724609390625 0.1285944546875 0.2685546875 0.12307923125 0.26171875 0.11425487031249999 0.26171875
0 0.076751340625 0.279296875 0.0712361171875 0.2841796875 0.0734422046875 0.2939453125 0.0855757015625 0.294921875 0.091090928125 0.2880859390625 0.091090928125 0.2841796875 0.0855757015625 0.279296875 0.076751340625 0.279296875
0 0.15175840000000002 0.279296875 0.146243175 0.2841796875 0.146243175 0.2919921859375 0.1528614453125 0.2958984375 0.15617058125 0.296875 0.16389189531249998 0.2919921859375 0.16389189531249998 0.2841796875 0.15837667187499999 0.279296875 0.15175840000000002 0.279296875
0 0.2223532796875 0.28125 0.2168380546875 0.2861328140625 0.2168380546875 0.2919921859375 0.22125023437500002 0.2958984375 0.23117764218749998 0.296875 0.23669286406249998 0.2919921859375 0.23669286406249998 0.2880859390625 0.23117764218749998 0.28125 0.2223532796875 0.28125
0 0.29515425 0.279296875 0.28963902343750003 0.2861328140625 0.2940512046875 0.2939453125 0.3039786078125 0.294921875 0.30728774375 0.2919921859375 0.30728774375 0.2841796875 0.3017725203125 0.279296875 0.29515425 0.279296875
0 0.3679552203125 0.279296875 0.36243999374999997 0.2841796875 0.36243999374999997 0.2919921859375 0.366852175 0.2958984375 0.3745734875 0.296875 0.3800887140625 0.2919921859375 0.3800887140625 0.2841796875 0.3723674 0.279296875 0.3679552203125 0.279296875
0 0.3999435234375 0.3017578140625 0.3999435234375 0.3115234375 0.40214961406249994 0.3134765625 0.41207701874999997 0.314453125 0.41538615312499994 0.3115234375 0.4142831078125 0.30078125 0.40545875000000003 0.298828125 0.3999435234375 0.3017578140625
0 0.32714255468750003 0.3037109390625 0.32714255468750003 0.3134765625 0.331554734375 0.3154296875 0.33706996093749997 0.31640625 0.3447912734375 0.3115234375 0.3447912734375 0.3056640609375 0.3348638703125 0.298828125 0.32714255468750003 0.3037109390625
0 0.25765072031249997 0.298828125 0.254341584375 0.3017578140625 0.25213549375 0.3056640609375 0.25875376562499997 0.3134765625 0.26647508124999997 0.314453125 0.27199030468749996 0.3095703125 0.27199030468749996 0.3017578140625 0.26868116875000003 0.298828125 0.25765072031249997 0.298828125
0 0.1815406140625 0.3017578140625 0.1837467046875 0.3115234375 0.18815888593750002 0.3134765625 0.1936741109375 0.314453125 0.199189334375 0.3095703125 0.199189334375 0.3017578140625 0.19146802031250001 0.296875 0.1815406140625 0.3017578140625
0 0.110945734375 0.3017578140625 0.110945734375 0.3095703125 0.11315182500000001 0.3115234375 0.12307923125 0.3125 0.1263883671875 0.3095703125 0.12528532187500002 0.298828125 0.11425487031249999 0.298828125 0.110945734375 0.3017578140625
0 0.076751340625 0.31640625 0.0712361171875 0.3193359390625 0.0712361171875 0.3271484375 0.0756482953125 0.3310546875 0.0855757015625 0.33203125 0.08888483750000001 0.3291015625 0.08888483750000001 0.3193359390625 0.0855757015625 0.31640625 0.076751340625 0.31640625
0 0.15175840000000002 0.31640625 0.146243175 0.3212890609375 0.146243175 0.3291015625 0.1506553546875 0.3330078140625 0.15837667187499999 0.3339843765625 0.16389189531249998 0.3291015625 0.16389189531249998 0.3212890609375 0.15837667187499999 0.31640625 0.15175840000000002 0.31640625
0 0.22897155156250001 0.31640625 0.2245593703125 0.31640625 0.2190441453125 0.3212890609375 0.2190441453125 0.3291015625 0.22345632499999998 0.3330078140625 0.22897155156250001 0.3339843765625 0.2333837296875 0.33203125 0.23669286406249998 0.3251953125 0.23448677343750002 0.3193359390625 0.22897155156250001 0.31640625
0 0.29515425 0.31640625 0.28963902343750003 0.3212890609375 0.28963902343750003 0.3310546875 0.2918451140625 0.3330078140625 0.3017725203125 0.3339843765625 0.30728774375 0.3291015625 0.30728774375 0.3212890609375 0.3039786078125 0.3183593765625 0.29515425 0.31640625
0 0.3657491296875 0.3183593765625 0.36023390312500003 0.3251953125 0.36243999374999997 0.3310546875 0.366852175 0.3330078140625 0.3745734875 0.3339843765625 0.3800887140625 0.3291015625 0.3778826234375 0.3193359390625 0.3723674 0.31640625 0.3657491296875 0.3183593765625
0 0.403252659375 0.3359374984375 0.39773743437500003 0.3427734375 0.39773743437500003 0.3466796875 0.40214961406249994 0.3505859390625 0.41207701874999997 0.3515625015625 0.41538615312499994 0.3486328140625 0.41538615312499994 0.3408203125 0.409870928125 0.3359374984375 0.403252659375 0.3359374984375
0 0.32714255468750003 0.3408203125 0.32714255468750003 0.3486328140625 0.32934864531249997 0.3505859390625 0.34258518437499996 0.3505859390625 0.3447912734375 0.3408203125 0.33927604843750003 0.3359374984375 0.3326577796875 0.3359374984375 0.32714255468750003 0.3408203125
0 0.26647508124999997 0.3359374984375 0.25765072031249997 0.3359374984375 0.25213549375 0.3427734375 0.254341584375 0.3486328140625 0.25875376562499997 0.3505859390625 0.26426899062500003 0.3515625015625 0.26868116875000003 0.3496093765625 0.27199030468749996 0.3447265625 0.27199030468749996 0.3408203125 0.26647508124999997 0.3359374984375
0 0.187055840625 0.3359374984375 0.1815406140625 0.3388671859375 0.1815406140625 0.3486328140625 0.1837467046875 0.3505859390625 0.1958802015625 0.3515625015625 0.199189334375 0.3486328140625 0.199189334375 0.3388671859375 0.1958802015625 0.3359374984375 0.187055840625 0.3359374984375
0 0.1120487796875 0.3359374984375 0.1087396453125 0.3388671859375 0.1087396453125 0.3466796875 0.110945734375 0.3486328140625 0.12307923125 0.3496093765625 0.1263883671875 0.3466796875 0.1263883671875 0.3369140609375 0.11866705156249999 0.3339843765625 0.1120487796875 0.3359374984375
0 0.0833696109375 0.3515625015625 0.07895743125 0.3515625015625 0.0712361171875 0.3564453125 0.0712361171875 0.3642578140625 0.0778543859375 0.3681640609375 0.0833696109375 0.3691406234375 0.0877817921875 0.3671874984375 0.091090928125 0.3623046875 0.08888483750000001 0.3564453125 0.0833696109375 0.3515625015625
0 0.14955231093750002 0.3535156234375 0.144037084375 0.3583984375 0.144037084375 0.3623046875 0.148449265625 0.3681640609375 0.15837667187499999 0.3691406234375 0.1616858078125 0.3662109390625 0.16389189531249998 0.3603515625 0.15837667187499999 0.3535156234375 0.14955231093750002 0.3535156234375
0 0.2223532796875 0.3535156234375 0.2168380546875 0.3603515625 0.2168380546875 0.3642578140625 0.22345632499999998 0.3701171859375 0.22897155156250001 0.37109375 0.23669286406249998 0.3642578140625 0.23669286406249998 0.3603515625 0.23117764218749998 0.3535156234375 0.2223532796875 0.3535156234375
0 0.29294815937499996 0.3535156234375 0.28963902343750003 0.3564453125 0.28963902343750003 0.3662109390625 0.2918451140625 0.3681640609375 0.3039786078125 0.3691406234375 0.30728774375 0.3662109390625 0.30728774375 0.3564453125 0.3039786078125 0.3535156234375 0.29294815937499996 0.3535156234375
0 0.3679552203125 0.3535156234375 0.36243999374999997 0.3564453125 0.36243999374999997 0.3662109390625 0.369058265625 0.3701171859375 0.3723674 0.37109375 0.3800887140625 0.3662109390625 0.3800887140625 0.3583984375 0.3745734875 0.3535156234375 0.3679552203125 0.3535156234375
0 0.40545875000000003 0.373046875 0.3999435234375 0.3779296875 0.3999435234375 0.3857421859375 0.4043557046875 0.3896484375 0.409870928125 0.390625 0.41759224375 0.3857421859375 0.41979833437499997 0.3818359390625 0.4164891984375 0.375 0.40545875000000003 0.373046875
0 0.3304516890625 0.373046875 0.32714255468750003 0.3759765625 0.32714255468750003 0.3857421859375 0.33376082500000004 0.3896484375 0.34148213906249997 0.388671875 0.3447912734375 0.3857421859375 0.3447912734375 0.3779296875 0.33927604843750003 0.373046875 0.3304516890625 0.373046875
0 0.2620629 0.37109375 0.25544462968750004 0.373046875 0.25213549375 0.3779296875 0.25213549375 0.3837890609375 0.25654767500000003 0.3876953125 0.26426899062500003 0.388671875 0.2697842140625 0.3857421859375 0.27199030468749996 0.3818359390625 0.27199030468749996 0.3779296875 0.2620629 0.37109375
0 0.18484974999999998 0.373046875 0.1793345234375 0.3779296875 0.1793345234375 0.3837890609375 0.18815888593750002 0.3896484375 0.1958802015625 0.388671875 0.199189334375 0.3857421859375 0.199189334375 0.3779296875 0.1936741109375 0.373046875 0.18484974999999998 0.373046875
0 0.1120487796875 0.373046875 0.1065335578125 0.3798828140625 0.110945734375 0.3876953125 0.11866705156249999 0.388671875 0.1241822765625 0.3837890609375 0.1241822765625 0.3779296875 0.11866705156249999 0.373046875 0.1120487796875 0.373046875
0 0.07895743125 0.388671875 0.0712361171875 0.3935546875 0.0712361171875 0.4013671859375 0.0756482953125 0.4052734375 0.0855757015625 0.40625 0.08888483750000001 0.4033203125 0.091090928125 0.3955078140625 0.0877817921875 0.390625 0.07895743125 0.388671875
0 0.1451401296875 0.392578125 0.144037084375 0.4033203125 0.146243175 0.4052734375 0.15617058125 0.40625 0.1616858078125 0.4013671859375 0.1616858078125 0.3955078140625 0.15837667187499999 0.392578125 0.1451401296875 0.392578125
0 0.2190441453125 0.3955078140625 0.2190441453125 0.4033203125 0.225662415625 0.4072265625 0.23448677343750002 0.4033203125 0.23448677343750002 0.3955078140625 0.23117764218749998 0.392578125 0.2223532796875 0.392578125 0.2190441453125 0.3955078140625
0 0.29515425 0.390625 0.28963902343750003 0.3955078140625 0.28963902343750003 0.4033203125 0.2962572953125 0.4072265625 0.3039786078125 0.40625 0.30728774375 0.4013671859375 0.30728774375 0.3955078140625 0.29956643125000004 0.390625 0.29515425 0.390625
0 0.36243999374999997 0.3935546875 0.36023390312500003 0.3994140609375 0.366852175 0.4072265625 0.3745734875 0.408203125 0.3800887140625 0.4013671859375 0.3800887140625 0.3974609390625 0.37016131093750004 0.390625 0.36243999374999997 0.3935546875
0 0.40104656875 0.4121093765625 0.39773743437500003 0.4169921859375 0.3999435234375 0.4248046875 0.4043557046875 0.4267578140625 0.409870928125 0.4277343765625 0.41538615312499994 0.4228515625 0.41538615312499994 0.4150390609375 0.407664840625 0.41015625 0.40104656875 0.4121093765625
0 0.3304516890625 0.41015625 0.3249364640625 0.4150390609375 0.32714255468750003 0.4248046875 0.33927604843750003 0.42578125 0.34258518437499996 0.4228515625 0.34258518437499996 0.4130859390625 0.33927604843750003 0.41015625 0.3304516890625 0.41015625
0 0.25213549375 0.4150390609375 0.25213549375 0.4228515625 0.25654767500000003 0.4267578140625 0.26426899062500003 0.4277343765625 0.2697842140625 0.4228515625 0.26868116875000003 0.4121093765625 0.25765072031249997 0.41015625 0.25213549375 0.4150390609375
0 0.1815406140625 0.4130859390625 0.1793345234375 0.4189453125 0.1837467046875 0.4248046875 0.196983246875 0.4248046875 0.199189334375 0.4150390609375 0.1936741109375 0.41015625 0.187055840625 0.41015625 0.1815406140625 0.4130859390625
0 0.1065335578125 0.4169921859375 0.1087396453125 0.4248046875 0.11315182500000001 0.4267578140625 0.11866705156249999 0.4277343765625 0.1263883671875 0.4189453125 0.1208731421875 0.41015625 0.1120487796875 0.41015625 0.1065335578125 0.4169921859375
0 0.36354303906249996 0.564453125 0.36023390312500003 0.5712890609375 0.366852175 0.5791015625 0.3745734875 0.580078125 0.3800887140625 0.5771484375 0.3800887140625 0.5693359390625 0.3723674 0.5625 0.36354303906249996 0.564453125
0 0.28963902343750003 0.5634765625 0.287432934375 0.5732421859375 0.2918451140625 0.5771484375 0.3017725203125 0.578125 0.30728774375 0.5732421859375 0.30728774375 0.5673828140625 0.3017725203125 0.5625 0.28963902343750003 0.5634765625
0 0.22014718906250003 0.564453125 0.21463196406249999 0.5712890609375 0.2190441453125 0.5791015625 0.22897155156250001 0.580078125 0.23448677343750002 0.5732421859375 0.23448677343750002 0.5693359390625 0.2267654609375 0.5625 0.22014718906250003 0.564453125
0 0.1451401296875 0.5625 0.141830996875 0.5654296875 0.13962490624999999 0.5712890609375 0.144037084375 0.5771484375 0.15617058125 0.578125 0.1594797171875 0.5751953125 0.1594797171875 0.5654296875 0.15617058125 0.5625 0.1451401296875 0.5625
0 0.10984268906250001 0.58203125 0.1043274671875 0.5869140609375 0.1043274671875 0.5927734375 0.1087396453125 0.5966796875 0.11866705156249999 0.59765625 0.1241822765625 0.5927734375 0.1241822765625 0.5888671859375 0.11866705156249999 0.58203125 0.10984268906250001 0.58203125
0 0.182643659375 0.58203125 0.1793345234375 0.5849609390625 0.1771284375 0.5927734375 0.1815406140625 0.5966796875 0.19146802031250001 0.59765625 0.196983246875 0.5927734375 0.196983246875 0.5869140609375 0.19146802031250001 0.58203125 0.182643659375 0.58203125
0 0.24992940312499998 0.5927734375 0.254341584375 0.5966796875 0.2675781265625 0.5966796875 0.26647508124999997 0.5839843765625 0.2532385390625 0.58203125 0.24992940312499998 0.5849609390625 0.24992940312499998 0.5927734375
0 0.3304516890625 0.580078125 0.3249364640625 0.5849609390625 0.3249364640625 0.5947265625 0.32714255468750003 0.5966796875 0.33706996093749997 0.59765625 0.34258518437499996 0.5927734375 0.34258518437499996 0.5869140609375 0.33927604843750003 0.58203125 0.3304516890625 0.580078125
0 0.3999435234375 0.5849609390625 0.39773743437500003 0.5927734375 0.40214961406249994 0.5986328140625 0.409870928125 0.5996093765625 0.41538615312499994 0.5947265625 0.41538615312499994 0.5869140609375 0.41207701874999997 0.5839843765625 0.3999435234375 0.5849609390625
0 0.3657491296875 0.6015625015625 0.36243999374999997 0.6044921859375 0.36243999374999997 0.6142578140625 0.366852175 0.6162109390625 0.3745734875 0.6171874984375 0.3800887140625 0.6123046875 0.3800887140625 0.6064453125 0.3745734875 0.6015625015625 0.3657491296875 0.6015625015625
0 0.29294815937499996 0.6015625015625 0.287432934375 0.6064453125 0.287432934375 0.6142578140625 0.2940512046875 0.6181640609375 0.297360340625 0.6191406234375 0.305081653125 0.6142578140625 0.305081653125 0.6064453125 0.29956643125000004 0.6015625015625 0.29294815937499996 0.6015625015625
0 0.2179411 0.5996093765625 0.2124258765625 0.6064453125 0.21463196406249999 0.6142578140625 0.22125023437500002 0.6162109390625 0.2267654609375 0.6152343765625 0.2322806875 0.6103515625 0.2322806875 0.6044921859375 0.2267654609375 0.5996093765625 0.2179411 0.5996093765625
0 0.141830996875 0.6044921859375 0.141830996875 0.6123046875 0.148449265625 0.6162109390625 0.153964490625 0.6171874984375 0.1594797171875 0.6123046875 0.1594797171875 0.6044921859375 0.15175840000000002 0.5996093765625 0.141830996875 0.6044921859375
0 0.070133071875 0.6015625015625 0.0668239375 0.6064453125 0.0690300265625 0.6142578140625 0.0734422046875 0.6162109390625 0.0811635203125 0.6171874984375 0.086678746875 0.6123046875 0.086678746875 0.6044921859375 0.07895743125 0.5996093765625 0.070133071875 0.6015625015625
0 0.1065335578125 0.6201171859375 0.1043274671875 0.6318359390625 0.1087396453125 0.6337890609375 0.1164609609375 0.6347656234375 0.12197618750000001 0.6298828140625 0.12197618750000001 0.6240234375 0.11866705156249999 0.6191406234375 0.1065335578125 0.6201171859375
0 0.18484974999999998 0.6191406234375 0.1793345234375 0.6240234375 0.1793345234375 0.6318359390625 0.1815406140625 0.6337890609375 0.1936741109375 0.6347656234375 0.196983246875 0.6318359390625 0.196983246875 0.6240234375 0.18926193125 0.6191406234375 0.18484974999999998 0.6191406234375
0 0.25213549375 0.6220703125 0.25213549375 0.6318359390625 0.254341584375 0.6337890609375 0.2675781265625 0.6337890609375 0.2697842140625 0.6240234375 0.26647508124999997 0.6191406234375 0.25544462968750004 0.6191406234375 0.25213549375 0.6220703125
0 0.32824559999999997 0.6191406234375 0.3227303734375 0.6240234375 0.3249364640625 0.6337890609375 0.33706996093749997 0.6347656234375 0.34037909375000003 0.6318359390625 0.34037909375000003 0.6240234375 0.3348638703125 0.6191406234375 0.32824559999999997 0.6191406234375
0 0.40104656875 0.62109375 0.39773743437500003 0.6240234375 0.39773743437500003 0.6337890609375 0.3999435234375 0.6357421859375 0.41207701874999997 0.63671875 0.41538615312499994 0.6337890609375 0.41538615312499994 0.6259765625 0.409870928125 0.62109375 0.40104656875 0.62109375
0 0.37016131093750004 0.63671875 0.3657491296875 0.63671875 0.36243999374999997 0.6396484375 0.36023390312500003 0.6455078140625 0.36243999374999997 0.6533203125 0.366852175 0.6552734375 0.3723674 0.65625 0.37677957812499996 0.654296875 0.3800887140625 0.6494140609375 0.3800887140625 0.6435546875 0.37016131093750004 0.63671875
0 0.29294815937499996 0.638671875 0.287432934375 0.6435546875 0.287432934375 0.6513671859375 0.2918451140625 0.6552734375 0.29956643125000004 0.65625 0.305081653125 0.6513671859375 0.305081653125 0.6435546875 0.29956643125000004 0.638671875 0.29294815937499996 0.638671875
0 0.22014718906250003 0.63671875 0.21463196406249999 0.6416015625 0.21463196406249999 0.6494140609375 0.22125023437500002 0.6533203125 0.2267654609375 0.654296875 0.2322806875 0.6494140609375 0.2322806875 0.6416015625 0.2267654609375 0.63671875 0.22014718906250003 0.63671875
0 0.1429340421875 0.638671875 0.13962490624999999 0.6435546875 0.13962490624999999 0.6494140609375 0.144037084375 0.6533203125 0.153964490625 0.654296875 0.1594797171875 0.6474609390625 0.1594797171875 0.6435546875 0.15175840000000002 0.63671875 0.1429340421875 0.638671875
0 0.0723391625 0.638671875 0.0668239375 0.6435546875 0.0668239375 0.6474609390625 0.0712361171875 0.6533203125 0.0811635203125 0.654296875 0.08447265625 0.6513671859375 0.086678746875 0.6455078140625 0.0811635203125 0.638671875 0.0723391625 0.638671875
0 0.10984268906250001 0.65625 0.1043274671875 0.6611328140625 0.1043274671875 0.6669921859375 0.1087396453125 0.6708984375 0.11866705156249999 0.671875 0.12197618750000001 0.6689453125 0.12197618750000001 0.6591796875 0.11866705156249999 0.65625 0.10984268906250001 0.65625
0 0.182643659375 0.658203125 0.1771284375 0.6630859390625 0.1771284375 0.6689453125 0.1815406140625 0.6728515625 0.19146802031250001 0.673828125 0.19477715625 0.6708984375 0.19477715625 0.6611328140625 0.19146802031250001 0.658203125 0.182643659375 0.658203125
0 0.25544462968750004 0.658203125 0.25213549375 0.6611328140625 0.24992940312499998 0.6689453125 0.254341584375 0.6728515625 0.26426899062500003 0.673828125 0.2697842140625 0.6689453125 0.2697842140625 0.6650390609375 0.26426899062500003 0.658203125 0.25544462968750004 0.658203125
0 0.32603950937500004 0.658203125 0.3227303734375 0.6611328140625 0.3227303734375 0.6689453125 0.32714255468750003 0.6728515625 0.33706996093749997 0.673828125 0.34037909375000003 0.6708984375 0.34037909375000003 0.6611328140625 0.33706996093749997 0.658203125 0.32603950937500004 0.658203125
0 0.39773743437500003 0.6650390609375 0.39773743437500003 0.6689453125 0.4065617953125 0.6748046875 0.41207701874999997 0.673828125 0.41759224375 0.6669921859375 0.4142831078125 0.66015625 0.403252659375 0.658203125 0.39773743437500003 0.6650390609375
0 0.36354303906249996 0.6777343765625 0.36023390312500003 0.6806640609375 0.36023390312500003 0.6904296875 0.36243999374999997 0.6923828140625 0.3723674 0.6933593765625 0.3778826234375 0.6884765625 0.3778826234375 0.6826171859375 0.3723674 0.6777343765625 0.36354303906249996 0.6777343765625
0 0.29074206875 0.67578125 0.287432934375 0.6787109390625 0.287432934375 0.6884765625 0.2918451140625 0.6904296875 0.29956643125000004 0.69140625 0.305081653125 0.6865234375 0.305081653125 0.6806640609375 0.29956643125000004 0.67578125 0.29074206875 0.67578125
0 0.22014718906250003 0.673828125 0.21463196406249999 0.6787109390625 0.2124258765625 0.6845703125 0.2168380546875 0.6904296875 0.2267654609375 0.69140625 0.2322806875 0.6865234375 0.2322806875 0.6806640609375 0.22897155156250001 0.67578125 0.22014718906250003 0.673828125
0 0.1473462203125 0.673828125 0.13962490624999999 0.6787109390625 0.13962490624999999 0.6865234375 0.144037084375 0.6904296875 0.15175840000000002 0.69140625 0.1572736265625 0.6865234375 0.1572736265625 0.6787109390625 0.15175840000000002 0.673828125 0.1473462203125 0.673828125
0 0.0690300265625 0.6787109390625 0.0690300265625 0.6884765625 0.0734422046875 0.6904296875 0.0811635203125 0.69140625 0.086678746875 0.6845703125 0.086678746875 0.6806640609375 0.076751340625 0.673828125 0.0690300265625 0.6787109390625
0 0.10984268906250001 0.6933593765625 0.1043274671875 0.7001953125 0.1043274671875 0.7041015625 0.1087396453125 0.7099609390625 0.1164609609375 0.7109374984375 0.12197618750000001 0.7060546875 0.12197618750000001 0.6982421859375 0.1164609609375 0.6933593765625 0.10984268906250001 0.6933593765625
0 0.187055840625 0.6933593765625 0.182643659375 0.6933593765625 0.1771284375 0.6982421859375 0.1771284375 0.7060546875 0.1815406140625 0.7099609390625 0.187055840625 0.7109374984375 0.19146802031250001 0.7089843765625 0.19477715625 0.7041015625 0.19477715625 0.7001953125 0.187055840625 0.6933593765625
0 0.25544462968750004 0.6953125015625 0.24992940312499998 0.7001953125 0.25213549375 0.7099609390625 0.25654767500000003 0.7119140609375 0.26426899062500003 0.7128906234375 0.2697842140625 0.7080078140625 0.2675781265625 0.6982421859375 0.2620629 0.6953125015625 0.25544462968750004 0.6953125015625
0 0.33706996093749997 0.6953125015625 0.32824559999999997 0.6953125015625 0.3249364640625 0.6982421859375 0.3249364640625 0.7080078140625 0.331554734375 0.7119140609375 0.3348638703125 0.7128906234375 0.33927604843750003 0.7109374984375 0.3447912734375 0.7021484375 0.34148213906249997 0.6972656234375 0.33706996093749997 0.6953125015625
0 0.409870928125 0.6953125015625 0.40104656875 0.6953125015625 0.39553134375 0.7001953125 0.39773743437500003 0.7099609390625 0.40214961406249994 0.7119140609375 0.407664840625 0.7128906234375 0.41207701874999997 0.7109374984375 0.41538615312499994 0.7060546875 0.41538615312499994 0.7001953125 0.409870928125 0.6953125015625
0 0.3657491296875 0.71484375 0.36023390312500003 0.7197265625 0.36023390312500003 0.7275390609375 0.364646084375 0.7314453125 0.3745734875 0.732421875 0.3778826234375 0.7294921859375 0.3800887140625 0.7216796875 0.37677957812499996 0.716796875 0.3657491296875 0.71484375
0 0.28963902343750003 0.7158203125 0.287432934375 0.7255859390625 0.2918451140625 0.7294921859375 0.29956643125000004 0.73046875 0.305081653125 0.7255859390625 0.305081653125 0.7177734375 0.3017725203125 0.71484375 0.28963902343750003 0.7158203125
0 0.2179411 0.71484375 0.21463196406249999 0.7177734375 0.2168380546875 0.7275390609375 0.22125023437500002 0.7294921859375 0.2245593703125 0.73046875 0.2322806875 0.7255859390625 0.2322806875 0.7177734375 0.22897155156250001 0.71484375 0.2179411 0.71484375
0 0.1473462203125 0.7109374984375 0.13962490624999999 0.7158203125 0.13962490624999999 0.7255859390625 0.141830996875 0.7275390609375 0.153964490625 0.7285156234375 0.1572736265625 0.7255859390625 0.1572736265625 0.7158203125 0.153964490625 0.7128906234375 0.1473462203125 0.7109374984375
0 0.0668239375 0.7158203125 0.0668239375 0.7236328140625 0.0712361171875 0.7275390609375 0.07895743125 0.7285156234375 0.08447265625 0.7236328140625 0.082266565625 0.7138671859375 0.076751340625 0.7109374984375 0.0668239375 0.7158203125
0 0.10763660312500001 0.732421875 0.1043274671875 0.7353515625 0.1043274671875 0.7431640609375 0.1087396453125 0.7470703125 0.1164609609375 0.748046875 0.12197618750000001 0.7431640609375 0.12197618750000001 0.7373046875 0.11866705156249999 0.732421875 0.10763660312500001 0.732421875
0 0.17823148125 0.734375 0.174922346875 0.7392578140625 0.1771284375 0.7470703125 0.1815406140625 0.7490234375 0.187055840625 0.75 0.19257106562499998 0.7470703125 0.19257106562499998 0.7373046875 0.187055840625 0.732421875 0.17823148125 0.734375
0 0.2532385390625 0.734375 0.24992940312499998 0.7392578140625 0.25213549375 0.7470703125 0.25654767500000003 0.7490234375 0.26426899062500003 0.75 0.2697842140625 0.7431640609375 0.2675781265625 0.7353515625 0.2620629 0.732421875 0.2532385390625 0.734375
0 0.32824559999999997 0.732421875 0.3249364640625 0.7353515625 0.3249364640625 0.7451171859375 0.32934864531249997 0.7490234375 0.3348638703125 0.75 0.34258518437499996 0.7451171859375 0.34258518437499996 0.7353515625 0.33927604843750003 0.732421875 0.32824559999999997 0.732421875
0 0.403252659375 0.734375 0.3999435234375 0.7373046875 0.39773743437500003 0.7451171859375 0.40214961406249994 0.7509765625 0.41207701874999997 0.751953125 0.41538615312499994 0.7490234375 0.41759224375 0.7412109390625 0.41207701874999997 0.734375 0.403252659375 0.734375
0 0.3657491296875 0.75390625 0.36023390312500003 0.7607421859375 0.36243999374999997 0.7666015625 0.366852175 0.7685546875 0.3745734875 0.76953125 0.3778826234375 0.7666015625 0.3778826234375 0.7587890609375 0.37016131093750004 0.75390625 0.3657491296875 0.75390625
0 0.287432934375 0.7587890609375 0.287432934375 0.7646484375 0.2940512046875 0.7685546875 0.29956643125000004 0.76953125 0.305081653125 0.7646484375 0.305081653125 0.7568359390625 0.297360340625 0.751953125 0.287432934375 0.7587890609375
0 0.21573500937499998 0.751953125 0.2124258765625 0.7548828140625 0.2124258765625 0.7626953125 0.2168380546875 0.7666015625 0.2267654609375 0.767578125 0.23007459687499998 0.7646484375 0.2322806875 0.7587890609375 0.2267654609375 0.751953125 0.21573500937499998 0.751953125
0 0.1429340421875 0.751953125 0.13962490624999999 0.7548828140625 0.137418815625 0.7607421859375 0.141830996875 0.7666015625 0.15175840000000002 0.767578125 0.1550675359375 0.7646484375 0.1572736265625 0.7568359390625 0.15175840000000002 0.751953125 0.1429340421875 0.751953125
0 0.076751340625 0.75 0.0668239375 0.7568359390625 0.0668239375 0.7626953125 0.0712361171875 0.7666015625 0.07895743125 0.767578125 0.08447265625 0.7646484375 0.08447265625 0.7568359390625 0.0811635203125 0.751953125 0.076751340625 0.75
0 0.10763660312500001 0.76953125 0.1021213765625 0.7744140609375 0.1021213765625 0.7802734375 0.1065335578125 0.7841796875 0.1120487796875 0.78515625 0.119770096875 0.7822265625 0.119770096875 0.7744140609375 0.11425487031249999 0.76953125 0.10763660312500001 0.76953125
0 0.18043756875 0.76953125 0.174922346875 0.7744140609375 0.174922346875 0.7802734375 0.1793345234375 0.7861328140625 0.187055840625 0.7871093765625 0.19257106562499998 0.7841796875 0.19257106562499998 0.7744140609375 0.18926193125 0.76953125 0.18043756875 0.76953125
0 0.2532385390625 0.7714843765625 0.24992940312499998 0.7763671859375 0.25213549375 0.7841796875 0.25654767500000003 0.7861328140625 0.2620629 0.7871093765625 0.2675781265625 0.7841796875 0.2675781265625 0.7744140609375 0.2598568109375 0.76953125 0.2532385390625 0.7714843765625
0 0.3304516890625 0.76953125 0.3249364640625 0.7744140609375 0.3249364640625 0.7822265625 0.32934864531249997 0.7861328140625 0.33706996093749997 0.7871093765625 0.34258518437499996 0.7822265625 0.34258518437499996 0.7744140609375 0.3348638703125 0.76953125 0.3304516890625 0.76953125
0 0.403252659375 0.7714843765625 0.39773743437500003 0.7744140609375 0.39773743437500003 0.7861328140625 0.3999435234375 0.7880859390625 0.409870928125 0.7890625015625 0.41538615312499994 0.7841796875 0.41538615312499994 0.7763671859375 0.41207701874999997 0.7734374984375 0.403252659375 0.7714843765625
0 0.36023390312500003 0.7958984375 0.36023390312500003 0.8037109390625 0.366852175 0.8076171859375 0.37016131093750004 0.80859375 0.3778826234375 0.8037109390625 0.3778826234375 0.7958984375 0.37016131093750004 0.7910156234375 0.36023390312500003 0.7958984375
0 0.29294815937499996 0.7890625015625 0.28522684374999996 0.7939453125 0.28522684374999996 0.8017578140625 0.28963902343750003 0.8056640609375 0.29956643125000004 0.8066406234375 0.302875565625 0.8037109390625 0.305081653125 0.7978515625 0.3017725203125 0.7910156234375 0.29294815937499996 0.7890625015625
0 0.21463196406249999 0.7919921859375 0.2124258765625 0.7958984375 0.2168380546875 0.8037109390625 0.23007459687499998 0.8037109390625 0.2322806875 0.7958984375 0.2267654609375 0.7890625015625 0.2179411 0.7890625015625 0.21463196406249999 0.7919921859375
0 0.1473462203125 0.7890625015625 0.13962490624999999 0.7939453125 0.13962490624999999 0.8017578140625 0.141830996875 0.8037109390625 0.153964490625 0.8046874984375 0.1594797171875 0.7998046875 0.1594797171875 0.7958984375 0.153964490625 0.7890625015625 0.1473462203125 0.7890625015625
0 0.070133071875 0.7890625015625 0.064617846875 0.7958984375 0.0668239375 0.8037109390625 0.0712361171875 0.8056640609375 0.0811635203125 0.8046874984375 0.08447265625 0.8017578140625 0.08447265625 0.7939453125 0.07895743125 0.7890625015625 0.070133071875 0.7890625015625
0 0.10984268906250001 0.8066406234375 0.1021213765625 0.8115234375 0.1021213765625 0.8193359390625 0.1087396453125 0.8232421859375 0.1120487796875 0.82421875 0.119770096875 0.8193359390625 0.119770096875 0.8115234375 0.11425487031249999 0.8066406234375 0.10984268906250001 0.8066406234375
0 0.18043756875 0.80859375 0.1771284375 0.8115234375 0.1771284375 0.8212890609375 0.1815406140625 0.8232421859375 0.18926193125 0.82421875 0.19477715625 0.8193359390625 0.19477715625 0.8154296875 0.18926193125 0.80859375 0.18043756875 0.80859375
0 0.25544462968750004 0.80859375 0.24992940312499998 0.8115234375 0.24992940312499998 0.8193359390625 0.254341584375 0.8232421859375 0.26426899062500003 0.82421875 0.2675781265625 0.8212890609375 0.2697842140625 0.8154296875 0.26426899062500003 0.80859375 0.25544462968750004 0.80859375
0 0.3304516890625 0.80859375 0.3227303734375 0.8154296875 0.3227303734375 0.8232421859375 0.3249364640625 0.8251953125 0.33706996093749997 0.826171875 0.34037909375000003 0.8232421859375 0.34258518437499996 0.8173828140625 0.3348638703125 0.80859375 0.3304516890625 0.80859375
0 0.40104656875 0.810546875 0.39773743437500003 0.8134765625 0.3999435234375 0.8251953125 0.41207701874999997 0.826171875 0.41538615312499994 0.8232421859375 0.41759224375 0.8173828140625 0.41207701874999997 0.810546875 0.40104656875 0.810546875
0 0.36023390312500003 0.8408203125 0.364646084375 0.8447265625 0.3778826234375 0.8447265625 0.3800887140625 0.8369140609375 0.3745734875 0.830078125 0.36243999374999997 0.8310546875 0.36023390312500003 0.8408203125
0 0.29956643125000004 0.828125 0.29294815937499996 0.828125 0.287432934375 0.8330078140625 0.287432934375 0.8408203125 0.2940512046875 0.8447265625 0.297360340625 0.845703125 0.3017725203125 0.84375 0.305081653125 0.8388671859375 0.305081653125 0.8330078140625 0.29956643125000004 0.828125
0 0.2223532796875 0.828125 0.2124258765625 0.8330078140625 0.2124258765625 0.8427734375 0.2168380546875 0.8447265625 0.2245593703125 0.845703125 0.23007459687499998 0.8427734375 0.2322806875 0.8388671859375 0.23007459687499998 0.8330078140625 0.2223532796875 0.828125
0 0.1429340421875 0.828125 0.137418815625 0.8330078140625 0.13962490624999999 0.8427734375 0.144037084375 0.8447265625 0.15175840000000002 0.845703125 0.1572736265625 0.8408203125 0.1572736265625 0.8330078140625 0.15175840000000002 0.828125 0.1429340421875 0.828125
0 0.06792698124999999 0.828125 0.064617846875 0.8310546875 0.06241175624999999 0.8369140609375 0.0690300265625 0.8447265625 0.07454525 0.845703125 0.082266565625 0.8408203125 0.082266565625 0.8310546875 0.07895743125 0.828125 0.06792698124999999 0.828125
0 0.10984268906250001 0.84375 0.0999152859375 0.8505859390625 0.0999152859375 0.8583984375 0.1043274671875 0.8623046875 0.1164609609375 0.86328125 0.12197618750000001 0.8583984375 0.12197618750000001 0.8525390609375 0.11866705156249999 0.84765625 0.10984268906250001 0.84375
0 0.18926193125 0.84765625 0.18043756875 0.84765625 0.1771284375 0.8505859390625 0.1771284375 0.8603515625 0.1837467046875 0.8642578140625 0.187055840625 0.8652343765625 0.19146802031250001 0.86328125 0.19477715625 0.8583984375 0.19477715625 0.8525390609375 0.18926193125 0.84765625
0 0.25544462968750004 0.84765625 0.24992940312499998 0.8525390609375 0.24992940312499998 0.8623046875 0.254341584375 0.8642578140625 0.2620629 0.8652343765625 0.2675781265625 0.8603515625 0.2675781265625 0.8525390609375 0.2620629 0.84765625 0.25544462968750004 0.84765625
0 0.3304516890625 0.84765625 0.3227303734375 0.8525390609375 0.3227303734375 0.8623046875 0.32934864531249997 0.8662109390625 0.3326577796875 0.8671874984375 0.34037909375000003 0.8623046875 0.34037909375000003 0.8525390609375 0.3348638703125 0.84765625 0.3304516890625 0.84765625
0 0.40104656875 0.84765625 0.39773743437500003 0.8505859390625 0.39553134375 0.8583984375 0.3999435234375 0.8642578140625 0.409870928125 0.8652343765625 0.41538615312499994 0.8603515625 0.41538615312499994 0.8525390609375 0.41207701874999997 0.8496093765625 0.40104656875 0.84765625
0 0.3657491296875 0.8671874984375 0.36023390312500003 0.8720703125 0.36023390312500003 0.8779296875 0.364646084375 0.8818359390625 0.3723674 0.8828125015625 0.3778826234375 0.8798828140625 0.3778826234375 0.8701171859375 0.3745734875 0.8671874984375 0.3657491296875 0.8671874984375
0 0.29294815937499996 0.8652343765625 0.287432934375 0.8701171859375 0.287432934375 0.8779296875 0.2918451140625 0.8818359390625 0.29956643125000004 0.8828125015625 0.305081653125 0.8779296875 0.305081653125 0.8701171859375 0.29956643125000004 0.8652343765625 0.29294815937499996 0.8652343765625
0 0.21573500937499998 0.8652343765625 0.2124258765625 0.8681640609375 0.2102197859375 0.8759765625 0.21463196406249999 0.8818359390625 0.2245593703125 0.8828125015625 0.23007459687499998 0.8779296875 0.23007459687499998 0.8701171859375 0.2245593703125 0.8652343765625 0.21573500937499998 0.8652343765625
0 0.13962490624999999 0.8681640609375 0.137418815625 0.8779296875 0.141830996875 0.8818359390625 0.15175840000000002 0.8828125015625 0.1572736265625 0.8779296875 0.1572736265625 0.8720703125 0.15175840000000002 0.8671874984375 0.13962490624999999 0.8681640609375
0 0.06792698124999999 0.8671874984375 0.064617846875 0.8701171859375 0.06241175624999999 0.8759765625 0.0668239375 0.8818359390625 0.076751340625 0.8828125015625 0.082266565625 0.8779296875 0.082266565625 0.8720703125 0.07895743125 0.8671874984375 0.06792698124999999 0.8671874984375
0 0.10543051249999999 0.8847656234375 0.1021213765625 0.8876953125 0.0999152859375 0.8955078140625 0.1043274671875 0.8994140609375 0.11425487031249999 0.9003906234375 0.11756400625 0.8974609390625 0.11756400625 0.8876953125 0.11425487031249999 0.8847656234375 0.10543051249999999 0.8847656234375
0 0.18043756875 0.88671875 0.174922346875 0.8916015625 0.174922346875 0.8974609390625 0.1793345234375 0.9033203125 0.187055840625 0.904296875 0.19477715625 0.8974609390625 0.19257106562499998 0.8896484375 0.18926193125 0.88671875 0.18043756875 0.88671875
0 0.25765072031249997 0.8847656234375 0.2510324484375 0.88671875 0.247723315625 0.8916015625 0.247723315625 0.8955078140625 0.25213549375 0.9013671859375 0.2598568109375 0.90234375 0.2653720359375 0.8994140609375 0.2675781265625 0.8955078140625 0.2653720359375 0.8896484375 0.25765072031249997 0.8847656234375
0 0.3348638703125 0.8847656234375 0.3249364640625 0.8896484375 0.3249364640625 0.9013671859375 0.32714255468750003 0.9033203125 0.3348638703125 0.904296875 0.34037909375000003 0.9013671859375 0.34258518437499996 0.8974609390625 0.34037909375000003 0.8896484375 0.3348638703125 0.8847656234375
0 0.403252659375 0.888671875 0.3999435234375 0.8916015625 0.3999435234375 0.9013671859375 0.40214961406249994 0.9033203125 0.409870928125 0.904296875 0.41538615312499994 0.9013671859375 0.41538615312499994 0.8916015625 0.41207701874999997 0.888671875 0.403252659375 0.888671875
0 0.36023390312500003 0.9130859390625 0.36023390312500003 0.9169921859375 0.36354303906249996 0.921875 0.369058265625 0.9228515625 0.3778826234375 0.9189453125 0.3778826234375 0.9111328140625 0.3723674 0.90625 0.3657491296875 0.90625 0.36023390312500003 0.9130859390625
0 0.297360340625 0.90625 0.29074206875 0.90625 0.28522684374999996 0.9111328140625 0.28522684374999996 0.9189453125 0.2918451140625 0.9228515625 0.297360340625 0.923828125 0.3017725203125 0.921875 0.305081653125 0.9169921859375 0.302875565625 0.9091796875 0.297360340625 0.90625
0 0.2179411 0.90625 0.2124258765625 0.9111328140625 0.2124258765625 0.9169921859375 0.2168380546875 0.9208984375 0.2267654609375 0.921875 0.2322806875 0.9169921859375 0.2322806875 0.9111328140625 0.2267654609375 0.90625 0.2179411 0.90625
0 0.1429340421875 0.90625 0.137418815625 0.9111328140625 0.137418815625 0.9169921859375 0.141830996875 0.9208984375 0.15175840000000002 0.921875 0.1550675359375 0.9189453125 0.1550675359375 0.9111328140625 0.14955231093750002 0.90625 0.1429340421875 0.90625
0 0.0668239375 0.9052734375 0.064617846875 0.9091796875 0.064617846875 0.9169921859375 0.0690300265625 0.9208984375 0.076751340625 0.921875 0.082266565625 0.9169921859375 0.082266565625 0.9072265625 0.0723391625 0.90234375 0.0668239375 0.9052734375
0 0.403252659375 0.92578125 0.39773743437500003 0.9287109390625 0.39553134375 0.9365234375 0.3999435234375 0.9423828140625 0.409870928125 0.9433593765625 0.41318006250000006 0.9404296875 0.41318006250000006 0.9287109390625 0.409870928125 0.92578125 0.403252659375 0.92578125
0 0.32824559999999997 0.92578125 0.3227303734375 0.9287109390625 0.3227303734375 0.9404296875 0.3249364640625 0.9423828140625 0.3348638703125 0.9433593765625 0.33817300625 0.9404296875 0.34037909375000003 0.9306640609375 0.33706996093749997 0.9277343765625 0.32824559999999997 0.92578125
0 0.25544462968750004 0.92578125 0.24992940312499998 0.9306640609375 0.24992940312499998 0.9384765625 0.254341584375 0.9423828140625 0.2598568109375 0.9433593765625 0.2675781265625 0.9384765625 0.2675781265625 0.9306640609375 0.2620629 0.92578125 0.25544462968750004 0.92578125
0 0.18043756875 0.92578125 0.174922346875 0.9287109390625 0.174922346875 0.9384765625 0.1771284375 0.9404296875 0.18926193125 0.94140625 0.19257106562499998 0.9384765625 0.19257106562499998 0.9306640609375 0.187055840625 0.92578125 0.18043756875 0.92578125
0 0.10763660312500001 0.923828125 0.1021213765625 0.9287109390625 0.1021213765625 0.9365234375 0.1065335578125 0.9404296875 0.1120487796875 0.94140625 0.119770096875 0.9365234375 0.119770096875 0.9287109390625 0.1120487796875 0.923828125 0.10763660312500001 0.923828125