0 0.728555984375 0.8153972703125 0.7203025875 0.8116118437500001 0.7011201781249999 0.8159544406249999 0.6915251515625 0.8274319296874999 0.6886076906249999 0.837044353125 0.693452290625 0.8644525234374999 0.705465790625 0.8759853109375 0.71153491875 0.8776738640625 0.7318094609375 0.8743797015625001 0.7437135046875001 0.8568434093749999 0.7449303890625 0.8497361703124999 0.740569484375 0.8269300562499999 0.728555984375 0.8153972703125
0 0.81987291875 0.7499647578124999 0.8289842484375001 0.73388521875 0.8299592828125 0.724476953125 0.8263239234374999 0.7085739171875 0.811884296875 0.6926432328125001 0.8036308999999999 0.6888578109375 0.7900339234375 0.6902869109374999 0.7808054875 0.6959097484375001 0.774853465625 0.70467789375 0.77217785625 0.7165913453125 0.7738707890625001 0.7326985359375 0.7811491515625 0.7458922265625 0.788794109375 0.7532312734375 0.7989899296874999 0.756812540625 0.8114947718750001 0.7543350078125 0.81987291875 0.7499647578124999
0 0.7306613734375 0.7139755625 0.7162217515625 0.6980448828125 0.7060259249999999 0.6944636109375 0.698256221875 0.6952802390625 0.683684209375 0.7061176062500001 0.6779740375000001 0.7171867796875 0.6782082390624999 0.73810018125 0.6854866015625001 0.7512938734375 0.69725825625 0.76052563125 0.7013849546875 0.7624183453125 0.715832225 0.7597366531249999 0.72226794375 0.7555705625 0.73162111875 0.741792046875 0.7306613734375 0.7139755625
0 0.6507571453125001 0.77588210625 0.638743640625 0.7643493203125 0.6151926875 0.76449818125 0.603897084375 0.7784808484375 0.6009796234375 0.788093271875 0.6033981015625 0.81110354375 0.613711025 0.8251415124999999 0.629975971875 0.8304113390625 0.6366535390625 0.8285462765625 0.64503168125 0.824176028125 0.656085440625 0.8078923296875 0.6558512359375 0.7869789265625 0.6507571453125001 0.77588210625
0 0.5778817890625 0.8672936859375 0.5737627359374999 0.846788596875 0.56587593125 0.8371485249999999 0.5554382578125 0.8312662281250001 0.545484284375 0.8299859875 0.5340715796875 0.83351195625 0.5278777078125 0.8399790765624999 0.5201003625 0.85940808125 0.524219415625 0.8799131671874999 0.5427857375 0.8977365624999999 0.5611178578125 0.89464655625 0.567553578125 0.8904804687500001 0.5766649078125 0.8744009234375 0.5778817890625 0.8672936859375
0 0.5691982046875 0.72861958125 0.55670100625 0.7124847421875 0.5465051796875 0.708903471875 0.5329082046875 0.710332571875 0.525622196875 0.71575125625 0.516510865625 0.7318307953125001 0.51553583125 0.7412390624999999 0.5191711906250001 0.757142096875 0.5251155671875 0.7669863265625 0.539679940625 0.774761334375 0.558012059375 0.7716713296875 0.5684573703125 0.7589412484375 0.571374834375 0.7493288234375 0.5691982046875 0.72861958125
0 0.48879499062500004 0.8231488171875 0.4878352453125 0.7953323328125 0.48298300312500003 0.7865365375 0.473153775 0.7771006234375 0.455188246875 0.7743359843750001 0.4459598171875 0.7799588234375 0.4366066375 0.7937373375 0.43368917656250006 0.8033497609375001 0.43514026250000004 0.817155925 0.442418625 0.8303496171875 0.45006358124999996 0.8376886625 0.45831697812499994 0.8414740843749999 0.4708218234375 0.8389965500000001 0.47919996718749996 0.83462630625 0.48879499062500004 0.8231488171875
0 0.41302510625 0.86833569375 0.4079310171875 0.857238875 0.39591751249999996 0.8457060890625 0.377951990625 0.8429414484375 0.36702297968750003 0.851069471875 0.3593703765625 0.862342803125 0.360330125 0.8901592875000001 0.3695509125 0.9031488234375 0.3769540234375 0.9081868390625001 0.381080721875 0.9100795546875 0.3974704140625 0.9071937015625 0.40985815312499996 0.8942594671874999 0.41423434531250003 0.8798408328124999 0.41302510625 0.86833569375
0 0.2460859640625 0.914962290625 0.2520379875 0.90619414375 0.2564141796875 0.8917755078124999 0.255204940625 0.8802703703124999 0.2444083171875 0.8616303468750001 0.227901521875 0.8540594953125 0.218189396875 0.85508028125 0.20555980625 0.865713490625 0.20155021093749997 0.8742774796875 0.19863275 0.8838899031249999 0.20056753125000001 0.9022981203124999 0.2076040453125 0.9131907828125 0.21719143125 0.9203256718749999 0.2293296796875 0.9237027828125 0.23406481875 0.922041878125 0.2460859640625 0.914962290625
0 0.162958834375 0.843436896875 0.14439251250000001 0.8256135015625 0.1305536828125 0.8247415765625 0.119382825 0.8305685703125001 0.1117302265625 0.8418419046875 0.10905461406250001 0.853755353125 0.1102638515625 0.865260490625 0.1177840609375 0.8807552078124999 0.1254290171875 0.888094253125 0.13562484375 0.891675521875 0.144244834375 0.889606303125 0.1579665609375 0.8800215281250001 0.1636767328125 0.86895235625 0.162958834375 0.843436896875
0 0.3179786421875 0.8515713500000001 0.3256312421875 0.8402980171875001 0.3283068578125 0.82838456875 0.3273394671875 0.819180459375 0.3195774078125 0.8013847140625 0.314116725 0.7961425390625 0.301736628125 0.7904643984375 0.2939669265625 0.791281028125 0.2810954875 0.7996132109375 0.2751434640625 0.8083813531249999 0.2722260078125 0.8179937765625 0.2744026375 0.8387030234375 0.29102653125 0.8567305749999999 0.2951532296875 0.8586232859375 0.3115429234375 0.8557374375 0.3179786421875 0.8515713500000001
0 0.23423542656250002 0.802211953125 0.24018745 0.79344380625 0.2431049109375 0.7838313828125 0.24141197656250002 0.7677241953125 0.228672928125 0.7492883296875 0.22041953125 0.7455029 0.202937703125 0.7473403140625 0.19735227187499998 0.750253815625 0.189699671875 0.7615271421875 0.1867822125 0.771139565625 0.18871699375 0.7895477843750001 0.1935692359375 0.798343578125 0.2033984640625 0.8077794984375 0.21165186249999998 0.8115649203125 0.22221427968750002 0.8092915421875 0.23423542656250002 0.802211953125
0 0.40116692656249997 0.7741977375 0.40311699375 0.7553812062499999 0.397781059375 0.74198335625 0.3898942546875 0.7323432859375 0.37557172968749997 0.7268693015625 0.3678020265625 0.72768593125 0.3585735984375 0.733308771875 0.3492204171875 0.7470872859375 0.34727034843750004 0.76590381875 0.3526062859375 0.7793016671874999 0.3604930921875 0.7889417375 0.3668040609375 0.792931321875 0.3834356015625 0.7923464984375 0.3918137484375 0.787976253125 0.40116692656249997 0.7741977375
0 0.48204618750000006 0.7028829296875 0.4818119828125 0.6819695296875 0.4767178953125 0.6708727046875 0.4690729390625 0.663533659375 0.4608195421875 0.6597482375 0.443337709375 0.6615856515625 0.431800259375 0.67326729375 0.4274240671875 0.6876859296875 0.428875153125 0.7014920921875001 0.43396924531250003 0.7125889125 0.44598274531250004 0.7241217 0.4520518734375 0.7258102562500001 0.46455671406250004 0.7233327187499999 0.469291853125 0.7216718140625 0.48204618750000006 0.7028829296875
0 0.3101529890625 0.693032275 0.300323759375 0.6835963609375 0.2767728046875 0.68374521875 0.26207604687499997 0.7027382578125 0.2611010125 0.7121465234375 0.264736371875 0.728049559375 0.277233571875 0.7441844 0.28548696875 0.747969821875 0.29799180937499997 0.7454922875000001 0.3063699515625 0.74112204375 0.315481284375 0.7250424984375 0.315005234375 0.70182806875 0.3101529890625 0.693032275
0 0.15280123125 0.7467937546875001 0.15135014375 0.732987590625 0.146497903125 0.7241917953125 0.136668675 0.71475588125 0.1131177203125 0.7149047421875 0.10583171250000001 0.7203234203125 0.0986628078125 0.7361988078125 0.101081284375 0.7592090812500001 0.11357847968749998 0.77534391875 0.12377430625000001 0.778925190625 0.13239429687499998 0.776855965625 0.14271486718749998 0.7722815609375 0.150367465625 0.7610082312500001 0.15280123125 0.7467937546875001
0 0.5551633921875 0.613772378125 0.538781340625 0.5980458515625 0.5137716593749999 0.6030009187500001 0.50611905625 0.6142742515624999 0.5032015984375 0.623886675 0.50513638125 0.6422948921875 0.521760275 0.6603224453125 0.5258869734375 0.662215159375 0.54033424375 0.6595334640625 0.548712384375 0.6551632171875 0.5563649859375001 0.6438898875 0.55855690625 0.6273743828125 0.5551633921875 0.613772378125
0 0.6425343234375 0.6976471796875 0.6469105125 0.683228546875 0.645217578125 0.667121353125 0.6403653406250001 0.6583255578125 0.6283518375 0.6467927734375001 0.61062815625 0.6463291625 0.5977567234375 0.65466134375 0.592046546875 0.665730515625 0.5927644437499999 0.691245971875 0.5954324140625 0.6979448984375 0.60744591875 0.709477684375 0.6176417390625 0.7130589484375001 0.62626173125 0.7109897296875001 0.634639878125 0.706619484375 0.6425343234375 0.6976471796875
0 0.7272984359375 0.6259240578124999 0.7280316250000001 0.614214765625 0.7246381109375 0.6006127593749999 0.7060717890625 0.5827893609375 0.6885899609374999 0.584626775 0.6813039546875 0.5900454625 0.6736513546875 0.6013187906249999 0.670733890625 0.610931215625 0.6721849765625 0.6247373781250001 0.6772790703125 0.635834196875 0.6871083 0.645270115625 0.6953616968749999 0.6490555375 0.7117513890625 0.6461696890625 0.719887684375 0.639498415625 0.7272984359375 0.6259240578124999
0 0.8069608171875 0.5617164890625 0.8050260343750001 0.543308271875 0.800173796875 0.5345124765625 0.7862178640625 0.5231838515625 0.7704366125 0.5225160796874999 0.7539221765625 0.533557603125 0.749670728125 0.5398205625 0.7506304765625 0.567637046875 0.75548271875 0.576432840625 0.765311946875 0.58586875625 0.7841277625 0.5873808031250001 0.79469018125 0.5851074265625 0.804043359375 0.5713289125000001 0.8069608171875 0.5617164890625
0 0.101325890625 0.1636130828125 0.096231796875 0.152516259375 0.08858684375 0.14517721249999999 0.080333446875 0.141391790625 0.06649461718750001 0.14051986249999998 0.057266187499999996 0.1461427015625 0.047913007812500005 0.15992121875 0.048872756249999996 0.1877377 0.0570014046875 0.199678803125 0.0693815015625 0.2053569390625 0.08771362187500001 0.20226693281250002 0.1001013609375 0.18933269531250002 0.1027769765625 0.177419246875 0.101325890625 0.1636130828125
0 0.1843359171875 0.2246817703125 0.1802168609375 0.20417668125000002 0.166019084375 0.1905470265625 0.1599499640625 0.1888584734375 0.1407675546875 0.1932010703125 0.129955646875 0.21178579687500002 0.1289806109375 0.2211940609375 0.1323741234375 0.23479606875 0.1372263625 0.24359186406250002 0.150940446875 0.2526194640625 0.1692725625 0.24952945781250002 0.17400770625 0.247868546875 0.1831190328125 0.2317890078125 0.1843359171875 0.2246817703125
0 0.2569541390625 0.1681939109375 0.2581710234375 0.161086675 0.2542938140625 0.1428826140625 0.2420384609375 0.1290487984375 0.22213051093749997 0.12648831875 0.21290208124999999 0.1321111546875 0.205249478125 0.1433844890625 0.20257386875 0.15529793593750002 0.2040249546875 0.1691041 0.209119040625 0.1802009234375 0.22089069687500001 0.18943268124999998 0.2250173953125 0.191325396875 0.24334951562499998 0.1882353859375 0.2514858109375 0.18156411249999999 0.2569541390625 0.1681939109375
0 0.3421560859375 0.2127470953125 0.3433729671875 0.2056398546875 0.339737609375 0.1897368234375 0.323355559375 0.174010296875 0.315344009375 0.1725259 0.301988875 0.1762560265625 0.2921520046875 0.18543248750000002 0.2877758125 0.199851121875 0.28971059375 0.2182593390625 0.2967471109375 0.2291520015625 0.30633449375 0.23628689062500002 0.3104611921875 0.2381796046875 0.326850884375 0.23529375312499998 0.333286603125 0.2311276609375 0.3421560859375 0.2127470953125
0 0.41769176406249997 0.1466468125 0.416240678125 0.13284064843750001 0.41114659218750005 0.1217438296875 0.401317359375 0.1123079109375 0.3930639609375 0.10852248906249999 0.3794669859375 0.1099515890625 0.372180978125 0.11537026875 0.364528378125 0.1266436015625 0.3618527625 0.13855705000000001 0.363545696875 0.1546642421875 0.372766484375 0.16765377812499999 0.3823538703125 0.1747886671875 0.40068598906249997 0.17169865625 0.4150161546875 0.15856026406249998 0.41769176406249997 0.1466468125
0 0.4266248453125 0.26900957187499996 0.428091215625 0.2455909859375 0.42057100625 0.2300962640625 0.415110325 0.224854090625 0.4046726515625 0.21897179531250002 0.391075675 0.22040089531249998 0.3758952203125 0.23479187812500002 0.3717608765625 0.2515115421875 0.37272826718749996 0.2607156515625 0.380248478125 0.27621036875 0.3857091625 0.28145254375 0.40003168125000005 0.2869265265625 0.4067092484375 0.2850614640625 0.41702981875 0.2804870578125 0.4266248453125 0.26900957187499996
0 0.5048361390625 0.1909958390625 0.5033850531249999 0.1771896765625 0.4985328078125 0.1683938828125 0.488703578125 0.158957965625 0.48045018125 0.1551725421875 0.46491077656249996 0.1568058 0.44997217031250003 0.1734978109375 0.4472965578125 0.185411259375 0.448505796875 0.196916396875 0.45578415781250003 0.21011009062500002 0.4634291140625 0.21744913124999998 0.4716825125 0.2212345609375 0.48612978125 0.21855286718750003 0.5004599468750001 0.20541447499999999 0.5048361390625 0.1909958390625
0 0.5563218828125 0.1576671140625 0.570285453125 0.1503833640625 0.5762374765625 0.1416152203125 0.5791549375 0.132002796875 0.5772201546875 0.1135945796875 0.5723679140625 0.1047987859375 0.562538684375 0.0953628671875 0.552342859375 0.091781603125 0.54457315625 0.09259823125 0.5317017234375 0.10093041093749999 0.5257497 0.1096985578125 0.5230740859375 0.1216120046875 0.5245251734374999 0.1354181703125 0.5296192625 0.1465149921875 0.539448490625 0.1559509078125 0.551586740625 0.15932802031249998 0.5563218828125 0.1576671140625
0 0.7411018046875 0.12196083437500001 0.740383903125 0.09644537812500001 0.7377159359375 0.089746453125 0.7235181578125001 0.0761167984375 0.7077369046875 0.0754490296875 0.696566046875 0.0812760234375 0.6889134484375 0.0925493578125 0.6859959875 0.1021617796875 0.6881726171875 0.12287102187500001 0.693024859375 0.1316668171875 0.7026122390625 0.13880170625 0.7108656375 0.1425871328125 0.72142805625 0.14031375625 0.7317486265625 0.1357393484375 0.7411018046875 0.12196083437500001
0 0.6553855859375 0.1472550984375 0.6438557765625 0.14032436718750002 0.6244315203124999 0.1423659390625 0.6171455140625 0.14778462187500002 0.60827603125 0.166165190625 0.6126369359375 0.1889713046875 0.6227080109375 0.20070824531250003 0.630961409375 0.204493675 0.6492935296875 0.201403665625 0.661681271875 0.18846943124999999 0.6645987296875 0.1788570078125 0.6624221 0.1581477625 0.6553855859375 0.1472550984375
0 0.5900380828125 0.2355490203125 0.5866445734375 0.2219470140625 0.5743892234375 0.208113203125 0.566135825 0.2043277765625 0.5486539921875 0.20616519218749998 0.541367984375 0.211583875 0.533957234375 0.2251582328125 0.534675134375 0.2506736875 0.5417116484375 0.2615663546875 0.555425728125 0.27059395468749997 0.5737578484375 0.2675039484375 0.5801935671875 0.26333785625 0.5893048984375 0.24725831718750002 0.5900380828125 0.2355490203125
0 0.7159444390624999 0.1909087015625 0.7103590125 0.193822203125 0.699305253125 0.21010589999999998 0.7002650015625 0.23792238437500002 0.7125203546875001 0.2517562 0.7207737515625 0.255541621875 0.73716344375 0.2526557734375 0.7418985828125 0.2509948671875 0.7529523421875 0.23471116875 0.752234440625 0.2091957125 0.7356105421875 0.1911681609375 0.7159444390624999 0.1909087015625
0 0.664201559375 0.2591611546875 0.6537638921875 0.25327885625 0.6418674906249999 0.25220277343749997 0.6289960515625 0.26053495781249997 0.6196428734375 0.27431346875 0.6223031984375 0.29962476875 0.6326161265625 0.31366273906250003 0.6449962234375 0.319340875 0.6575010640625 0.316863340625 0.6692803609375 0.3074827234375 0.6749905375 0.29641355156250004 0.6745144843750001 0.273199121875 0.664201559375 0.2591611546875
0 0.49861169375000003 0.27191245625 0.4806461640625 0.2691478171875 0.46947530625 0.2749748140625 0.46012213125 0.2887533296875 0.458172059375 0.3075698609375 0.461323725 0.3188708375 0.4755215 0.332500496875 0.485717325 0.33608176093750003 0.494337315625 0.3340125421875 0.5027154578124999 0.329642296875 0.5120686375 0.3158637828125 0.5111088890625 0.2880472984375 0.49861169375000003 0.27191245625
0 0.2702634078125 0.276138034375 0.26857047500000003 0.26003084374999996 0.26347638125 0.2489340234375 0.249520453125 0.23760539375 0.228153775 0.239851121875 0.21539943906249998 0.25864000625 0.2158754921875 0.281854434375 0.21854345937500003 0.2885533578125 0.23055696406249998 0.30008614375 0.240752784375 0.30366741406250003 0.251315203125 0.3013940375 0.25969334375 0.2970237875 0.2673459453125 0.28575045781249997 0.2702634078125 0.276138034375
0 0.09652959531250001 0.3141729875 0.10636647031249999 0.3049965265625 0.1112263546875 0.295179946875 0.1114758484375 0.27886860156250004 0.1083241828125 0.267567621875 0.10043738124999999 0.25792755 0.085873009375 0.250152540625 0.0722760328125 0.251581640625 0.0615888703125 0.2620106921875 0.0575792734375 0.27057468125 0.05490365781249999 0.28248813125 0.0558710484375 0.2916922375 0.0688519421875 0.312429134375 0.0831744671875 0.31790311718750003 0.0898520296875 0.31603805 0.09652959531250001 0.3141729875
0 0.1944858765625 0.3399372890625 0.1918255515625 0.31462598750000004 0.1869733125 0.3058301921875 0.173259228125 0.2968025921875 0.153834971875 0.29884416406250003 0.1425393703125 0.3128268375 0.13962190937500002 0.3224392609375 0.1417985390625 0.343148503125 0.1542957390625 0.35928334375 0.1625491375 0.3630687703125 0.1769964046875 0.360387078125 0.1853745484375 0.356016828125 0.193027146875 0.3447435 0.1944858765625 0.3399372890625
0 0.281388403125 0.3819852875 0.27993731718750003 0.368179125 0.26914069218750003 0.349539096875 0.2608872953125 0.345753675 0.2395206171875 0.347999403125 0.22676628124999998 0.366788284375 0.2255494 0.373895525 0.229668453125 0.394400609375 0.243866228125 0.408030265625 0.24993535625000002 0.409718821875 0.262440196875 0.40724128750000005 0.2691177640625 0.405376221875 0.2784709390625 0.3915977109375 0.281388403125 0.3819852875
0 0.35449031875000003 0.33009948125 0.354014265625 0.306885053125 0.3467359015625 0.2936913609375 0.3390909484375 0.28635231562499996 0.3308375515625 0.28256689375 0.31724056875 0.28399599375 0.302060115625 0.2983869765625 0.2989008078125 0.3056983734375 0.2986513171875 0.32200971875 0.3039872515625 0.3354075671875 0.3160007546875 0.3469403546875 0.32619658125 0.35052162343750004 0.332874146875 0.348656559375 0.3431947125 0.34408215468750003 0.35449031875000003 0.33009948125
0 0.0821841421875 0.36453613281249997 0.0694298109375 0.3833250140625 0.068454775 0.3927332796875 0.0723319828125 0.41093733906249996 0.08458733125 0.4247711515625 0.090656459375 0.426459709375 0.10704614999999999 0.4235738609375 0.1194338921875 0.41063962343749993 0.12235135 0.4010272 0.12017472031250001 0.38031795625 0.1016083984375 0.3624945609375 0.0821841421875 0.36453613281249997
0 0.20319239375000003 0.42277426875 0.1909370453125 0.40894045781250005 0.1826836484375 0.405155028125 0.16714424375 0.406788284375 0.1581576546875 0.4147121546875 0.152447484375 0.4257813265625 0.15292353281249998 0.44899575468749997 0.1580176234375 0.460092578125 0.16566258125 0.467431625 0.17585840156250002 0.47101288906249994 0.188363246875 0.46853535468749996 0.198441965625 0.461659925 0.20415214218750002 0.450590753125 0.20319239375000003 0.42277426875
0 0.1315415625 0.488466234375 0.119286215625 0.474632421875 0.1110328171875 0.47084699687500003 0.09355098437500001 0.4726844109375 0.08079665312499999 0.4914732953125 0.081272703125 0.5146877234375 0.0863667921875 0.52578454375 0.0940117515625 0.533123590625 0.1108851390625 0.5348397953124999 0.12314813124999999 0.5300612328125001 0.130800734375 0.518787903125 0.1339600390625 0.51147650625 0.1315415625 0.488466234375
0 0.21310050625 0.5357287578125 0.19890273281249998 0.522099103125 0.1772942 0.5220438078125 0.164298021875 0.5385316609374999 0.1613805578125 0.548144084375 0.16283164375 0.5619502484375001 0.175570690625 0.5803861140625 0.1838240875 0.584171540625 0.20021378437499998 0.5812856921875 0.2066495 0.5771196 0.21576083124999998 0.561040059375 0.2169777125 0.55393281875 0.21310050625 0.5357287578125
0 0.28717745625 0.474434690625 0.28232521718750003 0.4656388953125 0.27273783281249997 0.45850400625 0.25112930625 0.458448709375 0.24384329999999999 0.4638673890625 0.236432546875 0.47744174843750004 0.23545751093749998 0.48685001406249995 0.23933472031249997 0.505054075 0.249405796875 0.5167910171875 0.2576591953125 0.5205764421875 0.2740488875 0.51769059375 0.28048460625 0.513524503125 0.289595934375 0.4974449640625 0.28717745625 0.474434690625
0 0.366590346875 0.42653846875 0.36562295625 0.417334359375 0.35810274375 0.4018396421875 0.3443886640625 0.3928120421875 0.3269068359375 0.39464945625 0.3196208296875 0.4000681359375 0.311968225 0.41134146875 0.3095344640625 0.425555946875 0.315595940625 0.44585687500000004 0.33173614375 0.459282375 0.342540409375 0.4593100234375 0.3582045578125 0.44952109218749997 0.36415658125 0.4407529453125 0.366590346875 0.42653846875
0 0.42259231562500005 0.33341068125 0.4029262125 0.33315122812500003 0.39564020625 0.3385699109375 0.38628702656249997 0.3523484265625 0.3867630765625 0.3755628546875 0.39185716875 0.386659675 0.399502121875 0.39399872187499996 0.40775552031249995 0.3977841484375 0.42608764062500004 0.3946941421875 0.4399341109375 0.37695369218749997 0.43945805781249997 0.3537392640625 0.43460581875 0.34494346875000004 0.42259231562500005 0.33341068125
0 0.5996967046874999 0.36481485937499997 0.6026141640625 0.3552024359375 0.6014049265625 0.343697303125 0.5938847140625 0.32820258281250003 0.5884240296875001 0.3229604078125 0.5821130609375 0.31897082499999996 0.566331809375 0.3183030515625 0.5571033734374999 0.323925896875 0.54604961875 0.3402095953125 0.5462838234375 0.36112299375 0.5590228671874999 0.3795588640625 0.5752878156250001 0.38482868593749997 0.5819653828125 0.3829636234375 0.590343525 0.378593375 0.5996967046874999 0.36481485937499997
0 0.7654036734375 0.36252025625 0.774756853125 0.3487417453125 0.7776743140625 0.339129321875 0.7759813796875 0.3230221296875 0.7711291375 0.31422633437499997 0.761299909375 0.3047904203125 0.7530465125 0.30100499531249997 0.741391959375 0.3022299375 0.7304629484375 0.310357959375 0.7245109234375 0.31912610625000004 0.7215934640625 0.3287385296875 0.7235282453125 0.34714674843750004 0.7360254453125 0.36328158906249997 0.746221265625 0.36686285625 0.7606685359375 0.36418116562499997 0.7654036734375 0.36252025625
0 0.6953439640625 0.3966379640625 0.69170860625 0.38073493125 0.6794532531249999 0.3669011203125 0.6711998546875 0.36311569062500004 0.65566045 0.3647489484375 0.6483744437500001 0.3701676359375 0.6390212656250001 0.383946146875 0.639739165625 0.40946160468750004 0.6445914078125 0.4182573984375 0.6604897640625 0.4293818671875 0.6827067312499999 0.425883546875 0.691209621875 0.41335762656249997 0.6941270828125 0.403745203125 0.6953439640625 0.3966379640625
0 0.5200496109375 0.391797678125 0.512404653125 0.3844586359375 0.5002664046875 0.38108152031250003 0.49055427968750004 0.38210230625 0.4849688484375 0.38501580625 0.47221451718749996 0.403804690625 0.472206871875 0.42241706562500003 0.4773009609375 0.4335138859375 0.489314465625 0.445046671875 0.4934411640625 0.4469393828125 0.5117732796875 0.4438493765625 0.524161021875 0.4309151421875 0.5275698234374999 0.4072923984375 0.5200496109375 0.391797678125
0 0.4515428015625 0.4874029984375 0.45325102343749996 0.466285440625 0.440270128125 0.445548546875 0.4339591578125 0.4415589625 0.41817790625000006 0.44089119375 0.4053064671875 0.449223375 0.3993544484375 0.45799152187500003 0.3966788328125 0.46990497031249995 0.39812991875 0.4837111328125 0.40540828281249996 0.496904825 0.41305324062500004 0.5042438703125 0.42130663906250004 0.508029296875 0.4338114796875 0.5055517625 0.442189621875 0.5011815140625 0.4515428015625 0.4874029984375
0 0.3769897984375 0.525482640625 0.36995328125000004 0.514589975 0.3581816296875 0.5053582171875 0.35017007968749997 0.5038738203124999 0.3387573734375 0.5073997890624999 0.3297707859375 0.5153236578125 0.3226018828125 0.531199040625 0.3269627828125 0.5540051578125 0.3348495875 0.5636452265624999 0.34528726249999997 0.569527525 0.36361938125000004 0.566437515625 0.3760071203125 0.55350328125 0.3786827328125 0.5415898296874999 0.3769897984375 0.525482640625
0 0.303630746875 0.6122921671875 0.3048476296875 0.605184925 0.300970421875 0.586980865625 0.28871506875 0.5731470546875 0.2785192484375 0.569565784375 0.2668646953125 0.5707907265625 0.2559356859375 0.578918753125 0.250225509375 0.589987925 0.25070156250000003 0.61320235625 0.253369528125 0.6199012781250001 0.26538303281250003 0.6314340640625 0.2775212828125 0.6348111765625 0.2841988484375 0.6329461140625 0.2962199953125 0.6258665203125 0.303630746875 0.6122921671875
0 0.14168388125 0.6223341265625 0.1289448359375 0.6038982609375 0.114622309375 0.5984242765625 0.10879503593749999 0.5990367484375 0.09592359687499999 0.6073689328125 0.089971575 0.616137078125 0.08826335625000001 0.6372546359375 0.09602541249999999 0.6550503828124999 0.1014860953125 0.6602925609375 0.10973949218750001 0.6640779828125 0.12807161250000001 0.6609879765625 0.1387587765625 0.650558925 0.1428931203125 0.633839265625 0.14168388125 0.6223341265625
0 0.22931959062499999 0.652672834375 0.21487996874999998 0.63674215 0.2066265703125 0.632956725 0.1930295890625 0.6343858250000001 0.182100578125 0.6425138515625 0.1780909828125 0.6510778359375 0.1754153703125 0.6629912890625 0.17686645625 0.6767974515625 0.18414481875 0.6899911453125 0.19591647343750002 0.6992229 0.210605590625 0.698842234375 0.2226267359375 0.691762646875 0.23173806875 0.6756831062499999 0.22931959062499999 0.652672834375
0 0.39418391875 0.633018446875 0.38933167343749997 0.624222653125 0.3756175921875 0.615195053125 0.35619333750000004 0.6172366234375 0.3489073296875 0.62265530625 0.34149657968749997 0.6362296656249999 0.34173078437500004 0.6571430656249999 0.34658302343749997 0.6659388609375 0.3585965265625 0.6774716453125 0.362723225 0.679364359375 0.37911291875 0.6764785078125 0.3855486359375 0.6723124171875 0.3949018171875 0.65853390625 0.39418391875 0.633018446875
0 0.472138075 0.5899284406249999 0.4699614453125 0.5692191921875 0.45139512187499997 0.5513957984375 0.443383571875 0.5499114015625 0.43002844375000004 0.5536415265625 0.418732840625 0.5676242 0.4158153765625 0.5772366234375 0.41775015781249997 0.595644840625 0.43048920468749996 0.61408070625 0.43874260156249995 0.6178661328125 0.4551322984375 0.614980284375 0.4598674390625 0.613319378125 0.4692206171875 0.5995408640625 0.472138075 0.5899284406249999
0 0.5459731796875 0.52633334375 0.5437965499999999 0.505624096875 0.529356928125 0.4896934125 0.5133338281250001 0.48672461875 0.498519965625 0.49526095625 0.49256794218750005 0.5040291015625 0.48965048125 0.5136415249999999 0.4915852640625 0.53204974375 0.49643750625000005 0.5408455375 0.5103934328124999 0.5521741671875 0.52508255 0.5517934999999999 0.5371036953125 0.5447139078125 0.54305571875 0.5359457671875 0.5459731796875 0.52633334375
0 0.619808284375 0.462738246875 0.618599046875 0.45123310781250003 0.613504953125 0.4401362890625 0.6036757234375 0.4307003734375 0.5954223265625 0.42691494375000005 0.579882921875 0.4285482015625 0.5651861640625 0.4475412421875 0.5659040640625 0.47305670156249996 0.578401259375 0.4891915421875 0.5885970859375 0.4927728078125 0.60304435 0.490091115625 0.6077794937500001 0.48843021093749994 0.61713266875 0.4746516953125 0.619808284375 0.462738246875
0 0.6174457546875 0.5990836749999999 0.62898320625 0.58740203125 0.6331175515624999 0.5706823671875 0.6316664656250001 0.5568762046875 0.6289984984375 0.5501772796875 0.6169849953125001 0.5386444953125 0.60678916875 0.535063225 0.599019465625 0.5358798546875 0.5861480328125 0.5442120375 0.580196009375 0.5529801812499999 0.5772785484375 0.5625926046874999 0.5792133296875 0.581000821875 0.5917105296875 0.5971356609375 0.5980215 0.6011252453125 0.6107681921875 0.6009487359375 0.6174457546875 0.5990836749999999
0 0.7068431953125 0.4780181953125 0.6944630984375 0.4723400546875 0.6808661218750001 0.4737691546875 0.6656856640625 0.48816014062499996 0.6627682078125 0.4977725640625 0.6649448375 0.5184818124999999 0.68156873125 0.5365093625 0.6856954296875 0.5384020734375 0.7020851234375 0.5355162250000001 0.7085208421875 0.5313501375 0.7176321734375 0.5152705937500001 0.7149718484375 0.48995929531250004 0.7068431953125 0.4780181953125
0 0.791966259375 0.4190528015625 0.7823788765625 0.411917915625 0.7607703515625001 0.41186261562500004 0.745831740625 0.42855462656250004 0.7467914890625 0.45637111093750005 0.75382800625 0.46726377656249996 0.7612311109375 0.4723017953125 0.7714269375 0.4758830625 0.783931778125 0.4734055296875 0.798020096875 0.45796610937500004 0.8009375578125001 0.44835368593749997 0.7990027765625001 0.4299454671875 0.791966259375 0.4190528015625