0 0.1375 0.253125 0.071875 0.053125
0 0.23359375 0.25234375 0.0625 0.0484375
0 0.325 0.2484375 0.0640625 0.05
0 0.41484375 0.246875 0.0625 0.0515625
0 0.5046875 0.24375 0.0625 0.053125
0 0.59140625 0.24453125 0.065625 0.046875
0 0.640625 0.18203125 0.0640625 0.05
0 0.096875 0.31484375 0.065625 0.053125
0 0.19375 0.30859375 0.06875 0.046875
0 0.28671875 0.30859375 0.0640625 0.05
0 0.37421875 0.30703125 0.059375 0.05
0 0.4625 0.303125 0.0578125 0.046875
0 0.54921875 0.30390625 0.059375 0.046875
0 0.63828125 0.303125 0.059375 0.05
0 0.153125 0.36875 0.065625 0.05
0 0.23984375 0.36484375 0.0578125 0.046875
0 0.33046875 0.3671875 0.06875 0.053125
0 0.41875 0.36328125 0.059375 0.05
0 0.5078125 0.36015625 0.0640625 0.0515625
0 0.59453125 0.35859375 0.06875 0.0515625
0 0.1 0.4328125 0.0609375 0.05
0 0.19453125 0.4296875 0.0625 0.05
0 0.28359375 0.428125 0.0625 0.04375
0 0.3765625 0.425 0.05625 0.0453125
0 0.46484375 0.42265625 0.065625 0.0484375
0 0.553125 0.42265625 0.0640625 0.046875
0 0.1484375 0.4890625 0.065625 0.046875
0 0.24296875 0.48671875 0.0625 0.046875
0 0.33515625 0.48046875 0.059375 0.05
0 0.4234375 0.48359375 0.0625 0.05
0 0.51171875 0.48046875 0.065625 0.046875
0 0.60078125 0.4796875 0.0640625 0.053125
0 0.10546875 0.5484375 0.0640625 0.05
0 0.19921875 0.54609375 0.059375 0.046875
0 0.29453125 0.5453125 0.0625 0.04375
0 0.384375 0.54375 0.059375 0.046875
0 0.471875 0.540625 0.0609375 0.046875
0 0.5609375 0.540625 0.0625 0.04375
0 0.64453125 0.53359375 0.059375 0.05
0 0.15859375 0.609375 0.05625 0.0453125
0 0.10703125 0.66796875 0.0578125 0.0453125
0 0.1640625 0.72265625 0.059375 0.053125
0 0.2015625 0.665625 0.059375 0.040625
0 0.24609375 0.60546875 0.065625 0.046875
0 0.2984375 0.6609375 0.0625 0.046875
0 0.34140625 0.59921875 0.059375 0.04375
0 0.42578125 0.6 0.0625 0.05
0 0.51796875 0.59609375 0.05625 0.040625
0 0.3828125 0.6578125 0.059375 0.046875
0 0.478125 0.65703125 0.0625 0.05
0 0.56015625 0.65859375 0.0625 0.05
0 0.60390625 0.5953125 0.0625 0.0484375
0 0.65 0.65234375 0.053125 0.05
0 0.11171875 0.78515625 0.0625 0.0484375
0 0.12421875 0.896875 0.0546875 0.053125
0 0.1671875 0.8359375 0.059375 0.0453125
0 0.2125 0.77734375 0.0625 0.05
0 0.2546875 0.7203125 0.059375 0.040625
0 0.3 0.77578125 0.0515625 0.0390625
0 0.34296875 0.71640625 0.0578125 0.046875
0 0.25625 0.834375 0.0609375 0.053125
0 0.215625 0.89140625 0.0625 0.05
0 0.3046875 0.89140625 0.0625 0.04375
0 0.3484375 0.8328125 0.05625 0.04375
0 0.39140625 0.77421875 0.059375 0.046875
0 0.43359375 0.71484375 0.0625 0.04375
0 0.47421875 0.77421875 0.053125 0.0484375
0 0.43828125 0.8328125 0.059375 0.05
0 0.39375 0.88984375 0.065625 0.046875
0 0.47890625 0.88828125 0.05625 0.046875
0 0.5703125 0.8859375 0.059375 0.046875
0 0.52421875 0.8328125 0.0640625 0.046875
0 0.5671875 0.7703125 0.0609375 0.046875
0 0.61171875 0.82578125 0.053125 0.05
0 0.65390625 0.771875 0.059375 0.0390625
0 0.51953125 0.71328125 0.059375 0.0453125
0 0.60546875 0.709375 0.0609375 0.040625
0 0.69453125 0.71015625 0.0640625 0.04375
0 0.74296875 0.76484375 0.059375 0.04375
0 0.703125 0.825 0.0625 0.0484375
0 0.65546875 0.8796875 0.065625 0.05
0 0.74296875 0.8828125 0.059375 0.05
0 0.834375 0.8828125 0.0578125 0.053125
0 0.78203125 0.82265625 0.065625 0.0484375
0 0.83046875 0.7640625 0.059375 0.04375
0 0.87421875 0.82265625 0.0546875 0.05
0 0.9203125 0.88203125 0.053125 0.0484375
0 0.7828125 0.709375 0.0578125 0.05
0 0.86953125 0.70625 0.0578125 0.046875
0 0.91640625 0.76171875 0.059375 0.046875
0 0.68828125 0.58984375 0.059375 0.05
0 0.73515625 0.65234375 0.059375 0.05
0 0.82421875 0.64921875 0.059375 0.053125
0 0.9109375 0.6484375 0.065625 0.046875
0 0.77734375 0.590625 0.0625 0.0421875
0 0.86875 0.58984375 0.0671875 0.04375
0 0.73515625 0.53671875 0.065625 0.05
0 0.8203125 0.5359375 0.0609375 0.0453125
0 0.91015625 0.53125 0.05625 0.053125
0 0.69296875 0.4765625 0.06875 0.05
0 0.6390625 0.41875 0.05625 0.046875
0 0.6828125 0.35703125 0.059375 0.046875
0 0.7328125 0.415625 0.059375 0.046875
0 0.775 0.475 0.0625 0.053125
0 0.86796875 0.47421875 0.059375 0.04375
0 0.81953125 0.41796875 0.065625 0.0484375
0 0.91171875 0.415625 0.0640625 0.04375
0 0.775 0.35546875 0.0625 0.046875
0 0.8625 0.35546875 0.0578125 0.0484375
0 0.73203125 0.30078125 0.0625 0.046875
0 0.815625 0.30078125 0.065625 0.046875
0 0.909375 0.3015625 0.0625 0.046875
0 0.6828125 0.240625 0.0640625 0.0484375
0 0.728125 0.1859375 0.0609375 0.046875
0 0.81640625 0.184375 0.059375 0.04375
0 0.90546875 0.18359375 0.0671875 0.053125
0 0.8625 0.24296875 0.0625 0.05
0 0.77734375 0.2421875 0.065625 0.05