0 0.14377490312500002 0.08525538125 0.13033283125 0.07083934374999999 0.1230720703125 0.06705923593749999 0.10625526249999999 0.0653993515625 0.09669922656249999 0.067519575 0.0836662 0.0765374671875 0.07904157187500001 0.08638530625 0.0792801796875 0.10005509531250001 0.08177996875 0.1058717328125 0.09758548125 0.118293090625 0.1179815390625 0.11891378593749999 0.1393547953125 0.10682017968749999 0.1440135109375 0.098925171875 0.14377490312500002 0.08525538125
0 0.21323512500000003 0.0801361046875 0.19506616875 0.06970941875 0.1734883859375 0.0700860609375 0.1639664359375 0.0741591109375 0.155728471875 0.08309330625 0.1535013734375 0.09289929531249999 0.161068921875 0.1142548484375 0.17437464062500002 0.12085957656249999 0.199531675 0.11944374843750001 0.205508459375 0.11836271093749999 0.2160757828125 0.105481009375 0.21816653281249998 0.087863715625 0.21323512500000003 0.0801361046875
0 0.232449459375 0.0817541359375 0.22799526406249998 0.10136610937499999 0.240323784375 0.1206851390625 0.256129296875 0.13310650156249998 0.2645036140625 0.1319836140625 0.2930353765625 0.11781163593749999 0.2973873109375 0.0923411765625 0.279082003125 0.07410318437499999 0.255038521875 0.0706160203125 0.240721509375 0.07477276875 0.232449459375 0.0817541359375
0 0.11386821250000001 0.158054034375 0.1321053421875 0.172386375 0.157262375 0.170970546875 0.1632391609375 0.169889509375 0.1762040125 0.156965959375 0.17582905937499999 0.13548485937500002 0.1624210796875 0.1230216484375 0.1312190875 0.121612859375 0.1134932578125 0.136572934375 0.11386821250000001 0.158054034375
0 0.07598493281249999 0.18606320468749998 0.0738941828125 0.2036805046875 0.078859678125 0.2133609421875 0.0946651890625 0.225782303125 0.11262963125 0.22449202031249998 0.1339688 0.21044558906250002 0.1383889078125 0.188880784375 0.11772015625000001 0.17263746875 0.0985058234375 0.171019434375 0.086586346875 0.17513433437499998 0.07598493281249999 0.18606320468749998
0 0.150342475 0.186718715625 0.1507174296875 0.20819981406250002 0.1556488375 0.21592742656250002 0.1689886515625 0.2244849828125 0.191748146875 0.22311100156250002 0.202451821875 0.2180406125 0.2106897875 0.20910641874999997 0.21031483281250002 0.1876253125 0.192077703125 0.1732929765625 0.165738946875 0.17570614375 0.150342475 0.186718715625
0 0.24009649375 0.17636164999999998 0.22470001874999998 0.18737421875 0.22514314687499998 0.2127609796875 0.2409486625 0.2251823375 0.266105690625 0.2237665109375 0.272082471875 0.22268547343749998 0.2850473296875 0.20976192187499998 0.2822407578125 0.186369840625 0.2712984765625 0.1777704390625 0.2592426546875 0.17407402968750002 0.24009649375 0.17636164999999998
0 0.23681270312499997 0.12562998281249999 0.22715440625 0.121891725 0.2127692203125 0.12214281874999999 0.19254360312500002 0.1312862609375 0.18791897500000002 0.14113409375 0.1906232859375 0.1586676953125 0.19555469375 0.1663953078125 0.20403126718750003 0.17113090312499998 0.2292223859375 0.1716679 0.23996014687499997 0.1685503390625 0.25056155625 0.15762146875 0.2502547765625 0.14004601875 0.23681270312499997 0.12562998281249999
0 0.308374990625 0.1722397125 0.3249190984375 0.1582769734375 0.322112528125 0.1348848921875 0.30634110312499996 0.1244163609375 0.28476331875 0.12479300156249999 0.264605875 0.1378421 0.264980828125 0.1593232 0.2783888140625 0.171786409375 0.308374990625 0.1722397125
0 0.3393042828125 0.158025878125 0.3599730359375 0.174269196875 0.38276661875 0.174848046875 0.38874340625000003 0.1737670078125 0.40170825781249997 0.1608434578125 0.40136739062500004 0.1413151828125 0.3855277875 0.126940996875 0.359154953125 0.1274013359375 0.34136094687499996 0.1384557546875 0.3393042828125 0.158025878125
0 0.3073183015625 0.11170205625 0.3278847875 0.12208689218749999 0.3506442890625 0.1207129140625 0.3566210703125 0.11963187500000001 0.3672224859375 0.10870300468750001 0.3668134453125 0.085269075 0.3462128671875 0.0729314109375 0.3174765828125 0.0753864265625 0.3045117296875 0.088309975 0.3073183015625 0.11170205625
0 0.34529238125 0.22629114687500002 0.3618364890625 0.2123284078125 0.3614615359375 0.1908473078125 0.340826875 0.1765568171875 0.3216466296875 0.17689160937499998 0.301489178125 0.1899407046875 0.2994325140625 0.209510828125 0.322532884375 0.227665125 0.34529238125 0.22629114687500002
0 0.1163452328125 0.23126414374999998 0.1081072625 0.2401983375 0.1109479203125 0.26554325 0.1267534375 0.277964609375 0.1519445515625 0.27850160625 0.17342006875 0.272266484375 0.17523812656249999 0.2390265640625 0.1594667015625 0.228558034375 0.14741086718750002 0.2248616234375 0.13542321875000002 0.22507086874999999 0.1163452328125 0.23126414374999998
0 0.18530546406249998 0.26619875312499997 0.1987134484375 0.2786619640625 0.2239045640625 0.2791989640625 0.23227888124999999 0.278076078125 0.247641265625 0.265110678125 0.24969792812499997 0.24554055468749997 0.22902917656250002 0.22929723906250002 0.2002588078125 0.2297994265625 0.18489642343749998 0.2427648234375 0.18530546406249998 0.26619875312499997
0 0.26206053749999997 0.2668124140625 0.27543443437500004 0.27732279531250004 0.30538652499999996 0.27582326562500004 0.3219306328125 0.2618605328125 0.321623853125 0.2442850828125 0.298557575 0.22808361562499999 0.279411415625 0.2303712359375 0.2592539640625 0.24342033281250003 0.25699278125 0.2512734921875 0.26206053749999997 0.2668124140625
0 0.0883588578125 0.276681365625 0.0706330234375 0.2916414390625 0.07100797812500001 0.3131225453125 0.0868816625 0.32944955781249996 0.1072777203125 0.330070253125 0.12037892187499999 0.3249580171875 0.1309803359375 0.3140291421875 0.13303700000000002 0.29445901874999997 0.124424075 0.28191211250000003 0.10753910468750001 0.2763465734375 0.0883588578125 0.276681365625
0 0.20982615781249997 0.297025503125 0.19881570937499998 0.284520446875 0.181930728125 0.2789549078125 0.1699430796875 0.279164153125 0.1556260671875 0.283320903125 0.1449905671875 0.2922969484375 0.14543369374999998 0.317683703125 0.1636708234375 0.33201604375 0.1816352640625 0.3307257640625 0.19240710625 0.329561028125 0.2030426078125 0.32058498125 0.2100306796875 0.30874246875 0.20982615781249997 0.297025503125
0 0.23238114062499998 0.2839345609375 0.219348109375 0.29295245312499996 0.22225694062499998 0.32220301875 0.2307676 0.3288914421875 0.25119774375000004 0.331464965625 0.26912809375 0.3282218578125 0.27740014999999996 0.32124049062500004 0.281990690625 0.30943982812500004 0.2793204671875 0.29385905625 0.26351494999999997 0.2814376953125 0.23238114062499998 0.2839345609375
0 0.30440932656249997 0.288537571875 0.29613726875 0.29551893749999997 0.29404651875 0.3131362375 0.30755675937500004 0.33145792812499997 0.332781965625 0.333947753125 0.3482807015625 0.328793665625 0.3588821109375 0.3178647921875 0.35850715625 0.2963836921875 0.34270164531249997 0.28396233125000003 0.3282482875 0.2803077703125 0.30440932656249997 0.288537571875
0 0.3850050328125 0.23438835937500002 0.3753467359375 0.2306501015625 0.36096154999999996 0.23090119531250003 0.344281090625 0.23705262187499998 0.3360090375 0.2440339875 0.3339182890625 0.2616512875 0.3425652984375 0.27615102187499996 0.3522235953125 0.2798892796875 0.3726196484375 0.280509978125 0.38811837968749996 0.27535588906249997 0.39635634999999997 0.2664216921875 0.3984130125 0.2468515671875 0.3850050328125 0.23438835937500002
0 0.3835961609375 0.08497613125 0.3789374453125 0.0928711390625 0.3793124 0.1143522390625 0.3927203859375 0.12681545 0.42030903124999996 0.12731060156250001 0.4393870171875 0.1211173234375 0.44627282968750004 0.10341633125000001 0.4436707765625 0.09174121406249999 0.42783117343750005 0.077367025 0.396629190625 0.0759582359375 0.3835961609375 0.08497613125
0 0.41578666249999996 0.14301691875 0.41609344375 0.1605923640625 0.42956959687499996 0.1769612296875 0.43922789375000004 0.1806994890625 0.45958986562500004 0.17936735625 0.47849741874999996 0.16340994375 0.47815655156250003 0.14388166875 0.46474857187499996 0.1314184609375 0.45509027343749997 0.12768020156249998 0.43354657812499997 0.1300096703125 0.41578666249999996 0.14301691875
0 0.3735855375 0.1984493734375 0.3737559703125 0.20821350781249998 0.38122125625000003 0.22371058124999998 0.3993561296875 0.2321844375 0.422115628125 0.23081045625000002 0.4386597359375 0.2168477234375 0.4407164 0.1972776 0.41761603437500006 0.179123303125 0.393640728125 0.1795417921875 0.3758808078125 0.19254903750000002 0.3735855375 0.1984493734375
0 0.4703048515625 0.24364327187499998 0.45936257031250005 0.2350438671875 0.4497042734375 0.23130560781249998 0.43531908750000003 0.231556703125 0.41276411093750004 0.24464764843750003 0.41074153593749996 0.266170596875 0.421786071875 0.280628484375 0.42904684218750005 0.28440859218750003 0.4446478328125 0.2851129859375 0.4637258203125 0.2789197140625 0.4731114234375 0.267035353125 0.475270346875 0.2533237078125 0.4703048515625 0.24364327187499998
0 0.43536449062499993 0.3028558328125 0.4328647 0.297039196875 0.41466165625 0.2846596875 0.39068635 0.28507817812499997 0.3728923421875 0.2961325984375 0.370869765625 0.317655546875 0.38431183281250003 0.33207158593749997 0.3939701296875 0.33580984375 0.404741978125 0.3346451109375 0.415513825 0.333480375 0.428546853125 0.3244624796875 0.4355349234375 0.31261996718749996 0.43536449062499993 0.3028558328125
0 0.14928563749999998 0.33226713750000003 0.14205896406250001 0.33043985781249996 0.12527624375 0.3307328015625 0.11095923125 0.33488955 0.100391909375 0.3477712515625 0.100698690625 0.365346696875 0.1056300984375 0.3730743078125 0.12140152343749999 0.3835428421875 0.14655855625 0.382127015625 0.15489878125 0.3790513 0.165500196875 0.3681224265625 0.16509115624999998 0.34468849687500003 0.14928563749999998 0.33226713750000003
0 0.24188031406250002 0.34725498125 0.23333556875 0.33861373125 0.22124565000000002 0.33296449375 0.1925093671875 0.335419509375 0.1794763390625 0.34443740156249997 0.17718107031250002 0.35033773749999997 0.179987640625 0.37372981875 0.190964009375 0.384282046875 0.2185526546875 0.3847771984375 0.226926965625 0.3836543109375 0.23756246875000003 0.374678265625 0.24222118125 0.3667832578125 0.24188031406250002 0.34725498125
0 0.3100906421875 0.3392273890625 0.29560319687500003 0.33361999999999997 0.27882047656250003 0.33391294375 0.2562314125 0.3450510625 0.2542429234375 0.3685268421875 0.2652874609375 0.38298472656250004 0.2905126671875 0.3854745515625 0.3012845140625 0.38430981875 0.311954096875 0.3772866 0.321203353125 0.357590928125 0.3186353875 0.3478686421875 0.3100906421875 0.3392273890625
0 0.39299293125 0.348524146875 0.3820506546875 0.3399247453125 0.3723923578125 0.3361864859375 0.3556096359375 0.3364794296875 0.3365657375 0.34462553125 0.333054659375 0.3495703734375 0.3335659609375 0.3788627890625 0.3445082421875 0.387462190625 0.36969935625 0.3879991875 0.38283465 0.38483977812500003 0.39110670000000003 0.3778584109375 0.3955268078125 0.35629360781249997 0.39299293125 0.348524146875
0 0.45644227812500004 0.3425330796875 0.4419548328125 0.336925690625 0.432364709375 0.3370930875 0.409775646875 0.348231203125 0.40511693125 0.35612621093749997 0.4053214515625 0.3678431765625 0.4103551203125 0.3814292734375 0.41886578124999996 0.38811769687500003 0.4440569 0.388654696875 0.4571921859375 0.385495284375 0.4678276875 0.3765192421875 0.46991843749999995 0.3589019421875 0.45644227812500004 0.3425330796875
0 0.45866938125 0.33272709218749996 0.468327678125 0.3364653515625 0.4886896421875 0.33513321875 0.5053019265625001 0.325076140625 0.5097561203125001 0.30546416718749997 0.4914508171875 0.287226171875 0.4722364828125 0.2856081375 0.449647415625 0.29674625312499997 0.4476248375 0.3182692078125 0.45866938125 0.33272709218749996
0 0.5285614125 0.28364826875000004 0.5428102499999999 0.2755858640625 0.5495938015624999 0.2520263875 0.5312884953125 0.2337883953125 0.514471696875 0.23212851093750003 0.489519184375 0.245261303125 0.48753069375 0.2687370828125 0.508199440625 0.28498040156250004 0.5285614125 0.28364826875000004
0 0.49883661406249996 0.2294712875 0.515414809375 0.21746137812500002 0.5150739421874999 0.197933103125 0.49440519531250005 0.1816897875 0.4775883890625 0.180029903125 0.45266996718749997 0.1951155234375 0.45307900781250005 0.218549453125 0.4712820546875 0.23092896718749997 0.49883661406249996 0.2294712875
0 0.5363108515625 0.1780281859375 0.5528549609375 0.164065453125 0.5500483890625001 0.140673371875 0.5270502859375 0.1283775578125 0.50314315 0.13270170312500001 0.49014420468750003 0.1436724234375 0.49051915937499996 0.165153528125 0.5063587578125001 0.179527715625 0.5363108515625 0.1780281859375
0 0.4997911859375 0.07806438125000001 0.4710208171875 0.0785665703125 0.46035123437500003 0.0855897859375 0.45569251875 0.09348479374999999 0.45610155937499997 0.116918725 0.47190707187500003 0.1293400859375 0.49946163437499996 0.12788240625 0.505438415625 0.126801371875 0.516073915625 0.11782532812499999 0.5206644578125 0.10602466562499999 0.5180283203125 0.09239671875 0.4997911859375 0.07806438125000001
0 0.587488540625 0.08727744062500001 0.571751196875 0.0787617375 0.550173425 0.07913837812499999 0.538253940625 0.0832532796875 0.5277207046875 0.09808780781250001 0.5279593109375 0.111757596875 0.5329248062499999 0.12143804062500001 0.5510596796875 0.12991189375 0.571421646875 0.128579765625 0.577398428125 0.12749872812500002 0.5926926421875 0.11062767343749999 0.5924199484375 0.095005053125 0.587488540625 0.08727744062500001
0 0.60863450625 0.1308603453125 0.587056725 0.1312369859375 0.566899278125 0.14428608437499998 0.564808528125 0.161903378125 0.5782846828125 0.17827224375 0.590340515625 0.181968653125 0.6011123578124999 0.1808039171875 0.6118842015625 0.17963918437499998 0.6249172328125 0.1706212921875 0.6293714265625 0.15100931875 0.62440593125 0.141328875 0.60863450625 0.1308603453125
0 0.5543434625 0.1806435609375 0.542423984375 0.18475846093749998 0.527027509375 0.1957710328125 0.52507310625 0.2211996375 0.5360494703125 0.23175186874999998 0.5529003640625 0.23536458124999998 0.5660697375 0.23415799843750001 0.5768415859375 0.23299326250000002 0.58751116875 0.22597004687500002 0.589431484375 0.19858861249999998 0.5687627328125 0.18234529375 0.5543434625 0.1806435609375
0 0.6413136828125 0.0795009421875 0.6245309640625 0.0797938859375 0.6126114859375 0.0839087859375 0.6021123328125 0.1006961421875 0.607214175 0.1181878890625 0.6230196921875 0.13060925 0.6481767203125 0.1291934203125 0.6600280265625 0.12117286406250001 0.6670501859375 0.1112831828125 0.6643117875 0.09179675625 0.65093789375 0.0812863734375 0.6413136828125 0.0795009421875
0 0.741135034375 0.096316065625 0.736203625 0.0885884546875 0.7228638187499999 0.0800309015625 0.6964909734375 0.0804912421875 0.6810945046875 0.0915038125 0.6764357890625 0.099398821875 0.6792423609375 0.122790903125 0.695013790625 0.133259434375 0.70585380625 0.136000353125 0.7261816859375 0.1327153953125 0.7368512734375 0.12569218124999998 0.7391465453125 0.1197918453125 0.741135034375 0.096316065625
0 0.6993088625 0.17322962656250002 0.703933490625 0.16338178750000001 0.701195090625 0.1438953609375 0.6950819640625 0.1371650890625 0.678162896875 0.12964672187499998 0.666175246875 0.1298559671875 0.651892321875 0.13596554375 0.6389274640625 0.1488890921875 0.6417340359375 0.1722811734375 0.6647662265625 0.1865298140625 0.66834548125 0.18549062968750002 0.6838442125 0.1803365390625 0.6862758343750001 0.18224751875 0.6993088625 0.17322962656250002
0 0.647949428125 0.18486993125 0.6263034734375 0.1813409171875 0.6037484953125001 0.1944318640625 0.5991238671875 0.20427969687499997 0.5993965609374999 0.2199023171875 0.60557786875 0.230538246875 0.633268775 0.23689188125 0.6511991218750001 0.2336487703125 0.6595052671875 0.22862023125 0.6662888171875 0.205060753125 0.663754940625 0.1972912921875 0.647949428125 0.18486993125
0 0.6077140171875001 0.28422008125 0.624258125 0.27025734218749997 0.6239172578125001 0.2507290671875 0.60085098125 0.2345276 0.5817048203125 0.23681522031250002 0.5639449 0.24982246875 0.5618200640625 0.2654869375 0.5801253656250001 0.2837249296875 0.6077140171875001 0.28422008125
0 0.52407313125 0.30130741875 0.52198238125 0.3189247125 0.5270160500000001 0.332510809375 0.535492628125 0.3372464046875 0.560683740625 0.3377834015625 0.573819034375 0.3346239921875 0.5820910859375 0.3276426265625 0.5865111921875 0.306077821875 0.563410828125 0.287923528125 0.54423058125 0.2882583203125 0.52407313125 0.30130741875
0 0.5466053375000001 0.35560994687499997 0.525936590625 0.33936662812499996 0.5091197828125 0.3377067453125 0.4948368578125 0.343816321875 0.4842013609375 0.3527923671875 0.482212871875 0.376268146875 0.4932233265625 0.388773203125 0.50527915 0.3924696140625 0.520846059375 0.39122118281249996 0.5363788828125 0.3880199203125 0.5422874906249999 0.38303323125 0.5469462046875 0.3751382234375 0.5466053375000001 0.35560994687499997
0 0.773246046875 0.08110489843749999 0.7531567765625 0.0980596515625 0.753599903125 0.12344640625 0.7694054140625 0.13586776875 0.7898355578125 0.138441290625 0.807697734375 0.131292528125 0.813572259375 0.1243530109375 0.8179582812499999 0.1008353828125 0.8129927859375 0.0911549390625 0.8020505046874999 0.0825555375 0.773246046875 0.08110489843749999
0 0.7755185484375 0.142598040625 0.7621787390625 0.1340404875 0.7381693453125 0.13250615 0.7179778078125 0.1436024171875 0.71331909375 0.1514974265625 0.7134895265625001 0.1612615671875 0.72217061875 0.177714128125 0.7366921515625 0.18527434375000001 0.7498956171875 0.18602058593749998 0.7677918828125 0.18082465 0.7760639359375 0.17384328124999998 0.7805181296875 0.1542313078125 0.7755185484375 0.142598040625
0 0.736226253125 0.2272810609375 0.74088496875 0.21938605312499998 0.7405440999999999 0.199857778125 0.7271361140625 0.1873945671875 0.7150462046875 0.18174532968749998 0.7006610203125 0.1819964234375 0.6781401265625 0.1970401984375 0.676151634375 0.22051597812499998 0.68473046875 0.23111005625 0.706478684375 0.2404975515625 0.710057934375 0.239458365625 0.711205571875 0.2365081984375 0.7255566703125 0.2343042765625 0.736226253125 0.2272810609375
0 0.6982066265625 0.24747892187499998 0.6824352015625 0.23701038749999997 0.6608233328125 0.2354342015625 0.6406658875 0.2484832984375 0.6360753453125 0.2602839625 0.638677396875 0.271959078125 0.6472562296875 0.28255315625 0.6617436750000001 0.28816054375 0.6749130531249999 0.2869539625 0.68808243125 0.2857473765625 0.6963885703125 0.2807188359375 0.703172121875 0.2571593578125 0.6982066265625 0.24747892187499998
0 0.64499505 0.29040631562499997 0.6185881203125 0.288913828125 0.598498846875 0.3058685765625 0.6012372453125 0.325355003125 0.6146452265625 0.3378182140625 0.6243035234375001 0.3415564734375 0.6374729015625 0.3403498875 0.65536916875 0.3351539515625 0.6612436890625 0.32821443125 0.663266265625 0.30669148281249997 0.6583348578125 0.2989638703125 0.64499505 0.29040631562499997
0 0.58587485625 0.338320403125 0.5585929921874999 0.3554007015625 0.556468153125 0.371065171875 0.5675808640625 0.3894287109375 0.5952376890625 0.39382951718750003 0.61907665 0.385599715625 0.6237353640625 0.3777047078125 0.623394496875 0.3581764328125 0.62089470625 0.3523597953125 0.6051232765625 0.341891265625 0.58587485625 0.338320403125
0 0.675219834375 0.3045294078125 0.67799231875 0.3259686640625 0.6889686859374999 0.33652089375 0.6986269828125 0.34025915156250003 0.7213864812499999 0.3388851703125 0.7273632671875 0.3378041359375 0.7379305890625 0.3249224375 0.7375897218749999 0.3053941625 0.7193525875 0.29106182187499996 0.7001041671875 0.287490959375 0.675219834375 0.3045294078125
0 0.640074953125 0.35202500312499996 0.6354162390625 0.3599200125 0.6356889328124999 0.3755426328125 0.6515626218749999 0.3918696484375 0.6767537375 0.3924066484375 0.6851280531249999 0.39128376249999997 0.6957635484375 0.382307715625 0.697752040625 0.35883193593749996 0.679514909375 0.3444996 0.662664015625 0.3408868875 0.640074953125 0.35202500312499996
0 0.7588266328125 0.28548924531250003 0.7730754703125 0.277426840625 0.7750298734375 0.25199823125 0.756792740625 0.23766589374999997 0.73518088125 0.2360897078125 0.7150916031250001 0.2530444578125 0.715398384375 0.2706199078125 0.7312379875 0.28499409375 0.7588266328125 0.28548924531250003
0 0.791835365625 0.1843118140625 0.77265511875 0.1846466078125 0.7548952 0.197653853125 0.7528044484375 0.215271153125 0.766280603125 0.23164001562499997 0.780768046875 0.23724740312499998 0.786744834375 0.236166365625 0.8105837953125 0.2279365640625 0.8175718671875 0.21609405312500002 0.8172650875 0.1985186078125 0.8063228109375 0.189919203125 0.791835365625 0.1843118140625
0 0.8322071187500001 0.092772978125 0.8275484046875 0.1006679859375 0.830354975 0.1240600671875 0.8533189984374999 0.13440305156250001 0.8736809640625 0.13307091875 0.8902250734375 0.11910818593750001 0.894781528125 0.1053546921875 0.8922135640625 0.09563240625 0.8739764296875 0.081300065625 0.8476035953125001 0.08176040625 0.8322071187500001 0.092772978125
0 0.8101293578125001 0.13320350625 0.790040078125 0.15015825625 0.7903809453124999 0.16968653125 0.8134813109374999 0.187840828125 0.83144575 0.18655054843750002 0.83978598125 0.183474834375 0.8527508359375 0.1705512859375 0.8547734109375 0.14902833124999998 0.841365425 0.1365651234375 0.8317071296874999 0.13282686562499998 0.8101293578125001 0.13320350625
0 0.87972591875 0.13589553906250001 0.8667269781250001 0.1468662625 0.8648748359375 0.1781533515625 0.8854754093749999 0.1904910125 0.9106324421875 0.18907518437499998 0.92012030625 0.183049303125 0.929437734375 0.1672592859375 0.9290968671875 0.14773101093750002 0.9108597375 0.1333986734375 0.8916454046875 0.13178063906249998 0.87972591875 0.13589553906250001
0 0.8398882421874999 0.189333315625 0.8269574687500001 0.204209690625 0.8274346843749999 0.23154927656250002 0.8504327937499999 0.24384509062499998 0.85884119375 0.244675034375 0.8767033671875 0.23752626875 0.891963496875 0.2187023859375 0.8891910125000001 0.1972631359375 0.8685904390625 0.184925471875 0.8494101921875 0.185260265625 0.8398882421874999 0.189333315625
0 0.8263211374999999 0.236452271875 0.8119359546875 0.236703365625 0.7941419468750001 0.2477577828125 0.78948323125 0.2556527921875 0.7897218390625 0.2693225875 0.805595525 0.28564960156249997 0.8331841734375001 0.28614474843750004 0.8474330125 0.2780823453125 0.8518190328124999 0.254564715625 0.8468876249999999 0.24683710468750003 0.835979434375 0.2401905296875 0.8263211374999999 0.236452271875
0 0.9288127140625001 0.2688481671875 0.92860819375 0.25713120156249997 0.926108403125 0.25131457031250004 0.9103028859375 0.23889320937499997 0.8910885531250001 0.237275175 0.8791690781250001 0.24139007499999998 0.86617013125 0.252360796875 0.8640793812500001 0.269978090625 0.8727263875 0.284477828125 0.8896454546875001 0.29199619375 0.900451384375 0.2927842859375 0.9135866765625 0.2896248765625 0.9218587296875 0.282643509375 0.9288127140625001 0.2688481671875
0 0.7543042640625 0.30119556406250003 0.7497137234375 0.31299622656250004 0.754815565625 0.3304879734375 0.77538205625 0.34087280937500003 0.800539084375 0.3394569828125 0.8099928609375 0.3314782765625 0.8146174890625 0.3216304375 0.811913178125 0.3040968421875 0.7937101359375001 0.291717328125 0.764939765625 0.2922195171875 0.7543042640625 0.30119556406250003
0 0.8263665359375001 0.30775140156249997 0.8266392296875 0.323374021875 0.8315706390625 0.331101634375 0.8497395937500001 0.3415283171875 0.8748966265625 0.3401124859375 0.88900911875 0.324238771875 0.8887023375 0.3066633265625 0.8813733984375001 0.2989775640625 0.8560459375 0.290629253125 0.8322069750000001 0.29885905468749996 0.8263665359375001 0.30775140156249997
0 0.7466116875 0.34137499843749997 0.734624028125 0.34158424374999996 0.7168300265625 0.3526386640625 0.7124099187499999 0.37420346250000003 0.725886071875 0.390572328125 0.7355443703125 0.39431058750000003 0.758303871875 0.39293660625000004 0.7678258203125 0.3888635546875 0.77481389375 0.3770210421875 0.7745071140625 0.359445596875 0.7610991312500001 0.34698238593749997 0.7466116875 0.34137499843749997
0 0.7889263859375 0.3611473265625 0.7891649921874999 0.3748171234375 0.7940964 0.3825447359375 0.8074702953124999 0.393055115625 0.8374223890625 0.3915555859375 0.849205521875 0.3796293765625 0.84879648125 0.35619544531249997 0.8378542046874999 0.34759604374999997 0.8257983734375 0.343899634375 0.8018571515625 0.346270953125 0.7889263859375 0.3611473265625
0 0.8635225343749999 0.3754726265625 0.8709196468749999 0.3870640453125 0.8818619296874999 0.39566344999999997 0.8939177515625 0.39935985937499996 0.9070871296874999 0.3981532734375 0.9236312390625001 0.384190540625 0.9231881109375 0.3588037796875 0.9073825953125001 0.346382421875 0.878612225 0.3468846109375 0.8633180140625001 0.3637556609375 0.8635225343749999 0.3754726265625
0 0.0632585390625 0.41874262812499996 0.079132225 0.435069640625 0.09956236874999999 0.4376431671875 0.1103001296875 0.434525603125 0.12556025312500002 0.415701721875 0.1251512125 0.392267790625 0.109413875 0.3837520875 0.0854044796875 0.38221775 0.065247028125 0.39526684843750004 0.0632585390625 0.41874262812499996
0 0.17897635 0.3844912921875 0.150240065625 0.38694630937499996 0.1395704828125 0.393969528125 0.1372752140625 0.39986985625 0.1401499578125 0.42716759218749994 0.151092234375 0.435766996875 0.1762833546875 0.436303996875 0.1846576671875 0.4351811109375 0.1953272546875 0.4281578953125 0.202247153125 0.4124097265625 0.199576928125 0.39682895625 0.17897635 0.3844912921875
0 0.27633200156250004 0.3974426109375 0.25816304687499997 0.38701592812499996 0.2365852625 0.38739257031249996 0.2246657875 0.3915074703125 0.2140643734375 0.402436340625 0.21440524062500002 0.42196461718749995 0.21937073593749998 0.431645059375 0.23027893124999999 0.4382916328125 0.2602310203125 0.43679210468749996 0.2662078015625 0.43571107031249995 0.276843303125 0.42673502656249995 0.2813997578125 0.4129815328125 0.27633200156250004 0.3974426109375
0 0.0930174234375 0.47487243437500004 0.1112545578125 0.489204775 0.138843203125 0.48969992187500005 0.151910315625 0.4826348578125 0.15775075624999998 0.47374250937499995 0.157341715625 0.45030857968750004 0.1439678203125 0.4397982 0.11040239062499999 0.4403840859375 0.09267655625 0.45534415937499995 0.0930174234375 0.47487243437500004
0 0.1746016453125 0.477355221875 0.18800963125 0.48981843124999996 0.21559827656250002 0.49031358281250004 0.22869947656249998 0.48520134375 0.2393008921875 0.474272471875 0.238960025 0.454744196875 0.22072289375 0.44041185625 0.18719155 0.442950571875 0.17189733437500002 0.459821625 0.1746016453125 0.477355221875
0 0.0990055203125 0.543137703125 0.1178789875 0.525227459375 0.1175381203125 0.5056991843749999 0.099300984375 0.491366846875 0.0729281515625 0.49182718750000004 0.05520231875 0.506787259375 0.055543185937499996 0.526315534375 0.071416871875 0.5426425515625 0.0990055203125 0.543137703125
0 0.18335091718750002 0.497713440625 0.16646593437499999 0.4921479015625 0.14495633593749999 0.496430196875 0.1343208359375 0.505406240625 0.1323323453125 0.5288820203125 0.1433427953125 0.5413870796875 0.16856800156250001 0.5438769046874999 0.1876459875 0.5376836328125 0.1945999734375 0.5238882890625 0.194395453125 0.512171325 0.191861575 0.5044018640625 0.18335091718750002 0.497713440625
0 0.2091215046875 0.5314485046875 0.224927015625 0.5438698671875 0.2501181359375 0.5444068671875 0.2739570984375 0.5361770671875 0.2734117109375 0.5049318265625 0.2552427546875 0.494505140625 0.226472384375 0.4950073296875 0.216950434375 0.49908038125000004 0.20874655 0.50996740625 0.2091215046875 0.5314485046875
0 0.1338549328125 0.547412959375 0.1122430734375 0.545836771875 0.0955626125 0.5519881984375 0.0873246484375 0.5609223921875001 0.085233896875 0.5785396921875 0.0901993921875 0.5882201296875 0.09871005625 0.5949085546874999 0.11076587812500001 0.598604965625 0.1287303203125 0.597314684375 0.13470710156250001 0.596233646875 0.1477060453125 0.5852629265625 0.14969453593749998 0.5617871484375 0.1338549328125 0.547412959375
0 0.22388164375000003 0.5526785171874999 0.2154050671875 0.54794291875 0.2009857953125 0.5462411859375 0.179476196875 0.5505234812500001 0.1712041390625 0.5575048515625001 0.1665795109375 0.5673526843750001 0.166920378125 0.586880959375 0.182725890625 0.5993023203125001 0.20791700937500002 0.599839321875 0.221018209375 0.5947270812500001 0.231619625 0.5837982109375 0.23371037499999997 0.5661809109375 0.22388164375000003 0.5526785171874999
0 0.2586287953125 0.551095290625 0.2479592125 0.55811850625 0.2433004984375 0.5660135140625 0.2437095390625 0.58944744375 0.254651815625 0.59804685 0.271502709375 0.6016595609375 0.2846720828125 0.6004529749999999 0.2930123078125 0.5973772640624999 0.3059771671875 0.5844537140625 0.3032046828125 0.5630144640625 0.28736507968749997 0.5486402734375 0.2586287953125 0.551095290625
0 0.1048913578125 0.6055444859375 0.09158563125 0.5989397578125 0.07000785937500001 0.5993163984375001 0.060485909375 0.60338945 0.0498844953125 0.6143183234375 0.04789600625 0.637794103125 0.05525903125 0.647432690625 0.068564753125 0.65403741875 0.0937217859375 0.6526215921875 0.1032096484375 0.646595709375 0.1102318078125 0.636706028125 0.10982276718749999 0.6132720968750001 0.1048913578125 0.6055444859375
0 0.168408878125 0.6034590703125 0.14203604375 0.603919409375 0.1243102125 0.6188794828125 0.1247533390625 0.64426624375 0.12843485625 0.6490855375 0.14771736093750001 0.654609228125 0.17047685937499998 0.653235246875 0.182328165625 0.645214690625 0.1869187078125 0.633414028125 0.1841803078125 0.6139276015624999 0.178067175 0.6071973296875 0.168408878125 0.6034590703125
0 0.263367 0.6164522375 0.2523906375 0.6059000078125 0.24273234062500001 0.6021617499999999 0.22594961875 0.60245469375 0.2116326078125 0.6066114421875 0.2033605546875 0.6135928093749999 0.201406153125 0.63902141875 0.2172457515625 0.6533956046875 0.23764180937499998 0.6540163031249999 0.25081118281250003 0.65280971875 0.2590832390625 0.6458283515625001 0.2660031375 0.630080184375 0.263367 0.6164522375
0 0.28258133281250003 0.618070275 0.283024459375 0.6434570296875 0.2915692109375 0.652098284375 0.3060225703125 0.6557528453125 0.3239870046875 0.6544625609375 0.3430309046875 0.646316459375 0.34241734375 0.6111655640625 0.336338296875 0.60638811875 0.3218849390625 0.6027335578125 0.2979437171875 0.6051048765625 0.28258133281250003 0.618070275
0 0.3526324875 0.5094092875 0.3440877375 0.5007680359375 0.331997828125 0.4951187984375 0.3104200453125 0.49549544062499995 0.2985005703125 0.499610340625 0.28786506875 0.5085863875000001 0.285603884375 0.5164395453124999 0.285842490625 0.5301093359375 0.2908079875 0.5397897781250001 0.306545325 0.54830548125 0.3340998890625 0.5468478046875 0.3448376453125 0.5437302421875 0.3530756140625 0.5347960484375001 0.3526324875 0.5094092875
0 0.253856509375 0.4837855125 0.2671963171875 0.49234306875 0.2971484125 0.4908435390625 0.31372660625000004 0.47883363125 0.31321530625 0.449541221875 0.29508043125 0.4410673640625 0.27110512343750004 0.4414858546875 0.2615831734375 0.44555890624999994 0.2509817640625 0.4564877765625 0.253856509375 0.4837855125
0 0.3359748078125 0.448167240625 0.3254074796875 0.461048940625 0.328214053125 0.48444102187500004 0.343985478125 0.494909553125 0.373937571875 0.49341002500000003 0.3882545828125 0.489253275 0.39274286406250003 0.4715941328125 0.390038553125 0.45406053125 0.369472065625 0.4436756984375 0.35029181875000004 0.44401049062500003 0.3359748078125 0.448167240625
0 0.3752556421875 0.5002239984375 0.362290784375 0.5131475453125 0.36266573750000003 0.5346286515625 0.3785053359375 0.5490028375 0.4060939875 0.5494979890625 0.4191951921875 0.5443857484375 0.4274331578125 0.5354515515625 0.4270241171875 0.5120176203125 0.4136161359375 0.4995544140625 0.401560303125 0.49585800312500006 0.3752556421875 0.5002239984375
0 0.41749085625 0.44674437187500005 0.404457825 0.4557622671875 0.399799109375 0.463657275 0.400105890625 0.48123272031250003 0.4086847265625 0.4918268015625 0.423172171875 0.49743418906250003 0.4387731640625 0.4981385859375 0.46497556875 0.48791410625 0.4694297640625 0.4683021328125 0.46686180000000005 0.45857984687500003 0.4462612265625 0.44624218281249994 0.41749085625 0.44674437187500005
0 0.30460238125 0.4369943125 0.314260678125 0.44073257187500003 0.33462265 0.4394004390625 0.35356428906250004 0.42539585625000004 0.3531893359375 0.4039147515625 0.33738381875 0.3914933921875 0.3086134484375 0.39199558125 0.29088762031250004 0.4069556578125 0.29362601875 0.4264420828125 0.30460238125 0.4369943125
0 0.3705174390625 0.4348670484375 0.3862547765625 0.44338275468750005 0.41620687187499994 0.4418832265625 0.4327509796875 0.42792049375 0.429910321875 0.40257558125 0.40451468124999995 0.39032161875 0.37584657187500004 0.396682290625 0.3652451625 0.40761116093750005 0.3655860296875 0.4271394359375 0.3705174390625 0.4348670484375
0 0.4526016453125 0.3972959484375 0.442034321875 0.41017764687499997 0.44230701562499997 0.42580026562500006 0.44960186875 0.43153320468749995 0.45213574687499997 0.439302665625 0.46061232499999993 0.4440382609375 0.4857693515625 0.44262243437500004 0.49650710781249996 0.4395048703125 0.504745078125 0.4305706765625 0.5018703343750001 0.40327294062499996 0.478906315625 0.392929953125 0.4526016453125 0.3972959484375
0 0.3330204296875 0.553703625 0.322384928125 0.5626796703125 0.3201237453125 0.5705328296875 0.3203623515625 0.5842026203125 0.325327846875 0.5938830625 0.34346272031249997 0.6023569171875 0.36622221875 0.6009829390625 0.3769599796875 0.597865375 0.387595475 0.58888933125 0.3871182609375 0.561549746875 0.3641201515625 0.54925393125 0.3330204296875 0.553703625
0 0.3569729625 0.620678609375 0.3573479171875 0.642159709375 0.368324284375 0.6527119421875 0.38517516875 0.656324653125 0.3983445484375 0.655118071875 0.40911639062500005 0.6539533359374999 0.419785978125 0.6469301203125 0.419240590625 0.6156848796875 0.40586669531249997 0.6051744968749999 0.374698790625 0.605718534375 0.3569729625 0.620678609375
0 0.41217302968749997 0.5542754328124999 0.3991400015625 0.563293325 0.39687881875 0.571146484375 0.39711742499999997 0.58481628125 0.40208292031250004 0.5944967171875 0.4154227328125 0.6030542718749999 0.42862619375 0.60380051875 0.453715053125 0.5984790328125 0.46191893124999994 0.5875920109375 0.45904418593749996 0.5602942750000001 0.4433068484375 0.55177856875 0.41217302968749997 0.5542754328124999
0 0.492314153125 0.611479240625 0.4753950859375 0.6039608734375 0.4514197765625 0.6043793640625 0.44189782656250004 0.608452415625 0.42896706093750003 0.62332879375 0.42930792812499996 0.6428570687499999 0.436670953125 0.65249565625 0.44757914374999996 0.6591422328125 0.4704068203125 0.6616739093749999 0.4906665265625 0.6544832953124999 0.49890449531250003 0.6455491015625 0.5008929859375 0.6220733218750001 0.492314153125 0.611479240625
0 0.5334017281250001 0.560949778125 0.517664384375 0.5524340750000001 0.49129155 0.5528944140625 0.47822443281250004 0.5599594828125001 0.4735998046875 0.5698073156250001 0.4764404625 0.5951522265625 0.484951121875 0.60184065 0.4994044796875 0.6054952109375 0.514971390625 0.6042467765625 0.5281066765625 0.6010873671875 0.536344646875 0.5921531703125 0.538401309375 0.5725830453125 0.5334017281250001 0.560949778125
0 0.5306064734375 0.606904 0.5186869875 0.6110189015625 0.5081196640625001 0.6239005984375 0.5084264453125 0.64147605 0.513391940625 0.6511564859375001 0.529129278125 0.6596721921875 0.5423327453125 0.6604184390625 0.5626265375 0.6551806515624999 0.5731938640625 0.64229895 0.57035320625 0.6169540437500001 0.5521842453125 0.606527359375 0.5306064734375 0.606904
0 0.4807469984375 0.49838264062500004 0.463964278125 0.4986755828125 0.44140930312500004 0.5117665265625 0.43935263750000003 0.5313366515625 0.4528287984375 0.5477055171874999 0.4648846203125 0.5514019265625001 0.4756564671875 0.550237190625 0.48879175625000004 0.54707778125 0.5017907 0.5361070609375 0.5038473640625 0.5165369375 0.49040529531250004 0.5021208984375 0.4807469984375 0.49838264062500004
0 0.5436850468750001 0.46309915625000003 0.532674596875 0.4505941 0.503801965625 0.44523780625000003 0.484723978125 0.45143108125 0.476486009375 0.460365275 0.4769291375 0.4857520359375 0.4903030359375 0.49626241562500006 0.5047563937499999 0.4999169765625 0.51313070625 0.49879408906249995 0.5310610546875 0.4955509828125 0.5393671984374999 0.49052244062500006 0.5440259140625 0.48262743124999996 0.5436850468750001 0.46309915625000003
0 0.518755309375 0.40883847656250005 0.516664559375 0.4264557765625 0.524061671875 0.43804719375 0.5349698625 0.44469376875 0.5601268953125 0.4432779375 0.5708646546875 0.44016037812500003 0.579102621875 0.4312261796875 0.5787276671875 0.40974508125 0.5604905375 0.395412740625 0.5341176937500001 0.39587307968749996 0.518755309375 0.40883847656250005
0 0.5931469375 0.4114468109375 0.59345371875 0.4290222609375 0.5983851265625 0.43674987343750005 0.6117249359375 0.4453074265625 0.6392794984375 0.44384975000000004 0.6558576953124999 0.431839840625 0.655482740625 0.41035873437500003 0.6372456109375 0.3960263984375 0.6132703015625001 0.39644488906249997 0.601384903125 0.4025126171875 0.5931469375 0.4114468109375
0 0.6675044812500001 0.41210232031249994 0.6678453484375 0.43163059531250003 0.6836849468749999 0.44600478125 0.695740778125 0.4497011921875 0.7089101531249999 0.44849460625 0.7220454390625 0.445335196875 0.732680940625 0.4363591515625 0.7347035171875 0.41483620156249995 0.711603146875 0.3966819046875 0.690025375 0.397058546875 0.6675044812500001 0.41210232031249994
0 0.7787340109375 0.39551013125 0.7596219390625001 0.3997505796875 0.746657084375 0.4126741265625 0.7469297781249999 0.42829674687499997 0.756758509375 0.44179914531250003 0.76523508125 0.4465347421875 0.7904262015625 0.44707173906250003 0.7964029874999999 0.445990703125 0.8070384828125 0.4370146609375 0.8089928859375 0.41158605000000004 0.7956189921875 0.40107567031249997 0.7787340109375 0.39551013125
0 0.8257756031250001 0.41129310781250006 0.823650765625 0.42695757656250005 0.8310478765625 0.4385489953125 0.8444217765625 0.449059378125 0.86478374375 0.4477272484375 0.8778849484375 0.44261500781249996 0.8837594703124999 0.435675490625 0.8833504296875001 0.41224156093750003 0.8651473812500001 0.3998620484375 0.843535521875 0.3982858625 0.8257756031250001 0.41129310781250006
0 0.5537182953124999 0.48831852187499997 0.5718872578124999 0.49874520312500004 0.599441815625 0.49728752343749993 0.6160540984375 0.48723044531250004 0.615610971875 0.46184368437499995 0.592578775 0.4475950453125 0.5662400265625 0.45000821249999995 0.5532069953125001 0.4590261046875 0.550911725 0.46492644062500005 0.5537182953124999 0.48831852187499997
0 0.676230975 0.499854009375 0.6951385296875 0.48389659687500003 0.6922978703125 0.45855169062499995 0.6693338484375 0.448208703125 0.6477901625 0.45053817343749997 0.6300302421875 0.463545421875 0.6304733687499999 0.4889321765625 0.6510739421875 0.5012698390625 0.676230975 0.499854009375
0 0.738896334375 0.4489479078125 0.7150232859375001 0.45522488125000005 0.7043877859375 0.464200925 0.704694565625 0.48177637500000003 0.709625975 0.4895039875 0.7229998671875 0.5000143671874999 0.75058851875 0.50050951875 0.7613262749999999 0.49739195468749997 0.76956424375 0.48845776093750004 0.7716209078125 0.46888763750000007 0.7666554125 0.45920719375 0.738896334375 0.4489479078125
0 0.8325363781249999 0.45512710624999997 0.8204805546875 0.45143069531249996 0.8036978343750001 0.4517236390625 0.789414909375 0.457833215625 0.7835063015625 0.46281990625 0.781381465625 0.478484375 0.786449221875 0.494023296875 0.8021865640625 0.5025390046875 0.8321386531250001 0.501039475 0.841626515625 0.49501359999999994 0.8462852312500001 0.4871185921875 0.8434786593749999 0.4637265109375 0.8325363781249999 0.45512710624999997
0 0.8995990687500001 0.4500496765625 0.8780212953125 0.45042631875000005 0.8637383703125 0.4565358953125 0.85317104375 0.46941759375 0.8584433203125 0.49667348125000005 0.88137325 0.505063640625 0.9065302828125 0.5036478093750001 0.9207450343750001 0.49363258125 0.9254037500000001 0.4857375734375 0.9250969687499999 0.468162121875 0.9201655593750001 0.460434509375 0.8995990687500001 0.4500496765625
0 0.5647969203125001 0.5047292328124999 0.552741096875 0.5010328234375 0.5359583765625 0.5013257671875 0.5216413656250001 0.505482515625 0.5111081296875 0.5203170453125 0.513880615625 0.5417562953124999 0.5223912734375 0.5484447218749999 0.53444710625 0.55214113125 0.5596041328125 0.5507253046875 0.5691260828125 0.546652253125 0.57608006875 0.532856909375 0.573307584375 0.5114176593749999 0.5647969203125001 0.5047292328124999
0 0.6529033171874999 0.5373762265625001 0.6525624484375 0.51784795 0.6439836156250001 0.50725386875 0.6294961703124999 0.50164648125 0.610315925 0.5019812734375 0.5983964390625001 0.5060961734375 0.5901243859374999 0.513077540625 0.5881699828125 0.53850615 0.596748821875 0.549100228125 0.6136337921874999 0.5546657671874999 0.6220081093750001 0.553542884375 0.6351774875 0.5523362984375 0.6482446015625001 0.545271234375 0.6529033171874999 0.5373762265625001
0 0.7316809656250001 0.51646693125 0.7110803921875 0.5041292687500001 0.682310021875 0.50463145625 0.6727880734375 0.5087045078125 0.6645501031250001 0.5176387046875 0.66495914375 0.5410726359375 0.6735038953125 0.5497138859375 0.6879913390625 0.5553212750000001 0.705955775 0.554030990625 0.7167276218749999 0.5528662578125 0.7297606484375 0.5438483656249999 0.734351190625 0.532047703125 0.7316809656250001 0.51646693125
0 0.7542700328125 0.5053288125 0.73890764375 0.518294209375 0.741782390625 0.5455919453125 0.7647804984375 0.557887759375 0.785142465625 0.556555628125 0.7935167828125 0.55543274375 0.8088791671875001 0.542467346875 0.808401953125 0.5151277624999999 0.7974596765624999 0.5065283578125 0.7830063171874999 0.502873796875 0.7542700328125 0.5053288125
0 0.8742488359375 0.5090948421875 0.8645905390624999 0.5053565828125001 0.83582016875 0.5058587718750001 0.82515058125 0.5128819874999999 0.8232302656250001 0.540263421875 0.843933096875 0.55845956875 0.8618975390625 0.5571692890625 0.8702718562499999 0.5560464015625 0.8832707953125001 0.5450756812499999 0.8878613359375 0.53327501875 0.8852252 0.5196470718749999 0.8742488359375 0.5090948421875
0 0.6040777546875 0.5567859921875 0.5944194578124999 0.5530477328125001 0.5608881140624999 0.555586446875 0.55025261875 0.564562490625 0.545627990625 0.574410328125 0.5483663875 0.5938967546875 0.55934275625 0.604448984375 0.5690010531249999 0.60818724375 0.5893971062500001 0.6088079421875 0.6072592859375 0.601659175 0.6154631640625 0.5907721515625 0.6126225062499999 0.5654272453125 0.6040777546875 0.5567859921875
0 0.6918432828125 0.56990470625 0.680866915625 0.5593524765625 0.66877700625 0.5537032390625 0.6471992234374999 0.5540798812500001 0.6400407218749999 0.55615825625 0.6223830640625 0.5750239828125 0.6251555484375 0.596463240625 0.6433585890625 0.60884275 0.6661521796875001 0.6094215953125001 0.6840484453125 0.6042256609375001 0.6899229671875 0.597286140625 0.6945475937500001 0.5874383078125 0.6918432828125 0.56990470625
0 0.7714049281250001 0.5939104484375 0.76859835625 0.5705183671875 0.7600536109375 0.5618771125 0.7479636921874999 0.556227875 0.7167957953124999 0.5567719140625 0.7061262078125 0.56379513125 0.70146749375 0.571690140625 0.701910621875 0.5970768953125 0.710455365625 0.6057181484374999 0.7249428109375 0.6113255375 0.7453047828125 0.6099934078125 0.7608376046875 0.6067921453125 0.7667462125 0.6018054562499999 0.7714049281250001 0.5939104484375
0 0.7809950515625 0.5937430515625 0.8016637984375 0.6099863671875 0.8244233015625 0.6086123890625 0.8433990265625001 0.59656063125 0.843024071875 0.575079525 0.8344452359375 0.564485446875 0.807970140625 0.5590873046875 0.788926240625 0.56723340625 0.7806882703125 0.5761676015625 0.7809950515625 0.5937430515625
0 0.9020924906250001 0.5666517828125001 0.8900366609375 0.562955371875 0.873253946875 0.563248315625 0.861368553125 0.56931604375 0.8531305828125 0.5782502421875 0.855971240625 0.6035951515625 0.8669476093749999 0.614147378125 0.8766059046875 0.6178856374999999 0.8993654031249999 0.6165116609375 0.90770563125 0.6134359453125 0.918307040625 0.6025070765625 0.9179320875 0.5810259734375001 0.9020924906250001 0.5666517828125001
0 0.6241442578124999 0.6072247140625 0.5954420609375 0.6116325578125 0.5848065640625 0.6206086046875 0.58254538125 0.6284617640625 0.585317865625 0.6499010140625 0.6059184390625 0.662238678125 0.631075471875 0.660822846875 0.6370522578125 0.6597418125 0.65234646875 0.6428707609375001 0.6520737750000001 0.627248140625 0.6471082796875 0.6175676984375 0.6241442578124999 0.6072247140625
0 0.7081260140625 0.609665653125 0.672197134375 0.612246215625 0.66392508125 0.6192275859375 0.659368628125 0.6329810734375 0.6621411125 0.6544203296875 0.6851392203125 0.6667161421875 0.7031036562499999 0.6654258609375 0.7186023921875 0.660271771875 0.729169715625 0.6473900718750001 0.7263290578125 0.622045165625 0.7177843109375 0.6134039109375 0.7081260140625 0.609665653125
0 0.7945734718749999 0.615970396875 0.7681324546875 0.61252508125 0.7503043640625 0.621626675 0.74331629375 0.6334691875 0.7436571609375 0.6529974625 0.7618602078125 0.665376971875 0.77506366875 0.6661232140625 0.790630578125 0.6648747828125 0.8060270484375 0.6538622109375 0.8080837109375001 0.6342920875 0.8030841296875 0.6226588203125 0.7945734718749999 0.615970396875
0 0.8804527640625001 0.6584233765625 0.8874408375 0.6465808640625 0.887270403125 0.6368167234375 0.879839203125 0.62327248125 0.8713285453124999 0.6165840546875 0.8472850624999999 0.613096890625 0.8329680500000001 0.6172536390625 0.82473008125 0.6261878328125 0.8201054531249999 0.636035671875 0.820378146875 0.6516582921875 0.831388596875 0.66416335 0.84104689375 0.6679016078125 0.8542162718749999 0.6666950265625 0.8745441515625 0.663410065625 0.8804527640625001 0.6584233765625
0 0.0772799359375 0.6724428109375 0.0751551 0.6881072796875001 0.0801205953125 0.697787715625 0.0958579390625 0.7063034218750001 0.123412496875 0.70484574375 0.13995660625 0.690883009375 0.1396498265625 0.673307559375 0.1347184171875 0.665579946875 0.11654945624999999 0.655153265625 0.092608234375 0.6575245828125 0.0772799359375 0.6724428109375
0 0.10224376093750001 0.728656315625 0.097278265625 0.718975878125 0.0815068390625 0.70850734375 0.057565618750000005 0.7108786625 0.0399420453125 0.7316972203125001 0.040180653125 0.7453670109375 0.054872618750000005 0.7626913671875 0.060917573437500004 0.765515984375 0.0740869515625 0.7643093984375 0.0848587953125 0.7631446656249999 0.0978577390625 0.75217394375 0.10244828125000001 0.7403732796875 0.10224376093750001 0.728656315625
0 0.11464045468749999 0.751881 0.132877584375 0.766213340625 0.1604321484375 0.7647556640625 0.17697625781249998 0.750792925 0.176601303125 0.729311825 0.165590846875 0.716806765625 0.1367523046875 0.7134032984374999 0.1272303546875 0.71747635 0.11662894531250001 0.7284052203125 0.11464045468749999 0.751881
0 0.2139051078125 0.6681045828125 0.198133678125 0.657636053125 0.17895343125000002 0.6579708453124999 0.16703395468749999 0.6620857453125 0.156432540625 0.673014615625 0.15687566875 0.6984013765625 0.1629888015625 0.7051316484375 0.17747624687500002 0.7107390375 0.2050308046875 0.7092813609374999 0.21448458124999997 0.7013026546875001 0.219109209375 0.691454815625 0.218836515625 0.6758321953124999 0.2139051078125 0.6681045828125
0 0.2773203734375 0.6601606890625 0.248584090625 0.6626157046875 0.2356874046875 0.6794449078125 0.23359665624999998 0.6970622078125001 0.2445730234375 0.7076144359375001 0.25666293281249997 0.7132636734375 0.279456521875 0.7138425203125001 0.293705359375 0.705780115625 0.30069343125 0.693937603125 0.300454825 0.6802678125 0.295523415625 0.6725402015624999 0.2773203734375 0.6601606890625
0 0.196190590625 0.7524109625000001 0.21685934218749997 0.768654278125 0.2420163703125 0.7672384515624999 0.258560478125 0.7532757125 0.2581855234375 0.7317946125 0.23751677187500003 0.71555129375 0.213541465625 0.715969784375 0.20287188281250002 0.722993 0.19821316718749998 0.7308880078125 0.196190590625 0.7524109625000001
0 0.3822094796875 0.692514734375 0.37950516875 0.6749811390625 0.3685288046875 0.6644289078125001 0.3564388859375 0.6587796703125 0.3372586390625 0.6591144625 0.32533916406249996 0.6632293625 0.31706710625 0.6702107296875 0.31514678906250004 0.6975921640625 0.32612315937499997 0.7081443953125001 0.340610603125 0.7137517843750001 0.3537799765625 0.7125451984375 0.3692787125 0.7073911125000001 0.377550765625 0.70040974375 0.3822094796875 0.692514734375
0 0.314237759375 0.7142121234375 0.2950575125 0.714546915625 0.28313803593750003 0.718661815625 0.27260479531250004 0.7334963421875 0.27537728125 0.7549355984375 0.29118279375 0.7673569578125 0.31873735625 0.7658992812500001 0.3329521078125 0.7558840453125 0.335247378125 0.7499837171875 0.334940596875 0.7324082671875 0.3300091890625 0.7246806546875 0.314237759375 0.7142121234375
0 0.45247646562500005 0.6649170171875001 0.43315987187499994 0.6574405 0.4068211234375 0.6598536671875 0.39615153593749997 0.6668768859374999 0.389129378125 0.6767665671875001 0.38947024531249996 0.6962948421874999 0.40048069531249997 0.708799903125 0.41976320312500004 0.7143235921875 0.43293258124999995 0.7131170109375 0.4460678734375 0.7099575984375 0.45670336875000006 0.7009815546875 0.4585895984375 0.6716472890625 0.45247646562500005 0.6649170171875001
0 0.34966664999999997 0.751685446875 0.3703354015625 0.767928765625 0.3930948984375 0.766554784375 0.40974126875000005 0.7584505312500001 0.411661584375 0.731069096875 0.4042985578125 0.721430509375 0.39339036875 0.7147839328125001 0.3646199984375 0.7152861203125 0.351621053125 0.72625684375 0.34966664999999997 0.751685446875
0 0.525686375 0.6685226921874999 0.50755150625 0.6600488343750001 0.48121274999999997 0.6624620015625 0.472906609375 0.667490540625 0.4682478953125 0.6753855484375 0.46622531875 0.696908503125 0.471156728125 0.704636115625 0.4844965390625 0.71319366875 0.5096876546875 0.713730665625 0.520425409375 0.7106131046875 0.5309927375 0.6977314031249999 0.5306859562499999 0.6801559593750001 0.525686375 0.6685226921874999
0 0.4307736578125 0.7268286500000001 0.42638763593749995 0.750346278125 0.4350005546875 0.7628931859375 0.4495220875 0.770453403125 0.4651230828125 0.7711577984375 0.49129140156249995 0.75898049375 0.49321171875 0.7315990593749999 0.48463288593750004 0.7210049781250001 0.4701454421875 0.7153975906250001 0.448567659375 0.71577423125 0.4307736578125 0.7268286500000001
0 0.4486812359375 0.7909790171875 0.43280755 0.774652 0.41595665625 0.7710392890625 0.39924211875000004 0.7752378875 0.3886066171875 0.7842139343750001 0.3841183375 0.8018730765625 0.397628578125 0.8201947703125001 0.4121160234375 0.8258021578125 0.42288787031249997 0.8246374218750001 0.43126218281249995 0.8235145375 0.44429521406249994 0.8144966453125001 0.4489539296875 0.8066016375 0.4486812359375 0.7909790171875
0 0.46299824687499996 0.78682226875 0.46347546093750003 0.814161853125 0.47202021250000004 0.8228031046875 0.484110121875 0.8284523421875001 0.5044720921875 0.8271202093750001 0.521084375 0.81706313125 0.5257430890625 0.8091681234375001 0.5254703953125001 0.793545503125 0.5071650875 0.7753075078125 0.4759971921875 0.7758515453125 0.46299824687499996 0.78682226875
0 0.6048389796875 0.669094496875 0.593930790625 0.6624479234375 0.5579678234375 0.663075659375 0.547298240625 0.670098875 0.542639525 0.6779938828125001 0.5454801828125 0.7033387953125 0.5564224640625001 0.711938196875 0.570909909375 0.717545584375 0.5888743453124999 0.7162553015625 0.5972145703125 0.713179590625 0.6101794296875 0.7002560390625 0.6097703890624999 0.676822109375 0.6048389796875 0.669094496875
0 0.5098580875 0.72349480625 0.502870015625 0.73533731875 0.5056765875 0.7587294 0.5262771609375 0.771067059375 0.54667321875 0.7716877546875 0.55977441875 0.7665755187500001 0.5703758328124999 0.75564664375 0.56989861875 0.728307059375 0.551695575 0.71592755 0.5205276703124999 0.7164715875 0.5098580875 0.72349480625
0 0.5576495859375 0.7822399875 0.547048171875 0.7931688609374999 0.544991509375 0.8127389859375 0.5632627296875 0.8290241500000001 0.5932148203125001 0.827524625 0.6073613984375 0.8136037343750001 0.6045207390625 0.788258828125 0.59601008125 0.781570403125 0.5839542468750001 0.7778739921875 0.5671715359375 0.7781669359375 0.5576495859375 0.7822399875
0 0.63712043125 0.6636474671875 0.6217239546875 0.6746600390624999 0.617065240625 0.6825550484375 0.6198377265625 0.7039942984375 0.628382475 0.7126355515625 0.6453015328125 0.72015391875 0.6632659750000001 0.7188636359375 0.68463923125 0.7067700296874999 0.68409384375 0.6755247890625 0.6755490984375 0.6668835375 0.6658908015625 0.6631452796875 0.63712043125 0.6636474671875
0 0.6188946125 0.7186614312499999 0.5949533921875 0.7210327484375 0.5796250890625 0.7359509734375 0.5799318703125 0.7535264234375 0.5933739375 0.767942459375 0.6102589187499999 0.7735079984375 0.6258258234375 0.7722595671875 0.6318026046874999 0.7711785296875 0.6447674625 0.758254978125 0.644290246875 0.7309153937499999 0.6381771203125 0.724185121875 0.6188946125 0.7186614312499999
0 0.7499066359375 0.6675390453125 0.7187387390625 0.6680830828125 0.7033422640625 0.6790956515625 0.69892215625 0.7006604546874999 0.703853565625 0.7083880671875 0.72205660625 0.7207675765625 0.744816109375 0.7193935984375 0.7579173140625 0.7142813578125 0.7661552796875 0.7053471609375 0.7657462390625 0.68191323125 0.7608148296875 0.6741856187499999 0.7499066359375 0.6675390453125
0 0.7004788343749999 0.72114421875 0.6765376140625 0.7235155359375 0.665868025 0.7305387515625 0.661277484375 0.7423394156249999 0.66404996875 0.763778671875 0.67982139375 0.7742472031250001 0.7026149828125 0.774826053125 0.7204771625 0.7676772859375001 0.726317596875 0.7587849421875 0.723442853125 0.7314872046875001 0.71493219375 0.7247987796875 0.7004788343749999 0.72114421875
0 0.6320412109375 0.784848321875 0.6215079765625 0.7996828500000001 0.6242122859375 0.817216446875 0.642449415625 0.8315487859375 0.6676064484374999 0.830132959375 0.6794577562499999 0.822112403125 0.684116471875 0.8142173953125 0.6813098984375 0.7908253140625 0.66553846875 0.7803567796875 0.6415631609375 0.7807752703124999 0.6320412109375 0.784848321875
0 0.7978913390625 0.6686548906249999 0.7859718625000001 0.6727697921875 0.7777338921875 0.6817039859375 0.7781770203125 0.707090746875 0.79401661875 0.7214649328125 0.803674915625 0.7252031921875 0.8168442953125 0.72399660625 0.8323430249999999 0.7188425203125 0.84061508125 0.71186115 0.84006969375 0.6806159093749999 0.82909333125 0.67006368125 0.7978913390625 0.6686548906249999
0 0.7892897296875 0.7254542859375 0.762882809375 0.7239617984375 0.7509633250000001 0.7280766984375 0.7403619156250001 0.739005571875 0.7408050421875 0.7643923265625 0.761439703125 0.7786828171875 0.7818016734375 0.7773506890624999 0.7949028734375 0.7722384484375 0.8031408437499999 0.7633042515625 0.8027318031249999 0.7398703203125 0.7977663078125 0.730189884375 0.7892897296875 0.7254542859375
0 0.7398619296875 0.779059459375 0.723079209375 0.779352403125 0.7135572578125 0.7834254546875 0.70295585 0.7943543281250001 0.703364890625 0.8177882578125001 0.7216020249999999 0.8321205953125 0.7443615218749999 0.8307466140624999 0.752701746875 0.8276709015625 0.76093971875 0.8187367046875 0.7604284171875 0.7894442953125 0.7519177531250001 0.78275586875 0.7398619296875 0.779059459375
0 0.8253208703125001 0.7287322046875 0.817048815625 0.7357135718750001 0.81269688125 0.76118403125 0.833365628125 0.7774273468749999 0.8585567468749999 0.77796434375 0.8776006453124999 0.769818240625 0.8822593609375 0.7619232328125001 0.88188440625 0.7404421328125 0.8732714890625 0.7278952234375 0.8443988578124999 0.7225389296875 0.8253208703125001 0.7287322046875
0 0.919290471875 0.6850933765625 0.9119274453124999 0.6754547828125 0.8961901062500001 0.6669390796875 0.8674538249999999 0.6693940953124999 0.8520232625 0.678453840625 0.8501029453125 0.705835275 0.855034353125 0.7135628875 0.8732033156250001 0.72398956875 0.89359936875 0.7246102671875 0.9090980984374999 0.719456178125 0.9173701546874999 0.7124748109375 0.921960696875 0.7006741484375001 0.919290471875 0.6850933765625
0 0.79270986875 0.7839972625 0.777415653125 0.8008683171875 0.7826197546875 0.82421855 0.8007887109375 0.83464523125 0.8187531515625001 0.8333549484375 0.83185435625 0.8282427109375 0.840092321875 0.8193085171875 0.8397173671875 0.7978274109375 0.8287069125000001 0.7853223546875 0.8142535546874999 0.78166779375 0.79270986875 0.7839972625
0 0.8982012234375001 0.7821559046875 0.8766234421875 0.7825325453125 0.8694649421875 0.7846109203125 0.8565000828124999 0.7975344671875 0.8568750375 0.8190155734375001 0.872748721875 0.8353425874999999 0.8931447796875001 0.8359632828124999 0.903882540625 0.832845721875 0.9145180375 0.8238696750000001 0.91897223125 0.8042577015625 0.9078595203125 0.7858941625 0.8982012234375001 0.7821559046875