0 0.840519790625 0.018573796875 0.834350425 0.0173283796875 0.82088625625 0.019702475 0.81551490625 0.0229828328125 0.8082558984375 0.0324291359375 0.8056060125 0.0398961046875 0.8044805765625 0.04476103125 0.8076726390625 0.06286411562500001 0.8181595046875 0.0773476890625 0.8193565265625 0.0841363421875 0.823602440625 0.0857209171875 0.8420747437499999 0.083630371875 0.8524184375000001 0.0748067765625 0.8577539921874999 0.06569962812499999 0.8600048703125 0.0559697734375 0.859534275 0.0420533046875 0.853293321875 0.0291543046875 0.840519790625 0.018573796875
0 0.8529606171875 0.10037682968749999 0.847190259375 0.1013943 0.8448677984374999 0.09947057031249999 0.8371739874999999 0.100827196875 0.8268302953125 0.10965079062500001 0.8214947390624999 0.118757940625 0.8192438640624999 0.1284877953125 0.8224359265625001 0.1465908796875 0.83372080625 0.1656002203125 0.837204496875 0.168485815625 0.8503054515624999 0.169675625 0.8591604921875 0.1692808609375 0.8660562875 0.1633984671875 0.8729162875 0.1516892765625 0.875494584375 0.132568721875 0.8734995453125001 0.12125429375 0.8676576015625 0.11061818125 0.8529606171875 0.10037682968749999
0 0.8619535468749999 0.1851210609375 0.8488883843749999 0.18975804062499999 0.8404681453125 0.19824248125 0.835204175 0.21900321250000002 0.8371992140625 0.230317640625 0.8480850859375 0.2470640953125 0.8538912375000001 0.25187341875 0.860822825 0.2518178140625 0.8773716765625 0.250066425 0.8892040218749999 0.23281399687499998 0.890329459375 0.22794906875 0.88945985625 0.21176971406249998 0.8832189046875 0.1988707125 0.8746912859375 0.1898747796875 0.8619535468749999 0.1851210609375
0 0.8867331046875 0.269414925 0.8805637390625 0.268169509375 0.8690230218749999 0.2702044484375 0.8602037749999999 0.2764260046875 0.8533437749999999 0.2881351921875 0.8510928968749999 0.29786504687500004 0.8538859515624999 0.313705246875 0.86165135 0.32400220156250004 0.862449365625 0.3285279734375 0.87017896875 0.3329981390625 0.879034009375 0.3326033796875 0.89173595625 0.3315303 0.89710730625 0.32824994687500003 0.9058907625 0.31620159999999997 0.9070161984375 0.3113366734375 0.9026271124999999 0.286444934375 0.8971841765624999 0.2780717046875 0.8867331046875 0.269414925
0 0.897250478125 0.3515571140625 0.883786309375 0.3539312109375 0.8784149593749999 0.35721156875000004 0.8696315046875001 0.3692599109375 0.8662551921875 0.3838546953125 0.86825023125 0.3951691234375 0.874092178125 0.4058052359375 0.8845432484375 0.414462015625 0.8957207484374999 0.4159909828125 0.9064992437500001 0.4152570640625 0.915318490625 0.40903550937500005 0.9213804765625 0.3928005484375 0.9169913921875 0.3679088109375 0.9138709171875 0.361459309375 0.9034198437500001 0.3528025328125 0.897250478125 0.3515571140625
0 0.9135382109375 0.43268183593750004 0.8981505890625 0.4353950875 0.887806896875 0.44421868125 0.8828703484375 0.455588715625 0.88214391875 0.46271653125 0.884936971875 0.4785567265625 0.88805745 0.48500622812499994 0.8965850671875 0.494002165625 0.9081615765625 0.497794015625 0.922786975 0.496381784375 0.93313066875 0.487558190625 0.936542771875 0.478790196875 0.9309566640625 0.44710979999999995 0.9278361890625 0.44066030156249997 0.9197075765625 0.4339272515625 0.9135382109375 0.43268183593750004
0 0.7861514453125 0.07015874375 0.7684413640625001 0.07094826875 0.76154556875 0.076830665625 0.75468556875 0.08853985625 0.752434690625 0.0982697125 0.7552277453125 0.11410990781250001 0.7684360796874999 0.13278009531249998 0.7750044515625001 0.136288396875 0.7934767578125 0.13419785 0.7988481078125 0.13091749531250002 0.805708109375 0.11920830625 0.80908441875 0.1046135234375 0.806690371875 0.0910362109375 0.80084843125 0.0804000984375 0.7861514453125 0.07015874375
0 0.7908984609374999 0.153318403125 0.7893740171875 0.155920446875 0.783603659375 0.1569379171875 0.77518341875 0.165422353125 0.7702468703124999 0.17679238749999998 0.7719144874999999 0.197497515625 0.7855218296875 0.21843058593750003 0.7897677390625 0.22001515781249997 0.81208695 0.2172463 0.8239192937500001 0.19999386875 0.82617016875 0.1902640140625 0.8229781062500001 0.17216092968750002 0.8175351703124999 0.1637877015625 0.8094065578125 0.1570546515625 0.7908984609374999 0.153318403125
0 0.8199239328125 0.2391968421875 0.8137545671874999 0.2379514265625 0.8002903984374999 0.2403255234375 0.793394603125 0.2462079171875 0.7850101578124999 0.2605191515625 0.7842837265625 0.26764696250000003 0.7870767812499999 0.2834871625 0.795241184375 0.2960470046875 0.8010473359375 0.300856325 0.8103013859375 0.30272445000000003 0.8249267843749999 0.3013122203125 0.8318225796875 0.29542981875 0.83868258125 0.28372063281250004 0.8409334562499999 0.273990778125 0.8381404015625 0.25815057812500003 0.8350199234375 0.25170108125 0.8199239328125 0.2391968421875
0 0.8389331328124999 0.32450817656250003 0.8265944015625 0.32201734375 0.81545269375 0.32631516718750003 0.8085568984375 0.33219756875 0.803221340625 0.34130471562500003 0.8009704687499999 0.35103456875 0.8037635234374999 0.3668747671875 0.8096054640625001 0.3775108828125 0.815411615625 0.3823202015625 0.828911578125 0.3857728984375 0.8435369765624999 0.38436066874999997 0.8469848750000001 0.3814194703125 0.8553693203125 0.3671082375 0.857620196875 0.35737838125 0.8548271421875 0.341538184375 0.8493842031250001 0.33316495625 0.8389331328124999 0.32450817656250003
0 0.8536964203125 0.40823493906249997 0.843281140625 0.40540494843749997 0.8317404249999999 0.4074398890625 0.8248446312500001 0.41332228750000005 0.8191100656250001 0.420166546875 0.81573375625 0.43476132968750003 0.818526809375 0.4506015296875 0.82396974375 0.4589747578125 0.8344208171874999 0.4676315390625 0.8417514109375 0.46983881875 0.8583002640625 0.46808742812500004 0.8617481609375 0.46514623125 0.87013260625 0.450835 0.8719844765625 0.43884225781249997 0.869191421875 0.4230020609375 0.866469953125 0.41881544687499994 0.8536964203125 0.40823493906249997
0 0.7020312 0.042993071875 0.6951354046875 0.048875465624999996 0.6856255203125 0.0680516265625 0.6888175828125 0.0861547109375 0.6919380609375 0.092604209375 0.7051105984375 0.1054476046875 0.7101187359375001 0.10573115625 0.7285910390625 0.1036406125 0.7404233828125 0.08638818125 0.7422752484374999 0.0743954390625 0.736760725 0.054368628125 0.72398719375 0.043788117187499996 0.713571915625 0.0409581328125 0.7020312 0.042993071875
0 0.7425973875 0.1268365671875 0.7279361953125 0.122422009375 0.71294758125 0.1273981453125 0.7041641249999999 0.1394464921875 0.7019132546875 0.149176346875 0.7059033328125001 0.1718052015625 0.7198738859375 0.18917436875 0.7268054734375 0.189118759375 0.743354325 0.1873673734375 0.751774565625 0.17888293125000002 0.755585678125 0.172377828125 0.758163975 0.153257275 0.7569669515624999 0.14646861718749998 0.7484035375 0.131645890625 0.7425973875 0.1268365671875
0 0.756961665625 0.20830044375 0.748469840625 0.2051313 0.73308221875 0.207844553125 0.72771086875 0.21112490625000002 0.7178019765625 0.2280381796875 0.71707555 0.2351659953125 0.719868603125 0.25100619218750003 0.73035546875 0.2654897640625 0.73616161875 0.2702990875 0.741169753125 0.2705826375 0.7577186046875 0.2688312484375 0.7630899546875 0.2655508953125 0.7718734078125 0.25350255 0.7741242859375 0.24377269375 0.773653690625 0.22985622343749998 0.7678117453125 0.219220109375 0.756961665625 0.20830044375
0 0.7597852296875 0.2917992609375 0.75209141875 0.2931558875 0.7413487187500001 0.299716596875 0.7344887156250001 0.3114257875 0.73223784375 0.32115564218750003 0.7350308984375 0.33699583906249997 0.74047383125 0.3453690671875 0.7509249046875001 0.35402584843749996 0.7621024078125 0.3555548140625 0.7728809 0.354820896875 0.781700146875 0.34859934375 0.7908110234375 0.327160296875 0.7884169765625 0.313582984375 0.782974040625 0.30520975625 0.7702005078124999 0.2946292484375 0.7597852296875 0.2917992609375
0 0.7822423281249999 0.37416939843749997 0.7630078015625 0.3775609640625 0.7545875609375 0.3860454015625 0.7496510109375001 0.3974154359375 0.7513186296875001 0.418120559375 0.754439103125 0.42457006093749994 0.765289184375 0.43548972499999994 0.7745432328125 0.437357846875 0.791092084375 0.4356064609375 0.7979878796875 0.42972406249999995 0.8059733187499999 0.41314994531250004 0.805103715625 0.3969705921875 0.801983240625 0.39052109062499996 0.7930566140625 0.37926226875 0.7822423281249999 0.37416939843749997
0 0.7970056140625 0.4578961578125 0.779694540625 0.46094856718750005 0.77624664375 0.46388976406250004 0.768987634375 0.47333607187500004 0.7652123125 0.4856679671875 0.768404375 0.50377105 0.7715248531250001 0.5102205515625 0.784298384375 0.520801059375 0.7916289828124999 0.5230083390625 0.8081778328125001 0.5212569515625 0.8116257296875 0.5183157546875 0.820010178125 0.5040045203125 0.8222610484375 0.494274665625 0.8190689875 0.47617158281250005 0.8163475203124999 0.47198496875 0.7970056140625 0.4578961578125
0 0.6738647624999999 0.096957640625 0.66961885 0.09537306875 0.65190876875 0.09616259218749999 0.64653741875 0.0994429484375 0.6347050734375 0.1166953765625 0.6339786453125 0.123823190625 0.6371707078125 0.141926275 0.653463721875 0.16121916875 0.6623187625 0.16082440625 0.6730972562499999 0.1600904890625 0.6819165046875 0.1538689328125 0.6887765046875 0.1421597453125 0.69102738125 0.1324298890625 0.6878353203125 0.11432680625 0.6847148421875 0.10787730468750001 0.6738647624999999 0.096957640625
0 0.6955596359375 0.180628796875 0.6897534875 0.17581947656250002 0.683584121875 0.17457405937499998 0.666273046875 0.17762646875000002 0.660901696875 0.18090682656249998 0.6521182421875 0.19295516875000002 0.6498673687500001 0.2026850234375 0.6534584390625 0.22305099374999998 0.6565789125 0.22950049374999998 0.6697514546875001 0.2423438875 0.6766830421875001 0.242288284375 0.6874615359375 0.24155436562500002 0.6982042359375 0.23499365156250002 0.7073151125 0.21355460937499998 0.70412305 0.1954515265625 0.701002575 0.18900202500000002 0.6963576515625001 0.1851545671875 0.6955596359375 0.180628796875
0 0.694500503125 0.2589791359375 0.6829597875 0.26101407499999996 0.6760639921875 0.26689647031249997 0.6661550984375 0.28380974531250003 0.665428671875 0.290937559375 0.6674237093750001 0.302251984375 0.675588115625 0.3148118265625 0.6860391859375 0.323468609375 0.691047321875 0.323752159375 0.7075961734375 0.3220007734375 0.7164154203125 0.315779215625 0.7236028421875 0.29467933125 0.721208796875 0.28110201875 0.7153668546875 0.2704659015625 0.70491578125 0.261809121875 0.694500503125 0.2589791359375
0 0.71967906875 0.3455358859375 0.7073403375 0.343045053125 0.6977230750000001 0.3447408359375 0.6858549375 0.356166475 0.68131739375 0.3697993921875 0.6825144171875 0.37658805 0.6809899734375 0.379190090625 0.682186996875 0.385978746875 0.688028940625 0.3966148609375 0.7008024734375 0.407195371875 0.710056521875 0.40906349375 0.720835015625 0.4083295734375 0.726206365625 0.40504922031249996 0.7365142671875 0.3903988328125 0.7387651375 0.380668978125 0.7355730765625 0.36256589375 0.7278076796875 0.3522689359375 0.71967906875 0.3455358859375
0 0.7410107296875 0.432770946875 0.7282729906250001 0.42801723125 0.7128853687500001 0.430730484375 0.7059895734375 0.43661288125000003 0.6991295734375 0.44832207031250004 0.696878696875 0.4580519265625 0.7023932203125 0.4780787375 0.7174892125000001 0.490582975 0.726743259375 0.4924510984375 0.7375217546874999 0.49171718125 0.746341003125 0.4854956265625 0.7516765609375 0.4763884796875 0.755052871875 0.46179369687499994 0.7522598171875 0.4459534984375 0.749538346875 0.4417668828125 0.7410107296875 0.432770946875
0 0.581252690625 0.066622821875 0.5678959 0.0864772921875 0.56956351875 0.1071824203125 0.57268399375 0.11363191875 0.589340225 0.12936090625000002 0.611659434375 0.12659205 0.624218209375 0.10221180625 0.6233486046875 0.08603245000000001 0.62022813125 0.0795829515625 0.6047331296875 0.0648158265625 0.6004872171875 0.06323125625 0.581252690625 0.066622821875
0 0.6171739578125 0.14661885937500002 0.6110045921875 0.14537344531250002 0.5975404234374999 0.147747540625 0.5921690734375 0.1510278953125 0.5833856187500001 0.1630762421875 0.5822601796875 0.1679411703125 0.5815337515625 0.1750689828125 0.5847258140625 0.1931720671875 0.5878462890625 0.199621565625 0.6041035124999999 0.21308767031250003 0.62449926875 0.210657965625 0.6313950640625 0.204775571875 0.637856059375 0.19080349375 0.6385824875 0.1836756828125 0.6353904265625 0.1655725984375 0.6272260203125 0.15301275625 0.6171739578125 0.14661885937500002
0 0.612303709375 0.23147430156249998 0.6088558125 0.23441550156250002 0.600072359375 0.2464638484375 0.5978214828125 0.25619370468749997 0.6014125515625001 0.27655967187499997 0.6068554921875 0.2849329 0.62039124375 0.2942123890625 0.6427104546875 0.2914435296875 0.6530183546874999 0.2767931421875 0.6552692265625 0.26706328749999997 0.652476171875 0.25122309062500003 0.6439127609375 0.2364003609375 0.629614784375 0.2284218921875 0.612303709375 0.23147430156249998
0 0.6420556109375 0.3102249265625 0.632438346875 0.311920709375 0.6236191 0.31814226562500003 0.6152346546875 0.33245349687500003 0.6133827843749999 0.3444462359375 0.6153778234375 0.3557606640625 0.6208207640625 0.36413389218750003 0.6359167546875 0.376638128125 0.6447717953125001 0.3762433671875 0.6517033828125001 0.37618776249999997 0.6639705296875 0.36702501249999997 0.6700325140625 0.3507900515625 0.6660424359375 0.3281611953125 0.660599503125 0.3197879671875 0.652470890625 0.3130549171875 0.6420556109375 0.3102249265625
0 0.6576169140625 0.3984774609375 0.6441527453125 0.40085155781250004 0.63725695 0.406733953125 0.63039695 0.41844314374999997 0.6289440875000001 0.4326987703125 0.6383055171875001 0.4520472671875 0.6487565890625 0.4607040484375 0.656087184375 0.462911328125 0.6726360359375 0.46115993906249997 0.67953183125 0.45527754375 0.6833429453125001 0.4487724375 0.686320246875 0.43191477031250003 0.68120473125 0.41415084375 0.675761796875 0.4057776140625 0.6576169140625 0.3984774609375
0 0.682396471875 0.48277132500000003 0.6719811921875001 0.4799413375 0.65891603125 0.48457831718750005 0.6470836875 0.5018307484375 0.6459582515625 0.506695675 0.6499483296874999 0.5293245296875 0.6526697968749999 0.5335111453125 0.661197415625 0.5425070812499999 0.6727739234375 0.546298934375 0.6873993234375 0.5448867 0.696218571875 0.53866515 0.70115511875 0.5272951171875 0.70260798125 0.513039490625 0.70101195 0.5039879484374999 0.695170003125 0.493351834375 0.682396471875 0.48277132500000003
0 0.5341791484375 0.1145882578125 0.5234364484375 0.1211489703125 0.5165764484375 0.13285815781250002 0.5147245781249999 0.1448509 0.5171186249999999 0.15842821406250002 0.522960571875 0.169064325 0.53497188125 0.1809458546875 0.5611379953125 0.177498684375 0.5683970046875 0.16805238125 0.5713743078125 0.1511947125 0.568581253125 0.135354515625 0.5627393109375001 0.12471840000000001 0.5522882390625 0.11606162187499999 0.5341791484375 0.1145882578125
0 0.556636246875 0.19695839531249998 0.5401231890625 0.20453657500000003 0.530214296875 0.22144984843749999 0.5294878656249999 0.2285776609375 0.5322809203125 0.244417859375 0.537723859375 0.2527910875 0.550497390625 0.263371596875 0.5635983453125 0.26456140625 0.5774257265625 0.2586234046875 0.586935609375 0.23944724687500002 0.5825465234375 0.2145555046875 0.574382121875 0.20199566249999998 0.56665251875 0.1975254984375 0.5589587078125 0.198882125 0.556636246875 0.19695839531249998
0 0.5860607265625 0.2850997171875 0.5818148125 0.28351514375 0.5641047312499999 0.28430466875 0.5587333812499999 0.28758502343750003 0.54842548125 0.3022354140625 0.5473000453125 0.307100340625 0.5485686546874999 0.32554258125 0.5516891312500001 0.3319920796875 0.56061575625 0.3432509 0.572192265625 0.347042753125 0.5887411171875 0.34529136562499996 0.5956369125000001 0.33940896875000004 0.6020979046875 0.32543689531250003 0.6028243359375 0.3183090796875 0.6000312812499999 0.30246888437499997 0.596910803125 0.2960193828125 0.5860607265625 0.2850997171875
0 0.5900097265625 0.36373360625 0.573097659375 0.3690488984375 0.5643142046875 0.381097246875 0.5620633328125 0.3908271015625 0.565654403125 0.411193071875 0.5710973359375 0.41956629999999995 0.5865565453125 0.4285066296875 0.603105396875 0.4267552421875 0.608476746875 0.4234748875 0.6179866296875 0.40429872656250004 0.6135975453125 0.3794069890625 0.610876075 0.375220375 0.6004250046874999 0.36656359374999997 0.5900097265625 0.36373360625
0 0.6070954734375 0.44938409687499997 0.591707853125 0.45209735 0.58825995625 0.45503855 0.5794764984375 0.46708689375 0.577225628125 0.4768167484375 0.580417690625 0.4949198328125 0.58625963125 0.5055559484375001 0.59438824375 0.5122889984375 0.601718840625 0.514496278125 0.6182676921875 0.512744890625 0.623639040625 0.5094645328125 0.6324224953125 0.497416190625 0.6335479328125 0.49255126093749996 0.628759840625 0.46539663593749997 0.6155873 0.452553240625 0.6070954734375 0.44938409687499997
0 0.48163216093749994 0.0865218484375 0.4639220796875 0.08731137343749999 0.4585507296875 0.090591728125 0.44824283125 0.10524211718750001 0.44711739375 0.1101070453125 0.44798699375 0.1262863984375 0.4569494140625 0.1433720125 0.46932393906250003 0.1516896375 0.47433207499999996 0.15197318906249999 0.48511056874999997 0.15123926875 0.4866350125 0.148637228125 0.492405371875 0.1476197578125 0.5034396984375 0.12584155625 0.501373075 0.1028735453125 0.498252596875 0.096424046875 0.48163216093749994 0.0865218484375
0 0.49791989374999995 0.16764656875 0.49175052812500003 0.16640115312499998 0.47636290625 0.16911440625000002 0.4694671125 0.1749968046875 0.4641315546875 0.18410395 0.4622796875 0.1960966921875 0.46507274218749994 0.21193688906250002 0.4709146859375 0.2225730046875 0.48368821874999995 0.23315351406249998 0.4886963546875 0.233437065625 0.5013983 0.2323639875 0.5102175484375 0.2261424375 0.51555310625 0.2170352859375 0.5185304093750001 0.200177621875 0.5165353703125 0.1888631921875 0.5079719593750001 0.174040465625 0.49791989374999995 0.16764656875
0 0.5254567125 0.261953840625 0.5084372671875 0.24978875781249998 0.493049646875 0.2525020109375 0.4861538515625 0.2583844125 0.47929385 0.2700935984375 0.477840990625 0.28434922500000004 0.47943702187500004 0.29340076718749997 0.4856779734375 0.306299765625 0.49612904531249996 0.3149565453125 0.507306546875 0.3164855125 0.5161615875 0.3160907515625 0.5284287328125 0.306928 0.5333652812499999 0.2955579671875 0.5321682578125 0.288769309375 0.5336927031250001 0.28616726875 0.5312986578125 0.2725899546875 0.5254567125 0.261953840625
0 0.5082119421875 0.3384916609375 0.501316146875 0.34437405625 0.49598058749999996 0.35348120625 0.49412872500000005 0.36547394375 0.4973207859375 0.383577028125 0.500042253125 0.38776364218750003 0.5128157843750001 0.39834415 0.5201463796875 0.4005514328125 0.5347717796875 0.399139203125 0.541667575 0.3932568015625 0.5485275749999999 0.381547615625 0.5503794453124999 0.369554871875 0.5448649203125 0.3495280609375 0.5255230156249999 0.335439253125 0.5082119421875 0.3384916609375
0 0.536439396875 0.41984432656250004 0.5268221343749999 0.42154010937499997 0.5180028859375 0.42776166250000003 0.5126673296875001 0.4368688109375 0.5104164546875001 0.446598665625 0.514007525 0.46696463593750004 0.5171279984375 0.4734141328125 0.523333159375 0.480486340625 0.532986215625 0.48461735 0.553381971875 0.4821876484375 0.562564434375 0.4724021890625 0.5659407484375001 0.45780740781249996 0.562349678125 0.4374414375 0.5569067390625 0.429068209375 0.5468546765625 0.42267431406249995 0.536439396875 0.41984432656250004
0 0.5550495890625 0.5028927734375 0.53966196875 0.505606025 0.5327661734375 0.5114884265625 0.5274306156249999 0.5205955734375001 0.5251797421875 0.530325428125 0.5283718046875 0.5484285125 0.531492278125 0.5548780109375 0.5446648203125 0.5677214046875 0.547749503125 0.5683441124999999 0.5681452593749999 0.565914409375 0.5773277218749999 0.55612895 0.5811030421875001 0.5437970546875001 0.57983443125 0.525354815625 0.5767139578125 0.5189053125 0.563541415625 0.506061921875 0.5550495890625 0.5028927734375
0 0.4253403640625 0.13844595625 0.4061058375 0.1418375234375 0.402657940625 0.14477872187500002 0.3957979375 0.1564879109375 0.39394607187499997 0.1684806484375 0.39634011875 0.1820579625 0.4021820625 0.192694078125 0.4149555953125 0.20327458593749997 0.4199637296875 0.2035581375 0.4326656765625 0.2024850640625 0.43803702656250004 0.1992047078125 0.449071353125 0.17742650468750001 0.445480284375 0.15706053749999999 0.44235980937499997 0.1506110359375 0.433832190625 0.1416151 0.4253403640625 0.13844595625
0 0.450119921875 0.22273981874999998 0.4435515484375 0.219231521875 0.4373821828125 0.21798610468750002 0.4219945625 0.2206993578125 0.4128121 0.23048481562499998 0.40903678125000004 0.2428167140625 0.413824875 0.269971340625 0.42235249374999995 0.278967278125 0.43240455781250003 0.285361171875 0.44702995625 0.28394893906249996 0.455849203125 0.2777273828125 0.4627092046875 0.2660181953125 0.4649600796875 0.256288340625 0.46176801718749994 0.23818525781250002 0.4586475390625 0.23173575624999998 0.450119921875 0.22273981874999998
0 0.4710883671875 0.3135387890625 0.4610363046875 0.3071448953125 0.4548669375 0.3058994796875 0.44140277031249997 0.30827357499999997 0.434506975 0.314155975 0.4291714171875 0.323263121875 0.42692054375 0.332992978125 0.4305116125 0.3533589453125 0.43363208750000004 0.3598084453125 0.44949030468749995 0.3710116625 0.4660391546875 0.36926027031249997 0.46756359999999997 0.36665823125 0.47333395781250004 0.3656407609375 0.48019395937500003 0.353931571875 0.48244483593750004 0.3442017171875 0.4788537671875 0.32383574843749996 0.4710883671875 0.3135387890625
0 0.48236796406250004 0.3943799578125 0.46963022499999996 0.38962624375 0.4600129625 0.39132202656250004 0.4477458171875 0.4004847765625 0.44280926562499995 0.41185481093750004 0.4420828390625 0.41898262343750003 0.4452749 0.4370857078125 0.44799636718749997 0.4412723234375 0.45652398749999995 0.45026825937500004 0.46617704218749995 0.4543992671875 0.4827258953125 0.45264787812499996 0.48962169062500005 0.44676548125000004 0.49648169218750005 0.43505629062500006 0.49873256718750003 0.42532643593749997 0.49633852031250003 0.4117491234375 0.49049657656249995 0.4011130109375 0.48236796406250004 0.3943799578125
0 0.48824041874999996 0.47267469218749997 0.472852796875 0.4753879453125 0.46595700156250003 0.48127034062499996 0.45909700000000003 0.4929795296875 0.45684612500000005 0.502709384375 0.4588411640625 0.5140238125 0.4678035859375 0.5311094265625 0.4809403296875 0.5381260296875 0.5013360875 0.5356963296874999 0.5116439875000001 0.5210459390625 0.51429386875 0.5135789703125 0.5103037921875 0.490950115625 0.50486085625 0.48257688749999994 0.49673224375 0.475843834375 0.48824041874999996 0.47267469218749997
0 0.36702301875 0.11139701875000001 0.35853119218749996 0.1082278703125 0.3373732125 0.11195859374999999 0.3285897578125 0.12400694062499999 0.32593987812499997 0.131473909375 0.32992995625 0.154102765625 0.33537288906249996 0.1624759953125 0.3458239625 0.171132775 0.3550780109375 0.173000896875 0.3639330515625 0.172606134375 0.37275230000000004 0.1663845828125 0.38113674531249997 0.15207335 0.3829886140625 0.140080609375 0.380195559375 0.1242404109375 0.377474090625 0.1200537953125 0.36702301875 0.11139701875000001
0 0.38759245625 0.1999331015625 0.3794638453125 0.1932000515625 0.37097201874999997 0.1900309046875 0.3517374921875 0.19342247031249998 0.3482895953125 0.1963636703125 0.34295403593749996 0.20547081718750002 0.339976734375 0.22232848593750001 0.341572765625 0.23138002812499997 0.3478137171875 0.24427902656249997 0.36058724999999997 0.2548595359375 0.36791784375000003 0.257066815625 0.371002528125 0.25768952343749996 0.37252697343749996 0.2550874796875 0.3821442359375 0.25339169687499996 0.385592134375 0.2504505 0.3966264625 0.22867229843749998 0.39303539375 0.20830632968749999 0.38759245625 0.1999331015625
0 0.3942271328125 0.2769268125 0.38188840156250003 0.2744359796875 0.3672987953125 0.2816750046875 0.36043879375 0.29338419375 0.35818791875 0.3031140484375 0.3617789890625 0.32348001718749997 0.36450045625 0.32766663125 0.3772739890625 0.338247140625 0.3865280390625 0.340115265625 0.39730653125000004 0.339381346875 0.406125778125 0.333159790625 0.41298578125 0.321450603125 0.41523665468750004 0.31172074843750003 0.41204459375 0.2936176640625 0.40892411875 0.2871681640625 0.3942271328125 0.2769268125
0 0.41363534062499996 0.3645010328125 0.402821053125 0.3594081578125 0.3893568859375 0.36178225468749997 0.383985534375 0.365062609375 0.3752020796875 0.3771109546875 0.37407664218750003 0.3819758828125 0.37614326875000004 0.40494389374999995 0.37926374375 0.41139339531249997 0.3877913625 0.4203893296875 0.399367871875 0.4241811828125 0.413993271875 0.42276895156250005 0.42281251875 0.416547396875 0.4281480765625 0.40744025156249997 0.43039895 0.39771039531249996 0.4268078796875 0.377344425 0.4240864140625 0.3731578109375 0.41363534062499996 0.3645010328125
0 0.41950779374999997 0.4427957625 0.404120171875 0.445509015625 0.397224378125 0.451391415625 0.3892389375 0.46796553125000007 0.3932290140625 0.49059438593750004 0.398671953125 0.4989676140625 0.4068005640625 0.5057006671875001 0.414131159375 0.507907946875 0.43068001093749997 0.50615655625 0.43757580625000003 0.5002741609375 0.444435809375 0.488564971875 0.44628767343750003 0.47657222812500005 0.44077315156249997 0.4565454171875 0.4279996203125 0.44596490937500005 0.41950779374999997 0.4427957625
0 0.4361945328125 0.5261833703125001 0.41888345937500004 0.5292357796875 0.408176553125 0.5416232812499999 0.405925678125 0.5513531375 0.40759329375000003 0.5720582609375 0.41071377187499997 0.5785077624999999 0.4238863109375 0.5913511546875 0.4269709921875 0.5919738640625 0.44544329843749997 0.58988331875 0.45081464843749997 0.5866029625 0.45807365781250003 0.577156659375 0.4618489765625 0.5648247640624999 0.45825790624999996 0.5444587921874999 0.45281497187499997 0.536085565625 0.4361945328125 0.5261833703125001
0 0.308009753125 0.159134509375 0.28837621874999997 0.1602631890625 0.2738224046875 0.17332900625 0.2723695484375 0.18758463125 0.27516260312499996 0.203424828125 0.27828307812499997 0.209874328125 0.2914556171875 0.222717721875 0.2987862125 0.224925003125 0.3134116125 0.22351277343749998 0.316859509375 0.2205715734375 0.329418284375 0.1961913296875 0.3262262234375 0.178088246875 0.3231057453125 0.1716387453125 0.3145781265625 0.1626428078125 0.308009753125 0.159134509375
0 0.340590503125 0.2595521234375 0.318926134375 0.24353958437499998 0.29776815624999997 0.24727030625 0.2893837078125 0.2615815375 0.2871328359375 0.2713113921875 0.29072390625 0.2916773625 0.29616683906249996 0.30005059218749996 0.3042954515625 0.306783640625 0.317795415625 0.3102363375 0.3247270015625 0.31018073125 0.3300983515625 0.3069003765625 0.3400430375 0.2958138953125 0.3445805796875 0.282180978125 0.34338355625 0.27539231875 0.344908 0.2727902796875 0.340590503125 0.2595521234375
0 0.32214870625 0.329301284375 0.30988156093749997 0.3384640390625 0.304945009375 0.34983407187500004 0.303819575 0.354699 0.3078096515625 0.377327853125 0.3209821921875 0.3901712484375 0.327550565625 0.3936795453125 0.338329059375 0.392945628125 0.34870854375000004 0.38994882343750004 0.360540890625 0.3726963953125 0.36166632656250003 0.36783146875 0.357277240625 0.3429397265625 0.3445037078125 0.3323592203125 0.329842515625 0.3279446578125 0.32214870625 0.329301284375
0 0.372040528125 0.426666490625 0.3592669953125 0.4160859796875 0.3507751703125 0.4129168390625 0.3334640953125 0.41596924843750005 0.33001619843749996 0.4189104453125 0.3227571890625 0.428356746875 0.3193808765625 0.44295153125000003 0.32217393125 0.45879172968750004 0.3248953984375 0.46297834531250004 0.3380679390625 0.4758217359375 0.3453985359375 0.47802901875000003 0.360023934375 0.47661678749999997 0.365395284375 0.47333643125 0.3741787390625 0.46128808593750004 0.37682862031250003 0.4538211171875 0.375560009375 0.43537887656249996 0.3732375515625 0.433455146875 0.372040528125 0.426666490625
0 0.36553845625000003 0.4966435984375 0.35207428749999997 0.49901769375000005 0.34670293750000003 0.50229805 0.339443928125 0.5117443546875 0.334543171875 0.528941178125 0.336139203125 0.5379927203125 0.3423801546875 0.55089171875 0.353230234375 0.5618113874999999 0.362484284375 0.563679509375 0.375186228125 0.56260643125 0.382082025 0.5567240390625 0.3931163515625 0.5349458359375 0.38952528124999997 0.514579865625 0.386803815625 0.5103932515625 0.3740302828125 0.49981274375 0.36553845625000003 0.4966435984375
0 0.2277364125 0.13129051875 0.21427224374999998 0.133664615625 0.210824346875 0.13660581562500002 0.20131446249999999 0.155781975 0.2057035484375 0.180673715625 0.21695263593749997 0.1938562671875 0.22660569375 0.1979872734375 0.24507799531250002 0.1958967296875 0.24852589374999998 0.19295552968750002 0.258434784375 0.176042259375 0.260286653125 0.1640495171875 0.25284867499999997 0.1443618609375 0.2423976046875 0.13570508125 0.2277364125 0.13129051875
0 0.2606087890625 0.21649064375 0.245947596875 0.21207608281249998 0.236330334375 0.213771865625 0.22751108750000001 0.219993421875 0.21912663906250002 0.234304653125 0.21840021250000002 0.24143246562499998 0.2215922734375 0.25953554843750004 0.22703520625 0.2679087765625 0.24289342343749998 0.27911199375 0.26136572812500003 0.2770214484375 0.2682615234375 0.2711390515625 0.275121525 0.2594298609375 0.276973390625 0.2474371234375 0.2741803375 0.2315969234375 0.2664149390625 0.2212999671875 0.2606087890625 0.21649064375
0 0.275771084375 0.3024802921875 0.2611098921875 0.298065734375 0.2441978265625 0.3033810265625 0.23581337812499997 0.3176922578125 0.2339615140625 0.329685 0.23635556093750001 0.34326231093750004 0.24179849375 0.351635540625 0.25224956718749997 0.36029231875 0.26382607812500003 0.364084171875 0.2746045703125 0.363350253125 0.2849482625 0.35452665625 0.2914092578125 0.3405545828125 0.2921356859375 0.3334267703125 0.2889436234375 0.31532368593750004 0.28389969531250003 0.30921334218749996 0.275771084375 0.3024802921875
0 0.29053437187500003 0.38620705625 0.2820425453125 0.383037909375 0.270102821875 0.3828099640625 0.264731471875 0.38609031875 0.2578356765625 0.3919727171875 0.24985023750000002 0.4085468328125 0.2503208328125 0.4224633 0.2561627734375 0.43309941875 0.27434344843749997 0.4462263609375 0.2928157546875 0.44413581718749995 0.29971155 0.43825341875 0.30504710625000003 0.4291462734375 0.30729798124999996 0.41941641875 0.30410591875000004 0.401313334375 0.3009854453125 0.394863834375 0.29053437187500003 0.38620705625
0 0.3010517453125 0.4683492453125 0.2833416640625 0.46913876718749997 0.2779703140625 0.4724191234375 0.2676624140625 0.4870695109375 0.265411540625 0.4967993671875 0.2686036015625 0.51490245 0.27132506875 0.519089065625 0.2868200703125 0.5338561875 0.2899047515625 0.5344788953124999 0.304530153125 0.5330666640625 0.3099015015625 0.5297863078125 0.32173384843749997 0.512533878125 0.32318670312500003 0.4982782515625 0.321590671875 0.489226709375 0.31342627031250003 0.4766668671875 0.3010517453125 0.4683492453125
0 0.33051201875 0.5623173578125 0.32006094531249996 0.5536605765625 0.3096456671875 0.5508305921875001 0.2981049515625 0.5528655312499999 0.29120915625 0.558747925 0.28169927031249997 0.5779240875 0.2856893484375 0.6005529421875 0.29113228750000003 0.6089261703125 0.3035068109375 0.6172437953125 0.30851494687500003 0.6175273421874999 0.3173699859375 0.6171325828125 0.33156058437499997 0.607630671875 0.338021578125 0.593658596875 0.33682455624999996 0.58686994375 0.3383489984375 0.5842678984375 0.3359549515625 0.5706905859375 0.33051201875 0.5623173578125
0 0.1604155703125 0.143161 0.1450279484375 0.145874253125 0.1381321546875 0.1517566546875 0.1327965984375 0.1608638 0.130545721875 0.1705936546875 0.13453579843750002 0.19322250937500002 0.1399787375 0.2015957375 0.15736139843750002 0.2101969109375 0.177757153125 0.2077672109375 0.1895894953125 0.1905147796875 0.1883924734375 0.18372612500000002 0.18991691875 0.18112408124999999 0.18632585 0.1607581140625 0.173153309375 0.14791471875 0.1604155703125 0.143161
0 0.1943007203125 0.2678476453125 0.1808365515625 0.2702217421875 0.1739407578125 0.27610414375 0.16708075312499998 0.2878133296875 0.1648298828125 0.297543184375 0.16802194374999999 0.31564626875 0.1707434109375 0.319832884375 0.18351694375 0.33041339375 0.1908475375 0.3326206734375 0.2131667484375 0.3298518125 0.22267663437500002 0.31067565468749997 0.2234030625 0.30354784375 0.2206100078125 0.28770764375 0.2174895328125 0.2812581453125 0.207038459375 0.2726013640625 0.1943007203125 0.2678476453125
0 0.195998846875 0.3562113921875 0.1891030515625 0.3620937875 0.1811176125 0.3786679046875 0.18271364375000002 0.387719446875 0.1811892015625 0.390321490625 0.19015161875 0.40740710468749997 0.19828023125 0.4141401546875 0.205610825 0.416347434375 0.22408313125 0.41425689062500004 0.237439921875 0.3944024171875 0.23617131093750002 0.37596017812500004 0.2330508359375 0.3695106765625 0.217555834375 0.3547435546875 0.21138646875 0.353498140625 0.195998846875 0.3562113921875
0 0.2361660265625 0.43779200156250003 0.2257507484375 0.43496201718750005 0.21613348437500002 0.4366578 0.20731423593749998 0.44287935 0.20157967187499998 0.4497236125 0.1978043515625 0.4620555109375 0.2013954203125 0.48242148125 0.204116890625 0.48660809374999997 0.21689042343749998 0.49718860156250005 0.2242210203125 0.499395884375 0.2388464171875 0.49798365312500004 0.24421776718750002 0.49470329687500003 0.2510777703125 0.48299410781249996 0.2548530875 0.4706622109375 0.2520600328125 0.45482201250000004 0.24893955937499998 0.44837251250000004 0.2361660265625 0.43779200156250003
0 0.24475994843749999 0.5202733484375 0.22744887343750003 0.5233257578125 0.21750418906250002 0.5344122390625 0.2125676375 0.5457822734375 0.21383625 0.5642245124999999 0.22200065468750002 0.57678435625 0.23553640781250001 0.5860638453125 0.2540087125 0.583973296875 0.2593800625 0.58069294375 0.26776451093750003 0.5663817124999999 0.2700153828125 0.5566518578124999 0.2668233203125 0.538548775 0.264101853125 0.5343621609375 0.24475994843749999 0.5202733484375
0 0.1327913125 0.2226956234375 0.1154802390625 0.22574803281250003 0.10364789375000001 0.2430004640625 0.1025224578125 0.247865390625 0.10691154375 0.27275713281249997 0.12240654375 0.2875242546875 0.1297371390625 0.289731534375 0.146285990625 0.287980146875 0.1497338875 0.285038946875 0.1607682171875 0.26326074843749997 0.1598986140625 0.2470813921875 0.15133520312499998 0.2322586640625 0.1432065921875 0.2255256140625 0.1327913125 0.2226956234375
0 0.14265384375 0.3236192109375 0.12341931718750002 0.3270107765625 0.1131114171875 0.3416611671875 0.1108605453125 0.351391021875 0.1136536 0.36723121718749996 0.1226160171875 0.38431683125 0.13495474999999998 0.3868076640625 0.15535050625 0.3843779625 0.1660574125 0.37199045937499997 0.1698327328125 0.35965856406249996 0.16664067031250002 0.34155548125 0.161197734375 0.3331822515625 0.148823209375 0.32486462656250004 0.14265384375 0.3236192109375
0 0.13473470781250002 0.413678740625 0.1282737109375 0.42765081406250005 0.12754728437500001 0.43477862656250005 0.131138353125 0.45514459687500003 0.134258828125 0.46159409374999993 0.1404639890625 0.46866630468750003 0.1562864125 0.474042728125 0.1632179984375 0.473987125 0.177408596875 0.46448521249999997 0.1861204625 0.440783284375 0.18060594218749998 0.42075647031249996 0.167832409375 0.4101759609375 0.1493243125 0.4064397140625 0.13473470781250002 0.413678740625
0 0.1798742296875 0.4897161109375 0.1583172421875 0.491183946875 0.14949799375 0.49740550156249996 0.14456144531249998 0.508775534375 0.14383501406250002 0.5159033453124999 0.147426084375 0.536269315625 0.15054656093750002 0.5427188140625 0.16332009375 0.5532993234375 0.170650690625 0.555506603125 0.1833526359375 0.5544335296875 0.19024843125 0.54855113125 0.1986328796875 0.5342399 0.20088374999999997 0.5245100453125 0.1976916875 0.5064069609375 0.1922487546875 0.49803373124999994 0.1798742296875 0.4897161109375
0 0.1907906109375 0.574121184375 0.171556084375 0.57751275 0.1627726296875 0.5895610984374999 0.16052175625 0.5992909531249999 0.1617903640625 0.61773319375 0.164112825 0.6196569203125 0.16530984843750002 0.6264455765625 0.1784823890625 0.6392889734375 0.1834905234375 0.639572521875 0.1961924703125 0.6384994484375001 0.20693517031250003 0.6319387359374999 0.21227072812499997 0.6228315906249999 0.2145216015625 0.6131017359375 0.21325299062499997 0.5946594953125001 0.21013251562500002 0.5882099937499999 0.1907906109375 0.574121184375
0 0.10366255312499999 0.49615456093750004 0.086351478125 0.4992069703125 0.084827034375 0.5018090109375 0.07905667499999999 0.5028264796874999 0.07332211093749999 0.5096707421875 0.0710712375 0.5194005984375 0.0750613140625 0.5420294515624999 0.07818178906249999 0.548478953125 0.087507425 0.5620006609375 0.0986849265625 0.563529628125 0.1075399671875 0.5631348640625 0.1182826671875 0.5565741562500001 0.129316996875 0.5347959546875 0.12572592656249998 0.514429984375 0.120282990625 0.50605675625 0.112154378125 0.4993237046875 0.10366255312499999 0.49615456093750004
0 0.0850523609375 0.41310611249999996 0.065817834375 0.4164976796875 0.0559089421875 0.43341095 0.0551825140625 0.44053876406250003 0.058773584375 0.46090473281250005 0.0642165171875 0.4692779609375 0.07042167656250001 0.4763501671875 0.081998184375 0.4801420203125 0.0981480296875 0.47612775 0.10504382500000001 0.4702453484375 0.1126302578125 0.451408346875 0.1125586703125 0.43975476562500004 0.10631771875 0.42685576562499994 0.0977901 0.417859828125 0.0850523609375 0.41310611249999996
0 0.0625952625 0.33073597499999996 0.0602728015625 0.32881224531250003 0.05874835625 0.3314142890625 0.051054546874999995 0.332770915625 0.0403476390625 0.34515841875 0.0396212109375 0.35228623125 0.0444093046875 0.3794408546875 0.0498522375 0.387814084375 0.057980849999999994 0.394547134375 0.06298898750000001 0.39483068593750004 0.0833847421875 0.3924009859375 0.0936926421875 0.3777505984375 0.096669946875 0.3608929296875 0.094674909375 0.349578503125 0.08883296093750001 0.3389423875 0.0783818921875 0.3302856109375 0.0625952625 0.33073597499999996
0 0.0717114234375 0.24746510625 0.06514304843749999 0.24395680312499998 0.049755428125 0.24667005625 0.044384078125 0.2499504125 0.032551734375 0.26720284375 0.031426296874999995 0.27206777031249996 0.035017365625000005 0.2924337390625 0.0404603015625 0.300806965625 0.0509113734375 0.3094637484375 0.060165420312499995 0.3113318703125 0.074790821875 0.3099196390625 0.08361006875 0.3036980859375 0.088945625 0.294590940625 0.0911965015625 0.284861084375 0.0903268984375 0.268681728125 0.087206425 0.262232228125 0.0717114234375 0.24746510625
0 0.0900458390625 0.16023556875 0.083876471875 0.15899015 0.0665653984375 0.162042559375 0.059669603125000005 0.1679249578125 0.054334046875 0.1770321046875 0.051755751562499994 0.1961526578125 0.0607181703125 0.21323827187500002 0.073491703125 0.22381877968750002 0.0827457515625 0.22568690624999999 0.0935242453125 0.22495298749999998 0.0950486890625 0.22235094375000003 0.10081904687500001 0.221333475 0.10767905 0.20962428281249998 0.1106563515625 0.19276661875 0.10514183125000001 0.1727398046875 0.0900458390625 0.16023556875
0 0 0.2351681828125 0.004646415625 0.2382913046875 0.0104167734375 0.237273834375 0.01774736875 0.2394811140625 0.0246789578125 0.2394255078125 0.0281268546875 0.23648431093750003 0.04533055 0.215951525 0.0433355109375 0.20463709843750003 0.045586384375 0.19490724375 0.0439903546875 0.1858557015625 0.0331402734375 0.174936034375 0.0246484484375 0.17176689375 0.018878090625 0.1727843625 0.0165556296875 0.17086063125 0 0.173779834375 0 0.2351681828125
0 0.9129138765624999 0.51912185 0.9044936359375001 0.5276062890625 0.8984316515625 0.54384125 0.9000276828124999 0.5528927921875 0.8985032359374999 0.55549483125 0.9051431953125 0.57065671875 0.917916728125 0.581237228125 0.9271707765625001 0.5831053500000001 0.9360258171875 0.5827105875 0.9482929625000001 0.5735478359374999 0.951306059375 0.5625169609375 0.9457199515625 0.5308365640625 0.9325474109374999 0.5179931703125 0.9263780453124999 0.5167477546875 0.9129138765624999 0.51912185
0 0.951157603125 0.601041615625 0.9407423250000001 0.59821163125 0.9330485140624999 0.5995682578125 0.9207813687499999 0.608731009375 0.91697025625 0.6152361156249999 0.9139929546875001 0.63209378125 0.9191084671875001 0.6498577078125 0.9241523968750001 0.655968053125 0.9299585468749999 0.6607773734375 0.943458509375 0.66423006875 0.9523135500000001 0.663835309375 0.9611327968750001 0.6576137546874999 0.96951724375 0.6433025234375 0.9702436750000001 0.636174709375 0.9670516125 0.6180716265624999 0.9643301421875 0.6138850109375 0.951157603125 0.601041615625
0 0.9759729531250001 0.6911622734375 0.9635984296875 0.68284465 0.9574290640625 0.6815992359374999 0.9439648953124999 0.6839733328125 0.9370691000000001 0.6898557296875001 0.9317335437500001 0.698962875 0.9294826687500001 0.7086927296875001 0.9334727468749999 0.7313215859375 0.9466452875 0.74416498125 0.9558993359375 0.746033103125 0.96860128125 0.7449600281250001 0.97397263125 0.741679675 0.9842805312499999 0.727029284375 0.9854059703125 0.7221643578125 0.9838099390625 0.713112815625 0.9853343828125001 0.710510775 0.9759729531250001 0.6911622734375
0 1 0.7858419624999999 0.99265969375 0.77454988125 0.9802851703125001 0.7662322578125 0.974115803125 0.7649868390625 0.9625750875 0.7670217781249999 0.953755840625 0.7732433359375 0.9457704 0.7898174515624999 0.9497604765625001 0.8124463046875 0.952481946875 0.8166329203125 0.96293301875 0.8252897000000001 0.974509528125 0.8290815531250001 0.9872114734374999 0.8280084765625 0.99410726875 0.8221260812500001 1 0.8120679093750001 1 0.7858419624999999
0 0.869984153125 0.489359659375 0.8576454203124999 0.486868825 0.8465037125 0.4911666515625 0.838083471875 0.4996510890625 0.833146921875 0.5110211234375 0.8324204937499999 0.5181489359375 0.8352135484375 0.533989134375 0.840656484375 0.5423623625 0.85110755625 0.5510191437499999 0.86036160625 0.552887265625 0.874987003125 0.551475034375 0.8818827984375 0.5455926390625 0.885693909375 0.5390875328125 0.8890702218750001 0.5244927484375 0.885878159375 0.506389665625 0.8804352234374999 0.4980164359375 0.869984153125 0.489359659375
0 0.8724087078125 0.5705955890625 0.8562946578125 0.580436653125 0.8483092171875001 0.597010771875 0.849506240625 0.603799428125 0.847981796875 0.60640146875 0.849577828125 0.6154530109375 0.8554197718750001 0.6260891265625 0.86587084375 0.634745903125 0.8732014390625 0.6369531859374999 0.8897502906250001 0.6352017984375 0.8966460859375 0.6293193984375 0.9019816421875 0.6202122515624999 0.9042325171875 0.6104823968749999 0.9002424390625 0.5878535421875 0.8870699 0.5750101484375 0.8724087078125 0.5705955890625
0 0.8814016375 0.655339821875 0.8760302875000001 0.6586201765624999 0.8657223890625 0.6732705625000001 0.8634715109375 0.6830004187500001 0.8666635734374999 0.7011035031249999 0.86938504375 0.705290115625 0.8779126625 0.7142860546875001 0.8894891734374999 0.71807790625 0.9060380234375 0.7163265187500001 0.9193948125 0.6964720437499999 0.9201212406250001 0.6893442328125 0.9173281859375001 0.673504034375 0.9118852531250001 0.6651308046875 0.8971882656249999 0.654889453125 0.8814016375 0.655339821875
0 0.89768936875 0.7364645421875 0.8961649234375001 0.7390665828125 0.8903945656250001 0.7400840515625 0.8789612296874999 0.7595993671875 0.8782347984375001 0.7667271812500001 0.8802298375 0.7780416078125 0.8887932515625 0.7928643375 0.9011677765625 0.8011819625 0.9061759109375 0.8014655093749999 0.9169544046875 0.8007315921875 0.925773653125 0.7945100375 0.935283534375 0.77533388125 0.9312934578125001 0.7527050265625 0.9157984578124999 0.7379379015625 0.9115525453125001 0.7363533296875 0.89768936875 0.7364645421875
0 0.8117689015625 0.54162291875 0.794457828125 0.5446753281250001 0.79100993125 0.5476165281250001 0.782226478125 0.559664875 0.7799756 0.56939473125 0.7831676625 0.5874978140625 0.7862881390625 0.5939473125 0.794815759375 0.60294325 0.804468815625 0.607074259375 0.82294111875 0.6049837124999999 0.8336480265624999 0.5925962124999999 0.8374233437499999 0.5802643140625 0.833832275 0.5598983468750001 0.828389340625 0.5515251171875 0.820260728125 0.544792065625 0.8117689015625 0.54162291875
0 0.8222862750000001 0.6237651078125 0.8145924656249999 0.625121734375 0.80577321875 0.6313432921875 0.7958643265625 0.6482565640625 0.7967339265625 0.6644359203125 0.7990563875000001 0.6663596468749999 0.8002534109375 0.6731483046875 0.8157484125 0.687915428125 0.8188330953125 0.6885381359375 0.8392288515624999 0.68610843125 0.846124646875 0.6802260390625 0.849935759375 0.67372093125 0.8529130625000001 0.6568632625 0.8477975453125 0.6390993359375 0.8350240156250001 0.6285188265625 0.8222862750000001 0.6237651078125
0 0.829355753125 0.7088484984375001 0.823984403125 0.7121288546875 0.812152059375 0.7293812828124999 0.8110266203125001 0.7342462109375 0.8173391609375 0.7587987953125 0.8301126906249999 0.769379303125 0.8374432875 0.7715865828124999 0.8539921390625 0.7698351953125 0.8608879328124999 0.7639527984375001 0.8688733718749999 0.7473786796875 0.8648832953125 0.7247498265625001 0.8493882953125 0.7099827046875 0.84514238125 0.7083981328125 0.829355753125 0.7088484984375001
0 0.8552607484375001 0.7882774359375 0.8417965796875 0.7906515328125 0.8314528859375001 0.7994751265625 0.8261173312500001 0.8085822765625 0.8253909 0.8157100875 0.8285829625 0.8338131703125 0.831703440625 0.8402626718749999 0.8444769703125001 0.8508431812499999 0.8518075671875 0.8530504609375 0.866432965625 0.8516382281249999 0.8718043156249999 0.848357871875 0.8790633265625001 0.8389115687500001 0.8835650749999999 0.8194518593750001 0.8761270968750001 0.7997642046875 0.8679984859375001 0.79303115 0.8552607484375001 0.7882774359375
0 0.7430362781250001 0.5117439953125 0.72764865625 0.5144572484375 0.7154173046875 0.529446790625 0.7131664296875 0.5391766453125 0.7163584921874999 0.5572797296875 0.7194789703125 0.5637292281249999 0.7376596453125 0.576856175 0.7561319484375 0.57476563125 0.7668388562499999 0.562378128125 0.769089728125 0.5526482734375 0.7674221125 0.5319431453125001 0.761979175 0.5235699171875 0.74920564375 0.512989409375 0.7430362781250001 0.5117439953125
0 0.7462588484375 0.59750569375 0.7408874984375 0.6007860484374999 0.729853171875 0.62256425 0.72992475625 0.6342178359374999 0.73224721875 0.6361415640625 0.7334442421875 0.6429302203125 0.738887175 0.65130345 0.7524229328125001 0.660582934375 0.770895234375 0.6584923921875 0.78160214375 0.6461048875000001 0.7853774609374999 0.6337729921874999 0.781786390625 0.613407021875 0.774020996875 0.6031100656249999 0.7639689296875 0.5967161703125 0.7462588484375 0.59750569375
0 0.7829781312499999 0.6820275078125 0.776808765625 0.6807820890625 0.7575742390625 0.6841736546875 0.74574189375 0.7014260859375 0.744616459375 0.7062910140625 0.748207528125 0.72665698125 0.7536504609375 0.7350302109375 0.7671862203125001 0.7443096984375 0.7856585218750001 0.742219153125 0.7925543171875 0.7363367578125 0.7978898734375 0.7272296093749999 0.8001407484374999 0.717499753125 0.796549678125 0.6971337859375 0.7911067421875 0.6887605578125 0.7829781312499999 0.6820275078125
0 0.7992658625 0.7631522265624999 0.7907740359375001 0.7599830796875 0.775386415625 0.7626963328125 0.7684906203125 0.7685787328125 0.7616306171875 0.7802879203125 0.759778753125 0.7922806609374999 0.7648942671875 0.8100445890625 0.7780668078125 0.8228879843750001 0.7853974015625 0.8250952640625 0.8019462531249999 0.8233438718749999 0.80884205 0.817461478125 0.8141776046875 0.808354328125 0.8149040359375 0.8012265171875 0.8132364203125 0.7805213906249999 0.8101159421874999 0.7740718921874999 0.7992658625 0.7631522265624999
0 0.701405671875 0.568082659375 0.6929138453125 0.5649135140625 0.6756027718750001 0.5679659234375001 0.672154875 0.5709071234375 0.6637704265625 0.5852183546874999 0.6619185625 0.59721109375 0.66351459375 0.6062626343749999 0.6697555421875 0.6191616359375 0.6802066156250001 0.627818415625 0.6894606640625 0.6296865390625 0.7040860624999999 0.6282743078124999 0.7075339609375 0.6253331078125 0.7163174140625 0.6132847640625 0.7181692828124999 0.601292021875 0.714977221875 0.5831889375 0.7095342812500001 0.5748157093749999 0.701405671875 0.568082659375
0 0.703830228125 0.6493185921875 0.6888416140625 0.654294728125 0.6804571671875 0.668605959375 0.67820629375 0.6783358140625 0.6813983546875 0.6964388984375 0.6868412921875 0.7048121265625 0.700377046875 0.714091615625 0.720772803125 0.7116619140625 0.7310807015624999 0.697011525 0.7333315781249999 0.6872816703125 0.729740509375 0.666915703125 0.72662003125 0.6604662015625 0.7184914203125 0.6537331515625 0.703830228125 0.6493185921875
0 0.7309322468749999 0.7355361828125 0.7205169671875 0.7327061968749999 0.7036049015625 0.7380214890625 0.6952204546874999 0.7523327234375 0.6929695812500001 0.762062578125 0.6953636265625 0.775639890625 0.7012055703125 0.786276003125 0.7074107296875 0.7933482093750001 0.717063784375 0.7974792203125001 0.7336126375 0.79572783125 0.7389839874999999 0.7924474781249999 0.747368434375 0.77813624375 0.7480948656249999 0.7710084328125 0.7445037953125 0.7506424625 0.73906085625 0.7422692343749999 0.7309322468749999 0.7355361828125
0 0.7406516046875 0.813152603125 0.725263984375 0.8158658546875 0.7198926328125 0.8191462093749999 0.7111091796875 0.83119455625 0.708858303125 0.8409244109375 0.712050365625 0.8590274953125 0.714771834375 0.8632141078125001 0.7302668359375 0.8779812328125001 0.735274971875 0.8782647828125001 0.751823821875 0.8765133953124999 0.7552717203125 0.8735721984374999 0.766306046875 0.8517939968749999 0.7627149765625 0.8314280265624999 0.75727204375 0.823054796875 0.74914343125 0.8163217484375 0.7406516046875 0.813152603125
0 0.624181221875 0.5350345875 0.6068701484375 0.538086996875 0.599974353125 0.5439693937500001 0.5935133578125 0.55794146875 0.59278693125 0.5650692828125 0.5951809781249999 0.5786465953125 0.60102291875 0.589282709375 0.6114739921875 0.5979394890624999 0.6188045859375 0.60014676875 0.6334299859375 0.5987345375 0.64032578125 0.592852140625 0.648710228125 0.578540909375 0.6466436046874999 0.5555728984375 0.6435231265625 0.549123396875 0.632673046875 0.53820373125 0.624181221875 0.5350345875
0 0.6497587953124999 0.6238542234375 0.6370210562499999 0.6191005046875 0.6220324421875 0.6240766453125 0.6117245437500001 0.6387270328125 0.6105991046875 0.6435919593749999 0.6114687078125 0.659771315625 0.6137911671875 0.66169504375 0.615387196875 0.6707465859374999 0.6285597390625 0.6835899796875 0.631644421875 0.6842126890625 0.652040178125 0.6817829843750001 0.6589359734375 0.675900590625 0.66539696875 0.6619285125000001 0.6641283578125 0.6434862734375 0.6618059 0.6415625453125 0.6606088765625 0.6347738875 0.6497587953124999 0.6238542234375
0 0.6517843437499999 0.70282726875 0.6440905328125 0.70418389375 0.633746840625 0.7130074890625 0.6268868375000001 0.7247166796875 0.6261604078125 0.7318444937499999 0.6297514765625001 0.7522104609375 0.635194415625 0.7605836890625 0.6433230265625001 0.767316740625 0.648331159375 0.7676002921875 0.66872691875 0.7651705921875 0.67903481875 0.7505202046874999 0.6812856921875 0.7407903484375 0.6780936296875 0.7226872656250001 0.67497315625 0.7162377640625001 0.6687679953125001 0.7091655578125 0.6517843437499999 0.70282726875
0 0.6788863609375 0.7890448609375 0.6684710828125 0.786214875 0.6607772734374999 0.7875715015625 0.651958025 0.793793053125 0.644699015625 0.8032393593749999 0.6420491328125 0.810706328125 0.64643821875 0.8355980687500001 0.6495586953125 0.8420475671875 0.660009765625 0.850704346875 0.6731107203125 0.85189415625 0.67811885625 0.852177709375 0.68886155625 0.8456169984375 0.6941971125 0.8365098515625 0.6971744140625 0.8196521828125001 0.6951793765625001 0.80833775625 0.689337434375 0.7977016406249999 0.6788863609375 0.7890448609375
0 0.5977129109375 0.6773629031249999 0.58729763125 0.6745329109375 0.5719100109374999 0.6772461640625 0.565014215625 0.683128565625 0.5596786609375 0.6922357109374999 0.558553221875 0.6971006390625 0.56294230625 0.7219923781250001 0.571106709375 0.734552221875 0.5795985359375 0.737721365625 0.5980708421875 0.735630821875 0.6034421921875001 0.7323504671875 0.6107012015625 0.7229041609375 0.6136785031249999 0.70604649375 0.6116834640625 0.694732065625 0.6058415234375001 0.684095953125 0.5977129109375 0.6773629031249999
0 0.60206091875 0.758259675 0.590520203125 0.760294615625 0.58170095625 0.7665161703125001 0.5748409546875 0.778225359375 0.5741145249999999 0.7853531703125001 0.57770559375 0.8057191421875001 0.580826071875 0.8121686406249999 0.5870312296875 0.8192408500000001 0.5986077390625 0.8230327000000001 0.6151565890625 0.8212813125 0.622052384375 0.8153989140625001 0.630037821875 0.798824796875 0.6260477437499999 0.77619594375 0.6229272703125 0.76974644375 0.6124761984375 0.7610896640625 0.60206091875 0.758259675
0 0.6404120234375 0.85765981875 0.6396140078125 0.8531340484375001 0.6287639296875 0.842214384375 0.62219555625 0.8387060828124999 0.6083323796875 0.838817290625 0.6029610296875 0.8420976484375 0.5960652343749999 0.8479800453124999 0.590729678125 0.8570871921875 0.588478803125 0.866817046875 0.591670865625 0.88492013125 0.59479134375 0.8913696328125 0.609887334375 0.9038738671875001 0.6148954703125 0.9041574203125 0.627597415625 0.9030843453124999 0.6364166640625 0.8968627921874999 0.643276665625 0.8851536015624999 0.6440030937500001 0.8780257890625001 0.6470519859375 0.8728217062500001 0.6454559546875 0.8637701640625 0.6404120234375 0.85765981875
0 0.5333282953125 0.7283807484375 0.51833968125 0.733356884375 0.5114438875 0.7392392859375 0.5065073390625 0.750609315625 0.5057809078125 0.7577371312500001 0.509371978125 0.7781030984374999 0.5148149140625 0.7864763265625 0.52602820625 0.7938320859375 0.5464239640625 0.791402384375 0.553319759375 0.7855199875000001 0.5601797609375 0.773810796875 0.560906190625 0.7666829875000001 0.5573151203125 0.7463170156250001 0.5418201203125 0.7315498921875 0.5333282953125 0.7283807484375
0 0.5204884609375 0.64431483125 0.5031773875 0.6473672406250001 0.4978060359375 0.65064759375 0.489820596875 0.6672217109374999 0.49460869062499996 0.6943763374999999 0.49772916718750004 0.7008258359374999 0.5089424609375001 0.7081815953125 0.5312616703125 0.7054127359375 0.543094015625 0.68816030625 0.5442194515625001 0.6832953796875 0.542950840625 0.6648531390625 0.5398303656250001 0.658403640625 0.531302746875 0.649407703125 0.5204884609375 0.64431483125
0 0.5095720781249999 0.559909753125 0.501080253125 0.556740609375 0.48761608437500004 0.55911470625 0.47727239218750006 0.5679383046875001 0.472335840625 0.5793083343750001 0.47320544375000007 0.595487690625 0.475527903125 0.5974114171875 0.4771239328125 0.606462959375 0.48256687343750004 0.6148361875 0.4918567140625 0.622531103125 0.5122524703125 0.620101403125 0.5176238203125 0.6168210484375 0.5264072750000001 0.604772703125 0.5275327140625 0.5999077749999999 0.528259140625 0.5927799609375 0.5250670796875 0.5746768765625 0.5095720781249999 0.559909753125
0 0.44750992343749996 0.61285133125 0.437892659375 0.6145471140625001 0.4275489671875 0.6233707109375 0.42108797343750004 0.637342784375 0.42235658125000003 0.655785025 0.4336414609375 0.6747943656250001 0.44020983593749996 0.67830266875 0.46060559375 0.675872965625 0.4762848421875 0.6579422218750001 0.475814246875 0.6440257546875 0.47733869375 0.6414237140625 0.47302119375 0.6281855562499999 0.45792520156250005 0.61568131875 0.44750992343749996 0.61285133125
0 0.47501095 0.701331809375 0.4645956703125 0.698501821875 0.44920805 0.701215075 0.445760153125 0.704156275 0.4385011421875 0.7136025765625 0.4351248296875 0.7281973609375 0.4379178828125 0.74403755625 0.44608228906249997 0.7565974 0.4542109015625 0.76333045 0.461142490625 0.7632748453125 0.4719209828125 0.7625409265624999 0.48266368281250005 0.7559802171875 0.4910481296875 0.7416689859375001 0.4917745578125 0.734541171875 0.4881834875 0.7141752046875001 0.485462021875 0.709988590625 0.47501095 0.701331809375
0 0.4855283234375 0.783474 0.47358859999999997 0.7832460546875 0.4720641546875 0.7858480953125 0.4643703453125 0.787204721875 0.4525380015625 0.804457153125 0.4514125625 0.8093220796875 0.4518831546875 0.8232385484375 0.4581241109375 0.8361375484375 0.466651728125 0.8451334828125001 0.47822823750000004 0.8489253375000001 0.4909301828125 0.8478522609375 0.49630153281249995 0.8445719078125 0.5081338765625001 0.827319478125 0.5092593140624999 0.8224545484375 0.5052692375000001 0.7998256953125 0.4897742359375 0.7850585703124999 0.4855283234375 0.783474
0 0.5685589249999999 0.8213313937500001 0.5538619406249999 0.811090040625 0.5346274140625 0.81448160625 0.5277316187500001 0.8203640062499999 0.5223960609375 0.8294711515625 0.5201451875 0.83920100625 0.52333725 0.857304090625 0.5264577265625 0.8637535890624999 0.5349853437500001 0.872749525 0.5465618531249999 0.876541378125 0.5611872515624999 0.8751291453125001 0.568083046875 0.8692467515625 0.57494305 0.8575375609375 0.5787183703125 0.8452056625000001 0.5759969 0.8410190468750001 0.5740018609375 0.8297046218749999 0.5685589249999999 0.8213313937500001
0 0.50606196875 0.8661832890625 0.495646690625 0.8633533046874999 0.4879528796875 0.86470993125 0.477210178125 0.8712706390625 0.470350175 0.8829798296875 0.4680993046875 0.892709684375 0.471690375 0.9130756546875001 0.4771333078125 0.921448884375 0.489507834375 0.92976650625 0.4945159671875 0.93005005625 0.507217915625 0.9289769828125 0.512589265625 0.925696628125 0.524421609375 0.9084441968749999 0.5266724843749999 0.8987143421875 0.5246774453125 0.8873999124999999 0.5188355015624999 0.8767638015625 0.50606196875 0.8661832890625
0 0.41424791250000004 0.8403742453125 0.4073521171875 0.8462566390624999 0.3993666796875 0.8628307578125 0.40023627968750003 0.8790101124999999 0.4064772328125 0.8919091124999999 0.41500485156250005 0.9009050468750001 0.42233544843750004 0.9031123296875 0.44273120468749994 0.9006826296874999 0.45115144375 0.8921981875 0.4576124390625 0.8782261124999999 0.4536223625 0.8555972593750001 0.4400508125 0.8404909765624999 0.4315589875 0.8373218359375001 0.41424791250000004 0.8403742453125
0 0.3930394828125 0.585124078125 0.378378290625 0.580709515625 0.3706844796875 0.5820661421875 0.35841733593749997 0.591228896875 0.3546062234375 0.597734003125 0.3516289171875 0.6145916703125 0.35322494843749996 0.6236432125 0.3617883625 0.638465940625 0.367993521875 0.6455381484375 0.377247571875 0.6474062703125 0.3933974140625 0.6433919968749999 0.400293209375 0.6375096015625 0.4071532109375 0.6258004125000001 0.40900507656249996 0.6138076703124999 0.4070100390625 0.60249324375 0.40116809375000007 0.591857128125 0.3930394828125 0.585124078125
0 0.39738749218749997 0.666020853125 0.3819998703125 0.66873410625 0.375104075 0.6746165015625001 0.3671186359375 0.69119061875 0.3687862515625 0.7118957453125 0.37695065781250003 0.7244555874999999 0.38507926875 0.7311886375000001 0.3900874046875 0.731472190625 0.40471280312499996 0.730059959375 0.41850439375 0.7182951656250001 0.42344094062500004 0.70692513125 0.4221723328125 0.688482890625 0.41905185625 0.682033390625 0.412447690625 0.6726982984375 0.39738749218749997 0.666020853125
0 0.4210416125 0.755179646875 0.41254978593749997 0.7520104984375 0.4010090703125 0.7540454375000001 0.3921898234375 0.7602669953125 0.38267993906250003 0.779443153125 0.3866700171875 0.8020720078125001 0.4021650171875 0.8168391296875 0.4052497 0.8174618375 0.42372200312499997 0.8153712921875 0.43061779843750003 0.809488896875 0.4374778015625 0.7977797078125 0.439728675 0.7880498515625 0.4369356203125 0.7722096515625 0.43149268437500005 0.7638364234374999 0.4210416125 0.755179646875
0 0.3499202234375 0.649891578125 0.3348242328125 0.637387340625 0.31671514375 0.6359139796875 0.30444799843750003 0.6450767328125 0.2991124421875 0.6541838796875 0.296861565625 0.6639137359375 0.300053628125 0.6820168171875001 0.30549656718749996 0.6903900453125 0.31710886718750003 0.700008690625 0.3375046234375 0.6975789890625 0.342875975 0.6942986343750001 0.350134984375 0.6848523296875 0.354309309375 0.6747833187500001 0.353439709375 0.6586039640625 0.351117246875 0.656680234375 0.3499202234375 0.649891578125
0 0.349986528125 0.7233769875 0.337647796875 0.7208861578125 0.328429540625 0.7248448265625 0.32000930156249996 0.733329265625 0.31619818906249997 0.7398343703125 0.3132208828125 0.7566920374999999 0.31753838437500004 0.7699301937499999 0.3229813203125 0.778303421875 0.333033384375 0.784697315625 0.34228743125 0.7865654421875 0.3530659265625 0.7858315234375 0.36340961875 0.7770079265625001 0.36987061250000003 0.7630358515625 0.3705970421875 0.7559080375 0.3678039890625 0.740067840625 0.36508251875000003 0.7358812265625 0.349986528125 0.7233769875
0 0.3693947359375 0.810951209375 0.35897945625 0.80812121875 0.34936219375 0.8098170015624999 0.3390185015625 0.8186405984375 0.3336829421875 0.8277477453125 0.331432071875 0.8374776 0.335023140625 0.8578435703125 0.33774460781250004 0.8620301843749999 0.3485946875 0.87294985 0.3559252828125 0.8751571296874999 0.372474134375 0.8734057421875001 0.3793699296875 0.86752334375 0.3877543765625 0.8532121140625 0.3896062421875 0.8412193718750001 0.3876112046875 0.8299049453125 0.3794467984375 0.8173451046875 0.3693947359375 0.810951209375
0 0.37719064062499996 0.88890678125 0.3618030203125 0.891620034375 0.354907225 0.8975024359375 0.34539734375000003 0.9166785921875 0.34626694375 0.932857946875 0.3485894046875 0.9347816765625 0.349786428125 0.94157033125 0.3583140453125 0.9505662687499999 0.3702895625 0.9566210046875 0.3849149609375 0.955208775 0.393734209375 0.948987221875 0.4047685375 0.92720901875 0.401576475 0.9091059359375 0.39341207031250003 0.8965460937499999 0.3833600078125 0.8901521984375 0.37719064062499996 0.88890678125
0 0.24453462187500002 0.608976253125 0.23763882656250002 0.6148586453125 0.2292543796875 0.6291698796875 0.230451403125 0.6359585359375 0.22892695624999998 0.638560578125 0.23124941875 0.6404843046875001 0.233643465625 0.65406161875 0.2390864015625 0.662434846875 0.25262215625 0.6717143375 0.2691710078125 0.6699629484375 0.27606680156249996 0.6640805484375 0.285576684375 0.644904390625 0.2855051 0.6332508078125 0.27926414843749997 0.6203518078125 0.25992224375 0.606263 0.24453462187500002 0.608976253125
0 0.278532434375 0.6893114453125 0.25929790937499997 0.6927030125 0.2474655640625 0.7099554421875001 0.2463401296875 0.7148203703125 0.25033020625 0.737449225 0.2557731390625 0.7458224546875 0.2662242140625 0.754479234375 0.2712323484375 0.7547627828125 0.28393429531250003 0.753689709375 0.28930564531249997 0.7504093562499999 0.3011379875 0.7331569250000001 0.303388865625 0.7234270703125001 0.30139382656249997 0.712112640625 0.29555187968749996 0.7014765281249999 0.278532434375 0.6893114453125
0 0.2787061171875 0.780277234375 0.26988686875 0.786498784375 0.263425875 0.8004708624999999 0.2615740078125 0.8124636000000001 0.26436706249999997 0.8283038015624999 0.2670885328125 0.8324904140625 0.2798620625 0.8430709234375 0.29296301874999997 0.8442607328125 0.2979711515625 0.844544284375 0.31368619531249997 0.8324403328125 0.3181521515625 0.8071538296874999 0.3115121890625 0.791991946875 0.29873865781250003 0.7814114359375 0.29024683281249997 0.7782422953125 0.2787061171875 0.780277234375
0 0.29002150625 0.866945190625 0.286573609375 0.8698863921875001 0.27553927968749997 0.8916645937500001 0.27913035 0.9120305609375 0.2845732859375 0.9204037890625001 0.3000324953125 0.929344121875 0.318504796875 0.9272535749999999 0.3254005921875 0.92137118125 0.33338603125 0.9047970640624999 0.328996946875 0.879905321875 0.31582440625 0.8670619296875 0.3073325796875 0.86389278125 0.29002150625 0.866945190625
0 0.2466927734375 0.8349201140625 0.23435404218749997 0.832429284375 0.21591753125 0.8403466203125 0.2105819734375 0.8494537687499999 0.20720566406250002 0.86404855 0.209599709375 0.8776258640625001 0.21544165468749998 0.888261978125 0.22821518593749998 0.8988424875 0.23554578125 0.9010497656249999 0.2424773703125 0.9009941609375 0.25666796718749996 0.89149225 0.262003525 0.8823851046875 0.2653798375 0.867790321875 0.2621877765625 0.8496872375000001 0.25946630625 0.8455006234375 0.2466927734375 0.8349201140625
0 0.2548876890625 0.9151385781249999 0.2395000671875 0.9178518312499999 0.2341287171875 0.921132184375 0.22421982499999998 0.9380454593750001 0.223493396875 0.9451732703125 0.2270844671875 0.965539240625 0.229805934375 0.9697258546875 0.23833355312500001 0.9787217890625 0.24991005937500002 0.9825136421874999 0.2626120078125 0.9814405687500001 0.2679833578125 0.9781602140625001 0.2764035984375 0.9696757734375 0.2813401484375 0.9583057390624999 0.2788745140625 0.93307484375 0.26337951406250004 0.9183077187500001 0.2548876890625 0.9151385781249999
0 0.23577639218750002 0.7505150421875 0.22496210625000002 0.7454221671875 0.204203134375 0.7514157734375 0.19581868593750001 0.7657270078125 0.1950922578125 0.7728548187500001 0.19948134374999998 0.7977465593749999 0.21265388437500002 0.8105899546875 0.21766201875000002 0.810873503125 0.2342108703125 0.8091221171875 0.23765876874999997 0.80618091875 0.24644222343750002 0.7941325734375 0.25021754375 0.7818006734375 0.2474244890625 0.7659604765625 0.2443040109375 0.759510975 0.23577639218750002 0.7505150421875
0 0.190565284375 0.6628240843750001 0.1836694890625 0.6687064828125 0.177208496875 0.68267855625 0.1819965890625 0.70983318125 0.1963303578125 0.7236384421875 0.2186495671875 0.72086958125 0.22895746875 0.7062191953125 0.231208340625 0.696489340625 0.228016278125 0.67838625625 0.224895803125 0.6719367578125001 0.20787635781249997 0.659771675 0.190565284375 0.6628240843750001
0 0.13177734531250002 0.6218586765625 0.10869591406250001 0.62592855625 0.1014369015625 0.6353748593749999 0.09918603125 0.6451047125 0.1027771015625 0.665470684375 0.105099559375 0.6673944125 0.10629658281250001 0.67418306875 0.1194691234375 0.6870264640625 0.1225538078125 0.6876491703125 0.14102610937499999 0.6855586265625 0.1444740078125 0.682617428125 0.15173301875 0.6731711234375 0.156633775 0.6559742984375 0.154239728125 0.6423969875 0.1487967890625 0.634023759375 0.13177734531250002 0.6218586765625
0 0.546255565625 0.6386047734375 0.5629117984375 0.6543337609375001 0.584832 0.6493020171875 0.59778978125 0.6271846578125 0.5914772453125 0.6026320765625 0.570211884375 0.5888824234375 0.54792846875 0.597478071875 0.5418664796875 0.6137130328125 0.546255565625 0.6386047734375