0 0.97109375 0.23828125 0.0578125 0.0671875
0 0.89765625 0.2171875 0.075 0.0640625
0 0.81875 0.19453125 0.084375 0.0640625
0 0.7375 0.16796875 0.0875 0.071875
0 0.6515625 0.15078125 0.0765625 0.0640625
0 0.57265625 0.12578125 0.08125 0.06875
0 0.48828125 0.1015625 0.0765625 0.06875
0 0.40234375 0.08125 0.0828125 0.0625
0 0.31640625 0.05625 0.08125 0.06875
0 0.21953125 0.03203125 0.0953125 0.0640625
0 0.25546875 0.09609375 0.071875 0.059375
0 0.33984375 0.12265625 0.08125 0.0671875
0 0.428125 0.146875 0.08125 0.06875
0 0.5109375 0.16875 0.0734375 0.0625
0 0.59375 0.19140625 0.06875 0.0609375
0 0.67578125 0.21640625 0.08125 0.0671875
0 0.7625 0.23671875 0.0859375 0.06875
0 0.84765625 0.26328125 0.0734375 0.065625
0 0.92578125 0.28203125 0.0796875 0.0640625
0 0.95546875 0.35234375 0.075 0.065625
0 0.86640625 0.3265625 0.075 0.065625
0 0.89609375 0.39921875 0.0765625 0.06875
0 0.9234375 0.4671875 0.0765625 0.06875
0 0.8375 0.4421875 0.0734375 0.065625
0 0.69921875 0.46640625 0.08125 0.071875
0 0.6171875 0.4453125 0.0859375 0.075
0 0.53046875 0.41953125 0.071875 0.0640625
0 0.44609375 0.3953125 0.090625 0.075
0 0.1953125 0.1421875 0.0828125 0.0703125
0 0.27890625 0.1671875 0.08125 0.0671875
0 0.365625 0.18984375 0.0875 0.0703125
0 0.45625 0.21171875 0.08125 0.06875
0 0.5375 0.2359375 0.075 0.0734375
0 0.62109375 0.259375 0.0765625 0.0609375
0 0.70546875 0.28203125 0.0828125 0.06875
0 0.78515625 0.30546875 0.078125 0.0703125
0 0.8140625 0.37421875 0.0765625 0.0671875
0 0.75625 0.41953125 0.08125 0.06875
0 0.734375 0.35078125 0.078125 0.06875
0 0.6484375 0.32734375 0.078125 0.0671875
0 0.67421875 0.39375 0.0828125 0.06875
0 0.5890625 0.3703125 0.0703125 0.0640625
0 0.5671875 0.3046875 0.078125 0.0671875
0 0.48125 0.28359375 0.0875 0.0703125
0 0.50859375 0.35 0.0828125 0.071875
0 0.39375 0.25859375 0.084375 0.06875
0 0.4171875 0.328125 0.08125 0.065625
0 0.33203125 0.30078125 0.0828125 0.065625
0 0.79375 0.50078125 0.078125 0.075
0 0.35390625 0.3703125 0.0796875 0.0671875
0 0.2203125 0.34296875 0.0875 0.0703125
0 0.16015625 0.25546875 0.0828125 0.0703125
0 0.246875 0.28046875 0.0796875 0.0703125
0 0.3046875 0.234375 0.084375 0.06875
0 0.22109375 0.21015625 0.08125 0.0703125