0 0.100305103125 0.15650173125 0.0944694609375 0.1493470875 0.0797305890625 0.14033393593750002 0.057516635937500005 0.14109367343749998 0.0504293609375 0.14393167499999998 0.038308770312500004 0.156242753125 0.0387233140625 0.179805365625 0.0418791625 0.1853212578125 0.0539382375 0.1926956546875 0.064181365625 0.195373540625 0.0823756234375 0.192155671875 0.0905647796875 0.1881984796875 0.1002435953125 0.17618720937500001 0.100305103125 0.15650173125
0 0.1160148234375 0.284447134375 0.11434864062500001 0.2708771703125 0.10559517812500001 0.2601452046875 0.0937741265625 0.254709371875 0.06667663593749999 0.25606873281250003 0.0521142828125 0.268679621875 0.053004878125 0.2961193671875 0.0588405203125 0.3032740109375 0.067981775 0.3070710890625 0.08310844218749999 0.30914935312499997 0.0915356234375 0.30713072812500003 0.09996280468749999 0.30511210625 0.11011767187499999 0.29697796875 0.1160148234375 0.284447134375
0 0.1266029796875 0.41105359531249996 0.1261884359375 0.38749098437499996 0.1201147671875 0.3783977703125 0.108055690625 0.3710233734375 0.0978125609375 0.3683454859375 0.0856037125 0.36984454375000003 0.0738709234375 0.375220734375 0.06395407656249999 0.3852934359375 0.0602606703125 0.3955858953125 0.06145080000000001 0.40527872656249997 0.06776249375 0.41631050312499995 0.082501365625 0.4253236578125 0.10581718749999999 0.4234447296875 0.11644810624999999 0.4191877296875 0.1266029796875 0.41105359531249996
0 0.150445625 0.20150785781249997 0.1305851890625 0.1911557625 0.10152198593749999 0.1966920671875 0.08940139531249999 0.209003146875 0.08767370625000001 0.21511866093749998 0.0895779140625 0.2306271953125 0.0983313796875 0.2413591609375 0.1125942015625 0.246495178125 0.1237011734375 0.24611531250000002 0.1370118921875 0.2434970640625 0.150710403125 0.2339439265625 0.157233371875 0.21641676875 0.150445625 0.20150785781249997
0 0.16442765312500002 0.335568775 0.16252344531250001 0.3200602421875 0.14754654375 0.3091085203125 0.13730341562499998 0.3064306328125 0.1177692625 0.30882912500000004 0.1007651390625 0.3217398265625 0.0968337046875 0.33009371718749997 0.09897594062500001 0.3475408203125 0.11419086249999999 0.36043110624999997 0.12931753125 0.3625093703125 0.1353029421875 0.36079055625 0.14617189218749999 0.358472121875 0.158768528125 0.3500381734375 0.16442765312500002 0.335568775
0 0.19275003125 0.2937192671875 0.20266687343749998 0.283646565625 0.20659830625 0.2752926765625 0.20493212343749997 0.26172270625 0.20177627656250002 0.25620682031249997 0.18703740625 0.247193665625 0.17679427812499998 0.24451577812499997 0.1572601234375 0.24691427031250002 0.138052253125 0.2620633515625 0.134596871875 0.274294375 0.13846679687500002 0.28562596406249996 0.144302440625 0.29278060781250004 0.158803290625 0.2998551953125 0.1639248546875 0.30119413906250003 0.18211910625 0.2979762703125 0.19275003125 0.2937192671875
0 0.21962823125000003 0.4015993203125 0.2233216390625 0.3913068671875 0.22094137812499998 0.3719212 0.20864427343749997 0.362608234375 0.195721353125 0.358291590625 0.1710656359375 0.3593511390625 0.1571290984375 0.366965709375 0.1474502796875 0.3789769765625 0.147626796875 0.400601025 0.153700465625 0.40969423281250006 0.1684393421875 0.41870738750000003 0.186007771875 0.42048584062499994 0.191993184375 0.4187670296875 0.2097113859375 0.411672025 0.21962823125000003 0.4015993203125
0 0.160338446875 0.4334766 0.14452445 0.45608013906249995 0.1464286578125 0.47158867187500003 0.1522643 0.47874331562499994 0.16700317656250002 0.4877564671875 0.17456650625 0.4887956 0.1952025328125 0.48527792031250006 0.20803719531249998 0.47878253906249996 0.2133085296875 0.47124802812500005 0.212655959375 0.44574684531250003 0.1871979015625 0.4301786734375 0.160338446875 0.4334766
0 0.197914359375 0.16419474843749998 0.19821389375 0.1464478390625 0.1883585609375 0.1368350609375 0.167634278125 0.1295407203125 0.1458963765625 0.134177590625 0.135741509375 0.14231172812499998 0.1296063328125 0.15290399375 0.1317485671875 0.170351096875 0.14964329062499998 0.1848801359375 0.15720661875 0.18591926875 0.180284415625 0.1821017734375 0.1862698234375 0.1803829640625 0.193982925 0.1725486375 0.197914359375 0.16419474843749998
0 0.24638870000000002 0.1956309109375 0.22384846875000003 0.18364005625 0.196750978125 0.1849994171875 0.1780191625 0.204025634375 0.1767675234375 0.2140182765625 0.18063745 0.22534986406250002 0.1956143515625 0.2363015859375 0.20585748124999997 0.2389794734375 0.224051734375 0.2357616015625 0.230037146875 0.234042790625 0.2445995 0.22143189843750002 0.2485309328125 0.2130780078125 0.24638870000000002 0.1956309109375
0 0.29503955625 0.24869111562500001 0.27226129375 0.23476169531250002 0.26469796562500003 0.23372256249999998 0.24051830000000002 0.2386592453125 0.226908046875 0.259024403125 0.22857422968750002 0.272594371875 0.2415854140625 0.2877230359375 0.26183364375 0.29114024375 0.26781905156249997 0.2894214296875 0.2855372578125 0.28232642812500003 0.29325035625 0.274492103125 0.29718178906250003 0.26613821249999997 0.29503955625 0.24869111562500001
0 0.258704546875 0.3161218578125 0.252630878125 0.30702864375 0.23545023281250002 0.2983153046875 0.22520710312499997 0.2956374171875 0.20811472343749998 0.29773609687499997 0.20102743906249998 0.3005741 0.186703109375 0.31512355625 0.1866416015625 0.334809034375 0.1927152703125 0.3439022484375 0.20989591562499998 0.3526155890625 0.2307699640625 0.351036475 0.241400884375 0.346779471875 0.2537595 0.336406959375 0.258704546875 0.3161218578125
0 0.30729389375 0.388867540625 0.310749275 0.3766365171875 0.30932111875 0.3650051171875 0.2981258875 0.3545729640625 0.2811832671875 0.34779818749999997 0.25432381249999997 0.3510961140625 0.2472365265625 0.353934115625 0.23315022500000002 0.37042214218749997 0.2321366125 0.3823533546875 0.23963843749999997 0.40307796093750003 0.24901771875 0.40881360625 0.264144384375 0.4108918703125 0.2823386421875 0.4076740015625 0.295173309375 0.4011786203125 0.30729389375 0.388867540625
0 0.33721293750000003 0.460953959375 0.3473678046875 0.45281982187500003 0.3535029828125 0.4422275578125 0.3562442859375 0.42418083125 0.34725279531250003 0.4115103015625 0.3378735109375 0.4057746578125 0.3251886171875 0.40339658125 0.300770925 0.40639469687499996 0.28903812812499996 0.4117708890625 0.2815630546875 0.4215437765625 0.28221562499999997 0.447044959375 0.2885273203125 0.4580767359375 0.29522680625 0.46217362343749996 0.3079117078125 0.4645516984375 0.3239022171875 0.46357220468750004 0.33721293750000003 0.460953959375
0 0.323353921875 0.2875220890625 0.30113997656249997 0.288281825 0.2894071796875 0.2936580171875 0.2794903375 0.3037307171875 0.275558903125 0.3120846078125 0.278415215625 0.3353474078125 0.2907123171875 0.344660375 0.3060770109375 0.3486772046875 0.32915480625 0.3448597109375 0.3452950875 0.3350067625 0.3509542125 0.3205373640625 0.3488119765625 0.3030902609375 0.323353921875 0.2875220890625
0 0.38294324375 0.23789790000000002 0.36796634687499996 0.226946178125 0.35015988125 0.22322915937499999 0.3403928046875 0.22442840468749997 0.324014503125 0.23234278593750002 0.3165394265625 0.242115678125 0.31671594375 0.2637397203125 0.3201098171875 0.271194175 0.33729045625 0.27990751875000003 0.3424120203125 0.2812464625 0.360606278125 0.278028590625 0.3734409453125 0.2715332125 0.3831197609375 0.2595219421875 0.38294324375 0.23789790000000002
0 0.3337548265625 0.200646040625 0.33208864375 0.1870760703125 0.3235732078125 0.178282675 0.3117521578125 0.172846840625 0.28709643906250004 0.1739063890625 0.2800091546875 0.1767443921875 0.2678885703125 0.1890554734375 0.26830311406249996 0.21261808593749998 0.278396475 0.2241694265625 0.29864470781249997 0.227586634375 0.31195542187499997 0.22496838593750002 0.322586346875 0.2207113859375 0.3280957015625 0.2151154390625 0.3337548265625 0.200646040625
0 0.2853419953125 0.1495243984375 0.2834377859375 0.134015865625 0.2660191203125 0.12336395781250001 0.25577599218749997 0.1206860703125 0.2362418390625 0.12308456406249998 0.22695081562500002 0.12816094218750002 0.21727199531250002 0.1401722140625 0.21989028125 0.16149644375 0.2324254140625 0.17274797656250002 0.24779010625 0.17676480781249998 0.261100821875 0.1741465625 0.2717317453125 0.169889559375 0.2816485875 0.159816859375 0.2853419953125 0.1495243984375
0 0.365743859375 0.118006575 0.353922809375 0.1125707421875 0.34367968125 0.10989285468750001 0.3241455265625 0.112291346875 0.30493765625 0.127440428125 0.3053522 0.151003040625 0.31544556562500004 0.162554384375 0.3332520234375 0.16627140468749999 0.35144628125 0.1630535359375 0.3673485328125 0.15126201875 0.3730076578125 0.1367926203125 0.3718175265625 0.1270997828125 0.365743859375 0.118006575
0 0.410490034375 0.2099181703125 0.41796510781249996 0.200145278125 0.421658515625 0.189852825 0.41999233281250004 0.1762828546875 0.4023356359375 0.16369238125000002 0.3896507421875 0.16131430468750002 0.3774418921875 0.1628133625 0.365709103125 0.168189553125 0.3557922578125 0.1782622578125 0.35186082500000004 0.186616146875 0.35352700625 0.2001861109375 0.359600675 0.20927932500000002 0.3716597546875 0.21665372187499998 0.379223084375 0.21769285312500003 0.40230087968749995 0.21387535937500002 0.410490034375 0.2099181703125
0 0.43224667187500004 0.3164592796875 0.4359400796875 0.3061668265625 0.4347499484375 0.296473990625 0.42891430625 0.289319346875 0.40905387031249996 0.27896725 0.38683991875 0.2797269875 0.37290338125 0.2873415578125 0.365190284375 0.2951758828125 0.36584285156249996 0.3206770578125 0.3689987 0.32619295 0.3810577796875 0.333567346875 0.39374267343749997 0.335945421875 0.41193693124999997 0.33272755468750004 0.41792233906250004 0.331008740625 0.43224667187500004 0.3164592796875
0 0.3963877125 0.38776715624999997 0.40180881093750004 0.3713591875 0.40038065468750006 0.3597277875 0.3943069859375 0.3506345796875 0.374684571875 0.3422210484375 0.3500288546875 0.343280596875 0.33388858125 0.35313354375 0.3266515296875 0.364845 0.3256379171875 0.3767762125 0.32974586875 0.3900463703125 0.33668338124999997 0.3960818234375 0.354727871875 0.401737409375 0.3756019203125 0.40015829687500004 0.38867461406250003 0.39560148125 0.3963877125 0.38776715624999997
0 0.43291798125 0.4531384421875 0.44259680156250003 0.441127171875 0.44974559062499997 0.41860369531249997 0.44879348593749996 0.41084942812499997 0.44295784375 0.403694784375 0.426015225 0.39692000781250003 0.4184518953125 0.39588087656250004 0.38694691875 0.40171699375000003 0.37679205 0.40985112656249995 0.3706568734375 0.4204433984375 0.3732751609375 0.44176762812500003 0.3820286234375 0.45249959375 0.3938496734375 0.457935428125 0.40141301250000005 0.458974559375 0.4269325734375 0.45485725312499997 0.43291798125 0.4531384421875
0 0.481135553125 0.37145805468750004 0.48506698750000005 0.3631041640625 0.4826867265625 0.3437184984375 0.467947853125 0.33470534218750003 0.45258315937500004 0.3306885125 0.43549077968749994 0.33278719218749997 0.42840349375000003 0.33562519375 0.414079165625 0.3501746515625 0.41282752812499995 0.36016729999999997 0.416935478125 0.37343745156249997 0.42947060625000005 0.384688984375 0.4448353 0.388705815625 0.4605877875 0.385787759375 0.47121871249999997 0.38153075468750003 0.481135553125 0.37145805468750004
0 0.4318213953125 0.10103820625 0.4027581921875 0.1065745109375 0.390637603125 0.11888559375 0.3891479375 0.126939671875 0.3944460203125 0.1499026609375 0.41406843281250005 0.1583161890625 0.43738425156250005 0.1564372640625 0.45021891406250003 0.1499418828125 0.457693990625 0.140168990625 0.45680339375 0.11272924531249999 0.4471860890625 0.1050550375 0.4318213953125 0.10103820625
0 0.5429793921875 0.10805154374999999 0.5395855187499999 0.1005970890625 0.524846646875 0.091583934375 0.49530739218750003 0.09324310625 0.4758614953125 0.10645362031250001 0.476514065625 0.1319548015625 0.481485865625 0.1421671984375 0.49953034843750005 0.1478227859375 0.5155208625000001 0.1468432953125 0.5239480390625 0.1448246703125 0.53654468125 0.136390725 0.5426798578125 0.125798453125 0.5429793921875 0.10805154374999999
0 0.62421034375 0.1236589390625 0.6281417765625 0.1153050484375 0.6289173640625 0.1014352734375 0.62260566875 0.090403496875 0.6105465875 0.083029096875 0.6003034609375 0.080351209375 0.58076930625 0.0827497015625 0.5610853890625 0.0940216515625 0.55715395625 0.1023755421875 0.5590581640625001 0.117884075 0.5696275796875 0.13331255 0.5901138359375 0.13866832499999998 0.6058663203125 0.1357502671875 0.6164972390625 0.1314932640625 0.62421034375 0.1236589390625
0 0.7119375140625 0.09124168125 0.7056258203125 0.08020990312500001 0.6935667390625 0.0728355046875 0.680881846875 0.070457428125 0.66623123125 0.072256296875 0.65694020625 0.07733267656250001 0.642615875 0.0918821375 0.644758109375 0.109329234375 0.65485146875 0.12088057968749999 0.6753377265625 0.12623635312499998 0.686206675 0.1239179171875 0.70258498125 0.11600353906250001 0.7109239015625 0.1031728921875 0.7119375140625 0.09124168125
0 0.782537540625 0.1111060796875 0.79025064375 0.103271753125 0.79614779375 0.09074091875 0.7942435859375 0.075232384375 0.7790286625 0.0623421 0.7663437609375 0.059964025 0.7516931453125 0.061762893750000006 0.737756609375 0.0693774625 0.7300435109375 0.07721178749999999 0.726112078125 0.085565678125 0.7275402343749999 0.097197078125 0.7365317234375001 0.1098676078125 0.743231209375 0.11396449687500002 0.7634794406250001 0.1173817046875 0.7694648515625 0.11566289375000001 0.782537540625 0.1111060796875
0 0.8677614390624999 0.0986741078125 0.8754745375 0.0908397859375 0.8796439968750001 0.08442445937500001 0.8801815578125 0.0686161140625 0.8741078890624999 0.05952290624999999 0.8647286031249999 0.0537872625 0.854485475 0.051109375 0.830067784375 0.054107490625 0.8177091734375 0.06448000312499999 0.8137777390625001 0.0728338921875 0.8120500484375001 0.07894940781250001 0.8159199734374999 0.0902809953125 0.82711520625 0.10071315 0.8362564609375 0.104510225 0.8571305140625001 0.10293110781249999 0.8677614390624999 0.0986741078125
0 0.4853557859375 0.15349878749999998 0.47511265781249995 0.1508209015625 0.46534558125 0.152020146875 0.45117101875000004 0.15769614999999998 0.439050434375 0.170007228125 0.439464978125 0.193569840625 0.44711656718750004 0.20542099687499998 0.4598014703125 0.20779907187500002 0.4782337484375 0.2065197703125 0.4937482109375 0.20166314375 0.503665053125 0.19159044375 0.5030124828125 0.1660892609375 0.4853557859375 0.15349878749999998
0 0.5891269718750001 0.18109703906250002 0.5930584062500001 0.17274315 0.5913922234375 0.1591731796875 0.5734975 0.1446441390625 0.5608126062500001 0.1422660625 0.5461619921875001 0.1440649328125 0.5368709671875 0.1491413125 0.5247503796874999 0.16145239375 0.5234987390625 0.1714450359375 0.5280827453125 0.18859232812499999 0.5323404640625 0.19298902499999998 0.5477051578125 0.19700585625 0.56857920625 0.19542674375 0.5792101265625 0.191169740625 0.5891269718750001 0.18109703906250002
0 0.6616392156249999 0.135789490625 0.653837859375 0.13281179062499998 0.63406568125 0.1332717171875 0.6223328828125 0.1386479078125 0.6102122984375 0.1509589890625 0.6101507890625 0.17064446875 0.6280455093749999 0.185173509375 0.6407304109374999 0.187551584375 0.6491575875 0.1855329625 0.66467205 0.18067633593750002 0.6745888921875001 0.17060363437499998 0.67709216875 0.1506183453125 0.6616392156249999 0.135789490625
0 0.763030140625 0.1440020734375 0.7596362671875 0.13654761875000002 0.736858009375 0.12261819843749999 0.714882084375 0.125316503125 0.7000817046875001 0.13598882968749998 0.694422578125 0.150458228125 0.6953746828125 0.15821249375 0.7043661734375 0.1708830296875 0.711065659375 0.17497991562499998 0.7213087875 0.17765780312499999 0.7419448140625 0.17414012343750002 0.7479302265625 0.172421309375 0.7600508109375 0.16011023124999998 0.763030140625 0.1440020734375
0 0.8430709609375 0.1499166375 0.8465263437500001 0.1376856140625 0.8426564171875001 0.1263540265625 0.827679515625 0.11540230468749998 0.8174363859374999 0.1127244171875 0.8003440078124999 0.1148230984375 0.7811361375 0.12997218125 0.777442728125 0.140264634375 0.7783948328125 0.1480189015625 0.784468503125 0.157112115625 0.79652758125 0.1644865109375 0.8067707109375 0.1671643984375 0.8249649640625 0.16394653125 0.833154115625 0.15998933906249999 0.8430709609375 0.1499166375
0 0.46881970781250004 0.2509671078125 0.468881215625 0.2312816296875 0.4657253671875 0.2257657375 0.450986496875 0.2167525859375 0.43830159531249996 0.21437450937500002 0.426092753125 0.2158735671875 0.41435995625000005 0.22124975937500002 0.4044431140625 0.23132246250000002 0.40074970624999995 0.24161491562499998 0.405095684375 0.25682363750000003 0.40825153125 0.2623395296875 0.42787394531249995 0.27075305781250003 0.45095173749999995 0.2669355640625 0.46134463437499995 0.260739996875 0.46881970781250004 0.2509671078125
0 0.5541051078125 0.2188496546875 0.5364484109375 0.20625918125 0.5262052828125 0.20358129374999998 0.509112903125 0.20567997500000001 0.49210877656249996 0.2185906765625 0.4881773421875 0.22694456718749997 0.490319578125 0.24439167031250003 0.5082142953125001 0.2589207109375 0.5339718859375 0.2567419703125 0.54680655 0.2502465921875 0.5520778828124999 0.242712078125 0.5560093171875 0.2343581890625 0.5541051078125 0.2188496546875
0 0.6219103359375 0.1957657765625 0.59481284375 0.1971251375 0.58772556875 0.19996313906250002 0.5736392625 0.2164511625 0.5760195218749999 0.23583682968750003 0.5791753703125 0.241352721875 0.58855465625 0.2470883625 0.5987977843750001 0.24976625000000002 0.61478829375 0.248786759375 0.6278609875 0.24422994375 0.639981571875 0.2319188625 0.639567028125 0.20835625000000002 0.6219103359375 0.1957657765625
0 0.725743025 0.20367855 0.7196693562500001 0.1945853359375 0.7102900765625 0.18884969375 0.7000469484375 0.1861718078125 0.6756292562499999 0.18916992187499998 0.6588631546875 0.20401919531249998 0.658801646875 0.22370467343749997 0.664875315625 0.23279788125 0.6766963703125 0.23823371249999997 0.6918230359375 0.240311978125 0.7026919828125 0.23799354374999998 0.7133229015625 0.233736540625 0.7232397484375 0.2236638390625 0.725743025 0.20367855
0 0.7997716859375 0.18081442187500002 0.7855088625 0.175678403125 0.7610911703125 0.17867651874999999 0.7465288171875 0.191287409375 0.742597384375 0.1996412984375 0.7442635671875 0.21321126875 0.762158284375 0.22774030937499998 0.7724014125 0.230418196875 0.7905956703125 0.227200328125 0.8009885640625001 0.2210047578125 0.8084636406250001 0.211231865625 0.8082871234375 0.1896078234375 0.7997716859375 0.18081442187500002
0 0.89374904375 0.17911441875 0.8852336046874999 0.17032101718749998 0.8734125515625 0.1648851875 0.8438732953124999 0.166544359375 0.82978699375 0.1830323859375 0.8297254859375001 0.20271786406249998 0.847620209375 0.2172469046875 0.862746875 0.21932516875000002 0.8687322828124999 0.21760635781249998 0.8771594640625 0.2155877328125 0.8917218171875 0.2029768421875 0.8956532515625 0.194622953125 0.89374904375 0.17911441875
0 0.5055880015625001 0.3182769578125 0.5155048484375 0.3082042578125 0.5191982546875 0.29791179687499997 0.5175320734375 0.2843418328125 0.514376225 0.2788259421875 0.49963735 0.26981279062499997 0.48939422187500004 0.267134903125 0.47230184218750004 0.2692335828125 0.453093971875 0.2843826671875 0.4491625375 0.29273655781249996 0.45059069375 0.3043679578125 0.459582184375 0.3170384859375 0.4662816703125 0.3211353765625 0.48408813593750005 0.3248523953125 0.49251531249999997 0.3228337734375 0.5055880015625001 0.3182769578125
0 0.60710194375 0.28711858125 0.6054357609375 0.2735486171875 0.59960011875 0.2663939734375 0.582419475 0.25768063125 0.5602055296875 0.2584403671875 0.548710759375 0.2657551265625 0.537066225 0.281943340625 0.5423643078125 0.3049063296875 0.5517435921875 0.310641971875 0.566870259375 0.3127202359375 0.58750628125 0.309202553125 0.5934916890624999 0.30748374218749996 0.6034085359375 0.297411040625 0.60710194375 0.28711858125
0 0.6920878109374999 0.27274804375 0.6879798593750001 0.2594778921875 0.678362553125 0.2518036796875 0.665439625 0.2474870375 0.6388181937499999 0.25272353125 0.6244938624999999 0.2672729921875 0.6227661703125 0.2733885 0.6271121484375 0.28859722187500003 0.6369674812499999 0.2982100015625 0.652332175 0.30222683125 0.6729682015625 0.2987091484375 0.6833611 0.29251358125000004 0.6905981453125001 0.280802121875 0.6920878109374999 0.27274804375
0 0.7484597749999999 0.23729344531250002 0.728925621875 0.2396919375 0.712159525 0.25454120625 0.71257406875 0.27810381875 0.725109196875 0.2893553515625 0.735352325 0.2920332390625 0.751342840625 0.2910537484375 0.764415528125 0.286496934375 0.774332375 0.2764242328125 0.7770736781250001 0.25837750625 0.7638244671875001 0.2413102765625 0.7484597749999999 0.23729344531250002
0 0.862535596875 0.24788410156250001 0.8492863906249999 0.23081687187500002 0.8099800578125 0.233675290625 0.79762144375 0.2440478015625 0.793690009375 0.25240169218749997 0.7987500671875 0.2734261171875 0.8108091453125 0.2808005140625 0.828615603125 0.2845175328125 0.8346010156249999 0.28279871875 0.8476737046875 0.27824190781249997 0.8597942937499999 0.265930828125 0.8634877015625 0.25563836875 0.862535596875 0.24788410156250001
0 0.548050184375 0.320934428125 0.5185109296875 0.3225936 0.499541084375 0.339681246875 0.4978133953125 0.3457967609375 0.5033495015625 0.3706983140625 0.520530146875 0.3794116578125 0.5438459640625 0.3775327296875 0.556918653125 0.3729759171875 0.5668354984375 0.36290321406250003 0.5717805453125 0.34261811249999996 0.5679106203125001 0.3312865234375 0.548050184375 0.320934428125
0 0.618623459375 0.3103013265625 0.60665264375 0.31373894999999996 0.587920825 0.3327651640625 0.5905391125 0.3540894015625 0.6079577828125 0.3647413078125 0.6155211109375001 0.365780440625 0.6385989078125001 0.3619629453125 0.6562288515625 0.3440559203125 0.65795654375 0.3379404109375 0.653610565625 0.3227316890625 0.631070334375 0.3107408359375 0.618623459375 0.3103013265625
0 0.721891840625 0.30352494218750004 0.7116487125 0.3008470546875 0.6921145578125001 0.303245546875 0.6733827453125001 0.3222717609375 0.6716550546875 0.328387275 0.676477084375 0.34747313125 0.6936577234375 0.3561864703125 0.7012210609375 0.35722560312499996 0.7218570859375 0.3537079234375 0.732249978125 0.347512353125 0.7397250546875 0.3377394609375 0.7397865625 0.31805398125 0.721891840625 0.30352494218750004
0 0.813304415625 0.3414957046875 0.8232212562500001 0.33142300156250004 0.8269146656249999 0.3211305484375 0.8254865078125 0.309499146875 0.807591790625 0.294970103125 0.7973486624999999 0.2922922171875 0.7802562734375 0.2943908984375 0.773168996875 0.2972288984375 0.76325215 0.3073016 0.7575930265624999 0.32177100468750003 0.7612249249999999 0.3311640234375 0.76729859375 0.3402572359375 0.7766778750000001 0.345992878125 0.7893627765625 0.348370953125 0.802673490625 0.3457527046875 0.813304415625 0.3414957046875
0 0.9121385578125001 0.30869857343749996 0.9111864531249999 0.30094430625 0.9051127859375001 0.29185110000000003 0.8930537046874999 0.2844767 0.8828105765625001 0.2817988125 0.8632764234374999 0.28419730468750004 0.8517816609375 0.2915120625 0.8423408671875 0.30546189687499997 0.8406131765625 0.3115774109375 0.8447211265625001 0.32484756406250004 0.854338434375 0.332521775 0.869941153125 0.3384771734375 0.8905771796874999 0.3349594890625 0.906479434375 0.323167978125 0.9121385578125001 0.30869857343749996
0 0.8044546828125 0.400632196875 0.808148090625 0.3903397421875 0.806719934375 0.3787083421875 0.800646265625 0.369615128125 0.7885871843750001 0.3622407328125 0.7685769812500001 0.3607620921875 0.747315140625 0.3692760953125 0.7383504000000001 0.38710306562499996 0.7460902500000001 0.40976624375000004 0.7605910953125 0.41684082812499995 0.774139840625 0.41616114687500005 0.7874505609375 0.4135429015625 0.796741584375 0.408466521875 0.8044546828125 0.400632196875
0 0.6902023421875 0.36841749375 0.6799592140625 0.36573960781250003 0.6555415234375 0.368737721875 0.646250496875 0.373814103125 0.6368097078125 0.3877639390625 0.63918996875 0.40714960624999996 0.6597644859375 0.4233174015625 0.6648860515624999 0.42465634531249996 0.6806385359375 0.4217382890625 0.6912694562499999 0.417481284375 0.7053557625 0.40099325781250006 0.7051792453125 0.37936921562500003 0.6902023421875 0.36841749375
0 0.6165614781250001 0.38434672812500004 0.602060628125 0.37727214375 0.5844921953125 0.37549369062500004 0.5607885828125 0.38430750625 0.5513477890625 0.39825734375 0.5539660750000001 0.4195815734375 0.5624815140625 0.4283749765625 0.5767443375 0.43351099375 0.5902930796875 0.432831315625 0.6033657671875 0.4282745 0.6176901 0.41372504374999997 0.6213835078125001 0.40343258437499996 0.6165614781250001 0.38434672812500004
0 0.531337584375 0.3967787015625 0.5114771499999999 0.386426603125 0.49170497031249993 0.38688652968750004 0.4777684328125 0.39450109843750003 0.46785158750000005 0.404573803125 0.46850415781250004 0.43007497812500006 0.4810392859375 0.44132651093749997 0.4988457515625 0.4450435296875 0.5145982359375 0.4421254734375 0.53246620625 0.42615701093749997 0.5361596140625 0.41586455781250004 0.53449343125 0.40229458749999997 0.531337584375 0.3967787015625