0 0.13348979375 0.09765625 0.1240391890625 0.09375 0.1075006296875 0.09375 0.0897807453125 0.10253906406249999 0.08505544375 0.11035156406249999 0.08505544375 0.1298828140625 0.10277532656249999 0.1464843734375 0.120495209375 0.1494140640625 0.131127140625 0.1484375 0.146484375 0.1396484359375 0.151209678125 0.1279296859375 0.151209678125 0.11816406406249999 0.146484375 0.10839843593750001 0.13348979375 0.09765625
0 0.18546812031249998 0.09765625 0.1771988390625 0.10839843593750001 0.1795614921875 0.1318359359375 0.1878307703125 0.140625 0.20436933124999998 0.1484375 0.2244518625 0.1474609359375 0.24335307187500002 0.1337890640625 0.2457157265625 0.11621093593750001 0.2409904234375 0.10839843593750001 0.22090788749999998 0.09375 0.1949187265625 0.09375 0.18546812031249998 0.09765625
0 0.30360068125 0.09179687343750001 0.28233681875 0.09179687343750001 0.2728862140625 0.09570312656249999 0.26225428281249996 0.10839843593750001 0.26225428281249996 0.1259765640625 0.26934223749999997 0.1357421859375 0.284699471875 0.1464843734375 0.2917874234375 0.1484375 0.30950730625 0.1474609359375 0.3177765890625 0.14453125 0.328408515625 0.1357421859375 0.33077116875 0.1298828140625 0.328408515625 0.11035156406249999 0.3130512859375 0.09570312656249999 0.30360068125 0.09179687343750001
0 0.3910187734375 0.09179687343750001 0.3650296125 0.09375 0.35439768125 0.10058593593750001 0.3496723796875 0.10839843593750001 0.3496723796875 0.1259765640625 0.35439768125 0.1337890640625 0.37211756406249996 0.1464843734375 0.3898374515625 0.1474609359375 0.4028320328125 0.14453125 0.4111013109375 0.1376953140625 0.41582661249999997 0.1279296859375 0.41582661249999997 0.11035156406249999 0.40519468124999997 0.09765625 0.3910187734375 0.09179687343750001
0 0.4453597546875 0.09375 0.4370904765625 0.10058593593750001 0.43236516875 0.11425781406249999 0.4370904765625 0.1298828140625 0.44772240312499995 0.140625 0.4618983109375 0.1464843734375 0.47961819375000003 0.1455078140625 0.49143145156249995 0.1396484359375 0.50088205625 0.1259765640625 0.498519403125 0.10644531406249999 0.48788747656250003 0.09570312656249999 0.4784368703125 0.09179687343750001 0.4453597546875 0.09375
0 0.5375031484374999 0.08984375 0.52805254375 0.09375 0.519783265625 0.10644531406249999 0.5221459187499999 0.1279296859375 0.5445911046874999 0.14453125 0.5646736375 0.1435546859375 0.5788495484375 0.1357421859375 0.5859375 0.12402343593750001 0.588300153125 0.11621093593750001 0.5812121968749999 0.10058593593750001 0.5658549640625 0.08984375 0.5375031484374999 0.08984375
0 0.641459803125 0.0859375 0.62019594375 0.08789062656249999 0.604838709375 0.10058593593750001 0.60247605625 0.10839843593750001 0.604838709375 0.12402343593750001 0.6272838953125001 0.1425781265625 0.6497290812500001 0.1416015640625 0.6615423390624999 0.1357421859375 0.668630290625 0.12402343593750001 0.67099294375 0.11621093593750001 0.668630290625 0.10449218593750001 0.6485477578125 0.08789062656249999 0.641459803125 0.0859375
0 0.7336032015625 0.0859375 0.7170646406250001 0.08398437343750001 0.6969821046875 0.09277343593750001 0.689894153125 0.10253906406249999 0.6875315 0.11425781406249999 0.69461945625 0.1279296859375 0.7052513874999999 0.13671875 0.7217899437499999 0.1425781265625 0.7300592265625 0.1416015640625 0.740691153125 0.1386718734375 0.7536857343750001 0.1279296859375 0.758411040625 0.11816406406249999 0.758411040625 0.11035156406249999 0.74541645625 0.09179687343750001 0.7336032015625 0.0859375
0 0.82102129375 0.08398437343750001 0.809208040625 0.08203125 0.7950321328125 0.08398437343750001 0.77731225 0.09667968593750001 0.77258694375 0.10644531406249999 0.77258694375 0.11621093593750001 0.7796748984375 0.1279296859375 0.787944178125 0.1347656265625 0.802120084375 0.1386718734375 0.81747731875 0.1376953140625 0.8304718984375 0.1328125 0.838741178125 0.12402343593750001 0.8434664843749999 0.11425781406249999 0.8411038312500001 0.10253906406249999 0.8363785281249999 0.09472656406249999 0.82102129375 0.08398437343750001
0 0.908439390625 0.08398437343750001 0.8848128796875001 0.08203125 0.8682743187499999 0.08984375 0.8623676937500001 0.09667968593750001 0.860005040625 0.11816406406249999 0.8753622734375 0.1347656265625 0.887175528125 0.1386718734375 0.9001701125 0.1376953140625 0.910802040625 0.1347656265625 0.9214339718750001 0.1259765640625 0.9261592734375 0.11621093593750001 0.9261592734375 0.10253906406249999 0.9214339718750001 0.09472656406249999 0.908439390625 0.08398437343750001
0 0.8588237140625001 0.1425781265625 0.84464780625 0.1425781265625 0.8245652734375 0.1513671859375 0.81747731875 0.1630859359375 0.81747731875 0.1748046859375 0.8222026203125001 0.1865234359375 0.82810925 0.19140625 0.8422851578125 0.1972656265625 0.8552797375000001 0.1982421859375 0.8659116687499999 0.1972656265625 0.883631553125 0.1865234359375 0.8883568546875 0.1669921859375 0.8812689031250001 0.1552734359375 0.8729996203124999 0.1484375 0.8588237140625001 0.1425781265625
0 0.7371471781250001 0.1552734359375 0.732421875 0.1650390640625 0.732421875 0.1748046859375 0.73950983125 0.1904296859375 0.7525044109375 0.19921875 0.7796748984375 0.1982421859375 0.8009387578125 0.1806640640625 0.798576109375 0.1591796859375 0.787944178125 0.1484375 0.7714056203124999 0.1425781265625 0.7477791093749999 0.1464843734375 0.7371471781250001 0.1552734359375
0 0.686350178125 0.14453125 0.6674489671875 0.1464843734375 0.655635709375 0.15234375 0.6497290812500001 0.1591796859375 0.64736643125 0.1669921859375 0.6497290812500001 0.1826171859375 0.652091734375 0.1884765640625 0.6698116171875 0.2011718734375 0.689894153125 0.2021484359375 0.7005260843750001 0.19921875 0.7111580156249999 0.1904296859375 0.7158833140625 0.1826171859375 0.7158833140625 0.1650390640625 0.6934381296875001 0.1464843734375 0.686350178125 0.14453125
0 0.6012947343749999 0.1464843734375 0.5847561734375 0.1464843734375 0.5646736375 0.1591796859375 0.5599483390625 0.1728515640625 0.5623109875 0.1826171859375 0.577668221875 0.19921875 0.5894814765625 0.203125 0.6095640125 0.2021484359375 0.62373991875 0.1943359359375 0.6308278703125 0.1806640640625 0.6308278703125 0.1689453140625 0.626102571875 0.1611328140625 0.6131079875000001 0.1503906265625 0.6012947343749999 0.1464843734375
0 0.5233272421875 0.1503906265625 0.516239290625 0.1484375 0.49497542812499995 0.1503906265625 0.481980846875 0.1591796859375 0.47725554375 0.1669921859375 0.47725554375 0.1826171859375 0.481980846875 0.1904296859375 0.49733808125 0.203125 0.519783265625 0.2041015640625 0.532777846875 0.19921875 0.5410471296875 0.1904296859375 0.545772428125 0.1787109359375 0.543409778125 0.1689453140625 0.5386844765625 0.1611328140625 0.5233272421875 0.1503906265625
0 0.4335464953125 0.1503906265625 0.4122826375 0.1503906265625 0.39456275 0.1650390640625 0.39220010156249996 0.1845703140625 0.4122826375 0.203125 0.424095890625 0.20703125 0.43236516875 0.2060546859375 0.4453597546875 0.203125 0.4559916859375 0.1923828140625 0.460716984375 0.1787109359375 0.45835433437499995 0.1689453140625 0.4429971015625 0.1542968734375 0.4335464953125 0.1503906265625
0 0.34376575 0.1503906265625 0.3295898421875 0.1503906265625 0.3154139359375 0.15625 0.3071446578125 0.1650390640625 0.3047820078125 0.1708984359375 0.3071446578125 0.1884765640625 0.32486454062500003 0.203125 0.3343151453125 0.20703125 0.3473097265625 0.2060546859375 0.35557900781249996 0.2050781265625 0.36857358906250004 0.1943359359375 0.373298890625 0.1748046859375 0.36857358906250004 0.1650390640625 0.35557900781249996 0.1542968734375 0.34376575 0.1503906265625
0 0.2445343984375 0.15234375 0.23508379375000002 0.15625 0.2244518625 0.1650390640625 0.2220892140625 0.1708984359375 0.2244518625 0.1923828140625 0.2445343984375 0.20703125 0.2717048875 0.2060546859375 0.2835181453125 0.1982421859375 0.28824344687500003 0.1904296859375 0.28588079843749997 0.1689453140625 0.2752488671875 0.1582031265625 0.25871030625 0.15234375 0.2445343984375 0.15234375
0 0.1323084671875 0.1689453140625 0.1323084671875 0.1865234359375 0.1370337703125 0.1943359359375 0.1500283515625 0.2050781265625 0.15711630625 0.20703125 0.1795614921875 0.2060546859375 0.1961000484375 0.1923828140625 0.1984627015625 0.1865234359375 0.1961000484375 0.1689453140625 0.178380165625 0.1542968734375 0.1523910046875 0.15234375 0.1323084671875 0.1689453140625
0 0.146484375 0.2236328140625 0.1287644921875 0.2128906265625 0.10513797968750001 0.2128906265625 0.08741809687499999 0.2275390640625 0.08741809687499999 0.2470703140625 0.1075006296875 0.265625 0.1299458140625 0.2666015640625 0.13585244375 0.265625 0.1488470234375 0.2568359359375 0.1488470234375 0.2509765640625 0.15357233125 0.2451171859375 0.151209678125 0.2314453140625 0.146484375 0.2236328140625
0 0.1949187265625 0.2128906265625 0.18428679375 0.2177734359375 0.1748361890625 0.2314453140625 0.1771988390625 0.2490234359375 0.1949187265625 0.265625 0.19964402812499998 0.2675781265625 0.2197265640625 0.2666015640625 0.2339024671875 0.2607421859375 0.24335307187500002 0.2451171859375 0.24335307187500002 0.2333984359375 0.2362651203125 0.2236328140625 0.223270540625 0.21484375 0.1949187265625 0.2128906265625
0 0.30596333124999997 0.2128906265625 0.284699471875 0.2128906265625 0.2752488671875 0.2167968734375 0.2646169359375 0.2294921859375 0.26225428281249996 0.2412109359375 0.2646169359375 0.2490234359375 0.27997416875000003 0.2636718734375 0.2894247734375 0.2675781265625 0.3071446578125 0.2666015640625 0.3154139359375 0.2636718734375 0.328408515625 0.2490234359375 0.33077116875 0.2412109359375 0.328408515625 0.2294921859375 0.3154139359375 0.2167968734375 0.30596333124999997 0.2128906265625
0 0.3673922625 0.2109375 0.35439768125 0.2216796859375 0.3496723796875 0.2333984359375 0.35203503281250004 0.2451171859375 0.3744802171875 0.2636718734375 0.396925403125 0.2626953140625 0.413463959375 0.2529296859375 0.41582661249999997 0.2294921859375 0.4111013109375 0.2216796859375 0.3957440765625 0.2109375 0.388656125 0.2089843734375 0.3673922625 0.2109375
0 0.4595356609375 0.2089843734375 0.45244770624999997 0.2109375 0.4418157734375 0.2197265640625 0.4370904765625 0.2275390640625 0.4370904765625 0.2431640640625 0.444178428125 0.2529296859375 0.4595356609375 0.2636718734375 0.47725554375 0.2646484359375 0.4961567546875 0.2568359359375 0.503244709375 0.2431640640625 0.503244709375 0.2294921859375 0.49025012500000004 0.21484375 0.4760742171875 0.2089843734375 0.4595356609375 0.2089843734375
0 0.5422284515625 0.2089843734375 0.5292338703125 0.2158203140625 0.5221459187499999 0.2275390640625 0.5221459187499999 0.2412109359375 0.5268712171875001 0.2490234359375 0.539865803125 0.2597656265625 0.5540417093750001 0.2636718734375 0.5599483390625 0.2626953140625 0.5705802656250001 0.26171875 0.5812121968749999 0.2548828140625 0.588300153125 0.2431640640625 0.588300153125 0.2275390640625 0.57294291875 0.2109375 0.5422284515625 0.2089843734375
0 0.6272838953125001 0.20703125 0.6178332906249999 0.2109375 0.6119266609375 0.2158203140625 0.6072013625 0.2255859359375 0.6072013625 0.2412109359375 0.6119266609375 0.2490234359375 0.6249212453124999 0.2597656265625 0.632009196875 0.26171875 0.6544543875 0.2607421859375 0.666267640625 0.2548828140625 0.673355596875 0.2431640640625 0.67099294375 0.2216796859375 0.655635709375 0.2089843734375 0.6485477578125 0.20703125 0.6272838953125001 0.20703125
0 0.7359658515625 0.20703125 0.7147019921875 0.20703125 0.7076140359374999 0.2089843734375 0.6969821046875 0.2177734359375 0.69225680625 0.2373046859375 0.6993447578125 0.2509765640625 0.7099766890625 0.2597656265625 0.732421875 0.2607421859375 0.74541645625 0.2578125 0.7536857343750001 0.2509765640625 0.758411040625 0.2431640640625 0.758411040625 0.2236328140625 0.74541645625 0.2109375 0.7359658515625 0.20703125
0 0.79030683125 0.2089843734375 0.7796748984375 0.2177734359375 0.77731225 0.2236328140625 0.77731225 0.2373046859375 0.7820375484375 0.2470703140625 0.787944178125 0.25390625 0.802120084375 0.2597656265625 0.8245652734375 0.2587890640625 0.8411038312500001 0.2470703140625 0.8434664843749999 0.2216796859375 0.8304718984375 0.2089843734375 0.82102129375 0.2050781265625 0.802120084375 0.2050781265625 0.79030683125 0.2089843734375
0 0.9037140890625001 0.203125 0.8800875765624999 0.2050781265625 0.8647303421875 0.2216796859375 0.8647303421875 0.2412109359375 0.8800875765624999 0.2558593734375 0.8919008312500001 0.2597656265625 0.9048954109375 0.2587890640625 0.91316469375 0.2578125 0.9285219281250001 0.2451171859375 0.9308845765625 0.2255859359375 0.9237966203125 0.2138671859375 0.910802040625 0.2050781265625 0.9037140890625001 0.203125
0 0.8540984109374999 0.2636718734375 0.8375598546875 0.2675781265625 0.8222026203125001 0.2841796859375 0.8245652734375 0.3037109359375 0.84464780625 0.3183593734375 0.8694556453125 0.3173828140625 0.8777249234375001 0.3144531265625 0.8883568546875 0.3037109359375 0.8907195078125 0.2880859359375 0.8859942015625 0.2783203140625 0.8682743187499999 0.265625 0.8540984109374999 0.2636718734375
0 0.7572297140625001 0.2675781265625 0.73950983125 0.2822265640625 0.7371471781250001 0.2900390640625 0.73950983125 0.3037109359375 0.7525044109375 0.31640625 0.761955015625 0.3203125 0.7820375484375 0.3193359359375 0.798576109375 0.3095703140625 0.8033014109375 0.2998046859375 0.8033014109375 0.2841796859375 0.783218875 0.2675781265625 0.7714056203124999 0.265625 0.7572297140625001 0.2675781265625
0 0.6698116171875 0.26953125 0.6568170359375001 0.2783203140625 0.652091734375 0.2861328140625 0.652091734375 0.2978515640625 0.6591796859375 0.3115234359375 0.6698116171875 0.3203125 0.6839875234374999 0.32421875 0.689894153125 0.3232421859375 0.7052513874999999 0.3203125 0.7158833140625 0.3095703140625 0.7182459671875 0.2841796859375 0.7005260843750001 0.26953125 0.6910754796874999 0.2675781265625 0.6698116171875 0.26953125
0 0.59893208125 0.2675781265625 0.5847561734375 0.26953125 0.567036290625 0.2841796859375 0.56939894375 0.3076171859375 0.5871188265625 0.3222656265625 0.594206778125 0.32421875 0.6119266609375 0.3232421859375 0.62019594375 0.3203125 0.6308278703125 0.3115234359375 0.6331905234375 0.2880859359375 0.628465221875 0.2802734359375 0.6131079875000001 0.26953125 0.59893208125 0.2675781265625
0 0.516239290625 0.26953125 0.5067886859375 0.26953125 0.49497542812499995 0.2734375 0.481980846875 0.2841796859375 0.47961819375000003 0.3037109359375 0.4890687984375 0.3173828140625 0.4997007296875 0.32421875 0.5221459187499999 0.3251953140625 0.5410471296875 0.3173828140625 0.545772428125 0.3076171859375 0.545772428125 0.2900390640625 0.5410471296875 0.2822265640625 0.52805254375 0.2734375 0.516239290625 0.26953125
0 0.43118384687500005 0.26953125 0.4170079390625 0.26953125 0.40519468124999997 0.2734375 0.39220010156249996 0.2900390640625 0.39220010156249996 0.2998046859375 0.39928805624999997 0.3134765640625 0.4170079390625 0.32421875 0.439453125 0.3232421859375 0.4536290328125 0.3154296859375 0.460716984375 0.3037109359375 0.460716984375 0.2958984359375 0.4536290328125 0.2822265640625 0.4429971015625 0.2734375 0.43118384687500005 0.26953125
0 0.348491053125 0.2714843734375 0.3295898421875 0.2714843734375 0.3201392375 0.2753906265625 0.30950730625 0.2861328140625 0.3071446578125 0.3037109359375 0.31659526250000003 0.3173828140625 0.32722719375 0.32421875 0.33195249531250004 0.3261718734375 0.35439768125 0.3251953140625 0.3650296125 0.3203125 0.373298890625 0.3115234359375 0.375661540625 0.3037109359375 0.373298890625 0.2900390640625 0.362666959375 0.27734375 0.348491053125 0.2714843734375
0 0.2681609109375 0.2734375 0.24689705312500002 0.26953125 0.2303584921875 0.2753906265625 0.2244518625 0.2802734359375 0.2197265640625 0.2900390640625 0.2197265640625 0.3037109359375 0.2244518625 0.3134765640625 0.23980909687500002 0.32421875 0.2598916328125 0.3251953140625 0.2728862140625 0.3222656265625 0.2811554921875 0.3154296859375 0.28588079843749997 0.3076171859375 0.28588079843749997 0.2919921859375 0.2752488671875 0.27734375 0.2681609109375 0.2734375
0 0.1736548625 0.2734375 0.1476657015625 0.2734375 0.1346711203125 0.2822265640625 0.1299458140625 0.2900390640625 0.1299458140625 0.3076171859375 0.1346711203125 0.3154296859375 0.1476657015625 0.32421875 0.15947895625 0.328125 0.1701108875 0.3271484359375 0.178380165625 0.3261718734375 0.19373739843749999 0.3154296859375 0.1961000484375 0.3056640640625 0.19373739843749999 0.2880859359375 0.1831054671875 0.27734375 0.1736548625 0.2734375
0 0.13585244375 0.3378906265625 0.10986328281249999 0.3359375 0.0980500234375 0.3417968734375 0.0897807453125 0.3505859359375 0.08741809687499999 0.3583984359375 0.0897807453125 0.3720703140625 0.10513797968750001 0.38671875 0.114588584375 0.390625 0.1323084671875 0.3896484359375 0.1488470234375 0.3798828140625 0.1488470234375 0.3759765640625 0.15357233125 0.3720703140625 0.15357233125 0.3544921859375 0.146484375 0.3447265640625 0.13585244375 0.3378906265625
0 0.216182584375 0.33203125 0.1949187265625 0.33203125 0.1795614921875 0.3427734359375 0.1748361890625 0.3505859359375 0.1748361890625 0.3662109359375 0.1795614921875 0.3759765640625 0.18546812031249998 0.3808593734375 0.20436933124999998 0.3886718734375 0.21263860937499998 0.3876953140625 0.2362651203125 0.3798828140625 0.2409904234375 0.3662109359375 0.2409904234375 0.3544921859375 0.2362651203125 0.3447265640625 0.2256331890625 0.3359375 0.216182584375 0.33203125
0 0.3106886328125 0.3339843734375 0.2870621203125 0.3300781265625 0.2669795890625 0.3427734359375 0.26225428281249996 0.3505859359375 0.26225428281249996 0.3623046859375 0.26934223749999997 0.3740234359375 0.27997416875000003 0.3828125 0.2917874234375 0.38671875 0.3047820078125 0.3857421859375 0.3154139359375 0.3828125 0.32368321718750004 0.3759765640625 0.328408515625 0.3681640640625 0.328408515625 0.3525390640625 0.32368321718750004 0.3447265640625 0.3106886328125 0.3339843734375
0 0.3957440765625 0.33203125 0.37211756406249996 0.33203125 0.36030431093750004 0.3378906265625 0.35439768125 0.3447265640625 0.35203503281250004 0.3505859359375 0.35439768125 0.3701171859375 0.3673922625 0.3828125 0.37684286718750004 0.38671875 0.396925403125 0.3857421859375 0.409919984375 0.3808593734375 0.41582661249999997 0.3740234359375 0.418189265625 0.3681640640625 0.41582661249999997 0.3466796859375 0.407557334375 0.3378906265625 0.3957440765625 0.33203125
0 0.4760742171875 0.3300781265625 0.45717300781250003 0.3300781265625 0.44772240312499995 0.3339843734375 0.4370904765625 0.3447265640625 0.439453125 0.3701171859375 0.45008505625 0.3808593734375 0.4595356609375 0.3847656265625 0.48434350000000004 0.3837890640625 0.492612778125 0.3808593734375 0.50088205625 0.3701171859375 0.503244709375 0.3642578140625 0.50088205625 0.3466796859375 0.49025012500000004 0.3359375 0.4760742171875 0.3300781265625
0 0.5587670124999999 0.3300781265625 0.5422284515625 0.33203125 0.5268712171875001 0.3427734359375 0.5221459187499999 0.3505859359375 0.52450856875 0.3662109359375 0.5469537546875001 0.3847656265625 0.56939894375 0.3837890640625 0.5753055687499999 0.3828125 0.588300153125 0.3681640640625 0.588300153125 0.3466796859375 0.5800308703125 0.3378906265625 0.5682176171875 0.33203125 0.5587670124999999 0.3300781265625
0 0.632009196875 0.3300781265625 0.6190146171875 0.3369140640625 0.6119266609375 0.3486328140625 0.6119266609375 0.3642578140625 0.6272838953125001 0.3808593734375 0.6367345 0.3847656265625 0.6568170359375001 0.3837890640625 0.67099294375 0.3759765640625 0.6780808953124999 0.3623046859375 0.6780808953124999 0.3486328140625 0.673355596875 0.3408203140625 0.655635709375 0.3300781265625 0.632009196875 0.3300781265625
0 0.7359658515625 0.3261718734375 0.724152596875 0.3261718734375 0.7123393390625 0.3300781265625 0.7017074109375 0.3388671859375 0.6969821046875 0.3466796859375 0.6969821046875 0.3623046859375 0.7123393390625 0.37890625 0.724152596875 0.3828125 0.7371471781250001 0.3818359359375 0.74541645625 0.3808593734375 0.7607736890625 0.3701171859375 0.7654989921875 0.3544921859375 0.7631363390625 0.3447265640625 0.7501417578125 0.33203125 0.7359658515625 0.3261718734375
0 0.802120084375 0.3261718734375 0.7926694796875 0.3300781265625 0.7820375484375 0.3427734359375 0.7844002015625 0.3642578140625 0.7950321328125 0.375 0.8068453874999999 0.3808593734375 0.8292905718749999 0.3798828140625 0.8375598546875 0.3769531265625 0.8481917828125001 0.3642578140625 0.8458291328125 0.3388671859375 0.8328345531249999 0.328125 0.8186586453125001 0.32421875 0.802120084375 0.3261718734375
0 0.8718182984375 0.3349609359375 0.8670929921875 0.3427734359375 0.8670929921875 0.3583984359375 0.8718182984375 0.3662109359375 0.8848128796875001 0.3769531265625 0.8989887859374999 0.3808593734375 0.9048954109375 0.3798828140625 0.9202526453125 0.3769531265625 0.9308845765625 0.3662109359375 0.9332472265625 0.3427734359375 0.9155273421875 0.3261718734375 0.8895381812500001 0.32421875 0.8718182984375 0.3349609359375
0 0.8588237140625001 0.3847656265625 0.847010459375 0.38671875 0.8316532265625 0.3974609359375 0.8269279234375 0.4052734359375 0.8269279234375 0.4208984359375 0.8422851578125 0.4375 0.8517357625 0.44140625 0.8718182984375 0.4404296859375 0.8848128796875001 0.4355468734375 0.8954448062499999 0.4248046859375 0.8930821578125 0.4013671859375 0.8800875765624999 0.390625 0.870636971875 0.38671875 0.8588237140625001 0.3847656265625
0 0.7950321328125 0.3925781265625 0.7714056203124999 0.38671875 0.7595923625000001 0.390625 0.7489604359375 0.3994140640625 0.7418724796875 0.4130859359375 0.7418724796875 0.4189453140625 0.7465977828125 0.4287109359375 0.761955015625 0.44140625 0.7690429671875 0.4433593734375 0.7867628546875001 0.4423828140625 0.7926694796875 0.44140625 0.8033014109375 0.4326171859375 0.8080267140625 0.4267578140625 0.8103893624999999 0.4130859359375 0.8080267140625 0.4052734359375 0.7950321328125 0.3925781265625
0 0.679262221875 0.3886718734375 0.6674489671875 0.3925781265625 0.6568170359375001 0.4033203140625 0.6544543875 0.4111328140625 0.6568170359375001 0.4248046859375 0.679262221875 0.4433593734375 0.7017074109375 0.4423828140625 0.713520665625 0.4365234359375 0.7206086203125001 0.4248046859375 0.7206086203125001 0.4052734359375 0.7123393390625 0.3964843734375 0.6934381296875001 0.3886718734375 0.679262221875 0.3886718734375
0 0.6083826859375 0.390625 0.5918441296875 0.390625 0.5823935234375 0.39453125 0.56939894375 0.4072265640625 0.5717615921875 0.4287109359375 0.5871188265625 0.4433593734375 0.594206778125 0.4453125 0.6142893140625 0.4443359359375 0.6225585921875 0.44140625 0.6308278703125 0.4326171859375 0.635553178125 0.4248046859375 0.635553178125 0.4091796859375 0.62019594375 0.39453125 0.6083826859375 0.390625
0 0.52805254375 0.3925781265625 0.5044260328125 0.3925781265625 0.492612778125 0.3964843734375 0.481980846875 0.4130859359375 0.481980846875 0.4228515640625 0.4890687984375 0.4345703140625 0.5067886859375 0.4472656265625 0.5292338703125 0.4462890640625 0.5375031484374999 0.4433593734375 0.54813508125 0.4326171859375 0.550497734375 0.4248046859375 0.54813508125 0.4072265640625 0.539865803125 0.3984375 0.52805254375 0.3925781265625
0 0.4170079390625 0.3925781265625 0.407557334375 0.3964843734375 0.396925403125 0.4072265640625 0.39456275 0.4248046859375 0.409919984375 0.4433593734375 0.4193705890625 0.4472656265625 0.4418157734375 0.4462890640625 0.45244770624999997 0.44140625 0.460716984375 0.4306640640625 0.460716984375 0.4111328140625 0.45126637968749994 0.3994140640625 0.4429971015625 0.39453125 0.4170079390625 0.3925781265625
0 0.32722719375 0.3925781265625 0.3177765890625 0.3964843734375 0.3071446578125 0.4130859359375 0.3071446578125 0.4228515640625 0.311869959375 0.4326171859375 0.32722719375 0.4453125 0.3343151453125 0.4472656265625 0.35439768125 0.4462890640625 0.3662109359375 0.4384765640625 0.373298890625 0.4287109359375 0.375661540625 0.4169921859375 0.3709362421875 0.4072265640625 0.3532163546875 0.3925781265625 0.32722719375 0.3925781265625
0 0.237446446875 0.3925781265625 0.2256331890625 0.3984375 0.2173639109375 0.4091796859375 0.2173639109375 0.4287109359375 0.2220892140625 0.4365234359375 0.23980909687500002 0.4472656265625 0.2646169359375 0.4462890640625 0.27643019375 0.4384765640625 0.2811554921875 0.4306640640625 0.2811554921875 0.4130859359375 0.27643019375 0.4052734359375 0.263435609375 0.39453125 0.237446446875 0.3925781265625
0 0.1523910046875 0.39453125 0.1323084671875 0.4091796859375 0.1299458140625 0.4208984359375 0.1323084671875 0.4306640640625 0.1370337703125 0.4384765640625 0.1500283515625 0.4472656265625 0.15711630625 0.44921875 0.1771988390625 0.4482421859375 0.1961000484375 0.4404296859375 0.1984627015625 0.4150390640625 0.19137474999999998 0.4052734359375 0.178380165625 0.3964843734375 0.1665669109375 0.3925781265625 0.1523910046875 0.39453125
0 0.1264018390625 0.4550781265625 0.11695123437499999 0.4550781265625 0.10513797968750001 0.4589843734375 0.0921433953125 0.4697265640625 0.0897807453125 0.4912109359375 0.10513797968750001 0.5078125 0.11695123437499999 0.51171875 0.1323084671875 0.5107421859375 0.1429403984375 0.5078125 0.1488470234375 0.5029296859375 0.1559349796875 0.4912109359375 0.1559349796875 0.4775390640625 0.138215096875 0.4589843734375 0.1264018390625 0.4550781265625
0 0.223270540625 0.45703125 0.1949187265625 0.4550781265625 0.1771988390625 0.4677734359375 0.1748361890625 0.4892578140625 0.1901934234375 0.5058593734375 0.2067319796875 0.5097656265625 0.2150012578125 0.5087890640625 0.223270540625 0.5078125 0.2362651203125 0.4990234359375 0.2409904234375 0.4912109359375 0.2409904234375 0.4775390640625 0.2362651203125 0.4677734359375 0.223270540625 0.45703125
0 0.2965127265625 0.453125 0.2752488671875 0.45703125 0.26225428281249996 0.4716796859375 0.26225428281249996 0.4873046859375 0.2717048875 0.5009765640625 0.28233681875 0.5078125 0.3047820078125 0.5087890640625 0.3154139359375 0.5058593734375 0.328408515625 0.4951171859375 0.333133821875 0.4814453140625 0.3213205640625 0.4638671859375 0.3130512859375 0.45703125 0.2965127265625 0.453125
0 0.4004693796875 0.4550781265625 0.37684286718750004 0.453125 0.362666959375 0.4589843734375 0.35439768125 0.4677734359375 0.35203503281250004 0.4873046859375 0.35676033125 0.4951171859375 0.37211756406249996 0.5078125 0.39456275 0.5087890640625 0.407557334375 0.5058593734375 0.41582661249999997 0.4990234359375 0.42055191562500005 0.4912109359375 0.42055191562500005 0.4755859359375 0.41582661249999997 0.4677734359375 0.4004693796875 0.4550781265625
0 0.49025012500000004 0.45703125 0.48079952031250006 0.453125 0.4618983109375 0.453125 0.4418157734375 0.4658203140625 0.439453125 0.4873046859375 0.4489037296875 0.5009765640625 0.4595356609375 0.5078125 0.481980846875 0.5087890640625 0.49025012500000004 0.5078125 0.503244709375 0.4970703140625 0.5079700078125 0.4873046859375 0.5079700078125 0.4775390640625 0.503244709375 0.4677734359375 0.49025012500000004 0.45703125
0 0.5469537546875001 0.453125 0.5268712171875001 0.4677734359375 0.52450856875 0.4736328140625 0.5268712171875001 0.4873046859375 0.5422284515625 0.50390625 0.55167905625 0.5078125 0.5741242421874999 0.5068359359375 0.5930254515625 0.4912109359375 0.5953881046875 0.4755859359375 0.588300153125 0.4638671859375 0.5753055687499999 0.4550781265625 0.5634923140625 0.4511718734375 0.5469537546875001 0.453125
0 0.655635709375 0.4511718734375 0.632009196875 0.4511718734375 0.6119266609375 0.4677734359375 0.6119266609375 0.4853515640625 0.6272838953125001 0.5019531265625 0.6367345 0.5058593734375 0.6568170359375001 0.5048828140625 0.6698116171875 0.5 0.6757182453125 0.4931640640625 0.6804435484375 0.4833984359375 0.6804435484375 0.4697265640625 0.6674489671875 0.45703125 0.655635709375 0.4511718734375
0 0.7017074109375 0.4638671859375 0.6993447578125 0.4716796859375 0.7017074109375 0.4853515640625 0.71942729375 0.5019531265625 0.7265152453125 0.50390625 0.7489604359375 0.5029296859375 0.7678616453125 0.4873046859375 0.7678616453125 0.4677734359375 0.7525044109375 0.453125 0.7430538062500001 0.44921875 0.724152596875 0.44921875 0.7017074109375 0.4638671859375
0 0.8399225046875 0.4511718734375 0.825746596875 0.4472656265625 0.8044827375000001 0.44921875 0.7891255046875 0.4599609359375 0.7867628546875001 0.4814453140625 0.791488153125 0.4892578140625 0.8068453874999999 0.5 0.8115706890625001 0.5019531265625 0.8340158796875 0.5009765640625 0.8399225046875 0.5 0.8481917828125001 0.4931640640625 0.8552797375000001 0.4794921859375 0.8552797375000001 0.4697265640625 0.8481917828125001 0.4580078140625 0.8399225046875 0.4511718734375
0 0.874180946875 0.4619140640625 0.8718182984375 0.4814453140625 0.8765435968749999 0.4892578140625 0.8895381812500001 0.5 0.8966261328125 0.5019531265625 0.9214339718750001 0.5009765640625 0.9356098796874999 0.4892578140625 0.9379725328124999 0.4658203140625 0.9155273421875 0.4472656265625 0.9037140890625001 0.4453125 0.8919008312500001 0.4472656265625 0.874180946875 0.4619140640625
0 0.8316532265625 0.5263671859375 0.8340158796875 0.5478515640625 0.84464780625 0.55859375 0.8564610640625 0.5644531265625 0.87890625 0.5634765640625 0.887175528125 0.5605468734375 0.897807459375 0.5517578140625 0.9001701125 0.5283203140625 0.8777249234375001 0.5097656265625 0.8517357625 0.5097656265625 0.8316532265625 0.5263671859375
0 0.7572297140625001 0.5136718734375 0.7465977828125 0.5224609359375 0.7418724796875 0.5322265640625 0.7418724796875 0.5400390640625 0.7465977828125 0.5498046859375 0.761955015625 0.5625 0.76668031875 0.5644531265625 0.791488153125 0.5634765640625 0.7997574359375 0.5605468734375 0.8080267140625 0.5517578140625 0.8103893624999999 0.5283203140625 0.7926694796875 0.51171875 0.7737682703125001 0.5078125 0.7572297140625001 0.5136718734375
0 0.7005260843750001 0.5097656265625 0.6839875234374999 0.5097656265625 0.67453691875 0.5136718734375 0.6615423390624999 0.5244140640625 0.6591796859375 0.5439453140625 0.6639049921875 0.5517578140625 0.676899571875 0.5625 0.686350178125 0.56640625 0.7040700609375 0.5654296859375 0.7147019921875 0.5605468734375 0.7229712703125 0.5517578140625 0.7276965718749999 0.5322265640625 0.72533391875 0.5263671859375 0.7099766890625 0.5136718734375 0.7005260843750001 0.5097656265625
0 0.6083826859375 0.5097656265625 0.59893208125 0.5097656265625 0.5847561734375 0.515625 0.5764868953125 0.5224609359375 0.56939894375 0.5380859359375 0.5741242421874999 0.5517578140625 0.5847561734375 0.5625 0.6012947343749999 0.5683593734375 0.6119266609375 0.5673828140625 0.6225585921875 0.5644531265625 0.635553178125 0.5537109359375 0.6402784765625 0.5361328140625 0.635553178125 0.5263671859375 0.6225585921875 0.515625 0.6083826859375 0.5097656265625
0 0.5233272421875 0.5136718734375 0.5067886859375 0.515625 0.48670614843750004 0.5283203140625 0.48434350000000004 0.5400390640625 0.4890687984375 0.5556640640625 0.49733808125 0.5644531265625 0.509151334375 0.5703125 0.5292338703125 0.5693359359375 0.539865803125 0.56640625 0.550497734375 0.5556640640625 0.5528603828125 0.5322265640625 0.5422284515625 0.5214843734375 0.530415196875 0.515625 0.5233272421875 0.5136718734375
0 0.4453597546875 0.515625 0.42645854375000003 0.51171875 0.407557334375 0.51953125 0.396925403125 0.5283203140625 0.39456275 0.5419921859375 0.40165070625 0.5556640640625 0.4170079390625 0.5683593734375 0.434727821875 0.5693359359375 0.45008505625 0.56640625 0.460716984375 0.5576171859375 0.465442290625 0.5498046859375 0.4678049390625 0.5361328140625 0.465442290625 0.5302734359375 0.4453597546875 0.515625
0 0.3579416578125 0.51953125 0.34376575 0.5136718734375 0.3343151453125 0.5136718734375 0.3177765890625 0.51953125 0.3071446578125 0.5302734359375 0.3047820078125 0.5400390640625 0.3071446578125 0.5498046859375 0.311869959375 0.5576171859375 0.32486454062500003 0.5683593734375 0.33195249531250004 0.5703125 0.3496723796875 0.5693359359375 0.36030431093750004 0.56640625 0.3709362421875 0.5576171859375 0.375661540625 0.5478515640625 0.375661540625 0.5400390640625 0.373298890625 0.5322265640625 0.3579416578125 0.51953125
0 0.26107295937499997 0.515625 0.2445343984375 0.515625 0.237446446875 0.5175781265625 0.2244518625 0.5283203140625 0.2220892140625 0.5517578140625 0.23508379375000002 0.56640625 0.25398500468749996 0.5722656265625 0.2598916328125 0.5712890640625 0.2681609109375 0.5703125 0.2835181453125 0.5615234359375 0.28824344687500003 0.5537109359375 0.28824344687500003 0.5341796859375 0.2728862140625 0.51953125 0.26107295937499997 0.515625
0 0.176017515625 0.5175781265625 0.1642042578125 0.515625 0.1476657015625 0.5175781265625 0.1346711203125 0.5283203140625 0.1299458140625 0.5380859359375 0.1299458140625 0.5498046859375 0.1346711203125 0.5576171859375 0.1453030484375 0.5683593734375 0.154753653125 0.5722656265625 0.1819241453125 0.5712890640625 0.1984627015625 0.5595703140625 0.20082535468749999 0.5537109359375 0.20082535468749999 0.5419921859375 0.1961000484375 0.5322265640625 0.1878307703125 0.5234375 0.176017515625 0.5175781265625
0 0.10986328281249999 0.5800781265625 0.0945060484375 0.5908203140625 0.0897807453125 0.5986328140625 0.0921433953125 0.6181640640625 0.10277532656249999 0.62890625 0.114588584375 0.6347656265625 0.1370337703125 0.6337890640625 0.15357233125 0.6240234359375 0.1582976296875 0.6142578140625 0.1582976296875 0.6025390640625 0.146484375 0.5869140640625 0.138215096875 0.58203125 0.10986328281249999 0.5800781265625
0 0.22090788749999998 0.5800781265625 0.2090946328125 0.578125 0.18546812031249998 0.5839843734375 0.1748361890625 0.5986328140625 0.1748361890625 0.6103515640625 0.1795614921875 0.6220703140625 0.1949187265625 0.6328125 0.2197265640625 0.6337890640625 0.2256331890625 0.6328125 0.23862777343750002 0.6220703140625 0.24335307187500002 0.6123046859375 0.2409904234375 0.5986328140625 0.2362651203125 0.5908203140625 0.22090788749999998 0.5800781265625
0 0.2870621203125 0.5761718734375 0.27997416875000003 0.578125 0.2646169359375 0.5908203140625 0.26225428281249996 0.6064453140625 0.26934223749999997 0.6201171859375 0.27997416875000003 0.62890625 0.2917874234375 0.6328125 0.3047820078125 0.6318359359375 0.3130512859375 0.6308593734375 0.328408515625 0.6181640640625 0.33077116875 0.5966796859375 0.3154139359375 0.5800781265625 0.30360068125 0.5761718734375 0.2870621203125 0.5761718734375
0 0.3957440765625 0.5761718734375 0.3673922625 0.578125 0.35203503281250004 0.5888671859375 0.3496723796875 0.5966796859375 0.35203503281250004 0.6123046859375 0.3744802171875 0.6308593734375 0.396925403125 0.6298828140625 0.407557334375 0.6269531265625 0.418189265625 0.6142578140625 0.42055191562500005 0.6064453140625 0.418189265625 0.5927734359375 0.407557334375 0.58203125 0.3957440765625 0.5761718734375
0 0.46426096406250006 0.57421875 0.45008505625 0.5800781265625 0.439453125 0.5908203140625 0.4418157734375 0.6123046859375 0.4595356609375 0.62890625 0.481980846875 0.6298828140625 0.49733808125 0.625 0.505607359375 0.6162109359375 0.5103326609375001 0.6044921859375 0.5079700078125 0.5908203140625 0.4831621734375 0.57421875 0.46426096406250006 0.57421875
0 0.5634923140625 0.5722656265625 0.5493164078125 0.57421875 0.5292338703125 0.5908203140625 0.5315965234375 0.6103515640625 0.5386844765625 0.6201171859375 0.5540417093750001 0.62890625 0.5764868953125 0.6279296859375 0.5871188265625 0.6230468734375 0.5977507578125001 0.6103515640625 0.5977507578125001 0.5888671859375 0.5871188265625 0.5800781265625 0.57294291875 0.57421875 0.5634923140625 0.5722656265625
0 0.655635709375 0.5722656265625 0.639097153125 0.5722656265625 0.6249212453124999 0.578125 0.6142893140625 0.5888671859375 0.6166519671875 0.6103515640625 0.626102571875 0.6220703140625 0.639097153125 0.62890625 0.6615423390624999 0.6279296859375 0.6698116171875 0.625 0.6828062015625 0.6123046859375 0.6851688515625 0.5927734359375 0.6828062015625 0.5869140640625 0.6674489671875 0.5761718734375 0.655635709375 0.5722656265625
0 0.7430538062500001 0.5703125 0.7265152453125 0.5703125 0.7170646406250001 0.57421875 0.7017074109375 0.5869140640625 0.7017074109375 0.6044921859375 0.7147019921875 0.6191406265625 0.7265152453125 0.625 0.73950983125 0.6259765640625 0.7572297140625001 0.6230468734375 0.7678616453125 0.6142578140625 0.77258694375 0.5947265640625 0.7654989921875 0.5810546859375 0.7548670609375 0.57421875 0.7430538062500001 0.5703125
0 0.8328345531249999 0.5703125 0.8115706890625001 0.5703125 0.7891255046875 0.5888671859375 0.7891255046875 0.6044921859375 0.796213459375 0.6142578140625 0.809208040625 0.6230468734375 0.8162959921875 0.625 0.8340158796875 0.6240234359375 0.84464780625 0.62109375 0.8529170890625 0.6123046859375 0.8576423875 0.5986328140625 0.8552797375000001 0.5849609359375 0.8422851578125 0.57421875 0.8328345531249999 0.5703125
0 0.8989887859374999 0.5683593734375 0.8765435968749999 0.5869140640625 0.874180946875 0.5927734359375 0.8765435968749999 0.6064453140625 0.8919008312500001 0.62109375 0.9013514359375 0.625 0.9237966203125 0.6240234359375 0.94033518125 0.6103515640625 0.94269783125 0.6044921859375 0.94033518125 0.5849609359375 0.932065903125 0.5761718734375 0.9202526453125 0.5703125 0.8989887859374999 0.5683593734375
0 0.161841609375 0.6386718734375 0.1453030484375 0.64453125 0.1370337703125 0.6513671859375 0.1323084671875 0.6611328140625 0.1323084671875 0.6689453140625 0.1370337703125 0.6806640640625 0.1523910046875 0.6933593734375 0.1689295609375 0.6972656265625 0.1748361890625 0.6962890640625 0.1901934234375 0.69140625 0.20082535468749999 0.6806640640625 0.2031880046875 0.6630859359375 0.1901934234375 0.6464843734375 0.1736548625 0.6386718734375 0.161841609375 0.6386718734375
0 0.2516223546875 0.6386718734375 0.2303584921875 0.6464843734375 0.2244518625 0.6513671859375 0.2197265640625 0.6611328140625 0.2197265640625 0.6728515640625 0.2244518625 0.6826171859375 0.23508379375000002 0.69140625 0.24689705312500002 0.6953125 0.2646169359375 0.6943359359375 0.2752488671875 0.69140625 0.28588079843749997 0.6806640640625 0.28824344687500003 0.6611328140625 0.2835181453125 0.6533203140625 0.2681609109375 0.640625 0.2516223546875 0.6386718734375
0 0.35085370625 0.63671875 0.3295898421875 0.63671875 0.30950730625 0.6494140640625 0.3071446578125 0.6708984359375 0.3142326125 0.6826171859375 0.32486454062500003 0.6894531265625 0.3343151453125 0.6933593734375 0.3496723796875 0.6923828140625 0.3673922625 0.6855468734375 0.373298890625 0.6787109359375 0.37802419375 0.6630859359375 0.375661540625 0.6552734359375 0.36030431093750004 0.640625 0.35085370625 0.63671875
0 0.42173324218749997 0.6347656265625 0.40165070625 0.6455078140625 0.39456275 0.6591796859375 0.396925403125 0.6708984359375 0.40401335468750005 0.6806640640625 0.4170079390625 0.6894531265625 0.42173324218749997 0.69140625 0.4418157734375 0.6904296859375 0.45008505625 0.6875 0.46307963750000003 0.6767578140625 0.465442290625 0.6552734359375 0.46307963750000003 0.6494140640625 0.4453597546875 0.63671875 0.42173324218749997 0.6347656265625
0 0.5351405 0.63671875 0.5138766375 0.6328125 0.49733808125 0.63671875 0.48434350000000004 0.6474609359375 0.481980846875 0.6650390640625 0.48670614843750004 0.6748046859375 0.5020633828125 0.6875 0.516239290625 0.69140625 0.52450856875 0.6904296859375 0.539865803125 0.6855468734375 0.54813508125 0.6767578140625 0.5528603828125 0.6669921859375 0.5528603828125 0.6552734359375 0.545772428125 0.6435546859375 0.5351405 0.63671875
0 0.5871188265625 0.6386718734375 0.5741242421874999 0.6494140640625 0.5741242421874999 0.6708984359375 0.5788495484375 0.6787109359375 0.59893208125 0.69140625 0.621377265625 0.6904296859375 0.6308278703125 0.6865234359375 0.6426411296875 0.6708984359375 0.6426411296875 0.6513671859375 0.62019594375 0.63671875 0.6083826859375 0.6347656265625 0.5871188265625 0.6386718734375
0 0.7052513874999999 0.6328125 0.6910754796874999 0.6308593734375 0.666267640625 0.6416015640625 0.6591796859375 0.6533203140625 0.6591796859375 0.6630859359375 0.666267640625 0.6767578140625 0.676899571875 0.6855468734375 0.686350178125 0.6894531265625 0.7040700609375 0.6884765640625 0.72533391875 0.6806640640625 0.7300592265625 0.6728515640625 0.732421875 0.6572265640625 0.7300592265625 0.6474609359375 0.724152596875 0.640625 0.7052513874999999 0.6328125
0 0.7973947828125 0.6347656265625 0.785581528125 0.6328125 0.76668031875 0.6347656265625 0.7489604359375 0.6494140640625 0.7489604359375 0.6708984359375 0.7690429671875 0.6875 0.7891255046875 0.6884765640625 0.8068453874999999 0.68359375 0.81511466875 0.6767578140625 0.81747731875 0.6708984359375 0.81511466875 0.6494140640625 0.8103893624999999 0.6416015640625 0.7973947828125 0.6347656265625
0 0.8777249234375001 0.6328125 0.8564610640625 0.6328125 0.8375598546875 0.6386718734375 0.8316532265625 0.6474609359375 0.8316532265625 0.6630859359375 0.838741178125 0.6767578140625 0.84464780625 0.6816406265625 0.8611863671875 0.6875 0.87890625 0.6865234359375 0.8895381812500001 0.68359375 0.897807459375 0.6767578140625 0.9025327624999999 0.6669921859375 0.9025327624999999 0.6572265640625 0.8954448062499999 0.6435546859375 0.8777249234375001 0.6328125
0 0.8989887859374999 0.69140625 0.8812689031250001 0.7041015640625 0.8765435968749999 0.7177734359375 0.87890625 0.7294921859375 0.8859942015625 0.7392578140625 0.9013514359375 0.7480468734375 0.9285219281250001 0.7470703140625 0.94033518125 0.7392578140625 0.9474231375000001 0.7255859359375 0.945060484375 0.7021484359375 0.9249779468750001 0.69140625 0.910802040625 0.6894531265625 0.8989887859374999 0.69140625
0 0.8375598546875 0.6933593734375 0.8186586453125001 0.6933593734375 0.8044827375000001 0.69921875 0.796213459375 0.7060546859375 0.791488153125 0.7158203140625 0.791488153125 0.7275390640625 0.796213459375 0.7373046859375 0.809208040625 0.7480468734375 0.8292905718749999 0.7490234359375 0.849373109375 0.74609375 0.8576423875 0.7392578140625 0.8623676937500001 0.7275390640625 0.8623676937500001 0.7158203140625 0.8564610640625 0.7011718734375 0.8375598546875 0.6933593734375
0 0.7595923625000001 0.6972656265625 0.7312405484375 0.6953125 0.7158833140625 0.7041015640625 0.7087953625 0.7158203140625 0.706432709375 0.7275390640625 0.713520665625 0.7412109359375 0.724152596875 0.75 0.7312405484375 0.7519531265625 0.751323084375 0.7509765640625 0.7572297140625001 0.75 0.77022429375 0.7412109359375 0.774949596875 0.7275390640625 0.774949596875 0.7138671859375 0.77258694375 0.7080078140625 0.7595923625000001 0.6972656265625
0 0.676899571875 0.703125 0.6650863140625 0.69921875 0.6461851046875 0.69921875 0.639097153125 0.7011718734375 0.62373991875 0.7177734359375 0.621377265625 0.7373046859375 0.628465221875 0.7470703140625 0.639097153125 0.75390625 0.64382245625 0.7558593734375 0.6639049921875 0.7548828140625 0.6698116171875 0.75390625 0.6851688515625 0.7431640640625 0.689894153125 0.7333984359375 0.689894153125 0.7236328140625 0.6828062015625 0.7080078140625 0.676899571875 0.703125
0 0.4666236125 0.6972656265625 0.4418157734375 0.7138671859375 0.4418157734375 0.7333984359375 0.45717300781250003 0.75 0.471348915625 0.75390625 0.481980846875 0.7529296859375 0.4997007296875 0.74609375 0.505607359375 0.7392578140625 0.5079700078125 0.7158203140625 0.49733808125 0.703125 0.48079952031250006 0.6972656265625 0.4666236125 0.6972656265625
0 0.3981067296875 0.69921875 0.369754915625 0.7011718734375 0.35203503281250004 0.7158203140625 0.35203503281250004 0.7333984359375 0.3673922625 0.75 0.383930821875 0.7558593734375 0.396925403125 0.7548828140625 0.40519468124999997 0.7519531265625 0.41582661249999997 0.7431640640625 0.42055191562500005 0.7333984359375 0.42055191562500005 0.7197265640625 0.413463959375 0.7080078140625 0.3981067296875 0.69921875
0 0.3130512859375 0.703125 0.30596333124999997 0.7011718734375 0.28233681875 0.703125 0.26934223749999997 0.7119140640625 0.2646169359375 0.7197265640625 0.26225428281249996 0.7255859359375 0.2646169359375 0.7392578140625 0.27761151562499997 0.7519531265625 0.2894247734375 0.7578125 0.30950730625 0.7568359359375 0.3154139359375 0.7558593734375 0.328408515625 0.7451171859375 0.333133821875 0.7333984359375 0.33077116875 0.7216796859375 0.3260458671875 0.7138671859375 0.3130512859375 0.703125
0 0.2279958421875 0.7050781265625 0.216182584375 0.7011718734375 0.2067319796875 0.7011718734375 0.19255607187499998 0.70703125 0.1795614921875 0.7177734359375 0.1771988390625 0.7373046859375 0.1795614921875 0.7431640640625 0.197281375 0.7558593734375 0.202006678125 0.7578125 0.2220892140625 0.7568359359375 0.2327211453125 0.75390625 0.2409904234375 0.7470703140625 0.2457157265625 0.7392578140625 0.2457157265625 0.7255859359375 0.23862777343750002 0.7138671859375 0.2279958421875 0.7050781265625
0 0.13348979375 0.7011718734375 0.10513797968750001 0.703125 0.0921433953125 0.7177734359375 0.0921433953125 0.7373046859375 0.11222593125 0.7558593734375 0.1240391890625 0.7597656265625 0.1346711203125 0.7587890640625 0.1405777453125 0.7578125 0.1559349796875 0.7451171859375 0.1606602828125 0.7373046859375 0.1606602828125 0.7216796859375 0.1429403984375 0.7050781265625 0.13348979375 0.7011718734375