0 0.7988709218750001 0.0073347578124999995 0.78626748125 0.005225340625 0.7736181125 0.0110050828125 0.7652605375 0.038034953125 0.7701916859375 0.057812714062500006 0.7764474781249999 0.066756590625 0.7946903171875 0.0753376609375 0.8111069421874999 0.07255748749999999 0.814280765625 0.0691402640625 0.821313696875 0.0529442796875 0.82074323125 0.042582896875 0.816428475 0.025277353125000002 0.8101726843750001 0.01633348125 0.7988709218750001 0.0073347578124999995
0 0.8191659859374999 0.0968071890625 0.8103527640625 0.0937527609375 0.79519189375 0.097532790625 0.7843687421875 0.11467378125000001 0.7867424625 0.140340990625 0.7936146484375 0.15175708125 0.8074279140625 0.16275552499999998 0.8206707124999999 0.16339258125 0.8295068953125 0.162502425 0.8358545453125 0.15566796875 0.8397136546875 0.142889215625 0.8403759781250001 0.137472271875 0.8342120390625001 0.1127500671875 0.8304677484375 0.1058059109375 0.8191659859374999 0.0968071890625
0 0.8262412171875001 0.1816979796875 0.8135918515625 0.18747772499999998 0.8091393124999999 0.193839675 0.8046638093749999 0.20414620781249998 0.80395555625 0.21745231718750002 0.8064211312499999 0.2273412 0.815804821875 0.240757009375 0.8245950796875 0.2477560171875 0.8321525515625 0.24981058437499998 0.8523593921874999 0.24608540625000003 0.8587300046875 0.23530636875000002 0.859438253125 0.22200026093749997 0.853274315625 0.197278059375 0.8501464171875 0.1928061203125 0.8369495499999999 0.184279903125 0.8262412171875001 0.1816979796875
0 0.8230637625 0.2940911453125 0.8292277 0.3188133453125 0.8348671015625 0.325285 0.8436573609375 0.33228400625 0.8594116578125 0.33492078125 0.8701429546874999 0.33355811874999997 0.8771758875 0.3173621390625 0.8673135875 0.2778066171875 0.8604184390625 0.2703351015625 0.84530349375 0.2662259703125 0.8294803046875 0.27542294375 0.8230637625 0.2940911453125
0 0.850437690625 0.35947842812499997 0.8434047546875 0.3756744078125 0.8426965078125 0.38898052031249997 0.8451620828124999 0.39886939843749997 0.8520342671875 0.4102854921875 0.8658475343750001 0.421283934375 0.877195221875 0.42239349375 0.8898216265625001 0.4205583296875 0.8968545609374999 0.4043623453125 0.8907365484374999 0.37175098125 0.8863758671875 0.3623346046875 0.87758560625 0.3553355984375 0.8668772734375001 0.35275367343749997 0.850437690625 0.35947842812499997
0 0.8701163609375 0.4464786390625 0.8630834296875 0.46267461875000004 0.8629915703125001 0.47845294843749997 0.8685850437499999 0.49281376562499996 0.8886770640625 0.5088114984375001 0.9107790124999999 0.5046138140624999 0.9165332296875001 0.49136255625 0.908566040625 0.45133452968750004 0.901670890625 0.4438630203125 0.8928576687499999 0.44080859375000003 0.8789755109374999 0.44164389843749996 0.8701163609375 0.4464786390625
0 0.743683128125 0.0604831828125 0.7304173625 0.063790709375 0.7240697171875 0.0706251671875 0.7182695703124999 0.0917655875 0.72320071875 0.1115433484375 0.729456515625 0.1204872234375 0.738246771875 0.1274862296875 0.74580424375 0.1295407984375 0.7622208640625 0.12676062500000002 0.7685685140625 0.11992617187500001 0.7743227328125 0.10667491250000001 0.7743686578125 0.0987857484375 0.7637981125 0.0725363375 0.75249635 0.06353761249999999 0.743683128125 0.0604831828125
0 0.6883841421875 0.0243785890625 0.6795709203125 0.0213241609375 0.6612362265625 0.02852141875 0.6535868984375 0.04224518125 0.65349504375 0.0580235109375 0.66093769375 0.0798009875 0.67223945625 0.0887997109375 0.6842035421875 0.09238149375 0.6949348359374999 0.09101883125 0.70000376875 0.0871291 0.7089318109375 0.070460615625 0.7102564515625 0.059626725000000005 0.706558090625 0.044793407812500005 0.6996859046874999 0.033377309375000004 0.6883841421875 0.0243785890625
0 0.7658733015625 0.1494831109375 0.748817321875 0.1537356453125 0.73794824375 0.178765796875 0.7434957875 0.2010157796875 0.74662368125 0.20548771562499998 0.7560303375 0.21495894531249998 0.7679944187500001 0.21854072656249998 0.7825159328125 0.21623305625000003 0.7856897546875 0.21281582812500002 0.7927226875 0.19661984999999998 0.7934309390625 0.183313740625 0.7866046796874999 0.1640084828125 0.7746865234375 0.15253753750000001 0.7658733015625 0.1494831109375
0 0.7836568625 0.23695582656249997 0.768495990625 0.24073585625 0.7621483453125 0.247570309375 0.7576269140624999 0.26576600781250004 0.7631744578124999 0.288015990625 0.7663023546875001 0.2924879265625 0.7801156171875 0.30348636562500003 0.7914633078125 0.304595925 0.8040897125 0.30276076406249997 0.8072635359375001 0.29934353593749996 0.8124013609375 0.2836200578125 0.8124932156250001 0.26784172968750003 0.8037718500000001 0.2490089765625 0.7899585828125 0.23801053749999998 0.7836568625 0.23695582656249997
0 0.807125753125 0.3230110296875 0.7843844484375 0.32868107343749997 0.7786302296875001 0.34193233125 0.7773055875 0.3527662171875 0.7816203421875 0.3700717578125 0.7922597828125 0.384487425 0.8060960078124999 0.3915412859375 0.8130370890625 0.3911236328125 0.8237683828125 0.389760975 0.8314177078125 0.3760372125 0.832788278125 0.357314159375 0.830322703125 0.34742527968750003 0.8259620234374999 0.3380089 0.8115323625 0.3245382390625 0.807125753125 0.3230110296875
0 0.824909315625 0.41048374374999996 0.805958228125 0.4152087796875 0.7963678625 0.4372942078125 0.80191540625 0.45954419062499996 0.8081711984375 0.4684880609375 0.8169614562499999 0.4754870734375 0.8245189281249999 0.47754163906249997 0.8428306593749999 0.4742889640625 0.8460044859375 0.4708717328125 0.8511423078125 0.4551482578125 0.851850559375 0.44184215 0.8493849843750001 0.4319532671875 0.8425127953124999 0.42053717500000004 0.824909315625 0.41048374374999996
0 0.8420764843749999 0.495484234375 0.8237417875 0.502681490625 0.8160465328125 0.5242944171875 0.8215940765624999 0.5465443999999999 0.8385352375 0.562014778125 0.8460927078125 0.5640693421874999 0.8606142234374999 0.5617616765625 0.8669618734375 0.554927221875 0.8701586578124999 0.5475654125 0.8715292296875001 0.5288423609375 0.868447259375 0.51648125625 0.8590635703125 0.50306545 0.8420764843749999 0.495484234375
0 0.6808689671875 0.12341079531250002 0.6776951453125 0.1268280203125 0.671940925 0.140079278125 0.671232678125 0.1533853859375 0.674931040625 0.16821870781249998 0.6811868328124999 0.17716258437500002 0.69248859375 0.186161303125 0.701941175 0.1877433671875 0.7164626890625 0.1854357015625 0.7196365124999999 0.1820184734375 0.727331765625 0.160405546875 0.7217842234375 0.13815556874999999 0.71552843125 0.1292116921875 0.699820059375 0.11868575625 0.6808689671875 0.12341079531250002
0 0.7005476421875 0.2104110046875 0.6909572765625 0.23249643125000002 0.6965048203124999 0.2547464140625 0.7002491125 0.261690571875 0.7140623749999999 0.27268901093750003 0.727305171875 0.2733260671875 0.7374200765625 0.2694911875 0.7437906843750001 0.2587121515625 0.7451153296874999 0.2478782609375 0.73771860625 0.21821162031250002 0.7308234546875 0.210740109375 0.7194987296875001 0.20568596874999998 0.7005476421875 0.2104110046875
0 0.7240165281250001 0.2964662078125 0.7157737734375 0.303773165625 0.709973628125 0.324913584375 0.7130555984375 0.3372746890625 0.7199277828125 0.34869078125 0.7268229328125 0.3561622921875 0.7368919046875 0.36021657500000004 0.7570987453125 0.3564913984375 0.7647480718749999 0.3427676375 0.7660727171875 0.331933746875 0.75801366875 0.30768405 0.7460955140625 0.2962131078125 0.73728229375 0.29315868125 0.7240165281250001 0.2964662078125
0 0.7411836984375 0.3814667015625 0.736114765625 0.38535642812500004 0.7296982265625 0.40402462968749997 0.7321178734375 0.421802678125 0.7364785578124999 0.43121905156249996 0.7528033234375 0.444217209375 0.7616165453125 0.4472716390625 0.77234784375 0.44590897656250006 0.7805676375 0.44254660156250003 0.7824857062499999 0.438129515625 0.7851349937500001 0.4164617375 0.7802038437500001 0.396683978125 0.7739480515625 0.3877401015625 0.760751178125 0.37921388125 0.7411836984375 0.3814667015625
0 0.7640361953125 0.46504968125 0.7557934375 0.47235663906249997 0.7500392203125 0.48560789687500006 0.749993290625 0.4934970625 0.7580523390625 0.517746759375 0.774377103125 0.5307449156249999 0.7794230718749999 0.53079976875 0.795839696875 0.528019596875 0.79901351875 0.5246023671875 0.8048136640625 0.5034619499999999 0.7992661187500001 0.481211965625 0.793010328125 0.47226809062499997 0.7754068453125 0.462214659375 0.7640361953125 0.46504968125
0 0.80579385 0.551796790625 0.7950855171875 0.54921486875 0.779924646875 0.5529948984375 0.7735769984374999 0.5598293546875001 0.7703802140625 0.5671911640625 0.7696719640625 0.5804972734375 0.7777310078124999 0.60474696875 0.791544275 0.6157454125 0.80099685 0.617327471875 0.8155183656249999 0.6150198062500001 0.8186921890625 0.6116025781250001 0.8231676921875 0.6012960453125 0.82515465625 0.5850452125000001 0.8214562921875 0.570211890625 0.8152005015625001 0.56126801875 0.80579385 0.551796790625
0 0.632534025 0.082943959375 0.6104091140625 0.0910862265625 0.6039925734375 0.10975442656250001 0.606412221875 0.12753247031249998 0.6139008015625 0.14142078593750002 0.6252025640625 0.15041950937499998 0.6346551453125 0.1520015734375 0.6472815484375001 0.15016640781249999 0.6555243046875 0.14285945 0.6607080562500001 0.11924680937500001 0.6576260875 0.10688570625 0.6507539015625 0.0954696125 0.6413472484375 0.0859983828125 0.632534025 0.082943959375
0 0.6490388765625 0.1733613984375 0.6319828953125 0.17761393125 0.6249499593750001 0.1938099109375 0.6248581046874999 0.2095882421875 0.6316843640625 0.2288934984375 0.6373237640625 0.235365153125 0.654950209375 0.2414740015625 0.6675766140625 0.239638840625 0.672645546875 0.23574910781249997 0.680294875 0.2220253453125 0.6797244078125 0.2116639640625 0.6716653625 0.18741426249999998 0.6622587078125 0.1779430390625 0.6490388765625 0.1733613984375
0 0.67061265625 0.25988910625 0.651661565625 0.26461414375 0.64656966875 0.272448453125 0.643966309375 0.286227065625 0.6501302484375 0.31094927031249997 0.6563860390625 0.3198931421875 0.672117378125 0.3264744984375 0.688534 0.323694325 0.69488165 0.31685987031249996 0.698078434375 0.3094980609375 0.6987866859375 0.2961919515625 0.6950883234375 0.28135862968750003 0.688216134375 0.2699425375 0.67061265625 0.25988910625
0 0.6738517374999999 0.3536140671875 0.664261378125 0.375699496875 0.669808921875 0.3979494765625 0.6760647125 0.4068933515625 0.684854971875 0.413892359375 0.692412440625 0.41594692499999997 0.7107241734375 0.41269425000000004 0.7190358203125 0.3935535453125 0.7141506 0.36588661875 0.7028718015625001 0.35294331562500003 0.6946979375 0.3484165265625 0.68081578125 0.349251834375 0.6738517374999999 0.3536140671875
0 0.7055633859375 0.4323623125 0.6979829515625 0.4342523265625 0.6897401921874999 0.4415592859375 0.683323653125 0.4602274859375 0.6926154890625 0.48942162656250005 0.703917246875 0.49842034843749994 0.7114747218749999 0.500474915625 0.729786453125 0.4972222421875 0.736819384375 0.481026259375 0.7381440265625 0.47019237187499996 0.7344456640625 0.4553590515625 0.727573478125 0.4439429578125 0.7162717171875 0.4349442328125 0.7055633859375 0.4323623125
0 0.7119762953125 0.5226700484375 0.70432696875 0.53639380625 0.7030023234375 0.5472276968750001 0.7085498671875 0.5694776796875 0.711677765625 0.5739496140625 0.7210844187500001 0.58342084375 0.7330485015625 0.5870026203125 0.74567490625 0.585167459375 0.7507438390625001 0.5812777265625 0.7552193421875 0.5709711937499999 0.7565899125 0.5522481390625 0.749763653125 0.5329428828125 0.7309273828125 0.5179450109375 0.7119762953125 0.5226700484375
0 0.5646316 0.04472994375 0.5494707296875 0.0485099734375 0.537985259375 0.07106790625000001 0.5441491968750001 0.0957901078125 0.5504049875 0.10473398281249999 0.56170675 0.1137327046875 0.5692642203125 0.115787271875 0.5837857359374999 0.1134796078125 0.586959559375 0.1100623765625 0.5920514546875 0.10222806250000001 0.5959335296875 0.08550473125 0.589769590625 0.060782525 0.5709333234375 0.045784654687499995 0.5646316 0.04472994375
0 0.569103475 0.1433993484375 0.5640345421874999 0.1472890765625 0.5588507921875 0.170901721875 0.5631655484375 0.1882072609375 0.5700377328124999 0.1996233546875 0.5863854609375 0.2086769296875 0.6028020875 0.20589676093749998 0.6078710187499999 0.20200702656249997 0.6142875578125 0.1833388265625 0.61125151875 0.1630885609375 0.6075072265625 0.156144403125 0.590566065625 0.14067402499999998 0.569103475 0.1433993484375
0 0.577958996875 0.2475405453125 0.5766343515625 0.2583744359375 0.5809491078125 0.2756799765625 0.587821296875 0.28709606718749997 0.604169025 0.2961496421875 0.6205856468750001 0.293369475 0.6301300859375 0.279173209375 0.631454728125 0.26833931875 0.625907184375 0.2460893390625 0.604559409375 0.229091746875 0.585608321875 0.233816784375 0.577958996875 0.2475405453125
0 0.6040082796874999 0.3237617203125 0.5989163828125 0.33159603125000003 0.5963130249999999 0.3453746453125 0.6012441749999999 0.3651524078125 0.6074999671875 0.374096278125 0.62574280625 0.38267734999999997 0.64026431875 0.3803696796875 0.645333253125 0.3764799515625 0.6511333968749999 0.35533952812499997 0.6424579593749999 0.328617609375 0.6330513046874999 0.3191463859375 0.6242380828125 0.3160919578125 0.6040082796874999 0.3237617203125
0 0.6306509921875 0.40639969374999996 0.6236869484375 0.41076193125 0.6172704109375 0.42943013125 0.6240507421875 0.456624553125 0.6416312578125 0.4706225671875 0.66373320625 0.466424884375 0.6707661421875 0.4502289046875 0.672090784375 0.4393950140625 0.6683924218749999 0.42456169531250004 0.6621366296875 0.4156178203125 0.64642825625 0.4050918859375 0.6306509921875 0.40639969374999996
0 0.637611403125 0.51101339375 0.6424966234375 0.5386803203125 0.646240915625 0.5456244781249999 0.6632050375 0.5571502749999999 0.687202096875 0.5524800859375001 0.692339921875 0.5367566109374999 0.6868383062500001 0.5066174625000001 0.6673856421875 0.48914737031250005 0.64971326875 0.49092768124999997 0.6446443359375 0.49481741562500003 0.637611403125 0.51101339375
0 0.6687755484375 0.5754556734375 0.663706615625 0.5793454031249999 0.6560113609375 0.6009583296875001 0.6621752984375 0.62568053125 0.665303190625 0.6301524671875 0.679116459375 0.6411509093750001 0.6860575343749999 0.6407332546875 0.6967888296875 0.639370596875 0.7069266953125 0.63159113125 0.7108317328125 0.6109232171875 0.7071333703125 0.5960898953125 0.7002611859375001 0.5846738015625 0.6845528125 0.5741478625 0.6687755484375 0.5754556734375
0 0.501155121875 0.113074496875 0.4935057953125 0.1267982546875 0.4921811546875 0.1376321453125 0.5002401984375 0.16188184218749999 0.5121583546874999 0.1733527890625 0.519715825 0.1754073578125 0.53613245 0.1726271828125 0.5476179203125 0.15006925 0.545198271875 0.13229120625 0.5408375890625 0.12287482812499999 0.5220013203125 0.10787695625 0.5081191640625 0.1087122609375 0.501155121875 0.113074496875
0 0.517043575 0.20101971093749998 0.5112434312499999 0.22216013281250002 0.5142794703125 0.24241039999999997 0.5180237625 0.2493545578125 0.5374993890625 0.2628800671875 0.5558111203125 0.2596273953125 0.5634374828125 0.24984821406250002 0.567296590625 0.2370694609375 0.5611326531249999 0.21234725937499999 0.5416799921875 0.1948771625 0.5221125078125 0.1971299828125 0.517043575 0.20101971093749998
0 0.5379550359375 0.292964365625 0.5322008171875 0.3062156203125 0.5308761765625001 0.317049509375 0.5351909328125 0.3343550484375 0.5414467234375 0.343298925 0.555899346875 0.352825003125 0.5761061828125 0.349099821875 0.5837555125 0.3353760609375 0.5850801546875 0.32454217343749997 0.5764047125 0.29782025624999997 0.5651029546874999 0.28882153125 0.5562897296875 0.28576710625 0.5379550359375 0.292964365625
0 0.5576337078125 0.37996457499999997 0.55126309375 0.3907436109375 0.550554846875 0.40404971874999995 0.554253209375 0.4188830421875 0.56112539375 0.43029913437499995 0.5699156546874999 0.437298140625 0.5793682328124999 0.4388802046875 0.593889746875 0.4365725375 0.600237396875 0.42973808125 0.604758825 0.41154238593750003 0.59921128125 0.3892924015625 0.5778635109375 0.37229481249999996 0.5608075296874999 0.376547346875 0.5576337078125 0.37996457499999997
0 0.581764915625 0.46060283125 0.5766959859375 0.4644925640625 0.5716040859375 0.472326875 0.569617121875 0.4885777078125 0.573931878125 0.5058832468750001 0.5801876734375 0.5148271234374999 0.5946402953125001 0.5243532 0.6148471328125 0.520628021875 0.6212177453125001 0.509848984375 0.6225423875 0.4990150984375 0.6195063484375 0.4787648328125 0.6157620578125 0.471820675 0.599437290625 0.4588225203125 0.581764915625 0.46060283125
0 0.6027223015625001 0.544658315625 0.597653371875 0.5485480484374999 0.5893417203125 0.567688753125 0.5929941578125 0.5904112406250001 0.602377846875 0.603827046875 0.614318965625 0.6113534109375001 0.6364209125 0.6071557265624999 0.641512809375 0.5993214171875 0.6428374546875 0.5884875265625 0.638568625 0.563292821875 0.6348243359375 0.5563486640625 0.6184995671875 0.543350509375 0.6027223015625001 0.544658315625
0 0.4522037859375 0.0701354453125 0.4351478078125 0.074387978125 0.42427873125 0.099418128125 0.4304426671875 0.1241403296875 0.43357056250000003 0.128612265625 0.44989532812500005 0.14161042343750002 0.45494130000000005 0.1416652765625 0.46756770156250005 0.1398301109375 0.47391534843749994 0.13299565625 0.48161060312500004 0.11138273125 0.475446665625 0.0866605296875 0.4723187734375 0.08218859375000001 0.45850550625000003 0.0711901515625 0.4522037859375 0.0701354453125
0 0.44395740000000006 0.1864183390625 0.4482262265625 0.21161304531249997 0.45197051874999994 0.2185572015625 0.461377171875 0.22802843125 0.47144614531249995 0.23208271093750002 0.4878627671875 0.22930254218749999 0.49873184375 0.2042723875 0.4963121984375 0.18649434375 0.49256790781250004 0.1795501859375 0.475626746875 0.1640798078125 0.45226904843750004 0.167277634375 0.44395740000000006 0.1864183390625
0 0.48962009375 0.2524975296875 0.4725641125 0.2567500640625 0.4649147875 0.270473825 0.46359014531250003 0.2813077109375 0.46852129531250003 0.301085471875 0.4810558421875 0.31502864062499997 0.49238056874999997 0.320082778125 0.501216753125 0.319192625 0.5043676140625 0.3197199796875 0.5126103703125 0.312413021875 0.5183645875 0.2991617625 0.5190269109375001 0.29374481874999997 0.5128629734375 0.269022615625 0.4984333140625 0.25555195468749997 0.48962009375 0.2524975296875
0 0.496649396875 0.3452774875 0.490301746875 0.35211194218749997 0.483885209375 0.37078014375 0.4881999640625 0.3880856828125 0.49507215000000004 0.3995017765625 0.5063739125 0.4085005 0.511419884375 0.408555353125 0.527836503125 0.40577518125 0.5373809390625001 0.39157891562499997 0.53870558125 0.38074503125 0.5306465375 0.356495328125 0.51872838125 0.3450243859375 0.5099151578125001 0.3419699625 0.496649396875 0.3452774875
0 0.51253785 0.4332227046875 0.5048885249999999 0.4469464625 0.503563878125 0.457780353125 0.5122393203125 0.484502271875 0.52354108125 0.49350099218750004 0.5329936625 0.49508305625000004 0.54562006875 0.4932478953125 0.5487938906250001 0.4898306671875 0.5564891453125 0.468217740625 0.5540694984375001 0.4504396953125 0.5503252078124999 0.44349553906250005 0.5314889375 0.42849766875000006 0.51253785 0.4332227046875
0 0.535390346875 0.5168056875 0.529042696875 0.523640140625 0.523242553125 0.5447805640625 0.531301596875 0.5690302609375 0.5476263625 0.5820284171875 0.5526723328125 0.5820832671875 0.57226278125 0.57588586875 0.577400603125 0.56016239375 0.5774924609375 0.5443840640625 0.566259590625 0.5235515921875 0.5549578265624999 0.5145528671874999 0.5486561078125 0.5134981609375 0.535390346875 0.5168056875
0 0.5525575125 0.6018061796875 0.54493115 0.6115853578125 0.5410720421875 0.6243641125 0.5466195843749999 0.6466140921875 0.5528753765625 0.6555579671875 0.5654328921875 0.6655565484375 0.59132505625 0.6604138578125001 0.5964628828125 0.64469038125 0.5909612640625 0.6145512359375 0.5847054734375 0.6056073625 0.5715086046875 0.5970811421875 0.5595215546875 0.5974439421875 0.5525575125 0.6018061796875
0 0.396353671875 0.1287008140625 0.3824255890625 0.13742528437499998 0.37795008281250003 0.1477318203125 0.3772418359375 0.161037928125 0.38155659218750004 0.1783434671875 0.3878123828125 0.18728734375 0.3991141453125 0.1962860640625 0.40856672656250004 0.19786812812500001 0.42119313125 0.19603296718750002 0.424366953125 0.1926157375 0.43139988906250004 0.17641975781250002 0.43149174375 0.16064142812499999 0.4227703765625 0.1418086734375 0.408957109375 0.13081023281249998 0.396353671875 0.1287008140625
0 0.42925217812499994 0.22028266406250002 0.4166487359375 0.21817324531249999 0.40399936875 0.2239529890625 0.396966434375 0.24014897343750002 0.3974909734375 0.2583995203125 0.405595946875 0.27476005312499996 0.4137468484375 0.283231425 0.42696668437499996 0.28781306406249996 0.4395930859375 0.2859778984375 0.4427669109375 0.282560671875 0.44979984218749997 0.266364690625 0.45050809375 0.25305858125 0.44680973125 0.238225259375 0.4405539375 0.2292813890625 0.42925217812499994 0.22028266406250002
0 0.42153032812499996 0.35481610625000004 0.42527461874999994 0.3617602640625 0.434681271875 0.3712314921875 0.44475024375 0.3752857765625 0.4611668671875 0.3725056046875 0.4720359453125 0.347475453125 0.4633605046875 0.3207535359375 0.449547240625 0.30975509218749997 0.42429443281249996 0.313425421875 0.41787789531249997 0.3320936234375 0.42153032812499996 0.35481610625000004
0 0.45344864687499997 0.3980631140625 0.44837971718749997 0.40195284375 0.43883528125 0.4161491078125 0.43751063593749995 0.4269829984375 0.44556968281250003 0.4512326953125 0.46253380625 0.4627584921875 0.4846357546875 0.4585608078125 0.49105229531249994 0.43989260625000004 0.48801625312499997 0.4196423421875 0.4842719640625 0.41269818437500005 0.47424892031250004 0.40075473749999996 0.4654356953125 0.397700309375 0.45344864687499997 0.3980631140625
0 0.4623730609375 0.49037056406249996 0.4578975578125 0.500677096875 0.455956521875 0.509038765625 0.457759775 0.5243445906249999 0.462120459375 0.533760965625 0.47403861249999996 0.5452319125 0.480956725 0.5487588421875 0.48979291406250003 0.5478686828125 0.501802925 0.5435613015625 0.5081735359375 0.5327822640625001 0.5094981765625 0.5219483734375 0.503334240625 0.49722617343750003 0.488904584375 0.4837555125 0.4706158171875 0.48306360625 0.4623730609375 0.49037056406249996
0 0.499153640625 0.5652290765625 0.48271405312500004 0.57195383125 0.475681121875 0.5881498109375001 0.4743564765625 0.5989837015624999 0.47805483750000005 0.61381701875 0.484310634375 0.6227608953125 0.50001900625 0.6332868296874999 0.5069600828125 0.6328691796875 0.5189700937499999 0.6285617921875 0.52661941875 0.6148380343750001 0.5279440640625 0.60400414375 0.5223965203125001 0.5817541609375 0.516140725 0.572810290625 0.5098619703125 0.567810996875 0.499153640625 0.5652290765625
0 0.32399870937499997 0.09684875 0.317034665625 0.1012109859375 0.3087230171875 0.120351690625 0.3123754515625 0.143074178125 0.3161197421875 0.15001833125 0.32993300468750003 0.161016775 0.3374904796875 0.163071340625 0.3539071 0.16029116875 0.3570809234375 0.1568739390625 0.3660548921875 0.132316290625 0.3617401375 0.1150107515625 0.3523564484375 0.101594940625 0.34167108125 0.0950684375 0.32399870937499997 0.09684875
0 0.337329728125 0.1906834140625 0.33157551406249997 0.203934671875 0.33025086875 0.21476856249999998 0.338309915625 0.23901825937500001 0.3502280703125 0.2504892015625 0.36219215312499997 0.25407098281249996 0.3691332296875 0.2536533296875 0.377375990625 0.2463463703125 0.38440892187500003 0.23015039218750002 0.38511716875 0.21684428125 0.37326790625 0.19353959062499998 0.35187420625 0.1844311671875 0.337329728125 0.1906834140625
0 0.38098249375000004 0.27695801875 0.3633101234375 0.278738334375 0.3582411890625 0.2826280625 0.34992954374999996 0.301768771875 0.3529655828125 0.3220190375 0.3686280296875 0.3404341375 0.38438232656250004 0.343070909375 0.38942829687499997 0.34312576250000004 0.3976710546875 0.335818803125 0.4034252734375 0.3225675453125 0.40413352187499996 0.3092614375 0.400435159375 0.29442811562500004 0.3941793671875 0.285484240625 0.38098249375000004 0.27695801875
0 0.376024753125 0.3701007765625 0.36899181875 0.3862967609375 0.3738770421875 0.4139636875 0.3908182015625 0.42943406093750003 0.40027077968749997 0.431016125 0.40910696875 0.430125971875 0.41545461718750004 0.42329151249999997 0.42248754999999993 0.40709553437499996 0.41821872187500003 0.381900828125 0.40127756249999996 0.36643045 0.3810936828125 0.36621104843749996 0.376024753125 0.3701007765625
0 0.4203398375 0.4509584390625 0.4026674640625 0.45273875625000004 0.3975985328125 0.4566284828125 0.391227921875 0.4674075203125 0.3899032796875 0.4782414109375 0.39170653125 0.4935472359375 0.3954508234375 0.50049139375 0.415542840625 0.5164891265625 0.43006435468750004 0.51418145625 0.43641200468749997 0.5073470015625 0.44282854218749995 0.4886788015625 0.441025290625 0.47337297500000003 0.4372809984375 0.46642881875000003 0.43102520625 0.45748494375000004 0.4203398375 0.4509584390625
0 0.4089655546875 0.5627694 0.418257390625 0.5919635390625 0.4339657625 0.6024894749999999 0.4390117296875 0.602544325 0.451638134375 0.6007091625000001 0.4618448921875 0.5810959546875 0.45695966875 0.5534290281249999 0.44442512343749996 0.5394858640625 0.4356118984375 0.5364314390625 0.4185559203125 0.540683971875 0.4089655546875 0.5627694
0 0.45277906718749994 0.62143193125 0.43951330625 0.62473945625 0.4331656578125 0.6315739125000001 0.42674911875 0.6502421125 0.43229666250000004 0.6724920953125 0.43855245312499996 0.68143596875 0.45174932187500005 0.6899621890625001 0.45679529218750003 0.6900170390625 0.46942169843750003 0.688181878125 0.47259552187500004 0.6847646484375 0.481569490625 0.660207 0.476021946875 0.6379570171875 0.47289405 0.63348508125 0.4590807859375 0.6224866375 0.45277906718749994 0.62143193125
0 0.2851586453125 0.15905075468750002 0.26871905625000003 0.16577550624999998 0.261686125 0.1819714875 0.261640196875 0.1898606546875 0.26969924375 0.21411035156249997 0.2891748703125 0.2276358609375 0.3055914921875 0.2248556921875 0.308765315625 0.22143846250000002 0.31579825 0.2052424828125 0.316506496875 0.19193637187499998 0.3071687375 0.17063140000000002 0.295866975 0.161632675 0.2851586453125 0.15905075468750002
0 0.306732425 0.24557846093750002 0.28967644375 0.24983099375 0.28650261875 0.25324821875 0.2820271171875 0.26355475156249997 0.281935259375 0.27933308125 0.28625001562499996 0.2966386265625 0.2925058109375 0.305582496875 0.31074864999999996 0.3141635671875 0.317689728125 0.3137459171875 0.32782759375000003 0.3059664515625 0.333581809375 0.29271519375 0.3342900609375 0.27940908593749997 0.3305917 0.26457576875 0.324335903125 0.25563189375 0.306732425 0.24557846093750002
0 0.33522431875 0.3356330953125 0.3226208765625 0.333523675 0.3150404390625 0.3354136890625 0.30869279375 0.3422481484375 0.301613934375 0.3663332921875 0.304695903125 0.3786943921875 0.31407959218750003 0.392110203125 0.33232243125 0.4006912734375 0.3411586140625 0.399801115625 0.3494013734375 0.39249415781249997 0.3551555890625 0.37924290156249996 0.355863840625 0.36593679218749997 0.3527818734375 0.3535756921875 0.346526078125 0.344631821875 0.33522431875 0.3356330953125
0 0.3366142203125 0.421941396875 0.3270927515625 0.4321930796875 0.3225713203125 0.4503887765625 0.3262696828125 0.4652220984375 0.332525475 0.474165975 0.3463387359375 0.4851644140625 0.35138470625 0.48521926249999997 0.365906221875 0.482911596875 0.36908004375000003 0.47949436875 0.3773916921875 0.4603536640625 0.377437621875 0.4524644984375 0.3655883578125 0.42915980937500003 0.34798487499999997 0.419106375 0.3366142203125 0.421941396875
0 0.350607565625 0.5103591171875 0.3416795265625 0.5270276046875 0.341633596875 0.5349167703125 0.3496926453125 0.5591664671875 0.36350590625 0.5701649062499999 0.3710633765625 0.5722194734375 0.3817946734375 0.5708568109375001 0.3868636078125 0.5669670828125 0.39522118125 0.5399372140625001 0.390906425 0.5226316734374999 0.38465063437499997 0.5136877984375 0.3695586546875 0.5056340796875001 0.350607565625 0.5103591171875
0 0.3734600609375 0.5939421031250001 0.3683911296875 0.59783183125 0.3600794828125 0.6169725374999999 0.36249912812499996 0.6347505828125 0.3668598125 0.644166959375 0.38695182968749997 0.660164690625 0.4052635609375 0.656912015625 0.4084373890625 0.6534947890625 0.41419160312500003 0.6402435328125 0.4155162484375 0.629409640625 0.4074572015625 0.6051599453125001 0.391132434375 0.5921617875 0.3734600609375 0.5939421031250001
0 0.205885565625 0.12367176093750001 0.199537915625 0.130506215625 0.19440009062500002 0.146229690625 0.20056402968749998 0.170951896875 0.223167553125 0.18894934218749998 0.2395841734375 0.18616916875 0.24848925312499998 0.17344526875 0.25106965 0.1636112390625 0.2474172109375 0.140888753125 0.24305653125 0.13147237812499998 0.2292432640625 0.1204739359375 0.205885565625 0.12367176093750001
0 0.238167678125 0.21278138906250002 0.22490191718750002 0.21608891406250003 0.21855426718749998 0.22292336875 0.2121377296875 0.2415915703125 0.2170688796875 0.26136933125 0.22332467031249997 0.27031320625 0.24218390312500002 0.2813664953125 0.2548103078125 0.279531334375 0.2630530640625 0.27222437187500004 0.267528565625 0.2619178390625 0.2682368171875 0.24861173124999997 0.2607941640625 0.2268342515625 0.2538990125 0.21936274218750001 0.238167678125 0.21278138906250002
0 0.258462740625 0.3022538171875 0.24519697968749998 0.3055613421875 0.2388493296875 0.312395796875 0.23432790468750003 0.3305914984375 0.239875446875 0.3528414765625 0.24613123906249998 0.36178535312500004 0.2593281078125 0.3703115734375 0.264374078125 0.37036642343750004 0.273210265625 0.3694762640625 0.28145302031249997 0.3621693078125 0.287207240625 0.34891805 0.28853188125 0.3380841625 0.280472834375 0.3138344625 0.2716825765625 0.30683545625 0.258462740625 0.3022538171875
0 0.261085434375 0.3935065609375 0.2540065734375 0.4175917046875 0.2583213296875 0.43489724843750005 0.2651935140625 0.446313340625 0.2783903875 0.4548395625 0.28343635312500004 0.4548944125 0.2979578671875 0.45258674218749995 0.3011316921875 0.44916951875000005 0.3101056609375 0.42461186562500003 0.30455811875 0.4023618875 0.28572184843750004 0.3873640125 0.266154365625 0.3896168265625 0.261085434375 0.3935065609375
0 0.3079120234375 0.47636394062500004 0.2896232578125 0.4756720296875 0.2813804984375 0.48297899375000003 0.27434756562499996 0.49917497187500004 0.2786163921875 0.5243696765625 0.29366244531249996 0.540312559375 0.30058056093749996 0.5438394859375 0.3094167484375 0.5429493328125 0.3125676046875 0.5434766859375 0.320810365625 0.536169728125 0.32656457968749997 0.5229184703125 0.32855154375 0.5066676359375 0.325469575 0.4943065375 0.319213784375 0.48536266250000004 0.3079120234375 0.47636394062500004
0 0.3036166 0.5640897515625001 0.29596727500000003 0.5778135140625 0.2933639171875 0.591592125 0.3008065671875 0.6133696046875 0.3152362265625 0.6268402640625 0.322793696875 0.6288948328124999 0.33731521249999996 0.6265871640625 0.340489034375 0.623169934375 0.34946300625000004 0.5986122859375 0.3439154625 0.5763623078125 0.33765966718749996 0.5674184328125 0.3269743015625 0.560891928125 0.3036166 0.5640897515625001
0 0.3162623390625 0.6672859453125 0.31365898125 0.6810645578125001 0.321101634375 0.70284203125 0.33993790156250003 0.7178399078125001 0.344983871875 0.7178947578125 0.3588889921875 0.7131148703125 0.367200640625 0.6939741640625 0.3679088890625 0.6806680578125001 0.36046623437499997 0.6588905796875 0.3441414671875 0.645892421875 0.3232952703125 0.6510899625000001 0.3162623390625 0.6672859453125
0 0.1740554703125 0.173622365625 0.151930559375 0.181764628125 0.1461763421875 0.195015884375 0.1461304125 0.20290504999999998 0.15044516875 0.22021059062499998 0.157317353125 0.23162668437499997 0.17113061875 0.2426251265625 0.17617658593750002 0.2426799765625 0.19259321093749998 0.23989980156250001 0.195767034375 0.236482578125 0.2002425375 0.2261760453125 0.20161310625 0.207452990625 0.194170453125 0.185675515625 0.1828686953125 0.1766767890625 0.1740554703125 0.173622365625
0 0.1785273421875 0.272291765625 0.17217969375 0.2791262234375 0.16576315625 0.29779442500000003 0.1713106984375 0.3200444046875 0.1744385953125 0.32451634375 0.18574035625000002 0.333515065625 0.1977044421875 0.337096846875 0.20843573593750003 0.3357341859375 0.21160955937499998 0.33231696093749996 0.21992120937499998 0.3131762546875 0.22124585156249998 0.3023423640625 0.2138031984375 0.2805648859375 0.1936882140625 0.2685117359375 0.1785273421875 0.272291765625
0 0.1982060140625 0.3592919765625 0.188684540625 0.3695436609375 0.1854418265625 0.38479463593749996 0.18662868906250002 0.3976282390625 0.1916057625 0.4095168359375 0.20352392031250002 0.4209877796875 0.21548800468749998 0.4245695609375 0.2243241875 0.42367940312499996 0.23446205468749998 0.41589994218750004 0.23893755625000002 0.40559340937500005 0.2403540578125 0.3789811890625 0.23599337187499997 0.36956481406249997 0.21336688593750003 0.355511946875 0.1982060140625 0.3592919765625
0 0.2191634 0.4433474609375 0.2115370375 0.453126640625 0.20639921249999998 0.46885012187499997 0.21005164999999998 0.491572603125 0.21630744062499999 0.500516478125 0.2307600640625 0.51004255625 0.2509669015625 0.5063173765625 0.25414072499999996 0.5029001531249999 0.2598949421875 0.48964889375 0.2618819078125 0.47339806093750003 0.2544392578125 0.4516205859375 0.236835775 0.44156715 0.2191634 0.4433474609375
0 0.2508291171875 0.5299848703125 0.241353575 0.5323473890625 0.2318321015625 0.5425990734374999 0.22541556406250002 0.561267275 0.23347461093750002 0.5855169703125 0.2428812625 0.5949882 0.2567404546875 0.5980974781249999 0.2674717484375 0.596734815625 0.27381939843750003 0.5899003625 0.27957361718749996 0.5766491046875 0.280281865625 0.563342996875 0.27222281718749997 0.539093296875 0.26594406406250004 0.5340940062499999 0.2508291171875 0.5299848703125
0 0.2831112296875 0.6190944984375 0.2742980078125 0.6160400734375 0.255346921875 0.6207651109375 0.24641887968749998 0.63743359375 0.24575655625 0.642850540625 0.25192049375000003 0.6675727421875 0.2606877890625 0.67851633125 0.270117403125 0.684042978125 0.286534028125 0.6812628046875 0.29160296093750004 0.6773730718750001 0.29863589375 0.6611770921875 0.29934414062500003 0.647870984375 0.296262171875 0.635509884375 0.2893899875 0.624093790625 0.2831112296875 0.6190944984375
0 0.226644721875 0.67518765 0.2114838515625 0.6789676796874999 0.2038345234375 0.69269144375 0.20123116406250002 0.706470053125 0.2067787078125 0.7287200375 0.21303450000000002 0.7376639093749999 0.2306609484375 0.7437727609375 0.24456606718749999 0.7389928703125 0.250913715625 0.7321584171875 0.2547728234375 0.7193796625 0.251120390625 0.6966571796875 0.24737610000000002 0.689713021875 0.23545794375 0.678242075 0.226644721875 0.67518765
0 0.29648818125 0.7050399984375 0.28829135156249996 0.7044577953125 0.27436326875 0.713182265625 0.269887765625 0.7234887984375 0.2679008015625 0.73973963125 0.2753434546875 0.761517109375 0.28915671718749997 0.7725155484374999 0.2967141921875 0.774570115625 0.30365526875 0.7741524609375 0.31189802499999997 0.766845503125 0.31826863906249997 0.7560664671875 0.3215343140625 0.736870909375 0.315324453125 0.720037871875 0.3096850515625 0.7135662203125 0.29648818125 0.7050399984375
0 0.40010277343749995 0.6765800765625001 0.389348515625 0.6818873156249999 0.37975815156250003 0.703972746875 0.3797122234375 0.7118619125000001 0.3834105859375 0.7266952343749999 0.38966638124999997 0.7356391046875 0.4091420046875 0.74916461875 0.41797819062499997 0.7482744625 0.4306734859375 0.73460555 0.4339162015625 0.7193545765625 0.4333457375 0.708993190625 0.42400797656250006 0.68768821875 0.412706215625 0.6786894953125 0.40010277343749995 0.6765800765625001
0 0.5061829437500001 0.658009034375 0.49531386250000004 0.6830391859375 0.5002450109375001 0.702816946875 0.5065008062499999 0.71176081875 0.5209534265625 0.7212869000000001 0.535474940625 0.7189792328125 0.5405438734375 0.7150894984375 0.548855521875 0.6959487953125 0.5445866953125 0.6707540890625 0.5345636453125 0.6588106390624999 0.5232389203125 0.6537565015625 0.5061829437500001 0.658009034375
0 0.6444799609375 0.631405425 0.6255748 0.6282413015625 0.612263109375 0.6394379875 0.60902039375 0.6546889640625 0.6151843312499999 0.679411165625 0.618312225 0.6838831015625 0.6296139875 0.692881825 0.63906656875 0.6944638890625 0.6516929734375 0.692628728125 0.6567619062500001 0.6887389953125 0.662516125 0.6754877359375 0.6632243734375 0.662181628125 0.6601424046875 0.6498205296874999 0.65327021875 0.6384044359375001 0.6444799609375 0.631405425
0 0.884086740625 0.53884094375 0.8814833828124999 0.5526195546875 0.887030925 0.574869534375 0.8932867218749999 0.5838134078125 0.906483590625 0.5923396296875 0.9115295609375 0.5923944796875 0.92794618125 0.58961430625 0.93559550625 0.5758905484375 0.9288611046874999 0.5408069625 0.9219889203125 0.52939086875 0.9138150546875 0.5248640796874999 0.8923524640625 0.5275893984375 0.884086740625 0.53884094375
0 0.920890284375 0.6097548734375 0.9056834874999999 0.6214240671875 0.9011620562499999 0.6396197640625 0.9092211000000001 0.6638694625 0.92113925625 0.675340403125 0.933103340625 0.678922184375 0.943834634375 0.677559525 0.9489035687499999 0.6736697953124999 0.9552741796875001 0.6628907546875 0.9578775390625 0.64911214375 0.9510972078125001 0.6219177203124999 0.9379003359375 0.6133915046875 0.920890284375 0.6097548734375
0 0.9462542812500001 0.6953375734375 0.938673846875 0.6972275875 0.9253621578125 0.7084242765625001 0.9208407265625 0.726619975 0.9251554828125 0.7439255140625 0.9314112734375 0.7528693859375 0.9452245390625 0.763867828125 0.9546771218749999 0.7654498921874999 0.9635133046875 0.764559734375 0.9717560640625 0.7572527765625 0.9775102796875 0.74400151875 0.9776021374999999 0.7282231875 0.97452016875 0.7158620890625 0.9682643734375 0.7069182171875 0.9462542812500001 0.6953375734375
0 0.9507720828125 0.7861178109375 0.9405653265625 0.8057310203125001 0.9423685765625001 0.8210368421875 0.9467292625000001 0.8304532203124999 0.952985053125 0.8393970921875 0.96994918125 0.8509228875 0.9882609109375 0.8476702125 0.9914347343750001 0.8442529875 0.998467665625 0.8280570046875001 0.9997923125 0.8172231156249999 0.9917332640625001 0.7929734203125001 0.9710018874999999 0.77844805 0.9507720828125 0.7861178109375
0 0.8409089578125 0.5876819875 0.8351088125 0.6088224046875 0.84065635625 0.6310723874999999 0.8469121484375 0.6400162640625 0.8557024078125 0.6470152703125 0.8670500953125 0.64812483125 0.8777813921875 0.6467621703125 0.8828503234375 0.6428724359375 0.8905455796874999 0.6212595140625 0.8843816406249999 0.596537309375 0.8611387609375001 0.580012225 0.8440827796875 0.584264759375 0.8409089578125 0.5876819875
0 0.8650401656250001 0.66832024375 0.86186634375 0.671737471875 0.8548334125 0.68793345 0.8547874828124999 0.695822615625 0.8584858453124999 0.7106559375 0.8653580296875001 0.72207203125 0.8810664031250001 0.7325979703125001 0.8861123734374999 0.73265281875 0.8968436671875001 0.7312901593750001 0.905086425 0.7239832015625 0.910886571875 0.7028427765624999 0.905955421875 0.683065015625 0.8996996312500001 0.6741211453125 0.8820961468749999 0.664067709375 0.8650401656250001 0.66832024375
0 0.9080765390625001 0.75212263125 0.8828237296875001 0.75579295625 0.8757907984375001 0.7719889390625 0.874466153125 0.7828228265625 0.8812924125 0.802128084375 0.8875482046875 0.811071959375 0.8963384624999999 0.818070965625 0.9038959375 0.8201255328125001 0.9184174468749999 0.8178178640624999 0.92348638125 0.8139281328125 0.9292406 0.8006768781250001 0.9305652406249999 0.7898429874999999 0.9275292015625001 0.7695927234375 0.9187619078125 0.7586491343749999 0.9080765390625001 0.75212263125
0 0.7936653890625001 0.684803021875 0.7999211828125 0.693746896875 0.81122294375 0.7027456187500001 0.8162689109375 0.702800471875 0.8345806421875 0.699547796875 0.8441710062500001 0.6774623671875 0.8380070703125 0.652740165625 0.8210659093749999 0.6372697875 0.79960331875 0.639995109375 0.7893965625 0.6596083187499999 0.7936653890625001 0.684803021875
0 0.818665596875 0.7245230968749999 0.8090752328124999 0.746608528125 0.8152391703124999 0.7713307296874999 0.8277737203125 0.78527389375 0.8353311906249999 0.7873284609375 0.855538028125 0.78360328125 0.85871185625 0.78018605625 0.8632792125 0.7541011937500001 0.8595808500000001 0.7392678703125 0.8533250562499999 0.7303239953125 0.835721575 0.7202705640625 0.818665596875 0.7245230968749999
0 0.8287998312499999 0.8257195734374999 0.827475190625 0.8365534609375 0.832406340625 0.8563312203125 0.8386621312500001 0.865275096875 0.8531147546875 0.874801175 0.8733215921875 0.8710759937500001 0.8828660265625 0.8568797296874999 0.8854693859375 0.8431011171874999 0.8780267328125 0.8213236437500001 0.859190465625 0.8063257687500001 0.8396229843749999 0.8085785828125 0.8287998312499999 0.8257195734374999
0 0.743067915625 0.707922009375 0.7417432749999999 0.7187558953125001 0.74729081875 0.741005878125 0.7573138625 0.752949325 0.7673828390625 0.757003609375 0.7875896796874999 0.7532784296874999 0.795901328125 0.734137725 0.7922488890625 0.7114152390624999 0.788504603125 0.7044710796875 0.7696683328125 0.6894732109375 0.75071724375 0.694198246875 0.743067915625 0.707922009375
0 0.7868355015625 0.7744737015625 0.7735697375 0.7777812281250001 0.767222090625 0.78461568125 0.7627465890625 0.7949222140625001 0.762038340625 0.8082283265625 0.769480990625 0.8300058015625 0.78895661875 0.8435313171875001 0.8053732390624999 0.84075114375 0.814917675 0.8265548796875001 0.8162423203125 0.8157209906249999 0.8100783828125 0.7909987875 0.8069504859375 0.7865268515625 0.795648721875 0.7775281265625 0.7868355015625 0.7744737015625
0 0.71888715 0.7441488515625 0.7075164953125 0.7469838734375001 0.7011688484375 0.753818328125 0.696693346875 0.7641248593750001 0.6966014875 0.7799031890625 0.7071720406249999 0.8061526046875 0.71345079375 0.81115189375 0.722903375 0.8127339578124999 0.7412151062500001 0.8094812859375 0.7443889296874999 0.80606405625 0.74886443125 0.795757525 0.7489562890625 0.77997919375 0.7415136359375001 0.7582017140625 0.7277003734374999 0.7472032750000001 0.71888715 0.7441488515625
0 0.729090275 0.8335115796875 0.726578775 0.8315118609375001 0.7189524125 0.8412910421875001 0.7138145875 0.8570145171875 0.7199785249999999 0.8817367218750001 0.72310641875 0.8862086578125 0.7369196828125 0.897207096875 0.7444771546875 0.899261665625 0.757103559375 0.8974264984375001 0.7621724921874999 0.8935367703124999 0.7717628578125 0.8714513390624999 0.7655989203125 0.8467291390625 0.7461462562500001 0.8292590453124999 0.7322641015625 0.8300943500000001 0.729090275 0.8335115796875
0 0.6528339046875 0.7133514921875 0.6363943187500001 0.7200762468749999 0.6313024234375 0.7279105625 0.62931545625 0.7441613921875 0.6379908984375 0.770883309375 0.6492926609375 0.779882034375 0.6587452421875 0.7814641 0.6694765359375 0.7801014375 0.67454546875 0.7762117078124999 0.6834735109375 0.7595432203125 0.682903046875 0.7491818390625 0.6754603921875 0.727404359375 0.659135625 0.714406203125 0.6528339046875 0.7133514921875
0 0.661141925 0.803186725 0.6547942765625 0.8100211843749999 0.6483777390625 0.8286893843750001 0.6533088874999999 0.8484671453124999 0.6601810734375 0.8598832390625001 0.6765288015625 0.8689368125 0.6929454265625 0.866156640625 0.7005717890625001 0.8563774609375001 0.704430896875 0.8435987109375 0.69452266875 0.8119323484375001 0.6832209078125 0.802933628125 0.6725125750000001 0.800351703125 0.661141925 0.803186725
0 0.582324490625 0.797892025 0.5916163265625001 0.827086165625 0.6010229781249999 0.83655739375 0.608580453125 0.8386119609374999 0.6249970734375 0.8358317906250001 0.6364825453125 0.8132738546875 0.6340629 0.7954958109375 0.6297022140624999 0.7860794328125 0.6152725578125 0.7726087734375 0.5919148562500001 0.7758066 0.582324490625 0.797892025
0 0.6128722437499999 0.859862084375 0.6033278078125 0.87405835 0.6020031640625 0.8848922359375001 0.6069343140625 0.9046699968749999 0.6138065 0.9160860906250001 0.6295148734375 0.9266120296875 0.63645595 0.9261943765625 0.6415019203125001 0.926249225 0.6529185 0.9155250421875 0.6593350421874999 0.896856840625 0.6506596015625 0.870134921875 0.6387414437500001 0.858663975 0.629928221875 0.8556095515625 0.6128722437499999 0.859862084375
0 0.540406090625 0.7387569921875 0.523966503125 0.7454817453125 0.516317178125 0.75920550625 0.5149925359374999 0.770039396875 0.5186908984375 0.78487271875 0.5280745875 0.7982885234375 0.5393763453125 0.8072872500000001 0.5463174265624999 0.8068695953124999 0.55136339375 0.8069244484375 0.5646750843749999 0.795727759375 0.5698129078124999 0.7800042796875 0.56924244375 0.7696428953125001 0.56677686875 0.7597540125 0.5599046796875 0.7483379218749999 0.540406090625 0.7387569921875
0 0.549330503125 0.8310644437500001 0.5429828546875 0.837898903125 0.537228634375 0.8511501562499999 0.5365203875 0.8644562671875 0.53960235625 0.8768173687499999 0.545858146875 0.8857612390625 0.5571599093749999 0.894759965625 0.5647173796875 0.8968145312500001 0.577343784375 0.8949793671874999 0.5855865437500001 0.8876724093749999 0.589491578125 0.8670044890625 0.580816140625 0.8402825703125 0.5670028734375 0.8292841328125 0.560701153125 0.8282294218749999 0.549330503125 0.8310644437500001
0 0.4959266265625 0.794487340625 0.48455597343749995 0.7973223640625 0.4744181078125 0.8051018296875 0.46800156875 0.8237700312499999 0.4766770109375 0.8504919484375 0.4860836625 0.8599631765625 0.4961526375 0.8640174593750001 0.510674146875 0.8617097906250001 0.51574308125 0.8578200609375 0.5214972999999999 0.844568803125 0.522205546875 0.8312626953125 0.5141465046875 0.807012996875 0.5047398484375 0.7975417703125001 0.4959266265625 0.794487340625
0 0.49727060312500004 0.888684809375 0.4870638453125 0.9082980203125001 0.49697207343749994 0.9399643765624999 0.5082738359375 0.9489631031249999 0.5158313062500001 0.9510176687499999 0.5341430375 0.9477649937500001 0.5417923625000001 0.9340412312499999 0.543117009375 0.9232073453125 0.5375694656250001 0.9009573609375 0.5313136703125 0.8920134921875 0.51181508125 0.882432559375 0.49727060312500004 0.888684809375
0 0.4812709609375 0.711486565625 0.46677241093750005 0.709849653125 0.457913259375 0.714684390625 0.45346072031249995 0.721046340625 0.4495556859375 0.7417142578125 0.45325404843749995 0.7565475796875 0.460126234375 0.7679636734375 0.471427996875 0.7769623984375 0.48088057500000003 0.7785444640625 0.48782165468749994 0.7781268078125 0.4960644109375 0.7708198515625 0.5018186296875 0.7575685921875001 0.5019104828125001 0.7417902640625 0.4988285140625 0.7294291625 0.49257272499999993 0.7204852921875 0.4812709609375 0.711486565625
0 0.41471251249999996 0.7674700156250001 0.40836486250000004 0.7743044703125 0.4019483265625 0.792972675 0.40749586875 0.8152226546874999 0.4137516625 0.8241665296875 0.42254191875 0.8311655375000001 0.430099390625 0.8332201046875 0.4408306875 0.8318574421875 0.45096855468749997 0.82407798125 0.4554899828125 0.8058822843750001 0.4530703359375 0.7881042359375 0.443070253125 0.7722162078125 0.42608316718749994 0.76463499375 0.41471251249999996 0.7674700156250001
0 0.4216269953125 0.87997288125 0.4271745390625 0.9022228640625001 0.433430334375 0.9111667390625 0.447882953125 0.9206928187500001 0.4661946859375 0.9174401421875 0.4764014421875 0.8978269328125 0.47151621875 0.8701600078125 0.45898167343749996 0.8562168421875 0.45016844999999994 0.85316241875 0.433112471875 0.8574149515625 0.4216269953125 0.87997288125
0 0.387905421875 0.821420053125 0.37023305156249997 0.8232003671875001 0.3632690078125 0.8275626 0.3562360765625 0.843758584375 0.35619014843749996 0.85164775 0.361737690625 0.873897728125 0.3648655890625 0.8783696671874999 0.37867885156250003 0.8893681062500001 0.38813143125 0.8909501703125 0.395072509375 0.8905325156250001 0.40331526406249996 0.8832255578125 0.40906948437499996 0.8699742984375 0.40977773125 0.85666819375 0.40484658125 0.83689043125 0.3985907921875 0.8279465593750001 0.387905421875 0.821420053125
0 0.3543445984375 0.73525515 0.3454854453125 0.740089890625 0.33785908125 0.749869065625 0.3352327609375 0.7675922625 0.3383147296875 0.7799533640625 0.3458033078125 0.793841675 0.3596165734375 0.8048401171874999 0.36466254062500003 0.8048949671875001 0.3734987296875 0.8040048125 0.3836365953125 0.796225346875 0.3888203453125 0.77261270625 0.3876334875 0.759779103125 0.3801449078125 0.7458907875 0.37386615 0.7408914953125 0.3543445984375 0.73525515
0 0.3816689640625 0.9175075359375 0.3758688203125 0.9386479578125 0.38454425937500003 0.9653698765625001 0.3958460203125 0.9743685984375 0.40340349062499997 0.9764231656250001 0.4217152234375 0.97317049375 0.43125965781250003 0.958974228125 0.4325842984375 0.9481403374999999 0.42642036250000004 0.9234181375 0.4050725921875 0.9064205484375 0.3880166109375 0.9106730828125 0.3816689640625 0.9175075359375
0 0.31488814062500003 0.7949849328124999 0.297832159375 0.7992374671875 0.2895205109375 0.818378171875 0.28947458125000003 0.8262673375 0.297533628125 0.8505170328125 0.30694028125 0.8599882624999999 0.3144977515625 0.8620428312499999 0.3309143765625 0.8592626578125 0.335983309375 0.855372928125 0.341783453125 0.83423250625 0.33998020156250003 0.8189266796875 0.3356195171875 0.8095103046875 0.3237013609375 0.7980393578125 0.31488814062500003 0.7949849328124999
0 0.3098155734375 0.9078506000000001 0.3153631171875 0.9301005828125 0.3335600328125 0.94657081875 0.355661978125 0.9423731343749999 0.3639736265625 0.9232324296875 0.35908840625 0.895565503125 0.3396357421875 0.8780954109374999 0.3187895453125 0.8832929515625001 0.31241893125 0.8940719890625 0.3098155734375 0.9078506000000001
0 0.24632339218750002 0.7621878609375 0.2305001984375 0.7713848343749999 0.22346726718749998 0.7875808171875 0.2227590203125 0.800886925 0.22896888125 0.8177199625 0.24278214843749998 0.8287184046875 0.256024946875 0.8293554593750001 0.2680349546875 0.8250480734375 0.2750678875 0.80885209375 0.274497421875 0.7984907078125 0.2707990609375 0.7836573890625 0.2633104828125 0.7697690749999999 0.2570317234375 0.7647697828125 0.24632339218750002 0.7621878609375
0 0.24636569062499997 0.8632746328125 0.2418212953125 0.8854149140625 0.25115905625 0.906719890625 0.264972321875 0.9177183281250001 0.2700182875 0.9177731781249999 0.2826446921875 0.9159380171875 0.29088745 0.908631059375 0.29540887968749996 0.8904353578125 0.28862855 0.8632409390625 0.2704086765625 0.85071528125 0.251457584375 0.85544031875 0.24636569062499997 0.8632746328125
0 0.30405919843749996 1 0.3118448359375 0.99268654375 0.3163203421875 0.982380009375 0.31702858906250003 0.9690739 0.313330228125 0.95424058125 0.3070744359375 0.9452967046874999 0.2957726734375 0.9362979812500001 0.2869594484375 0.9332435562500001 0.27748390624999997 0.9356060749999999 0.2692411484375 0.9429130328124999 0.2621622890625 0.9669981812499999 0.2702213359375 0.991247878125 0.28121338281249997 1 0.30405919843749996 1
0 0.7226809984375 0.63422790625 0.7313564359375 0.6609498265625 0.7483205609375 0.672475615625 0.7685273984375 0.668750440625 0.7768390468749999 0.6496097375 0.7719538265625 0.6219428109375 0.75060605625 0.6049452171875 0.7316549640625001 0.6096702546875 0.72528435625 0.6204492953125 0.7226809984375 0.63422790625
0 0.7036150890624999 0.6586758515625 0.6846640015625 0.6634008875 0.6750736374999999 0.68548631875 0.6768768890625 0.70079214375 0.684365471875 0.714680459375 0.6956672312500001 0.723679184375 0.7051198109375 0.72526124375 0.7215364359375 0.7224810734375 0.7247102578125 0.7190638453125 0.7291857609375 0.7087573140625001 0.7298940093749999 0.69545120625 0.721834965625 0.6712015078125 0.7124283109375 0.6617302796875 0.7036150890624999 0.6586758515625
0 0.5867806625 0.6825541375 0.575410009375 0.6853891609375 0.5690623625 0.6922236140625 0.562645821875 0.71089181875 0.568809759375 0.7356140203125 0.5838558125 0.7515569015625 0.5889017796875 0.751611753125 0.601528184375 0.7497765875 0.61166605 0.7419971249999999 0.6155710875 0.72132920625 0.6100235453125 0.6990792265625 0.606895646875 0.6946072875 0.5955938828125 0.6856085625 0.5867806625 0.6825541375