0 0.2203125 0.07109375 0.05625 0.0625
0 0.20625 0.13671875 0.059375 0.06875
0 0.19609375 0.2015625 0.059375 0.06875
0 0.18828125 0.26875 0.0578125 0.0671875
0 0.13046875 0.2953125 0.0546875 0.065625
0 0.26484375 0.1078125 0.0546875 0.0609375
0 0.25390625 0.178125 0.0546875 0.0625
0 0.11796875 0.3578125 0.0578125 0.06875
0 0.10703125 0.4265625 0.0578125 0.0703125
0 0.17421875 0.33203125 0.05625 0.059375
0 0.1640625 0.403125 0.05625 0.065625
0 0.153125 0.46875 0.05625 0.0671875
0 0.09921875 0.4984375 0.05625 0.065625
0 0.240625 0.24140625 0.0546875 0.065625
0 0.22890625 0.30859375 0.0578125 0.0625
0 0.21796875 0.37421875 0.0578125 0.065625
0 0.31796875 0.0875 0.059375 0.0625
0 0.3078125 0.1515625 0.0546875 0.0578125
0 0.29609375 0.21953125 0.05625 0.0671875
0 0.2875 0.284375 0.0515625 0.0625
0 0.2734375 0.3484375 0.0546875 0.0640625
0 0.26328125 0.41640625 0.05625 0.0671875
0 0.20859375 0.4421875 0.05625 0.0625
0 0.19765625 0.509375 0.0546875 0.065625
0 0.25625 0.48046875 0.0546875 0.0640625
0 0.3609375 0.1265625 0.0515625 0.0640625
0 0.35078125 0.19296875 0.0546875 0.0640625
0 0.33984375 0.2625 0.05625 0.0703125
0 0.3296875 0.32421875 0.0515625 0.059375
0 0.31875 0.390625 0.0546875 0.0703125
0 0.3078125 0.4578125 0.0578125 0.0640625
0 0.3 0.5203125 0.053125 0.0578125
0 0.4125 0.0984375 0.0546875 0.0671875
0 0.403125 0.16640625 0.053125 0.0609375
0 0.39375 0.2328125 0.053125 0.0609375
0 0.38359375 0.30234375 0.0515625 0.06875
0 0.37421875 0.36796875 0.0515625 0.0609375
0 0.3625 0.43203125 0.0546875 0.065625
0 0.353125 0.4984375 0.0546875 0.059375
0 0.34140625 0.56484375 0.0625 0.0671875
0 0.45625 0.13828125 0.0546875 0.0625
0 0.4453125 0.20703125 0.05 0.0625
0 0.4359375 0.27421875 0.0515625 0.0625
0 0.4265625 0.33984375 0.05625 0.0625
0 0.41796875 0.4046875 0.0546875 0.0640625
0 0.50703125 0.11328125 0.0546875 0.059375
0 0.49765625 0.1765625 0.0546875 0.0671875
0 0.48828125 0.24921875 0.0546875 0.0640625
0 0.478125 0.31640625 0.0546875 0.0625
0 0.46953125 0.3796875 0.05625 0.065625
0 0.55 0.15078125 0.053125 0.065625
0 0.60078125 0.1265625 0.053125 0.059375
0 0.5921875 0.1953125 0.053125 0.0609375
0 0.58203125 0.26171875 0.0515625 0.065625
0 0.53984375 0.221875 0.0546875 0.0671875
0 0.53046875 0.2890625 0.046875 0.0578125
0 0.57265625 0.3296875 0.0515625 0.059375
0 0.52265625 0.35078125 0.053125 0.0609375
0 0.51171875 0.42109375 0.0515625 0.0625
0 0.459375 0.44765625 0.0515625 0.0625
0 0.40625 0.47109375 0.0515625 0.0625
0 0.5625 0.3984375 0.053125 0.0625
0 0.553125 0.4609375 0.05625 0.065625
0 0.5 0.4859375 0.05 0.0625
0 0.54296875 0.5234375 0.0515625 0.0609375
0 0.64296875 0.1640625 0.053125 0.065625
0 0.62578125 0.30078125 0.05 0.059375
0 0.6171875 0.3671875 0.053125 0.059375
0 0.60546875 0.434375 0.0515625 0.0578125
0 0.5953125 0.4984375 0.046875 0.0625
0 0.69609375 0.1421875 0.0578125 0.0578125
0 0.6859375 0.2078125 0.0515625 0.0671875
0 0.67578125 0.27734375 0.05625 0.0671875
0 0.665625 0.3421875 0.053125 0.065625
0 0.65703125 0.4078125 0.053125 0.0609375
0 0.6484375 0.471875 0.05 0.0609375
0 0.7359375 0.17890625 0.0546875 0.0578125
0 0.72578125 0.24609375 0.0484375 0.0640625
0 0.71953125 0.3140625 0.053125 0.065625
0 0.7109375 0.3796875 0.053125 0.0609375
0 0.69921875 0.44609375 0.05 0.0609375
0 0.7890625 0.15703125 0.0546875 0.0625
0 0.77734375 0.22109375 0.05 0.059375
0 0.7703125 0.28671875 0.0515625 0.0609375
0 0.76171875 0.353125 0.0515625 0.0578125
0 0.75390625 0.4171875 0.05625 0.065625
0 0.74375 0.48359375 0.053125 0.059375
0 0.6921875 0.51171875 0.0515625 0.0578125
0 0.6390625 0.53671875 0.0546875 0.06875
0 0.58515625 0.565625 0.0546875 0.059375
0 0.53359375 0.5890625 0.053125 0.0640625
0 0.48984375 0.546875 0.053125 0.0609375
0 0.4515625 0.5078125 0.0546875 0.0609375
0 0.4390625 0.57265625 0.0546875 0.065625
0 0.39453125 0.53671875 0.0546875 0.0671875
0 0.24296875 0.5515625 0.053125 0.0625
0 0.82890625 0.1953125 0.053125 0.0578125
0 0.82109375 0.26015625 0.053125 0.0578125
0 0.8125 0.321875 0.0546875 0.0671875
0 0.80390625 0.39296875 0.0515625 0.0609375
0 0.79453125 0.45703125 0.0515625 0.065625
0 0.784375 0.521875 0.053125 0.0609375
0 0.73359375 0.55078125 0.0546875 0.0640625
0 0.68046875 0.57734375 0.0515625 0.059375
0 0.77578125 0.5890625 0.0546875 0.059375
0 0.14296875 0.540625 0.0546875 0.0640625
0 0.0875 0.56953125 0.05625 0.0640625
0 0.08203125 0.63671875 0.0546875 0.0625
0 0.0671875 0.70859375 0.0578125 0.071875
0 0.13359375 0.609375 0.0578125 0.0671875
0 0.12421875 0.6796875 0.0546875 0.0671875
0 0.11328125 0.74921875 0.059375 0.0671875
0 0.10078125 0.81875 0.0609375 0.0703125
0 0.1875 0.57890625 0.0578125 0.06875
0 0.17890625 0.6515625 0.05625 0.0671875
0 0.16875 0.72265625 0.053125 0.0671875
0 0.159375 0.7890625 0.053125 0.0640625
0 0.15078125 0.85546875 0.0609375 0.071875
0 0.2328125 0.61875 0.0546875 0.0671875
0 0.22109375 0.69140625 0.0578125 0.0703125
0 0.21328125 0.76171875 0.05625 0.0640625
0 0.2046875 0.82578125 0.05625 0.0625
0 0.2859375 0.59140625 0.05625 0.0625
0 0.2765625 0.6625 0.05625 0.0671875
0 0.26640625 0.7296875 0.0546875 0.06875
0 0.25703125 0.8 0.059375 0.065625
0 0.24765625 0.86640625 0.053125 0.0625
0 0.33046875 0.63359375 0.05625 0.065625
0 0.321875 0.696875 0.05625 0.0625
0 0.3109375 0.7671875 0.05625 0.0703125
0 0.30234375 0.840625 0.0546875 0.0671875
0 0.38359375 0.603125 0.05625 0.0609375
0 0.37578125 0.66875 0.0546875 0.0609375
0 0.3671875 0.73828125 0.0546875 0.059375
0 0.3546875 0.81015625 0.0546875 0.0640625
0 0.34609375 0.878125 0.053125 0.071875
0 0.42890625 0.6421875 0.0578125 0.0671875
0 0.4203125 0.71015625 0.0546875 0.0640625
0 0.4078125 0.77890625 0.053125 0.0625
0 0.39765625 0.85 0.0546875 0.0625
0 0.48125 0.6125 0.05 0.0578125
0 0.47109375 0.68046875 0.0546875 0.0625
0 0.46171875 0.7515625 0.053125 0.0625
0 0.4515625 0.8203125 0.0546875 0.059375
0 0.4484375 0.884375 0.0421875 0.05625
0 0.52265625 0.65390625 0.05625 0.065625
0 0.515625 0.72109375 0.0546875 0.0640625
0 0.503125 0.7921875 0.0546875 0.065625
0 0.49375 0.85625 0.0546875 0.0640625
0 0.575 0.628125 0.053125 0.0578125
0 0.56640625 0.69296875 0.053125 0.0578125
0 0.5578125 0.76171875 0.0515625 0.059375
0 0.54765625 0.8296875 0.0546875 0.0671875
0 0.53671875 0.9 0.0546875 0.071875
0 0.6296875 0.9078125 0.05625 0.0640625
0 0.58984375 0.87109375 0.053125 0.0625
0 0.5984375 0.79765625 0.0546875 0.065625
0 0.60859375 0.73671875 0.0546875 0.0640625
0 0.61640625 0.66953125 0.0546875 0.0625
0 0.62578125 0.6046875 0.0546875 0.0609375
0 0.6703125 0.64453125 0.0578125 0.0578125
0 0.66015625 0.7046875 0.053125 0.0625
0 0.65 0.771875 0.0546875 0.065625
0 0.64140625 0.8421875 0.05625 0.059375
0 0.725 0.61640625 0.053125 0.0609375
0 0.71171875 0.684375 0.053125 0.059375
0 0.70234375 0.74375 0.05625 0.0609375
0 0.6953125 0.8125 0.05 0.0578125
0 0.6875 0.87890625 0.0453125 0.059375
0 0.76484375 0.65546875 0.0546875 0.0640625
0 0.75546875 0.721875 0.05 0.059375
0 0.74453125 0.7890625 0.0515625 0.059375
0 0.73515625 0.85234375 0.053125 0.0625
0 0.721875 0.91484375 0.059375 0.0609375
0 0.971875 0.18359375 0.05625 0.0546875
0 0.87734375 0.16796875 0.0546875 0.05625
0 0.92109375 0.2046875 0.05 0.05625
0 0.9640625 0.24453125 0.0625 0.059375
0 0.87109375 0.23671875 0.05 0.0609375
0 0.91171875 0.271875 0.04375 0.053125
0 0.95546875 0.30859375 0.0546875 0.059375
0 0.86328125 0.2984375 0.053125 0.059375
0 0.90390625 0.33671875 0.05 0.059375
0 0.94453125 0.375 0.05625 0.0640625
0 0.85546875 0.365625 0.0515625 0.059375
0 0.89453125 0.4015625 0.046875 0.05625
0 0.846875 0.43203125 0.0484375 0.0671875
0 0.83515625 0.5 0.05625 0.0640625
0 0.8875 0.47109375 0.0515625 0.0609375
0 0.9359375 0.44453125 0.0546875 0.0625
0 0.9296875 0.51171875 0.0578125 0.0625
0 0.878125 0.53671875 0.0515625 0.059375
0 0.82421875 0.56484375 0.0515625 0.0640625
0 0.81640625 0.63046875 0.0484375 0.0640625
0 0.86796875 0.6046875 0.05 0.0625
0 0.91953125 0.575 0.05625 0.059375
0 0.909375 0.6421875 0.053125 0.0578125
0 0.85859375 0.665625 0.05 0.059375
0 0.80625 0.69296875 0.0484375 0.0609375
0 0.796875 0.759375 0.053125 0.0640625
0 0.78515625 0.82421875 0.053125 0.0609375
0 0.77578125 0.8875 0.0546875 0.0640625
0 0.84921875 0.73359375 0.053125 0.0625
0 0.8390625 0.79609375 0.0515625 0.0640625
0 0.8296875 0.86171875 0.05625 0.0625
0 0.81796875 0.92421875 0.0578125 0.065625
0 0.8984375 0.70859375 0.0578125 0.065625
0 0.89140625 0.771875 0.053125 0.0609375
0 0.88203125 0.8328125 0.053125 0.0625