0 0.9287109375 0.83428819375 0.935546875 0.82528211875 0.935546875 0.807269965625 0.9287109375 0.7982638890625 0.921875 0.8000651046874999 0.916015625 0.8108723953125001 0.916015625 0.8180772562499999 0.9208984375 0.8306857640624999 0.9287109375 0.83428819375
0 0.896484375 0.868511284375 0.896484375 0.85049913125 0.8916015625 0.84149305625 0.8828125 0.8432942703125 0.87890625 0.85049913125 0.87890625 0.868511284375 0.8896484375 0.8775173609375001 0.896484375 0.868511284375
0 0.8544921875 0.83428819375 0.859375 0.82528211875 0.859375 0.8108723953125001 0.8544921875 0.8018663187499999 0.84375 0.8036675343749999 0.83984375 0.8144748265624999 0.841796875 0.8288845484375 0.8447265625 0.83428819375 0.8544921875 0.83428819375
0 0.8173828125 0.8739149312500001 0.822265625 0.8613064234375001 0.8203125 0.85049913125 0.8173828125 0.8450954859375001 0.80859375 0.8432942703125 0.802734375 0.85049913125 0.802734375 0.868511284375 0.8056640625 0.8739149312500001 0.8173828125 0.8739149312500001
0 0.7412109375 0.8811197921874999 0.74609375 0.8649088546874999 0.7392578125 0.8486979171875 0.734375 0.85049913125 0.728515625 0.8577039937500001 0.728515625 0.8757161453125001 0.7314453125 0.8811197921874999 0.7412109375 0.8811197921874999
0 0.7802734375 0.83428819375 0.783203125 0.8288845484375 0.78125 0.807269965625 0.76953125 0.807269965625 0.765625 0.8180772562499999 0.767578125 0.8288845484375 0.7744140625 0.837890625 0.7802734375 0.83428819375
0 0.7041015625 0.84149305625 0.708984375 0.8288845484375 0.70703125 0.8144748265624999 0.7021484375 0.80907118125 0.6953125 0.8108723953125001 0.69140625 0.8180772562499999 0.69140625 0.836089409375 0.6962890625 0.84149305625 0.7041015625 0.84149305625
0 0.6630859375 0.8847222218749999 0.669921875 0.8793185765624999 0.671875 0.8613064234375001 0.6669921875 0.852300346875 0.66015625 0.85049913125 0.65234375 0.8613064234375001 0.65234375 0.8721137156250001 0.6552734375 0.8811197921874999 0.6630859375 0.8847222218749999
0 0.6279296875 0.84149305625 0.6328125 0.8324869796875 0.6328125 0.8180772562499999 0.6279296875 0.80907118125 0.619140625 0.8108723953125001 0.615234375 0.8216796875 0.6171875 0.836089409375 0.6201171875 0.84149305625 0.6279296875 0.84149305625
0 0.671875 0.7928602437500001 0.671875 0.7784505203125 0.6669921875 0.76944444375 0.654296875 0.771245659375 0.65234375 0.7892578125 0.6572265625 0.8018663187499999 0.6669921875 0.8018663187499999 0.671875 0.7928602437500001
0 0.7412109375 0.7982638890625 0.744140625 0.7928602437500001 0.744140625 0.771245659375 0.7412109375 0.7658420140625 0.73046875 0.7676432296875 0.7265625 0.774848090625 0.728515625 0.7928602437500001 0.7333984375 0.7982638890625 0.7412109375 0.7982638890625
0 0.8154296875 0.7946614578125 0.8203125 0.78565538125 0.8203125 0.7676432296875 0.8173828125 0.7622395828124999 0.806640625 0.7640407984375 0.80078125 0.7784505203125 0.802734375 0.78565538125 0.8076171875 0.7946614578125 0.8154296875 0.7946614578125
0 0.8916015625 0.7946614578125 0.896484375 0.7820529515625 0.89453125 0.7676432296875 0.8916015625 0.7622395828124999 0.880859375 0.7640407984375 0.876953125 0.771245659375 0.876953125 0.78565538125 0.8818359375 0.7946614578125 0.8916015625 0.7946614578125
0 0.9267578125 0.755034721875 0.93359375 0.7460286453125 0.93359375 0.72801649375 0.9248046875 0.7190104171875 0.919921875 0.7208116312499999 0.916015625 0.7244140625 0.9140625 0.742426215625 0.9189453125 0.7514322921875001 0.9267578125 0.755034721875
0 0.8525390625 0.755034721875 0.859375 0.7352213546875 0.8544921875 0.7226128468749999 0.8505859375 0.7190104171875 0.845703125 0.7208116312499999 0.83984375 0.72801649375 0.83984375 0.7460286453125 0.8447265625 0.755034721875 0.8525390625 0.755034721875
0 0.78125 0.7496310765625 0.78125 0.7352213546875 0.7783203125 0.7298177078125 0.765625 0.7316189234375 0.763671875 0.7460286453125 0.7685546875 0.758637153125 0.7763671875 0.758637153125 0.78125 0.7496310765625
0 0.7021484375 0.758637153125 0.70703125 0.7460286453125 0.70703125 0.738823784375 0.7041015625 0.7298177078125 0.7001953125 0.726215278125 0.6953125 0.72801649375 0.689453125 0.7352213546875 0.689453125 0.75323350625 0.6923828125 0.758637153125 0.7021484375 0.758637153125
0 0.6279296875 0.7622395828124999 0.6328125 0.7496310765625 0.630859375 0.7352213546875 0.6279296875 0.7298177078125 0.619140625 0.7316189234375 0.61328125 0.742426215625 0.615234375 0.7568359375 0.6201171875 0.7622395828124999 0.6279296875 0.7622395828124999
0 0.6650390625 0.726215278125 0.669921875 0.7136067703125 0.669921875 0.7027994796875 0.6650390625 0.693793403125 0.654296875 0.6955946187500001 0.650390625 0.7027994796875 0.65234375 0.7208116312499999 0.6572265625 0.726215278125 0.6650390625 0.726215278125
0 0.7392578125 0.7190104171875 0.744140625 0.7100043406250001 0.744140625 0.6955946187500001 0.7392578125 0.6865885421875 0.73046875 0.68838975625 0.7265625 0.6991970484375 0.728515625 0.7136067703125 0.7333984375 0.7190104171875 0.7392578125 0.7190104171875
0 0.8154296875 0.7154079859375 0.8203125 0.706401909375 0.8203125 0.6919921875 0.8154296875 0.6829861109375 0.806640625 0.6847873265625 0.802734375 0.6919921875 0.802734375 0.706401909375 0.8076171875 0.7154079859375 0.8154296875 0.7154079859375
0 0.8896484375 0.7190104171875 0.89453125 0.7100043406250001 0.89453125 0.68838975625 0.8916015625 0.6829861109375 0.880859375 0.6847873265625 0.876953125 0.6919921875 0.876953125 0.706401909375 0.8818359375 0.7154079859375 0.8896484375 0.7190104171875
0 0.9287109375 0.67217881875 0.935546875 0.6523654515625 0.9306640625 0.6397569437499999 0.9267578125 0.6361545140625 0.921875 0.6379557296875 0.9140625 0.6487630203125 0.9140625 0.6595703125 0.9189453125 0.67217881875 0.9287109375 0.67217881875
0 0.8505859375 0.67578125 0.857421875 0.6667751734375 0.857421875 0.6523654515625 0.8525390625 0.643359375 0.845703125 0.6415581593749999 0.83984375 0.6487630203125 0.83984375 0.6667751734375 0.8466796875 0.67578125 0.8505859375 0.67578125
0 0.779296875 0.673980034375 0.779296875 0.6559678812499999 0.7763671875 0.6505642359375 0.765625 0.6523654515625 0.76171875 0.6667751734375 0.7666015625 0.67938368125 0.7744140625 0.67938368125 0.779296875 0.673980034375
0 0.7021484375 0.67938368125 0.70703125 0.6703776046875001 0.70703125 0.6595703125 0.7041015625 0.6505642359375 0.69140625 0.6523654515625 0.689453125 0.6559678812499999 0.689453125 0.6703776046875001 0.6943359375 0.67938368125 0.7021484375 0.67938368125
0 0.6259765625 0.6865885421875 0.630859375 0.677582465625 0.630859375 0.66317274375 0.6259765625 0.6541666671875 0.619140625 0.6559678812499999 0.61328125 0.66317274375 0.61328125 0.677582465625 0.6181640625 0.6865885421875 0.6259765625 0.6865885421875
0 0.6630859375 0.64696180625 0.669921875 0.6343532984375 0.669921875 0.6271484375 0.6650390625 0.6145399312500001 0.6611328125 0.6109375 0.65625 0.612738715625 0.6484375 0.62354600625 0.6484375 0.6343532984375 0.6552734375 0.64696180625 0.6630859375 0.64696180625
0 0.7373046875 0.6397569437499999 0.7421875 0.6271484375 0.740234375 0.612738715625 0.7373046875 0.60733506875 0.728515625 0.609136284375 0.724609375 0.6163411453125 0.724609375 0.6307508687500001 0.7294921875 0.6397569437499999 0.7373046875 0.6397569437499999
0 0.8134765625 0.6397569437499999 0.8203125 0.6271484375 0.818359375 0.612738715625 0.8134765625 0.60733506875 0.8046875 0.609136284375 0.80078125 0.6163411453125 0.802734375 0.6343532984375 0.8076171875 0.6397569437499999 0.8134765625 0.6397569437499999
0 0.8896484375 0.6325520828125 0.89453125 0.62354600625 0.89453125 0.6055338546875 0.8916015625 0.6001302078124999 0.87890625 0.6019314234375 0.875 0.609136284375 0.876953125 0.6271484375 0.8798828125 0.6325520828125 0.8896484375 0.6325520828125
0 0.9287109375 0.592925346875 0.93359375 0.580316840625 0.931640625 0.56590711875 0.9287109375 0.5605034718749999 0.91796875 0.5623046875 0.9140625 0.5695095484375 0.9140625 0.5839192703125 0.9189453125 0.592925346875 0.9287109375 0.592925346875
0 0.8427734375 0.596527778125 0.8505859375 0.596527778125 0.85546875 0.5875217015625 0.853515625 0.5695095484375 0.8486328125 0.564105903125 0.841796875 0.56590711875 0.837890625 0.5695095484375 0.8359375 0.580316840625 0.837890625 0.59112413125 0.8427734375 0.596527778125
0 0.7763671875 0.6001302078124999 0.779296875 0.5947265625 0.779296875 0.576714409375 0.7744140625 0.5677083328125 0.767578125 0.5695095484375 0.76171875 0.576714409375 0.76171875 0.59112413125 0.7666015625 0.6001302078124999 0.7763671875 0.6001302078124999
0 0.703125 0.5947265625 0.705078125 0.5839192703125 0.7001953125 0.5713107640625 0.6875 0.5731119796875 0.685546875 0.59112413125 0.6884765625 0.6001302078124999 0.6962890625 0.6037326390625 0.703125 0.5947265625
0 0.6240234375 0.60733506875 0.62890625 0.6019314234375 0.62890625 0.580316840625 0.6220703125 0.5713107640625 0.6171875 0.5731119796875 0.611328125 0.580316840625 0.611328125 0.59832899375 0.6162109375 0.60733506875 0.6240234375 0.60733506875
0 0.6591796875 0.5677083328125 0.666015625 0.5550998265625 0.666015625 0.5406901046875 0.6591796875 0.531684028125 0.654296875 0.5334852437500001 0.6484375 0.5406901046875 0.6484375 0.5587022562499999 0.6552734375 0.5677083328125 0.6591796875 0.5677083328125
0 0.7392578125 0.5605034718749999 0.7421875 0.5514973953125 0.7421875 0.5406901046875 0.7373046875 0.531684028125 0.728515625 0.5334852437500001 0.724609375 0.5406901046875 0.7265625 0.5550998265625 0.7294921875 0.5605034718749999 0.7392578125 0.5605034718749999
0 0.8134765625 0.5569010421875 0.818359375 0.544292534375 0.81640625 0.5298828125 0.8134765625 0.5244791671875 0.802734375 0.52628038125 0.80078125 0.5298828125 0.80078125 0.5478949656250001 0.8056640625 0.5569010421875 0.8134765625 0.5569010421875
0 0.8876953125 0.5569010421875 0.89453125 0.5478949656250001 0.89453125 0.5298828125 0.8876953125 0.5208767359375 0.880859375 0.5226779515625 0.876953125 0.52628038125 0.875 0.544292534375 0.8779296875 0.5532986109375 0.8876953125 0.5569010421875
0 0.9248046875 0.513671875 0.9296875 0.5046657984375 0.9296875 0.4866536453125 0.9228515625 0.47764756875 0.91796875 0.479448784375 0.912109375 0.4866536453125 0.912109375 0.5046657984375 0.9169921875 0.513671875 0.9248046875 0.513671875
0 0.8486328125 0.51727430625 0.853515625 0.511870659375 0.85546875 0.49385850624999994 0.8486328125 0.48125 0.841796875 0.48305121562500003 0.837890625 0.4866536453125 0.8359375 0.50106336875 0.8427734375 0.51727430625 0.8486328125 0.51727430625
0 0.7763671875 0.5208767359375 0.779296875 0.511870659375 0.779296875 0.50106336875 0.7744140625 0.49205729218750005 0.76953125 0.49025607656250003 0.759765625 0.4974609375 0.759765625 0.511870659375 0.7646484375 0.5208767359375 0.7763671875 0.5208767359375
0 0.7001953125 0.5208767359375 0.705078125 0.511870659375 0.705078125 0.50106336875 0.6982421875 0.4884548609375 0.693359375 0.49025607656250003 0.6875 0.4974609375 0.6875 0.511870659375 0.6923828125 0.5208767359375 0.7001953125 0.5208767359375
0 0.6240234375 0.528081596875 0.62890625 0.5190755203124999 0.626953125 0.4974609375 0.61328125 0.4974609375 0.611328125 0.50106336875 0.611328125 0.515473090625 0.6181640625 0.528081596875 0.6240234375 0.528081596875
0 0.6611328125 0.48485243125000005 0.666015625 0.47584635468750003 0.666015625 0.46143663124999995 0.6611328125 0.45243055625000006 0.65234375 0.45423177031249995 0.6484375 0.46143663124999995 0.6484375 0.47584635468750003 0.6533203125 0.48485243125000005 0.6611328125 0.48485243125000005
0 0.7392578125 0.48125 0.740234375 0.4578342015625 0.7353515625 0.45243055625000006 0.728515625 0.45423177031249995 0.72265625 0.4650390625 0.724609375 0.479448784375 0.7275390625 0.48485243125000005 0.7392578125 0.48125
0 0.8115234375 0.47764756875 0.81640625 0.4650390625 0.814453125 0.45423177031249995 0.8095703125 0.44522569375 0.802734375 0.447026909375 0.796875 0.4578342015625 0.798828125 0.4722439234375 0.8017578125 0.47764756875 0.8115234375 0.47764756875
0 0.89453125 0.4650390625 0.89453125 0.4578342015625 0.8896484375 0.44522569375 0.876953125 0.447026909375 0.875 0.46864149375 0.8798828125 0.47764756875 0.8876953125 0.47764756875 0.89453125 0.4650390625
0 0.9248046875 0.434418403125 0.931640625 0.41460503437499996 0.9248046875 0.398394096875 0.916015625 0.4001953125 0.912109375 0.40379774375000005 0.912109375 0.42180989531249996 0.9189453125 0.434418403125 0.9248046875 0.434418403125
0 0.8505859375 0.4380208328125 0.85546875 0.4254123265625 0.85546875 0.41460503437499996 0.8505859375 0.4055989578125 0.837890625 0.4074001734375 0.8359375 0.41100260468750005 0.8359375 0.42901475624999996 0.8447265625 0.4416232640625 0.8505859375 0.4380208328125
0 0.7763671875 0.4380208328125 0.779296875 0.42901475624999996 0.779296875 0.418207465625 0.7744140625 0.40920138906250003 0.763671875 0.41100260468750005 0.759765625 0.418207465625 0.76171875 0.43621961875000004 0.7685546875 0.4416232640625 0.7763671875 0.4380208328125
0 0.6982421875 0.44522569375 0.703125 0.43621961875000004 0.703125 0.42180989531249996 0.6982421875 0.41280381874999994 0.6875 0.41460503437499996 0.685546875 0.418207465625 0.685546875 0.4326171875 0.6923828125 0.44522569375 0.6982421875 0.44522569375
0 0.6240234375 0.44522569375 0.626953125 0.4398220484375 0.626953125 0.4254123265625 0.6220703125 0.41640625 0.61328125 0.418207465625 0.609375 0.4254123265625 0.609375 0.4398220484375 0.6142578125 0.448828125 0.6240234375 0.44522569375
0 0.6572265625 0.40920138906250003 0.666015625 0.39659288125000003 0.666015625 0.38218315937499997 0.6611328125 0.3731770828125 0.650390625 0.37497829843749997 0.646484375 0.38218315937499997 0.646484375 0.4001953125 0.6533203125 0.40920138906250003 0.6572265625 0.40920138906250003
0 0.7255859375 0.40199652812500003 0.7353515625 0.40199652812500003 0.740234375 0.3893880203125 0.73828125 0.37497829843749997 0.7333984375 0.36957465312500004 0.7265625 0.37137586875 0.72265625 0.37497829843749997 0.720703125 0.385785590625 0.72265625 0.39659288125000003 0.7255859375 0.40199652812500003
0 0.8115234375 0.40199652812500003 0.81640625 0.3929904515625 0.81640625 0.3785807296875 0.8115234375 0.36957465312500004 0.802734375 0.37137586875 0.798828125 0.3785807296875 0.798828125 0.39659288125000003 0.8017578125 0.40199652812500003 0.8115234375 0.40199652812500003
0 0.8876953125 0.398394096875 0.892578125 0.3893880203125 0.892578125 0.37497829843749997 0.8876953125 0.365972221875 0.876953125 0.3677734375 0.873046875 0.37497829843749997 0.873046875 0.3893880203125 0.8779296875 0.398394096875 0.8876953125 0.398394096875
0 0.9248046875 0.35516493125 0.9296875 0.3425564234375 0.927734375 0.33174913125 0.9228515625 0.32274305625 0.9140625 0.3245442703125 0.908203125 0.3353515625 0.91015625 0.349761284375 0.9189453125 0.3587673609375 0.9248046875 0.35516493125
0 0.8486328125 0.3587673609375 0.853515625 0.349761284375 0.853515625 0.3353515625 0.8466796875 0.3263454859375 0.83984375 0.32814670156250003 0.833984375 0.3353515625 0.833984375 0.349761284375 0.8388671875 0.3587673609375 0.8486328125 0.3587673609375
0 0.7744140625 0.3587673609375 0.77734375 0.349761284375 0.77734375 0.33895399375 0.7724609375 0.3299479171875 0.76171875 0.33174913125 0.7578125 0.33895399375 0.759765625 0.35696614531250004 0.7626953125 0.3623697921875 0.7744140625 0.3587673609375
0 0.6982421875 0.365972221875 0.701171875 0.3605685765625 0.701171875 0.3425564234375 0.693359375 0.3353515625 0.68359375 0.3425564234375 0.68359375 0.35696614531250004 0.6884765625 0.365972221875 0.6982421875 0.365972221875
0 0.6240234375 0.36957465312500004 0.626953125 0.3605685765625 0.625 0.3425564234375 0.611328125 0.3425564234375 0.607421875 0.349761284375 0.609375 0.36417100625 0.6142578125 0.3731770828125 0.6240234375 0.36957465312500004
0 0.6640625 0.317339409375 0.6640625 0.30653211874999997 0.6572265625 0.29392361093749997 0.650390625 0.2957248265625 0.646484375 0.29932725625 0.64453125 0.317339409375 0.6552734375 0.3299479171875 0.6640625 0.317339409375
0 0.7353515625 0.32274305625 0.73828125 0.3137369796875 0.736328125 0.2957248265625 0.7314453125 0.29032118125 0.7265625 0.2921223953125 0.720703125 0.29932725625 0.720703125 0.317339409375 0.7236328125 0.32274305625 0.7353515625 0.32274305625
0 0.8115234375 0.32274305625 0.814453125 0.317339409375 0.814453125 0.2957248265625 0.8115234375 0.29032118125 0.798828125 0.2921223953125 0.794921875 0.30653211874999997 0.796875 0.317339409375 0.8037109375 0.3263454859375 0.8115234375 0.32274305625
0 0.890625 0.30653211874999997 0.890625 0.2957248265625 0.8857421875 0.28311631875 0.873046875 0.284917534375 0.87109375 0.30653211874999997 0.8759765625 0.31553819375000003 0.8857421875 0.31553819375000003 0.890625 0.30653211874999997
0 0.9228515625 0.2795138890625 0.927734375 0.2705078125 0.927734375 0.25249565937499996 0.9208984375 0.24348958281250002 0.9140625 0.24529079843749999 0.91015625 0.2488932296875 0.908203125 0.26690538125 0.9150390625 0.2795138890625 0.9228515625 0.2795138890625
0 0.8486328125 0.27591145781250004 0.8515625 0.2633029515625 0.849609375 0.25249565937499996 0.8466796875 0.2470920140625 0.8359375 0.2488932296875 0.83203125 0.256098090625 0.833984375 0.27411024375 0.8388671875 0.2795138890625 0.8486328125 0.27591145781250004
0 0.775390625 0.2705078125 0.7734375 0.25249565937499996 0.759765625 0.25249565937499996 0.755859375 0.2705078125 0.7646484375 0.28311631875 0.7724609375 0.2795138890625 0.775390625 0.2705078125
0 0.69921875 0.2813151046875 0.69921875 0.2633029515625 0.6923828125 0.254296875 0.6875 0.256098090625 0.68359375 0.2597005203125 0.681640625 0.2777126734375 0.6923828125 0.29032118125 0.69921875 0.2813151046875
0 0.626953125 0.2813151046875 0.626953125 0.2705078125 0.6240234375 0.2615017359375 0.611328125 0.2633029515625 0.607421875 0.2777126734375 0.6123046875 0.29032118125 0.6220703125 0.29032118125 0.626953125 0.2813151046875
0 0.6572265625 0.25069444375 0.662109375 0.24168836875 0.662109375 0.22727864531250003 0.6572265625 0.21827256875 0.646484375 0.22007378437499997 0.64453125 0.223676215625 0.64453125 0.24529079843749999 0.6474609375 0.25069444375 0.6572265625 0.25069444375
0 0.7333984375 0.2470920140625 0.73828125 0.2380859375 0.73828125 0.223676215625 0.7333984375 0.21467013906250001 0.72265625 0.21647135468749998 0.71875 0.223676215625 0.720703125 0.24168836875 0.7255859375 0.2470920140625 0.7333984375 0.2470920140625
0 0.8115234375 0.236284721875 0.8125 0.2128689234375 0.8095703125 0.207465278125 0.798828125 0.20926649375 0.794921875 0.2128689234375 0.794921875 0.2308810765625 0.7998046875 0.23988715312500003 0.8115234375 0.236284721875
0 0.8857421875 0.236284721875 0.890625 0.22727864531250003 0.890625 0.2128689234375 0.8857421875 0.20386284687499998 0.875 0.2056640625 0.87109375 0.2128689234375 0.873046875 0.2308810765625 0.8759765625 0.236284721875 0.8857421875 0.236284721875
0 0.9208984375 0.20026041718749998 0.927734375 0.187651909375 0.927734375 0.1732421875 0.9208984375 0.16423611093749999 0.9140625 0.1660373265625 0.908203125 0.1732421875 0.908203125 0.191254340625 0.9130859375 0.20026041718749998 0.9208984375 0.20026041718749998
0 0.849609375 0.187651909375 0.849609375 0.16963975625 0.8427734375 0.16423611093749999 0.837890625 0.1660373265625 0.83203125 0.17684461875 0.833984375 0.19485677031249998 0.8466796875 0.1966579859375 0.849609375 0.187651909375
0 0.7705078125 0.20386284687499998 0.775390625 0.19485677031249998 0.775390625 0.18404947968750002 0.7724609375 0.175043403125 0.7685546875 0.17144097187500001 0.763671875 0.1732421875 0.7578125 0.18044704843749998 0.7578125 0.19845920156250002 0.7607421875 0.20386284687499998 0.7705078125 0.20386284687499998
0 0.69921875 0.20206163125 0.6982421875 0.1786458328125 0.6943359375 0.175043403125 0.68359375 0.17684461875 0.6796875 0.191254340625 0.6865234375 0.207465278125 0.6943359375 0.207465278125 0.69921875 0.20206163125
0 0.6181640625 0.21467013906250001 0.625 0.2056640625 0.625 0.187651909375 0.6220703125 0.1822482640625 0.615234375 0.18044704843749998 0.607421875 0.187651909375 0.607421875 0.2056640625 0.6142578125 0.21467013906250001 0.6181640625 0.21467013906250001
0 0.591796875 0.48305121562500003 0.591796875 0.4650390625 0.5869140625 0.45603298593749997 0.576171875 0.4578342015625 0.57421875 0.48305121562500003 0.5810546875 0.49205729218750005 0.5888671875 0.4884548609375 0.591796875 0.48305121562500003
0 0.5849609375 0.41280381874999994 0.58984375 0.40379774375000005 0.58984375 0.3893880203125 0.5830078125 0.3767795140625 0.576171875 0.3785807296875 0.572265625 0.38218315937499997 0.5703125 0.4001953125 0.5771484375 0.41280381874999994 0.5849609375 0.41280381874999994
0 0.5830078125 0.33355034687499996 0.587890625 0.3245442703125 0.587890625 0.30653211874999997 0.5810546875 0.2975260421875 0.576171875 0.29932725625 0.5703125 0.30653211874999997 0.5703125 0.3245442703125 0.5751953125 0.33355034687499996 0.5830078125 0.33355034687499996
0 0.5810546875 0.254296875 0.587890625 0.2380859375 0.5859375 0.22727864531250003 0.5830078125 0.221875 0.572265625 0.223676215625 0.568359375 0.23448350625 0.5703125 0.24529079843749999 0.5751953125 0.254296875 0.5810546875 0.254296875
0 0.5791015625 0.175043403125 0.5859375 0.1624348953125 0.5859375 0.1480251734375 0.5810546875 0.139019096875 0.572265625 0.1408203125 0.568359375 0.1480251734375 0.568359375 0.1660373265625 0.5732421875 0.175043403125 0.5791015625 0.175043403125
0 0.6474609375 0.1678385421875 0.6572265625 0.1678385421875 0.662109375 0.158832465625 0.662109375 0.14442274375 0.6572265625 0.1354166671875 0.65234375 0.13361545156250001 0.6474609375 0.1354166671875 0.642578125 0.1480251734375 0.642578125 0.158832465625 0.6474609375 0.1678385421875
0 0.7294921875 0.16423611093749999 0.73828125 0.1516276046875 0.73828125 0.1408203125 0.7314453125 0.12821180625 0.724609375 0.1300130203125 0.720703125 0.13361545156250001 0.716796875 0.1480251734375 0.7216796875 0.16063368125 0.7294921875 0.16423611093749999
0 0.8095703125 0.16063368125 0.8125 0.1516276046875 0.810546875 0.13361545156250001 0.796875 0.13361545156250001 0.794921875 0.13721788125 0.794921875 0.155230034375 0.8017578125 0.16423611093749999 0.8095703125 0.16063368125
0 0.888671875 0.14442274375 0.888671875 0.13361545156250001 0.8857421875 0.124609375 0.875 0.122808159375 0.869140625 0.1300130203125 0.869140625 0.1480251734375 0.8779296875 0.15703125 0.888671875 0.14442274375
0 0.9228515625 0.1138020828125 0.927734375 0.1083984375 0.927734375 0.0867838546875 0.9208984375 0.077777778125 0.916015625 0.07957899375000001 0.908203125 0.0867838546875 0.908203125 0.10479600625 0.9130859375 0.1138020828125 0.9228515625 0.1138020828125
0 0.8466796875 0.12100694375000001 0.849609375 0.11560329843749999 0.849609375 0.093988715625 0.8466796875 0.08858506875 0.833984375 0.090386284375 0.828125 0.1083984375 0.8349609375 0.12100694375000001 0.8408203125 0.124609375 0.8466796875 0.12100694375000001
0 0.7705078125 0.12100694375000001 0.775390625 0.11200086875 0.7734375 0.093988715625 0.7685546875 0.08858506875 0.76171875 0.090386284375 0.7578125 0.093988715625 0.755859375 0.1083984375 0.7607421875 0.12100694375000001 0.7705078125 0.12100694375000001
0 0.6943359375 0.12821180625 0.69921875 0.11920572968750001 0.69921875 0.10479600625 0.6943359375 0.09578993125 0.685546875 0.0975911453125 0.6796875 0.11200086875 0.681640625 0.122808159375 0.6865234375 0.12821180625 0.6943359375 0.12821180625
0 0.6201171875 0.1318142359375 0.625 0.122808159375 0.625 0.1083984375 0.6201171875 0.09939236093750001 0.609375 0.10119357656250001 0.60546875 0.11200086875 0.607421875 0.12641059062499999 0.6123046875 0.1318142359375 0.6201171875 0.1318142359375
0 0.3828125 0.868511284375 0.384765625 0.8577039937500001 0.3779296875 0.84149305625 0.37109375 0.8432942703125 0.365234375 0.8613064234375001 0.3701171875 0.8739149312500001 0.3759765625 0.8775173609375001 0.3828125 0.868511284375
0 0.3037109375 0.8811197921874999 0.30859375 0.8721137156250001 0.30859375 0.8577039937500001 0.3037109375 0.8486979171875 0.294921875 0.85049913125 0.291015625 0.8613064234375001 0.291015625 0.8721137156250001 0.2958984375 0.8811197921874999 0.3037109375 0.8811197921874999
0 0.2294921875 0.8811197921874999 0.234375 0.868511284375 0.232421875 0.8577039937500001 0.2275390625 0.8486979171875 0.220703125 0.85049913125 0.216796875 0.8577039937500001 0.216796875 0.8757161453125001 0.2197265625 0.8811197921874999 0.2294921875 0.8811197921874999
0 0.1572265625 0.8847222218749999 0.162109375 0.8757161453125001 0.16015625 0.8577039937500001 0.1552734375 0.852300346875 0.1484375 0.8541015625 0.14453125 0.8577039937500001 0.142578125 0.8757161453125001 0.1474609375 0.8847222218749999 0.1572265625 0.8847222218749999
0 0.0791015625 0.8955295140624999 0.0859375 0.8865234375 0.087890625 0.8757161453125001 0.0810546875 0.8595052078125001 0.07421875 0.8613064234375001 0.068359375 0.8721137156250001 0.068359375 0.8865234375 0.0732421875 0.8955295140624999 0.0791015625 0.8955295140624999
0 0.1181640625 0.852300346875 0.123046875 0.8432942703125 0.123046875 0.82528211875 0.1162109375 0.8162760421874999 0.111328125 0.8180772562499999 0.10546875 0.82528211875 0.10546875 0.8468967015625 0.1083984375 0.852300346875 0.1181640625 0.852300346875
0 0.1943359375 0.84149305625 0.1953125 0.8216796875 0.1904296875 0.8126736109375001 0.18359375 0.8144748265624999 0.177734375 0.8216796875 0.1796875 0.839691840625 0.1845703125 0.8450954859375001 0.1943359375 0.84149305625
0 0.2666015625 0.84149305625 0.26953125 0.836089409375 0.26953125 0.8180772562499999 0.2666015625 0.8126736109375001 0.255859375 0.8144748265624999 0.251953125 0.82528211875 0.25390625 0.836089409375 0.2568359375 0.84149305625 0.2666015625 0.84149305625
0 0.3369140625 0.84149305625 0.34375 0.8324869796875 0.345703125 0.8180772562499999 0.3388671875 0.80546875 0.33203125 0.807269965625 0.328125 0.8108723953125001 0.326171875 0.82528211875 0.3310546875 0.837890625 0.3369140625 0.84149305625
0 0.4150390625 0.83428819375 0.419921875 0.82528211875 0.419921875 0.8108723953125001 0.4150390625 0.8018663187499999 0.40625 0.8036675343749999 0.40234375 0.8144748265624999 0.404296875 0.8288845484375 0.4072265625 0.83428819375 0.4150390625 0.83428819375
0 0.3740234375 0.7982638890625 0.380859375 0.7892578125 0.380859375 0.774848090625 0.3779296875 0.7658420140625 0.3740234375 0.7622395828124999 0.369140625 0.7640407984375 0.365234375 0.771245659375 0.36328125 0.78565538125 0.3662109375 0.7946614578125 0.3740234375 0.7982638890625
0 0.3056640625 0.7946614578125 0.306640625 0.774848090625 0.3017578125 0.7658420140625 0.294921875 0.7676432296875 0.291015625 0.771245659375 0.2890625 0.7892578125 0.2939453125 0.7982638890625 0.3056640625 0.7946614578125
0 0.2275390625 0.80546875 0.232421875 0.7964626734375 0.23046875 0.7784505203125 0.2275390625 0.773046875 0.21875 0.774848090625 0.21484375 0.78565538125 0.21484375 0.7964626734375 0.2197265625 0.80546875 0.2275390625 0.80546875
0 0.1552734375 0.80907118125 0.16015625 0.8000651046874999 0.16015625 0.7820529515625 0.1533203125 0.773046875 0.1484375 0.774848090625 0.142578125 0.78565538125 0.142578125 0.8000651046874999 0.1474609375 0.80907118125 0.1552734375 0.80907118125
0 0.0791015625 0.8126736109375001 0.083984375 0.8036675343749999 0.083984375 0.7892578125 0.0791015625 0.7802517359375 0.07421875 0.7784505203125 0.06640625 0.7892578125 0.06640625 0.8036675343749999 0.0712890625 0.8126736109375001 0.0791015625 0.8126736109375001
0 0.12109375 0.76043836875 0.12109375 0.7460286453125 0.1162109375 0.7370225687499999 0.10546875 0.738823784375 0.1015625 0.7568359375 0.1064453125 0.76944444375 0.1142578125 0.773046875 0.12109375 0.76043836875
0 0.1923828125 0.7658420140625 0.1953125 0.76043836875 0.193359375 0.738823784375 0.1904296875 0.7334201390625 0.18359375 0.7352213546875 0.1796875 0.738823784375 0.177734375 0.7568359375 0.1826171875 0.7658420140625 0.1923828125 0.7658420140625
0 0.2646484375 0.7622395828124999 0.26953125 0.75323350625 0.26953125 0.742426215625 0.2666015625 0.7334201390625 0.2626953125 0.7298177078125 0.2578125 0.7316189234375 0.251953125 0.742426215625 0.251953125 0.75323350625 0.2568359375 0.7622395828124999 0.2646484375 0.7622395828124999
0 0.3388671875 0.758637153125 0.34375 0.7496310765625 0.34375 0.738823784375 0.3408203125 0.7298177078125 0.33203125 0.72801649375 0.326171875 0.7352213546875 0.326171875 0.7496310765625 0.3310546875 0.758637153125 0.3388671875 0.758637153125
0 0.4130859375 0.755034721875 0.41796875 0.7460286453125 0.41796875 0.7316189234375 0.4130859375 0.7226128468749999 0.40625 0.7244140625 0.40234375 0.72801649375 0.400390625 0.7460286453125 0.4072265625 0.755034721875 0.4130859375 0.755034721875
0 0.3720703125 0.7190104171875 0.37890625 0.7100043406250001 0.37890625 0.6919921875 0.3720703125 0.6829861109375 0.369140625 0.6847873265625 0.361328125 0.6955946187500001 0.361328125 0.706401909375 0.3681640625 0.7190104171875 0.3720703125 0.7190104171875
0 0.3017578125 0.7226128468749999 0.306640625 0.7100043406250001 0.306640625 0.6991970484375 0.3017578125 0.690190971875 0.29296875 0.6919921875 0.2890625 0.6991970484375 0.2890625 0.7136067703125 0.2939453125 0.7226128468749999 0.3017578125 0.7226128468749999
0 0.2255859375 0.726215278125 0.23046875 0.7172092015625 0.23046875 0.7027994796875 0.2255859375 0.693793403125 0.216796875 0.6955946187500001 0.212890625 0.706401909375 0.21484375 0.7172092015625 0.2197265625 0.726215278125 0.2255859375 0.726215278125
0 0.1533203125 0.7298177078125 0.158203125 0.7172092015625 0.15625 0.7027994796875 0.1513671875 0.6973958328125 0.146484375 0.6991970484375 0.142578125 0.7027994796875 0.140625 0.7208116312499999 0.1455078125 0.7298177078125 0.1533203125 0.7298177078125
0 0.0810546875 0.7334201390625 0.083984375 0.72801649375 0.083984375 0.7100043406250001 0.0791015625 0.7009982640625 0.0703125 0.7027994796875 0.06640625 0.7100043406250001 0.06640625 0.72801649375 0.0693359375 0.7334201390625 0.0810546875 0.7334201390625
0 0.1142578125 0.6973958328125 0.12109375 0.68838975625 0.12109375 0.6703776046875001 0.1181640625 0.661371528125 0.1142578125 0.657769096875 0.109375 0.6595703125 0.103515625 0.6667751734375 0.1015625 0.6811848953124999 0.1083984375 0.693793403125 0.1142578125 0.6973958328125
0 0.1904296875 0.6829861109375 0.1953125 0.6703776046875001 0.193359375 0.6595703125 0.1904296875 0.6541666671875 0.1796875 0.6559678812499999 0.17578125 0.6667751734375 0.177734375 0.677582465625 0.1806640625 0.6829861109375 0.1904296875 0.6829861109375
0 0.2646484375 0.6829861109375 0.267578125 0.677582465625 0.267578125 0.6595703125 0.2607421875 0.6505642359375 0.255859375 0.6523654515625 0.25 0.66317274375 0.25 0.673980034375 0.2548828125 0.6829861109375 0.2646484375 0.6829861109375
0 0.3408203125 0.67578125 0.34375 0.6667751734375 0.34375 0.6559678812499999 0.3388671875 0.64696180625 0.330078125 0.6487630203125 0.326171875 0.6559678812499999 0.326171875 0.6703776046875001 0.3330078125 0.67938368125 0.3408203125 0.67578125
0 0.4111328125 0.67578125 0.416015625 0.6703776046875001 0.41796875 0.6559678812499999 0.4130859375 0.643359375 0.408203125 0.6415581593749999 0.400390625 0.6523654515625 0.400390625 0.6667751734375 0.4072265625 0.67578125 0.4111328125 0.67578125
0 0.3759765625 0.6325520828125 0.37890625 0.6271484375 0.37890625 0.612738715625 0.3740234375 0.6037326390625 0.365234375 0.6055338546875 0.361328125 0.612738715625 0.361328125 0.6271484375 0.3662109375 0.6361545140625 0.3759765625 0.6325520828125
0 0.2998046875 0.643359375 0.3046875 0.6343532984375 0.302734375 0.6163411453125 0.2998046875 0.6109375 0.291015625 0.612738715625 0.287109375 0.6199435765625 0.287109375 0.6343532984375 0.2919921875 0.643359375 0.2998046875 0.643359375
0 0.2255859375 0.64696180625 0.23046875 0.6379557296875 0.228515625 0.6199435765625 0.2255859375 0.6145399312500001 0.216796875 0.6163411453125 0.212890625 0.6307508687500001 0.21484375 0.6415581593749999 0.2177734375 0.64696180625 0.2255859375 0.64696180625
0 0.1513671875 0.6505642359375 0.15625 0.6415581593749999 0.15625 0.6271484375 0.1513671875 0.6181423609375 0.142578125 0.6199435765625 0.138671875 0.6307508687500001 0.138671875 0.6415581593749999 0.1435546875 0.6505642359375 0.1513671875 0.6505642359375
0 0.0791015625 0.6541666671875 0.083984375 0.645160590625 0.083984375 0.6307508687500001 0.0791015625 0.6217447921875 0.068359375 0.62354600625 0.064453125 0.6307508687500001 0.064453125 0.645160590625 0.0693359375 0.6541666671875 0.0791015625 0.6541666671875
0 0.12109375 0.59832899375 0.119140625 0.5875217015625 0.1142578125 0.578515625 0.10546875 0.580316840625 0.1015625 0.59112413125 0.1015625 0.6019314234375 0.1123046875 0.6145399312500001 0.12109375 0.59832899375
0 0.1865234375 0.60733506875 0.19140625 0.59832899375 0.19140625 0.580316840625 0.1845703125 0.5713107640625 0.1796875 0.5731119796875 0.17578125 0.580316840625 0.173828125 0.5947265625 0.1767578125 0.6037326390625 0.1865234375 0.60733506875
0 0.2626953125 0.6037326390625 0.265625 0.5947265625 0.265625 0.580316840625 0.2607421875 0.5713107640625 0.251953125 0.5731119796875 0.248046875 0.5839192703125 0.248046875 0.5947265625 0.2529296875 0.6037326390625 0.2626953125 0.6037326390625
0 0.3369140625 0.6001302078124999 0.341796875 0.59112413125 0.341796875 0.576714409375 0.3369140625 0.5677083328125 0.330078125 0.5695095484375 0.326171875 0.5731119796875 0.32421875 0.59112413125 0.3291015625 0.6001302078124999 0.3369140625 0.6001302078124999
0 0.4091796875 0.596527778125 0.416015625 0.5875217015625 0.416015625 0.5731119796875 0.4091796875 0.564105903125 0.404296875 0.56590711875 0.400390625 0.5695095484375 0.3984375 0.5839192703125 0.4013671875 0.592925346875 0.4091796875 0.596527778125
0 0.3720703125 0.5605034718749999 0.376953125 0.5514973953125 0.376953125 0.5334852437500001 0.3740234375 0.528081596875 0.36328125 0.5298828125 0.359375 0.5406901046875 0.361328125 0.5550998265625 0.3642578125 0.5605034718749999 0.3720703125 0.5605034718749999
0 0.2958984375 0.5677083328125 0.302734375 0.5587022562499999 0.3046875 0.5478949656250001 0.2978515625 0.531684028125 0.291015625 0.5334852437500001 0.287109375 0.5370876734375 0.28515625 0.5514973953125 0.2900390625 0.564105903125 0.2958984375 0.5677083328125
0 0.2236328125 0.5677083328125 0.228515625 0.5587022562499999 0.228515625 0.544292534375 0.2236328125 0.5352864578125 0.216796875 0.5370876734375 0.212890625 0.5406901046875 0.2109375 0.5587022562499999 0.2158203125 0.5677083328125 0.2236328125 0.5677083328125
0 0.1513671875 0.5677083328125 0.154296875 0.5587022562499999 0.154296875 0.5478949656250001 0.1494140625 0.5388888890625 0.138671875 0.5406901046875 0.134765625 0.5550998265625 0.13671875 0.5623046875 0.1455078125 0.5713107640625 0.1513671875 0.5677083328125
0 0.0732421875 0.578515625 0.078125 0.5731119796875 0.080078125 0.5550998265625 0.0732421875 0.54249131875 0.06640625 0.544292534375 0.0625 0.5514973953125 0.0625 0.5695095484375 0.0673828125 0.578515625 0.0732421875 0.578515625
0 0.1123046875 0.5352864578125 0.1171875 0.52628038125 0.1171875 0.511870659375 0.1123046875 0.5028645828125 0.10546875 0.5046657984375 0.1015625 0.5082682296875001 0.099609375 0.5226779515625 0.1044921875 0.5352864578125 0.1123046875 0.5352864578125
0 0.1904296875 0.5244791671875 0.19140625 0.5046657984375 0.1865234375 0.49565972187499996 0.177734375 0.4974609375 0.17578125 0.50106336875 0.17578125 0.5226779515625 0.1806640625 0.528081596875 0.1904296875 0.5244791671875
0 0.2587890625 0.5244791671875 0.265625 0.515473090625 0.265625 0.50106336875 0.2607421875 0.49205729218750005 0.25390625 0.49025607656250003 0.248046875 0.50106336875 0.248046875 0.515473090625 0.2529296875 0.5244791671875 0.2587890625 0.5244791671875
0 0.3330078125 0.5244791671875 0.341796875 0.511870659375 0.341796875 0.50106336875 0.3369140625 0.4884548609375 0.328125 0.49025607656250003 0.322265625 0.50106336875 0.322265625 0.5082682296875001 0.3271484375 0.5208767359375 0.3330078125 0.5244791671875
0 0.4111328125 0.51727430625 0.416015625 0.5046657984375 0.4140625 0.49385850624999994 0.4091796875 0.48485243125000005 0.40234375 0.4866536453125 0.3984375 0.49385850624999994 0.3984375 0.511870659375 0.4013671875 0.51727430625 0.4111328125 0.51727430625
0 0.376953125 0.4722439234375 0.376953125 0.4578342015625 0.3720703125 0.448828125 0.36328125 0.45062934062500004 0.357421875 0.4650390625 0.3662109375 0.48485243125000005 0.3701171875 0.48485243125000005 0.376953125 0.4722439234375
0 0.302734375 0.47584635468750003 0.302734375 0.46143663124999995 0.2978515625 0.45243055625000006 0.2890625 0.45423177031249995 0.28515625 0.46143663124999995 0.28515625 0.47584635468750003 0.2958984375 0.4884548609375 0.302734375 0.47584635468750003
0 0.2216796875 0.4884548609375 0.2265625 0.479448784375 0.2265625 0.4650390625 0.2216796875 0.45603298593749997 0.212890625 0.4578342015625 0.208984375 0.46864149375 0.2109375 0.48305121562500003 0.2138671875 0.4884548609375 0.2216796875 0.4884548609375
0 0.1474609375 0.49565972187499996 0.15234375 0.49025607656250003 0.154296875 0.4722439234375 0.1494140625 0.46323784687499997 0.142578125 0.46143663124999995 0.134765625 0.4722439234375 0.134765625 0.48305121562500003 0.1416015625 0.49565972187499996 0.1474609375 0.49565972187499996
0 0.0751953125 0.49565972187499996 0.080078125 0.4866536453125 0.080078125 0.4722439234375 0.0751953125 0.46323784687499997 0.06640625 0.4650390625 0.0625 0.4722439234375 0.0625 0.49025607656250003 0.0654296875 0.49565972187499996 0.0751953125 0.49565972187499996
0 0.1171875 0.44342447968750004 0.1171875 0.4326171875 0.1123046875 0.4236111109375 0.1015625 0.4254123265625 0.099609375 0.447026909375 0.1044921875 0.45603298593749997 0.1103515625 0.45603298593749997 0.1171875 0.44342447968750004
0 0.189453125 0.44342447968750004 0.19140625 0.4326171875 0.1865234375 0.42000868125 0.1796875 0.418207465625 0.173828125 0.4254123265625 0.173828125 0.44342447968750004 0.1826171875 0.45243055625000006 0.189453125 0.44342447968750004
0 0.2587890625 0.448828125 0.265625 0.4326171875 0.263671875 0.42180989531249996 0.2607421875 0.41640625 0.25 0.418207465625 0.24609375 0.4254123265625 0.248046875 0.44342447968750004 0.2529296875 0.448828125 0.2587890625 0.448828125
0 0.3330078125 0.4416232640625 0.337890625 0.4326171875 0.3359375 0.41460503437499996 0.3330078125 0.40920138906250003 0.32421875 0.41100260468750005 0.318359375 0.4254123265625 0.3203125 0.4326171875 0.3251953125 0.4416232640625 0.3330078125 0.4416232640625
0 0.4072265625 0.4380208328125 0.412109375 0.42901475624999996 0.412109375 0.41460503437499996 0.4072265625 0.4055989578125 0.3984375 0.4074001734375 0.39453125 0.41460503437499996 0.39453125 0.42901475624999996 0.3994140625 0.4380208328125 0.4072265625 0.4380208328125
0 0.3681640625 0.40199652812500003 0.373046875 0.3929904515625 0.373046875 0.37497829843749997 0.3662109375 0.365972221875 0.361328125 0.3677734375 0.357421875 0.3785807296875 0.357421875 0.39659288125000003 0.3603515625 0.40199652812500003 0.3681640625 0.40199652812500003
0 0.2978515625 0.4055989578125 0.30078125 0.4001953125 0.30078125 0.38218315937499997 0.2958984375 0.3731770828125 0.2890625 0.37497829843749997 0.28515625 0.3785807296875 0.283203125 0.39659288125000003 0.2880859375 0.4055989578125 0.2978515625 0.4055989578125
0 0.2177734375 0.40920138906250003 0.2265625 0.39659288125000003 0.2265625 0.385785590625 0.2216796875 0.3767795140625 0.21484375 0.37497829843749997 0.208984375 0.38218315937499997 0.20703125 0.3929904515625 0.2119140625 0.4055989578125 0.2177734375 0.40920138906250003
0 0.1474609375 0.41280381874999994 0.154296875 0.39659288125000003 0.1474609375 0.38038194375 0.140625 0.38218315937499997 0.13671875 0.385785590625 0.134765625 0.40379774375000005 0.1396484375 0.41280381874999994 0.1474609375 0.41280381874999994
0 0.0712890625 0.41640625 0.076171875 0.4074001734375 0.076171875 0.3929904515625 0.0693359375 0.383984375 0.064453125 0.385785590625 0.060546875 0.3929904515625 0.060546875 0.4074001734375 0.0654296875 0.41640625 0.0712890625 0.41640625
0 0.1103515625 0.3767795140625 0.115234375 0.3677734375 0.115234375 0.353363715625 0.1103515625 0.3443576390625 0.1015625 0.34615885468749996 0.09765625 0.353363715625 0.09765625 0.3677734375 0.1025390625 0.3767795140625 0.1103515625 0.3767795140625
0 0.189453125 0.36417100625 0.1875 0.34615885468749996 0.1845703125 0.3407552078125 0.17578125 0.3425564234375 0.171875 0.349761284375 0.173828125 0.37137586875 0.1845703125 0.3731770828125 0.189453125 0.36417100625
0 0.2587890625 0.365972221875 0.263671875 0.353363715625 0.26171875 0.3425564234375 0.2587890625 0.337152778125 0.248046875 0.33895399375 0.244140625 0.349761284375 0.24609375 0.36417100625 0.2529296875 0.36957465312500004 0.2587890625 0.365972221875
0 0.3310546875 0.3623697921875 0.337890625 0.349761284375 0.337890625 0.33895399375 0.3330078125 0.3299479171875 0.32421875 0.33174913125 0.3203125 0.3353515625 0.318359375 0.349761284375 0.3232421875 0.3623697921875 0.3310546875 0.3623697921875
0 0.4033203125 0.3623697921875 0.41015625 0.353363715625 0.412109375 0.3425564234375 0.4072265625 0.3299479171875 0.400390625 0.32814670156250003 0.39453125 0.3353515625 0.39453125 0.353363715625 0.3994140625 0.3623697921875 0.4033203125 0.3623697921875
0 0.3681640625 0.32274305625 0.373046875 0.3137369796875 0.373046875 0.29932725625 0.3681640625 0.29032118125 0.361328125 0.28851996562500004 0.35546875 0.2957248265625 0.35546875 0.3137369796875 0.3583984375 0.32274305625 0.3681640625 0.32274305625
0 0.2939453125 0.3263454859375 0.298828125 0.317339409375 0.298828125 0.3029296875 0.2939453125 0.29392361093749997 0.28515625 0.2957248265625 0.28125 0.3029296875 0.28125 0.317339409375 0.2861328125 0.3263454859375 0.2939453125 0.3263454859375
0 0.2216796875 0.3299479171875 0.2265625 0.317339409375 0.224609375 0.3029296875 0.2197265625 0.2975260421875 0.212890625 0.29932725625 0.208984375 0.30653211874999997 0.208984375 0.32094184062500003 0.2138671875 0.3299479171875 0.2216796875 0.3299479171875
0 0.1474609375 0.33355034687499996 0.150390625 0.32814670156250003 0.150390625 0.30653211874999997 0.1474609375 0.30112847187499997 0.138671875 0.3029296875 0.134765625 0.3101345484375 0.134765625 0.3245442703125 0.1396484375 0.33355034687499996 0.1474609375 0.33355034687499996
0 0.07421875 0.33174913125 0.076171875 0.32094184062500003 0.0712890625 0.3083333328125 0.064453125 0.30653211874999997 0.05859375 0.3137369796875 0.05859375 0.33174913125 0.0673828125 0.3407552078125 0.07421875 0.33174913125
0 0.1123046875 0.29392361093749997 0.11328125 0.27411024375 0.1083984375 0.26510416718749996 0.1015625 0.26690538125 0.095703125 0.2777126734375 0.09765625 0.2921223953125 0.1005859375 0.2975260421875 0.1123046875 0.29392361093749997
0 0.1826171875 0.29032118125 0.1875 0.2813151046875 0.1875 0.26690538125 0.1826171875 0.25789930625 0.17578125 0.2597005203125 0.171875 0.2633029515625 0.169921875 0.2777126734375 0.1748046875 0.29032118125 0.1826171875 0.29032118125
0 0.2568359375 0.29032118125 0.26171875 0.2813151046875 0.259765625 0.2633029515625 0.2568359375 0.25789930625 0.248046875 0.2597005203125 0.244140625 0.26690538125 0.244140625 0.2813151046875 0.2490234375 0.29032118125 0.2568359375 0.29032118125
0 0.3330078125 0.28311631875 0.337890625 0.27411024375 0.337890625 0.2633029515625 0.3310546875 0.25069444375 0.32421875 0.25249565937499996 0.318359375 0.26690538125 0.3203125 0.2777126734375 0.3232421875 0.28311631875 0.3330078125 0.28311631875
0 0.4033203125 0.28311631875 0.41015625 0.2705078125 0.41015625 0.2597005203125 0.4072265625 0.25069444375 0.3984375 0.2488932296875 0.392578125 0.256098090625 0.390625 0.26690538125 0.3955078125 0.2795138890625 0.4033203125 0.28311631875
0 0.3662109375 0.2470920140625 0.373046875 0.23448350625 0.373046875 0.223676215625 0.3681640625 0.2110677078125 0.359375 0.2128689234375 0.35546875 0.22007378437499997 0.35546875 0.2380859375 0.3603515625 0.2470920140625 0.3662109375 0.2470920140625
0 0.2939453125 0.25069444375 0.298828125 0.2380859375 0.298828125 0.22727864531250003 0.2939453125 0.21827256875 0.2890625 0.21647135468749998 0.28125 0.223676215625 0.28125 0.24168836875 0.2880859375 0.25069444375 0.2939453125 0.25069444375
0 0.2197265625 0.25069444375 0.224609375 0.24168836875 0.224609375 0.22727864531250003 0.2197265625 0.21827256875 0.212890625 0.22007378437499997 0.208984375 0.223676215625 0.20703125 0.24168836875 0.2119140625 0.25069444375 0.2197265625 0.25069444375
0 0.1455078125 0.254296875 0.150390625 0.24529079843749999 0.150390625 0.23448350625 0.1455078125 0.22547743125 0.138671875 0.223676215625 0.1328125 0.2308810765625 0.1328125 0.24529079843749999 0.1357421875 0.254296875 0.1455078125 0.254296875
0 0.0693359375 0.2615017359375 0.076171875 0.24168836875 0.0712890625 0.2290798609375 0.0625 0.2308810765625 0.05859375 0.23448350625 0.056640625 0.24529079843749999 0.0634765625 0.2615017359375 0.0693359375 0.2615017359375
0 0.1044921875 0.21827256875 0.111328125 0.2056640625 0.111328125 0.19485677031249998 0.1044921875 0.1822482640625 0.09765625 0.18404947968750002 0.09375 0.191254340625 0.09375 0.20926649375 0.0986328125 0.21827256875 0.1044921875 0.21827256875
0 0.1826171875 0.2110677078125 0.185546875 0.20206163125 0.185546875 0.187651909375 0.1806640625 0.1786458328125 0.171875 0.18044704843749998 0.16796875 0.191254340625 0.16796875 0.20206163125 0.1767578125 0.21467013906250001 0.1826171875 0.2110677078125
0 0.2548828125 0.2110677078125 0.259765625 0.20206163125 0.259765625 0.187651909375 0.2548828125 0.1786458328125 0.24609375 0.18044704843749998 0.2421875 0.191254340625 0.244140625 0.2056640625 0.2470703125 0.2110677078125 0.2548828125 0.2110677078125
0 0.3310546875 0.20386284687499998 0.333984375 0.19845920156250002 0.333984375 0.17684461875 0.3291015625 0.17144097187500001 0.322265625 0.1732421875 0.31640625 0.191254340625 0.318359375 0.19845920156250002 0.3212890625 0.20386284687499998 0.3310546875 0.20386284687499998
0 0.4072265625 0.20026041718749998 0.41015625 0.19485677031249998 0.41015625 0.17684461875 0.4052734375 0.1678385421875 0.396484375 0.16963975625 0.392578125 0.17684461875 0.392578125 0.191254340625 0.3974609375 0.20026041718749998 0.4072265625 0.20026041718749998
0 0.3662109375 0.1678385421875 0.37109375 0.158832465625 0.37109375 0.1408203125 0.3662109375 0.1318142359375 0.357421875 0.13361545156250001 0.353515625 0.1408203125 0.353515625 0.155230034375 0.3603515625 0.1678385421875 0.3662109375 0.1678385421875
0 0.2900390625 0.17144097187500001 0.296875 0.158832465625 0.296875 0.1480251734375 0.2900390625 0.1354166671875 0.283203125 0.13721788125 0.27734375 0.1480251734375 0.27734375 0.155230034375 0.2841796875 0.17144097187500001 0.2900390625 0.17144097187500001
0 0.2197265625 0.17144097187500001 0.22265625 0.1660373265625 0.22265625 0.14442274375 0.2197265625 0.139019096875 0.208984375 0.1408203125 0.205078125 0.1480251734375 0.20703125 0.1660373265625 0.2138671875 0.175043403125 0.2197265625 0.17144097187500001
0 0.1455078125 0.17144097187500001 0.146484375 0.1516276046875 0.1416015625 0.142621528125 0.134765625 0.14442274375 0.12890625 0.155230034375 0.130859375 0.16963975625 0.1337890625 0.175043403125 0.1455078125 0.17144097187500001
0 0.07421875 0.16963975625 0.07421875 0.158832465625 0.0693359375 0.1498263890625 0.060546875 0.1516276046875 0.056640625 0.158832465625 0.056640625 0.1732421875 0.0654296875 0.1822482640625 0.07421875 0.16963975625
0 0.109375 0.12641059062499999 0.109375 0.11200086875 0.1025390625 0.1029947921875 0.09765625 0.10479600625 0.09375 0.1083984375 0.091796875 0.12641059062499999 0.1025390625 0.139019096875 0.109375 0.12641059062499999
0 0.1845703125 0.1318142359375 0.1875 0.122808159375 0.1875 0.1083984375 0.1826171875 0.09939236093750001 0.169921875 0.10119357656250001 0.166015625 0.11200086875 0.166015625 0.12641059062499999 0.1708984375 0.1354166671875 0.1845703125 0.1318142359375
0 0.2509765625 0.1318142359375 0.2578125 0.11920572968750001 0.2578125 0.10479600625 0.2529296875 0.09578993125 0.244140625 0.0975911453125 0.240234375 0.10479600625 0.240234375 0.11920572968750001 0.2470703125 0.1318142359375 0.2509765625 0.1318142359375
0 0.3271484375 0.12821180625 0.33203125 0.122808159375 0.333984375 0.10479600625 0.3291015625 0.09578993125 0.322265625 0.093988715625 0.31640625 0.10119357656250001 0.31640625 0.11920572968750001 0.3212890625 0.12821180625 0.3271484375 0.12821180625
0 0.4013671875 0.124609375 0.40625 0.11920572968750001 0.408203125 0.10479600625 0.4013671875 0.08858506875 0.39453125 0.090386284375 0.390625 0.093988715625 0.388671875 0.11200086875 0.3916015625 0.12100694375000001 0.4013671875 0.124609375