0 0.053577964062500004 0.2378455609375 0.058473123437499996 0.22656872031250003 0.057845179687500005 0.219391275 0.051882043749999995 0.20725630781249998 0.043785301562500004 0.20434849375000003 0.037760309375 0.213916090625 0.039330171875 0.2318596984375 0.0469250265625 0.24023571562499998 0.053577964062500004 0.2378455609375
0 0.090417728125 0.16591486875 0.0789314859375 0.15787930625 0.0729064953125 0.1674469046875 0.0744763578125 0.1853905125 0.08012551875 0.193936753125 0.08872415 0.191376375 0.091987590625 0.183858478125 0.090417728125 0.16591486875
0 0.13109170312500001 0.22744780000000003 0.1340411703125 0.21634117812500003 0.13083958906249998 0.20215651562499998 0.12745009062499998 0.1970287734375 0.1177216265625 0.19787990312499998 0.11364232656249999 0.20727727499999998 0.114898215625 0.2216321640625 0.12054737812500001 0.2301784 0.13109170312500001 0.22744780000000003
0 0.162660475 0.184907784375 0.167869609375 0.1772196609375 0.1662997484375 0.15927605312499998 0.1629102484375 0.15414830468750002 0.151236090625 0.1551696609375 0.1474707625 0.1681557578125 0.1503583734375 0.1787516953125 0.153747871875 0.1838794375 0.162660475 0.184907784375
0 0.239608125 0.14563001874999998 0.236218628125 0.140502275 0.22649016406250003 0.1413534046875 0.22303880937499998 0.15792821562499998 0.231261609375 0.1734816765625 0.2359688546875 0.17126175 0.24117798750000002 0.16357362656250002 0.239608125 0.14563001874999998
0 0.2047759125 0.195687925 0.1971810578125 0.187311915625 0.1916579515625 0.1914113140625 0.18921037031250001 0.197049734375 0.1930398984375 0.21841184062500002 0.20471405625 0.217390484375 0.2076635234375 0.20628386718749997 0.2047759125 0.195687925
0 0.278336409375 0.20733317499999998 0.2815998484375 0.199815278125 0.2800299859375 0.1818716640625 0.27469479531249996 0.176914146875 0.266912025 0.1775950515625 0.2631466984375 0.19058114375 0.26634827968749997 0.20476580625000002 0.2716834703125 0.209723328125 0.278336409375 0.20733317499999998
0 0.30990518125 0.164793159375 0.31674603437500004 0.153346090625 0.3158041171875 0.1425799203125 0.312100646875 0.1338634578125 0.30400390312500003 0.13095563906250002 0.2976649375 0.1369345109375 0.29728910625 0.15504835156250002 0.3029382703125 0.16359459375000002 0.30990518125 0.164793159375
0 0.354218425 0.200694359375 0.35716789531250004 0.1895877359375 0.35396631093750003 0.17540307500000002 0.35057681406249996 0.17027533125 0.3427940421875 0.17095623437500002 0.3387147421875 0.1803536078125 0.3399706328125 0.1947084953125 0.34561979531250003 0.2032547375 0.354218425 0.200694359375
0 0.31706234843750003 0.21298556875000002 0.30733388437500003 0.21383669843750003 0.30325458437499997 0.22323407187500002 0.30451047343750004 0.23758895937500002 0.31015963750000003 0.24613520156250002 0.32264965624999997 0.24323436874999999 0.323025484375 0.22512053437500001 0.31706234843750003 0.21298556875000002
0 0.24708160937499998 0.2534619109375 0.25034505 0.2459440140625 0.2468294921875 0.2281706265625 0.241494303125 0.223213109375 0.23371153281249998 0.2238940140625 0.23126395 0.2295324359375 0.23314778593750002 0.25106476875 0.236537284375 0.2561925171875 0.24708160937499998 0.2534619109375
0 0.1715135609375 0.263689446875 0.1760947515625 0.24882387968750003 0.173521115625 0.2418166609375 0.16787195 0.23327042343749999 0.1600891796875 0.233951328125 0.156009878125 0.2433486953125 0.15757974218749998 0.26129230937500003 0.1609692390625 0.266420053125 0.1715135609375 0.263689446875
0 0.0975772390625 0.2701580359375 0.1008406765625 0.26264014062499996 0.09958478750000001 0.24828525156249998 0.093935625 0.23973901406250003 0.0842071609375 0.24059014531249998 0.080441834375 0.2535762359375 0.083643415625 0.26776089999999997 0.0870329140625 0.27288864375 0.0975772390625 0.2701580359375
0 0.0624310546875 0.316627225 0.06600846406250001 0.312698053125 0.0663842953125 0.2945842125 0.0607351328125 0.28603797656249996 0.0526383890625 0.28313015625000004 0.0466133953125 0.2926977546875 0.048183257812500005 0.3106413625 0.057723806249999995 0.3188471515625 0.0624310546875 0.316627225
0 0.1363673765625 0.310158634375 0.1415765109375 0.3024705125 0.1400066484375 0.28452690468749997 0.13435748593750002 0.2759806625 0.1265747140625 0.276661565625 0.1214916390625 0.2969953265625 0.127454775 0.3091302953125 0.1316601328125 0.3123785609375 0.1363673765625 0.310158634375
0 0.20992553125 0.26575311875 0.20214275937499998 0.2664340234375 0.198063459375 0.275831396875 0.19931934843750002 0.290186284375 0.20270884687500001 0.295314028125 0.2151988640625 0.2924132015625 0.21588866874999998 0.2778880875 0.20992553125 0.26575311875
0 0.276645171875 0.28884543749999997 0.28085053125 0.29209371093750003 0.28555777656250003 0.289873784375 0.29076690781250003 0.282185659375 0.2891970453125 0.2642420515625 0.2858075484375 0.259114303125 0.276079084375 0.2599654328125 0.2723137578125 0.27295153125 0.2729417015625 0.2801289765625 0.276645171875 0.28884543749999997
0 0.36112582031249996 0.2796462484375 0.3660209828125 0.2683694 0.36281940156250003 0.2541847359375 0.35748420937500003 0.24922722031250003 0.3497014375 0.249908125 0.345936109375 0.262894215625 0.34913769375000003 0.277078878125 0.352527190625 0.282206621875 0.36112582031249996 0.2796462484375
0 0.32924307812500003 0.31859753749999997 0.332506515625 0.3110796421875 0.3289909625 0.2933062546875 0.323655771875 0.2883487375 0.31587299999999996 0.28902964062500003 0.3121076734375 0.3020157328125 0.3130495921875 0.3127819015625 0.31869875312499996 0.32132814375 0.32924307812500003 0.31859753749999997
0 0.2539890046875 0.3324137984375 0.25693847187499996 0.321307178125 0.2537368875 0.30712251562500004 0.2484016984375 0.3021649984375 0.24256462031249998 0.3026756765625 0.23848531875 0.3120730484375 0.2397412078125 0.3264279375 0.24539037187499999 0.33497417500000004 0.2539890046875 0.3324137984375
0 0.17842095625 0.342641334375 0.1816844 0.33512343906250003 0.1804285109375 0.32076855000000004 0.1747793453125 0.31222230781250004 0.166996575 0.3129032125 0.1629172734375 0.32230058437500003 0.1641731640625 0.3366554734375 0.16982232656250001 0.345201715625 0.17842095625 0.342641334375
0 0.104484634375 0.349109925 0.10774807187499999 0.3415920296875 0.10649218281249999 0.327237140625 0.1008430203125 0.3186908984375 0.0927462765625 0.3157830828125 0.0886669765625 0.3251804546875 0.0905508109375 0.3467127875 0.093940309375 0.35184053125000003 0.104484634375 0.349109925
0 0.067706728125 0.3993380640625 0.07454758125 0.387890990625 0.07360566406249999 0.3771248265625 0.067642528125 0.3649898609375 0.057914064062500006 0.36584099062500003 0.052830990625 0.3861747578125 0.0587941234375 0.3983097203125 0.0629994828125 0.4015579921875 0.067706728125 0.3993380640625
0 0.14327477187499998 0.38911052343749997 0.14848390625000002 0.38142240156249996 0.14691404375 0.3634787921875 0.1393191875 0.3551027765625 0.135427803125 0.355443228125 0.1294028109375 0.3650108265625 0.1306587 0.379365715625 0.1363078625 0.38791195156249997 0.14327477187499998 0.38911052343749997
0 0.21877861875 0.3445347875 0.2109958484375 0.3452156921875 0.2066025765625 0.351024340625 0.2081724390625 0.3689679484375 0.2115619359375 0.374095696875 0.222106259375 0.371365090625 0.2247417546875 0.35666975 0.21877861875 0.3445347875
0 0.296042584375 0.3648965 0.297674303125 0.36113755 0.2964184125 0.34678265937499997 0.2907692515625 0.3382364234375 0.28298648125 0.33891732812500003 0.2789071796875 0.34831469375 0.279849096875 0.3590808640625 0.28355256875 0.36779733281250004 0.296042584375 0.3648965
0 0.3677192421875 0.3550094125 0.372928378125 0.34732128906250004 0.37167248750000004 0.33296639843750003 0.366023325 0.324420159375 0.358240553125 0.32510106250000004 0.35416125468750004 0.33449843437500004 0.35541714375 0.34885332343750003 0.36106630625 0.3573995640625 0.3677192421875 0.3550094125
0 0.3256061484375 0.40028002812499996 0.32981150625 0.40352829999999995 0.3345187515625 0.401308371875 0.34135960625 0.3898613046875 0.3404176875 0.3790951359375 0.33250885937499997 0.3671304 0.3247260890625 0.367811303125 0.31901506875 0.380967621875 0.3196430140625 0.388145065625 0.3256061484375 0.40028002812499996
0 0.262842090625 0.4111954625 0.266105534375 0.40367756562499996 0.26484964375 0.3893226765625 0.2592004796875 0.3807764359375 0.2514177078125 0.38145734062500003 0.2476523796875 0.39444343125 0.2508539640625 0.40862809218749996 0.2542434609375 0.4137558421875 0.262842090625 0.4111954625
0 0.1869600734375 0.41783427968750003 0.1902235140625 0.4103163828125 0.1867079609375 0.39254299375 0.18137276875 0.387585478125 0.17553569062500002 0.38809615625 0.16982466875 0.4012524734375 0.173026253125 0.41543713593750003 0.1783614421875 0.42039465781249996 0.1869600734375 0.41783427968750003
0 0.11365169374999999 0.4314803140625 0.11691513437500001 0.42396241718749994 0.11339957656249999 0.406189028125 0.11001008125 0.40106128593749996 0.10028161718749999 0.40191241718750004 0.0962023171875 0.4113097875 0.097772178125 0.4292533953125 0.1011616765625 0.43438113906250003 0.11365169374999999 0.4314803140625
0 0.0781915359375 0.4743607765625 0.0814549765625 0.46684287968750005 0.0801990859375 0.452487990625 0.0745499234375 0.4439417546875 0.064821459375 0.4447928859375 0.06105613125 0.4577789765625 0.0642577125 0.47196363906250005 0.0676472125 0.47709138281249996 0.0781915359375 0.4743607765625
0 0.14177145 0.461565871875 0.14710664375 0.46652339375 0.1537595828125 0.46413323906250004 0.1573369921875 0.4602040640625 0.1583407703125 0.4492676734375 0.1554531578125 0.43867173125000003 0.15011796875 0.4337142125 0.14233519687500001 0.4343951171875 0.138255896875 0.4437924890625 0.14177145 0.461565871875
0 0.22738193281250002 0.454075925 0.2325910671875 0.44638780312500004 0.231335178125 0.4320329140625 0.22568601406250002 0.423486671875 0.21595755 0.4243378015625 0.21350997187499998 0.42997622812499997 0.215079834375 0.44791983750000003 0.2207289953125 0.45646607968749997 0.22738193281250002 0.454075925
0 0.303513725 0.4166776296875 0.29541698125 0.4137698140625 0.2893919875 0.4233374125 0.2883882109375 0.43427380312499997 0.2943513484375 0.44640876250000006 0.30684136562500003 0.4435079375 0.30721719687500004 0.425394096875 0.303513725 0.4166776296875
0 0.3768863046875 0.43737979843749997 0.38209543749999997 0.4296916765625 0.38052557343750004 0.4117480640625 0.37487641250000003 0.403201825 0.3670936421875 0.40388272968749994 0.36270036875 0.40969137812499995 0.364584203125 0.4312237109375 0.372179059375 0.4395997203125 0.3768863046875 0.43737979843749997
0 0.3433718421875 0.48009003593750005 0.3485809734375 0.47240191249999997 0.3470111109375 0.45445830468750004 0.33941625468750003 0.44608228906249997 0.33552486875 0.4464227421875 0.329813846875 0.45957905937500004 0.3310697359375 0.473933946875 0.33866459375 0.4823099625 0.3433718421875 0.48009003593750005
0 0.2694355125 0.4865586265625 0.27269895625 0.47904072812500004 0.269497371875 0.464856065625 0.266107875 0.45972832343750003 0.2563794109375 0.4605794546875 0.254245803125 0.4698066015625 0.25518772031250003 0.48057276406250005 0.2608368828125 0.48911900468749997 0.2694355125 0.4865586265625
0 0.1961271359375 0.5002046609375 0.1977588546875 0.496445715625 0.19618899218750002 0.47850210156250006 0.190539828125 0.46995586093749997 0.1827570578125 0.47063676406250005 0.17899173125 0.48362286093750007 0.18219331249999998 0.4978075234375 0.1855828109375 0.502935265625 0.1961271359375 0.5002046609375
0 0.1186133984375 0.510602428125 0.1221908078125 0.5066732515625 0.12256663906250001 0.48855941718749996 0.11886316875 0.4798429484375 0.1088207328125 0.4771053546875 0.10279573906249999 0.4866729515625 0.10436560156250001 0.504616565625 0.1119604578125 0.5129925828124999 0.1186133984375 0.510602428125
0 0.085412903125 0.556901390625 0.0906220390625 0.5492132671875 0.0890521765625 0.5312696531250001 0.0834030109375 0.5227234109375 0.075620240625 0.523404315625 0.0715409390625 0.5328016875 0.07311080156250001 0.550745303125 0.0807056578125 0.5591213171875 0.085412903125 0.556901390625
0 0.16098094999999998 0.5466738484375 0.1645583609375 0.5427446781249999 0.165248165625 0.5282195609375 0.1570253640625 0.5126661015625 0.1511882859375 0.5131767796875 0.1467950109375 0.5189854281249999 0.1464191828125 0.5370992671875 0.15432801093749998 0.5490640015625 0.16098094999999998 0.5466738484375
0 0.23234363593750001 0.5331980390625 0.241444153125 0.525169465625 0.2401882640625 0.5108145765625001 0.234539103125 0.5022683406249999 0.2228649453125 0.503289696875 0.2207313390625 0.5125168375 0.22167325624999998 0.52328300625 0.22732241874999998 0.5318292484375 0.23234363593750001 0.5331980390625
0 0.30822565625 0.5265592234375001 0.3134347875 0.5188711015624999 0.3121788984375 0.5045162125 0.30652973437500003 0.4959699765625 0.2987469640625 0.49665088125 0.29466766093749996 0.506048246875 0.2956095796875 0.5168144156250001 0.30351840937499996 0.5287791515625 0.30822565625 0.5265592234375001
0 0.3877469421875 0.49428867656250003 0.3798381140625 0.4823239359375 0.3740010359375 0.48283461406250006 0.3699217359375 0.49223198593750006 0.3737512625 0.51359409375 0.3873711125 0.5124025109375 0.38900283125 0.5086435640625 0.3877469421875 0.49428867656250003
0 0.352224928125 0.5588716984375 0.35548836875 0.551353803125 0.354232478125 0.5369989125 0.348583315625 0.528452671875 0.34080054375 0.5291335765625 0.3367212421875 0.538530946875 0.33797713125 0.5528858375000001 0.343626296875 0.561432078125 0.352224928125 0.5588716984375
0 0.2780364890625 0.5400490109375 0.27464698906249996 0.5349212624999999 0.26328680625 0.5395313421875 0.2643547828125 0.5629431515625 0.269689971875 0.5679006671875 0.27634290781250004 0.565510515625 0.28123807031250003 0.5542336734375 0.2780364890625 0.5400490109375
0 0.20303453125 0.57915655 0.20792969062500002 0.5678797078125 0.20472810625 0.5536950453125 0.20133860937499998 0.5485673015625 0.191610146875 0.54941843125 0.18784481718749999 0.5624045234375 0.1907324265625 0.5730004625 0.196381590625 0.5815467046875 0.20303453125 0.57915655
0 0.1235108984375 0.55537634375 0.115728128125 0.5560572484375 0.1100171078125 0.5692135656249999 0.1106450515625 0.5763910109375 0.11660818749999999 0.588525971875 0.129098203125 0.585625140625 0.1291600625 0.56392258125 0.1235108984375 0.55537634375
0 0.09627354375 0.6138102671875 0.0883647140625 0.6018455328125001 0.0825276359375 0.6023562109375 0.07744455781250001 0.6226899734375 0.0856673609375 0.6382434265625 0.09426599062499999 0.635683053125 0.09784340625 0.6317538765624999 0.09627354375 0.6138102671875
0 0.17146575625 0.621696565625 0.173097478125 0.6179376140625 0.17152761562500002 0.59999400625 0.16167309375 0.588199490625 0.1561499875 0.5922988953125 0.152384659375 0.6052849859375 0.153326578125 0.61605115625 0.158975740625 0.624597396875 0.17146575625 0.621696565625
0 0.2450881109375 0.61163925 0.24835154843749999 0.604121353125 0.24483599531250003 0.586347971875 0.23755511093749998 0.581560675 0.23008631406250002 0.5858303046875 0.22795270781250002 0.59505745 0.228894625 0.6058236140625 0.2345437859375 0.61436985625 0.2450881109375 0.61163925
0 0.32065615625 0.6014117156250001 0.322287878125 0.5976527625 0.3210319875 0.583297875 0.3131231578125 0.571333140625 0.3072860796875 0.57184381875 0.30320677812499996 0.5812411890625 0.30446266875 0.5955960796875 0.31011183125 0.604142315625 0.32065615625 0.6014117156250001
0 0.3942785078125 0.5913543984375 0.3975419484375 0.583836503125 0.396286059375 0.5694816140625 0.3906368953125 0.560935378125 0.3812224046875 0.565375228125 0.378774821875 0.5710136484375 0.3800307125 0.5853685375000001 0.38567987656249997 0.5939147796875 0.3942785078125 0.5913543984375
0 0.3610780140625 0.6376533609374999 0.3643414578125 0.6301354640625 0.36277159531250003 0.61219185625 0.3551767375 0.603815840625 0.35128535312500003 0.6041562921875 0.3436286375 0.6174828375 0.3448845265625 0.631837725 0.3505336921875 0.6403839671875 0.3610780140625 0.6376533609374999
0 0.273521840625 0.6453135343749999 0.27885703125 0.65027105 0.2855099703125 0.6478809015625 0.2890873828125 0.643951725 0.2900911578125 0.6330153359375 0.2872035484375 0.6224193921875 0.28381405000000004 0.6172916484375001 0.2740855859375 0.6181427796875 0.270320259375 0.631128871875 0.273521840625 0.6453135343749999
0 0.2096279546875 0.65451971875 0.21289139218750003 0.647001821875 0.211321528125 0.629058209375 0.2079320328125 0.623930465625 0.19820356875 0.6247815953125 0.19412426875 0.63417896875 0.1953801578125 0.64853385625 0.20102932031249998 0.6570800921875 0.2096279546875 0.65451971875
0 0.13600559843749999 0.664577028125 0.1392690421875 0.65705913125 0.1380131515625 0.64270424375 0.1323639875 0.6341580015625 0.12263552343749999 0.63500913125 0.11855622031249999 0.6444065046875 0.1198121109375 0.6587613921875 0.12546127499999998 0.667307634375 0.13600559843749999 0.664577028125
0 0.1028051078125 0.7108759906250001 0.1077002671875 0.6995991484374999 0.1044986859375 0.6854144859375 0.0949581359375 0.677208696875 0.0894350296875 0.68130809375 0.085669703125 0.694294190625 0.0885573140625 0.704890128125 0.0942064765625 0.7134363703125 0.1028051078125 0.7108759906250001
0 0.17642745937499998 0.70081868125 0.1816365953125 0.6931305578125 0.1803807046875 0.6787756703125 0.17473154062500001 0.6702294281250001 0.1650030765625 0.6710805578125 0.1609237734375 0.68047793125 0.1621796640625 0.6948328187499999 0.169774521875 0.703208828125 0.17642745937499998 0.70081868125
0 0.2539411984375 0.6904209140625001 0.2572046390625 0.6829030171875 0.2536890828125 0.6651296359375001 0.2502995859375 0.6600018921874999 0.23893940156250001 0.6646119671874999 0.23680579375000002 0.6738391140625 0.2377477109375 0.684605278125 0.2433968734375 0.6931515187499999 0.2539411984375 0.6904209140625001
0 0.32957110156249997 0.65849081875 0.3239219375 0.6499445765625 0.314193475 0.6507957078125 0.31174589531249997 0.6564341265625 0.3133157578125 0.6743777421875 0.321726475 0.68087428125 0.3308269921875 0.6728457078125001 0.32957110156249997 0.65849081875
0 0.40287948125 0.6448447828125 0.39723031875000003 0.6362985421875 0.3878158265625 0.6407383906249999 0.3856822171875 0.6499655375 0.389197775 0.667738925 0.402817621875 0.66654734375 0.406081065625 0.659029446875 0.40287948125 0.6448447828125
0 0.3719386546875 0.6945622390625 0.360138440625 0.6829379546875 0.3524817265625 0.6962645000000001 0.35342364375 0.70703066875 0.36133247343749997 0.7189954046875 0.367985409375 0.71660525 0.3715628265625 0.712676078125 0.3719386546875 0.6945622390625
0 0.292417365625 0.7268327921875 0.297626496875 0.71914466875 0.296056634375 0.7012010546874999 0.2926671390625 0.6960733109375 0.28099298125 0.6970946671875 0.2788593734375 0.7063218140624999 0.282374928125 0.724095196875 0.2877101203125 0.72905271875 0.292417365625 0.7268327921875
0 0.22042673124999998 0.73313115625 0.2230622296875 0.7184358140625 0.22017461875 0.707839871875 0.21257976250000002 0.6994638546874999 0.2051109640625 0.703733484375 0.20266338125 0.70937190625 0.20454721718750002 0.7309042390625 0.2079367171875 0.7360319875 0.22042673124999998 0.73313115625
0 0.141531046875 0.716528390625 0.131802584375 0.7173795203125 0.1277232828125 0.726776890625 0.12866519999999998 0.7375430546875 0.1346283359375 0.7496780171874999 0.1471183546875 0.746777190625 0.1471802109375 0.7250746312499999 0.141531046875 0.716528390625
0 0.10971250156250001 0.7898278796875 0.11328991562499999 0.7858987078124999 0.11366574375 0.76778486875 0.1057569171875 0.7558201328124999 0.097974146875 0.7565010375 0.09389484687500001 0.765898409375 0.095464709375 0.7838420171875 0.10305956406250001 0.7922180328125 0.10971250156250001 0.7898278796875
0 0.18722624062499998 0.7794301171875 0.19048968125000001 0.7719122203125 0.186974128125 0.754138834375 0.1816389359375 0.749181315625 0.17222444374999998 0.7536211703125 0.170404809375 0.7664370375 0.1732924203125 0.777032975 0.17668191718749998 0.7821607234375 0.18722624062499998 0.7794301171875
0 0.24565887968750003 0.7526207765625 0.2491744375 0.770394159375 0.262794284375 0.7692025765625 0.2651158109375 0.750918515625 0.2552612875 0.7391240015625 0.2477924890625 0.7433936296875 0.24565887968750003 0.7526207765625
0 0.3384241875 0.73727248125 0.326623975 0.725648196875 0.32059898124999997 0.7352157890625 0.3221688453125 0.7531594046875 0.3297637 0.7615354140624999 0.334470946875 0.7593154921874999 0.338048359375 0.755386315625 0.3384241875 0.73727248125
0 0.40639737968749995 0.7186689296875 0.396668915625 0.719520059375 0.3925896125 0.728917425 0.39353153125 0.7396835953124999 0.397235003125 0.7484000640625 0.40972501718750004 0.74549923125 0.4123605171875 0.7308038906250001 0.40639737968749995 0.7186689296875
0 0.378470221875 0.7916279671875001 0.3801019390625 0.787869015625 0.3782181046875 0.7663366828125 0.37482860625000003 0.761208940625 0.36510014218750003 0.7620600718749999 0.36102084375 0.7714574421875 0.362276734375 0.78581233125 0.36792589531250003 0.7943585734374999 0.378470221875 0.7916279671875001
0 0.30290217343750003 0.8018555031249999 0.3061656140625 0.7943376062499999 0.3026500578125 0.7765642234375 0.29731486875 0.7716067078125 0.28953209687500003 0.7722876125 0.28545279687499997 0.781684978125 0.2867086859375 0.7960398671875 0.29235785000000003 0.804586109375 0.30290217343750003 0.8018555031249999
0 0.22965565312499997 0.793798978125 0.2240064875 0.7852527359375 0.2126463046875 0.78986281875 0.2137142796875 0.8132746265625 0.2171037765625 0.8184023687499999 0.2276481 0.8156717640625001 0.231225515625 0.8117425921875 0.22965565312499997 0.793798978125
0 0.15208005625 0.82589930625 0.155343496875 0.8183814093749999 0.1518279421875 0.8006080203125 0.1484384421875 0.795480278125 0.1387099796875 0.796331409375 0.13463067812500001 0.80572878125 0.13588656875 0.8200836703125001 0.14153573125000002 0.8286299125 0.15208005625 0.82589930625
0 0.116619896875 0.8687797671874999 0.1218290296875 0.8610916453125 0.1202591671875 0.8431480375 0.1146100046875 0.8346017953124999 0.106827234375 0.8352826984374999 0.1011162140625 0.8484390171875 0.10237210468749999 0.86279390625 0.109966959375 0.8711699218750001 0.116619896875 0.8687797671874999
0 0.19388152187500002 0.8330907218749999 0.18107753124999998 0.832402828125 0.178943925 0.841629975 0.1805137875 0.8595735875000001 0.1877946703125 0.8643608796875 0.1925019140625 0.8621409515625 0.1973970765625 0.850864109375 0.19388152187500002 0.8330907218749999
0 0.2568976921875 0.8474665781249999 0.26110305 0.8507148453125 0.265810296875 0.8484949171875 0.27101942968750004 0.84080679375 0.2694495671875 0.8228631859375 0.26606006875 0.81773544375 0.2563316046875 0.818586575 0.252252303125 0.827983940625 0.2531942203125 0.838750109375 0.2568976921875 0.8474665781249999
0 0.339682421875 0.807678128125 0.33189965 0.80835903125 0.32750637656250003 0.8141676796875 0.3305200453125 0.8374092624999999 0.334725403125 0.8406575343749999 0.3452697265625 0.837926928125 0.347905221875 0.8232315874999999 0.339682421875 0.807678128125
0 0.41305500312500004 0.8283802921874999 0.4202098296875 0.82052194375 0.41863996718749996 0.8025783343749999 0.411045109375 0.79420231875 0.40715372343749995 0.794542771875 0.4011287296875 0.8041103703125 0.40269859218750004 0.822053978125 0.40608809062500006 0.8271817203125 0.41305500312500004 0.8283802921874999
0 0.419946003125 0.51497686875 0.4124772046875 0.5192464921875 0.41002962500000006 0.5248849124999999 0.4115994875 0.5428285265625 0.41724865 0.5513747625 0.427792975 0.5486441625 0.4275408578125 0.5233528781250001 0.419946003125 0.51497686875
0 0.4347003703125 0.6275960515625 0.4382777796875 0.623666875 0.4386536125 0.605553040625 0.43074478281250006 0.5935883 0.42296201250000004 0.5942692046875 0.41888271093749996 0.6036665765625 0.42013860156250005 0.618021465625 0.42804743125 0.6299862046875 0.4347003703125 0.6275960515625
0 0.441607765625 0.7065479390625 0.446816896875 0.6988598171875 0.445247034375 0.6809162046874999 0.43959787187500005 0.67236996875 0.4318151 0.673050871875 0.4277357984375 0.6824482390625 0.4293056609375 0.7003918515625001 0.43690051875 0.7087678625 0.441607765625 0.7065479390625
0 0.4520925703125 0.7815706515625 0.4550420421875 0.7704640359375 0.45215442968749997 0.7598680921875001 0.4465052671875 0.75132185 0.44066818750000003 0.751832528125 0.43527113906250003 0.7685775718750001 0.43815875000000004 0.7791735156249999 0.44154824843749996 0.7843012578125 0.4520925703125 0.7815706515625
0 0.45931393906249995 0.864111265625 0.46257738281250005 0.8565933703124999 0.46100751874999996 0.8386497546875 0.4553583546875 0.83010351875 0.4495212765625 0.8306141968749999 0.44381025625000003 0.843770515625 0.4450661453125 0.8581254046875 0.4507153078125 0.866671640625 0.45931393906249995 0.864111265625
0 0.36949810156249996 0.8683529406250001 0.37514726249999997 0.87689918125 0.38016848125 0.878267978125 0.3848757265625 0.87604805 0.388641053125 0.8630619609375 0.3876991359375 0.8522957906249999 0.38204997500000004 0.8437495484375 0.3723215109375 0.8446006796875001 0.3682422109375 0.8539980500000001 0.36949810156249996 0.8683529406250001
0 0.3084918234375 0.8881550624999999 0.3120692328125 0.884225890625 0.31470473125 0.86953055 0.30874159375 0.8573955890624999 0.30064484999999996 0.85448776875 0.29298813749999997 0.8678143109375 0.2939300546875 0.87858048125 0.3018388828125 0.890545215625 0.3084918234375 0.8881550624999999
0 0.2362490765625 0.8691621484375001 0.22865421874999997 0.8607861328125 0.22118542031250002 0.8650557609374999 0.2190518109375 0.8742829015625 0.22256736875 0.8920562890625 0.2361872171875 0.8908647078125 0.2378189375 0.8871057562500001 0.2362490765625 0.8691621484375001
0 0.1629406921875 0.8828081828125001 0.15340014531249999 0.87460239375 0.143797740625 0.8880991625 0.1447396578125 0.89886533125 0.1484431265625 0.90758179375 0.1593014234375 0.9084399140625001 0.1645105546875 0.9007517921874999 0.1629406921875 0.8828081828125001
0 0.12220954375 0.955079328125 0.12936436875 0.947220978125 0.12779450781249999 0.9292773703125 0.12214534531250001 0.9207311296875 0.11241688125 0.9215822593749999 0.108023609375 0.92739090625 0.1099074453125 0.9489232390625 0.11750229999999999 0.9572992546875 0.12220954375 0.955079328125
0 0.202986725 0.93716366875 0.20725393906249998 0.9187093765625001 0.19934511093750001 0.9067446421875 0.193194059375 0.9036665953125 0.1876709546875 0.9077659984374999 0.185223375 0.9134044187500001 0.1871072109375 0.9349367515625 0.1904967078125 0.9400645000000001 0.202986725 0.93716366875
0 0.27497735625 0.9308653046875 0.27855476874999996 0.9269361265624999 0.27924457343750003 0.9124110125 0.2732814359375 0.9002760515625001 0.2635529734375 0.9011271828125 0.2594736703125 0.910524553125 0.2629892265625 0.9282979359375 0.26832441875 0.9332554578125001 0.27497735625 0.9308653046875
0 0.35023143125 0.9170490453125 0.3548126171875 0.9021834765625 0.35192500625 0.891587534375 0.34658981718750004 0.886630015625 0.3388070453125 0.8873109203125 0.3347277453125 0.8967082921875 0.335983634375 0.91106318125 0.3416327984375 0.91960941875 0.35023143125 0.9170490453125
0 0.425799475 0.906821503125 0.42874894374999994 0.8957148859374999 0.42554736249999997 0.8815302234375 0.4202121703125 0.8765727078125 0.4124293984375 0.8772536125 0.408350096875 0.886650978125 0.4096059875 0.9010058671875001 0.41525515156250004 0.909552109375 0.425799475 0.906821503125
0 0.5967997359375 0.11618789375000001 0.590648684375 0.1131098515625 0.5846236921875 0.12267745000000001 0.5836199140625 0.13361384062499998 0.5918427171875 0.1491672984375 0.59849565625 0.14677714687500001 0.6027628734375 0.12832285937500001 0.5967997359375 0.11618789375000001
0 0.6737497296875 0.1329608859375 0.6766991953125 0.1218542703125 0.6757572781250001 0.1110881 0.670108115625 0.10254186406250002 0.6623253453125 0.10322276718750001 0.65824604375 0.112620134375 0.6595019343749999 0.1269750234375 0.6651510968750001 0.1355212640625 0.6737497296875 0.1329608859375
0 0.7476860515625 0.1264922953125 0.7509494953125 0.11897439843749999 0.749379634375 0.101030790625 0.7459901343750001 0.095903046875 0.7362616703125 0.096754178125 0.7324963421875 0.1097402703125 0.735383953125 0.12033620781250001 0.741033115625 0.12888244843750002 0.7476860515625 0.1264922953125
0 0.8193627140625 0.11660521093750001 0.8229401265625 0.112676034375 0.8233159562499999 0.0945622 0.81766679375 0.0860159578125 0.8079383296874999 0.0868670890625 0.80385903125 0.09626446093749999 0.807374584375 0.11403784374999999 0.8127097750000001 0.11899536562499999 0.8193627140625 0.11660521093750001
0 0.89267109375 0.1029591765625 0.89756625625 0.091682328125 0.896310365625 0.077327440625 0.8906612015625001 0.0687812046875 0.8848241234374999 0.06929188281250001 0.8787991296875 0.078859475 0.877795353125 0.0897958703125 0.8860181546874999 0.10534932500000001 0.89267109375 0.1029591765625
0 0.8594706000000001 0.1492581375 0.864679734375 0.141570015625 0.8627959000000001 0.1200376828125 0.8594064015624999 0.114909940625 0.8496779390625001 0.1157610703125 0.8455986390625 0.1251584375 0.8471685015625001 0.14310205 0.85476335625 0.1514780609375 0.8594706000000001 0.1492581375
0 0.7894875203125 0.1336837171875 0.784152328125 0.1287261953125 0.7747378375 0.13316604999999998 0.775491840625 0.152989134375 0.781141003125 0.1615353765625 0.7877939421875 0.159145221875 0.7930030765625 0.15145709999999998 0.7894875203125 0.1336837171875
0 0.7158033109375 0.1654435859375 0.718752775 0.1543369703125 0.7158651671875 0.1437410265625 0.71247566875 0.13861328281250002 0.7027472046875001 0.13946441406250001 0.700299625 0.1451028359375 0.7018694875 0.1630464484375 0.7052589859375 0.16817419218750002 0.7158033109375 0.1654435859375
0 0.6405492359375 0.17925984687500002 0.64412665 0.1753306765625 0.644816453125 0.16080555937500002 0.6388533171875 0.1486706 0.632702265625 0.1455925515625 0.626677271875 0.15516015 0.6259874671875 0.169685265625 0.6338962984375 0.1816500015625 0.6405492359375 0.17925984687500002
0 0.5669268828125 0.1893171625 0.5698763515625 0.178210540625 0.5666747703125 0.164025878125 0.5632852703125 0.1588981359375 0.5555025 0.159579040625 0.5514232 0.1689764109375 0.552679090625 0.1833313015625 0.5583282515625 0.1918775375 0.5669268828125 0.1893171625
0 0.598436140625 0.22453046875 0.6026414984375 0.2277787375 0.6073487421875 0.225558809375 0.6106121859375 0.21804091250000002 0.6113019875 0.2035157984375 0.6075985171875 0.19479933437500002 0.5995017734375 0.1918915140625 0.5934767812499999 0.20145911249999998 0.594732671875 0.2158140015625 0.598436140625 0.22453046875
0 0.6849243390625 0.1934584875 0.6792751765625 0.1849122453125 0.6679149921875001 0.1895223265625 0.66866899375 0.2093454109375 0.6743181578125 0.217891653125 0.6809710984375 0.21550149843750002 0.6845485078125 0.211572321875 0.6849243390625 0.1934584875
0 0.75622516875 0.2016852375 0.7591746374999999 0.1905786171875 0.7582327203125 0.179812453125 0.7525835562500001 0.1712662109375 0.7448007859375 0.171947115625 0.7407214859375 0.1813444875 0.7442370406250001 0.1991178703125 0.7476265375 0.2042456125 0.75622516875 0.2016852375
0 0.826270109375 0.19555709999999998 0.8311652687500001 0.18428025312500002 0.8299093781250001 0.1699253625 0.8242602171875 0.1613791265625 0.8164774453125 0.16206003125 0.8123981453125 0.171457396875 0.8139680078125 0.18940101250000002 0.8215628625000001 0.197777021875 0.826270109375 0.19555709999999998
0 0.8998924625000001 0.1854997859375 0.9067333156249999 0.17405271718749998 0.905477425 0.159697828125 0.8998282625 0.1511515859375 0.892045490625 0.15183249062499998 0.8879661921875 0.1612298625 0.8892220828124999 0.1755847515625 0.8948712437499999 0.18413099375 0.8998924625000001 0.1854997859375
0 0.8685734625 0.197280321875 0.86047671875 0.19437250156250002 0.8547656984374999 0.20752882343749998 0.8560215875000001 0.2218837140625 0.8616707515625001 0.2304299546875 0.8722150750000001 0.22769935000000002 0.8745365984375001 0.2094152828125 0.8685734625 0.197280321875
0 0.7947013359375 0.2380971109375 0.7982787499999999 0.234167940625 0.79865458125 0.21605409843749998 0.7930054171875 0.20750786406250002 0.783276953125 0.20835899375000003 0.7808293734375 0.2139974140625 0.7846589015625 0.23535952187500003 0.7880483984375 0.24048726406249998 0.7947013359375 0.2380971109375
0 0.7121663796875 0.24712608125000002 0.7163717375 0.2503743484375 0.721078984375 0.24815442656250003 0.72597414375 0.23687757812500002 0.7250322265625 0.22611141406250002 0.7193830640625001 0.2175651734375 0.71160029375 0.21824607812500002 0.7075209921875001 0.2276434484375 0.708462909375 0.2384096125 0.7121663796875 0.24712608125000002
0 0.6474566312500001 0.2582117359375 0.652665765625 0.2505236125 0.6514098765624999 0.2361687234375 0.6457607109375 0.22762248125 0.637977940625 0.22830338593750002 0.6338986390625 0.23770075937500001 0.6348405578125 0.2484669296875 0.638544028125 0.257183390625 0.6474566312500001 0.2582117359375
0 0.573834278125 0.2682690515625 0.5774116921875 0.264339875 0.5777875203125 0.246226040625 0.570192665625 0.23785002500000002 0.5643555874999999 0.238360703125 0.5602762875 0.247758075 0.5615321765625 0.2621129640625 0.567181340625 0.27065920625 0.573834278125 0.2682690515625
0 0.6142561375 0.304510696875 0.621096990625 0.2930636296875 0.6201550734375 0.2822974609375 0.6122462468750001 0.270332725 0.6083548609375 0.2706731765625 0.6023298671874999 0.280240775 0.6038997296875 0.29818438281250004 0.6114945859375001 0.3065604 0.6142561375 0.304510696875
0 0.6895102125 0.2906944375 0.6927736515625 0.28317654062500003 0.6915177625 0.26882165156250004 0.6858685999999999 0.260275415625 0.678085828125 0.2609563203125 0.6743204984375 0.2739424109375 0.675262415625 0.284708575 0.68091158125 0.2932548171875 0.6895102125 0.2906944375
0 0.765078259375 0.2804669 0.7680277234374999 0.2693602796875 0.7651401156250001 0.2587643421875 0.7594909515625 0.2502181 0.7536538734375 0.250728778125 0.7495745734375 0.26012615 0.7508304625 0.2744810390625 0.7564796265625 0.28302728125 0.765078259375 0.2804669
0 0.8348092265625 0.2707500375 0.8383866359375001 0.266820865625 0.8387624671875 0.2487070265625 0.8331133046874999 0.240160784375 0.8253305328125 0.24084168906249998 0.8215652046875 0.2538277859375 0.8247667890624999 0.2680124484375 0.8301019796875 0.27296996562500003 0.8348092265625 0.2707500375
0 0.9103772703124999 0.2605225015625 0.9136407109375 0.25300460625 0.9120708484375 0.23506099218749998 0.9086813499999999 0.2299332484375 0.89700719375 0.2309546046875 0.8945596140625 0.23659302656249998 0.896129478125 0.254536640625 0.9017786390625 0.2630828765625 0.9103772703124999 0.2605225015625
0 0.8663184812500001 0.30596334375 0.8705238390625001 0.3092116125 0.875231084375 0.306991690625 0.8804402171874999 0.2993035671875 0.8811300203125001 0.284778453125 0.8732211921875 0.27281371718749997 0.8670701421875 0.2697356703125 0.8610451484375 0.27930326875 0.8626150109375 0.2972468765625 0.8663184812500001 0.30596334375
0 0.8055001171875 0.31670854843749996 0.8084495859375 0.30560193281250003 0.8055619765625 0.2950059875 0.802172478125 0.2898782453125 0.7924440140625 0.2907293765625 0.7886786859375 0.30371546718750003 0.791566296875 0.3143114109375 0.79495579375 0.319439153125 0.8055001171875 0.31670854843749996
0 0.7299320734375 0.3269360890625 0.7348272328125 0.3156592421875 0.733885315625 0.304893078125 0.7282361515625 0.2963468359375 0.7185076890625 0.297197965625 0.7160601062499999 0.3028363859375 0.7176299687500001 0.32078000156250003 0.7252248265625 0.3291560171875 0.7299320734375 0.3269360890625
0 0.6563097171875001 0.3369934 0.6595731609375 0.32947550312499996 0.658317271875 0.3151206125 0.6507224140625001 0.30674460312499996 0.643253615625 0.3110142265625 0.6411200078125 0.3202413734375 0.6420619249999999 0.3310075375 0.6477110875000001 0.339553778125 0.6563097171875001 0.3369934
0 0.5791099515625 0.3509798859375 0.58595080625 0.3395328171875 0.584694915625 0.32517792968750003 0.5771000609375 0.3168019125 0.573208675 0.317142365625 0.5688154 0.3229510109375 0.5681256 0.337476128125 0.5740887359375 0.3496110875 0.5791099515625 0.3509798859375
0 0.6250549203125 0.383122134375 0.6283183578125 0.3756042375 0.6270624687499999 0.3612493484375 0.6214133078125 0.3527031125 0.611998815625 0.3571429625 0.609551234375 0.3627813828125 0.610807125 0.377136271875 0.6164562890624999 0.3856825140625 0.6250549203125 0.383122134375
0 0.6983632984375 0.36947610000000003 0.7016267421875 0.36195820312500004 0.7003708515625 0.3476033140625 0.6947216875 0.339057071875 0.686938915625 0.33973797656250004 0.682859615625 0.3491353484375 0.686375171875 0.3669087375 0.68976466875 0.37203647968750003 0.6983632984375 0.36947610000000003
0 0.7719856546874999 0.35941879062500004 0.774621146875 0.3447234484375 0.7717335375000001 0.33412750625 0.768344040625 0.32899976249999996 0.76056126875 0.329680665625 0.75648196875 0.3390780390625 0.759997521875 0.35685142187499996 0.7633870218750001 0.36197916406249997 0.7719856546874999 0.35941879062500004
0 0.845608003125 0.349361475 0.848557475 0.33825485781250003 0.8476155578125001 0.3274886890625 0.8419663921874999 0.31894245312499997 0.8341836218750001 0.3196233578125 0.8301043203124999 0.3290207234375 0.8313602109374999 0.3433756125 0.8370093734375 0.3519218546875 0.845608003125 0.349361475
0 0.919230359375 0.33930416406249997 0.922493796875 0.33178626875 0.9212379078125 0.3174313796875 0.9155887453125 0.3088851375 0.9058602812500001 0.3097362671875 0.9017809828125 0.319133640625 0.9030368718749999 0.333488528125 0.9086860343750001 0.3420347703125 0.919230359375 0.33930416406249997
0 0.8880374156249999 0.3637303421875 0.8762372015625 0.352106053125 0.8688944609375 0.369021321875 0.8717820703125 0.379617265625 0.8774312343749999 0.38816350625 0.8860298656250001 0.3856031265625 0.8889793328125 0.37449650624999997 0.8880374156249999 0.3637303421875
0 0.8127214859375 0.3992491609375 0.8159849265625001 0.39173126406250003 0.8166747265625001 0.37720615 0.8129712578125 0.36848968125 0.802928821875 0.36575209218750004 0.798849521875 0.3751494609375 0.800419384375 0.3930930734375 0.8080142390624999 0.40146908281250004 0.8127214859375 0.3992491609375
0 0.7407308515625 0.40554752499999996 0.743680321875 0.39444090468750004 0.7427384046875 0.383674740625 0.737089240625 0.37512849843749996 0.7273607765625 0.37597962812499996 0.72522716875 0.385206775 0.726483059375 0.39956166406250004 0.7321322218749999 0.40810789999999997 0.7407308515625 0.40554752499999996
0 0.6632171125 0.41594528750000004 0.6667945296875 0.412016115625 0.6671703578125 0.3939022765625 0.66152119375 0.385356034375 0.6537384234375 0.3860369390625 0.649659125 0.3954343109375 0.6509150140625 0.40978919999999996 0.6565641765625 0.4183354421875 0.6632171125 0.41594528750000004
0 0.5895947640625 0.42600260156249997 0.5931721734375001 0.4220734265625 0.593861978125 0.4075483109375 0.5901585078125 0.3988318484375 0.5820617640625 0.395924028125 0.57603676875 0.4054916265625 0.5772926593750001 0.4198465140625 0.5848875171875 0.42822253125 0.5895947640625 0.42600260156249997
0 0.6335940359375 0.45831507812499994 0.636543503125 0.44720845625 0.63334191875 0.43302379375 0.629952421875 0.4278960515625 0.6221696515625 0.42857695468749996 0.61809035 0.437974328125 0.6196602109375 0.4559179359375 0.6230497109375001 0.46104567812499997 0.6335940359375 0.45831507812499994
0 0.70527069375 0.44842798906250003 0.708848109375 0.4444988171875 0.7095379109375 0.42997370312500005 0.703574775 0.417838740625 0.6974237249999999 0.4147606953125 0.6913987328125 0.424328290625 0.69039495625 0.43526468124999995 0.69861775625 0.45081814218750005 0.70527069375 0.44842798906250003
0 0.77889305 0.4383706796875 0.782470459375 0.43444150156249994 0.782846290625 0.4163276671875 0.777197128125 0.40778142656250005 0.76941435625 0.40846232968749996 0.7653350546875 0.41785970156249996 0.7665909453124999 0.4322145921875 0.772240109375 0.44076083125 0.77889305 0.4383706796875
0 0.8564067874999999 0.4279729109375 0.8590422796875 0.41327757031249995 0.8564686437500001 0.4062703515625 0.8469280953125 0.3980645625 0.8414049890624999 0.40216396562499995 0.8392713828125 0.41139111093749997 0.8402132999999999 0.422157275 0.8458624625000001 0.43070351718750005 0.8564067874999999 0.4279729109375
0 0.9280834468749999 0.418085828125 0.9313468874999999 0.41056793125 0.9297770234374999 0.3926243171875 0.9241278609375 0.38407808125 0.9182907828125 0.38458875937500003 0.913897509375 0.39039740625 0.913521678125 0.40851124062500005 0.9214305078124999 0.4204759765625 0.9280834468749999 0.418085828125
0 0.8926232875 0.46096629062499994 0.8962007015625 0.45703711875 0.8968905062499999 0.44251200468749996 0.8909273687500001 0.4303770421875 0.883144596875 0.43105794687500004 0.8790652968750001 0.44045531406249994 0.8803211859375001 0.454810203125 0.88597035 0.46335644531250003 0.8926232875 0.46096629062499994
0 0.8210084859375 0.4491508203125 0.8156732953124999 0.4441932984375 0.8062588046875 0.448633153125 0.80701280625 0.4684562375 0.8126619703125 0.4770024796875 0.8212606015624999 0.4744420984375 0.8228923218749999 0.470683153125 0.8210084859375 0.4491508203125
0 0.746006528125 0.48825835937499995 0.750901690625 0.4769815171875 0.7496457999999999 0.46262662812500005 0.7439966359375 0.4540803875 0.7381595578125 0.454591065625 0.7321345640625 0.46415866406250006 0.733390453125 0.4785135515625 0.7390396171875 0.48705979375 0.746006528125 0.48825835937499995
0 0.672070203125 0.49472695 0.6769653625000001 0.48345010781250003 0.6763374171875001 0.4762726640625 0.6703742828125 0.464137703125 0.66422323125 0.4610596546875 0.6565665203125 0.4743862 0.6575084375 0.48515236875 0.6634715718749999 0.4972873296875 0.672070203125 0.49472695
0 0.59844785 0.504784265625 0.6017112906250001 0.49726636874999997 0.6001414281249999 0.4793227546875 0.5967519296875 0.4741950109375 0.587023465625 0.4750461421875 0.5832581359375 0.488032234375 0.5861457484375 0.49862817656249997 0.5917949109375 0.5071744140625001 0.59844785 0.504784265625
0 0.6346001515624999 0.503429440625 0.6307087671875 0.50376989375 0.6249977453125 0.5169262156250001 0.626253634375 0.5312811046875 0.6319028 0.539827346875 0.6405014312499999 0.5372669671875 0.6450826203125 0.5224014 0.6346001515624999 0.503429440625
0 0.7161313328125 0.505336865625 0.7043311203125 0.49371258281249997 0.6986201000000001 0.5068689 0.699875990625 0.5212237890625 0.7055251515625 0.5297700296875 0.7141237828125 0.5272096515625 0.7173872234374999 0.5196917546875001 0.7161313328125 0.505336865625
0 0.7896918265624999 0.5169821156250001 0.7926412984375 0.5058754953125 0.7894397140625 0.49169083125 0.786050215625 0.4865630890625 0.7782674453125 0.48724399218750003 0.77418814375 0.49664136562500005 0.775444034375 0.510996253125 0.781093196875 0.5195424890625 0.7896918265624999 0.5169821156250001
0 0.85942279375 0.507265253125 0.8662636484374999 0.495818184375 0.8653217296875001 0.4850520140625 0.857412903125 0.47308727968750003 0.851575825 0.47359795781249997 0.8471825515625 0.47940660468749996 0.8468067234375001 0.49752044531250006 0.8524558859375 0.5060666875 0.85942279375 0.507265253125
0 0.9349908421875 0.49703771718749995 0.9382542812500001 0.4895198203125 0.93668441875 0.47157620624999996 0.9332949218750001 0.4664484640625 0.9235664578125 0.46729959374999996 0.91948715625 0.4766969671875 0.9207430453125 0.4910518546875 0.9263922109375 0.49959809687499995 0.9349908421875 0.49703771718749995
0 0.8978347640625 0.5093289265625 0.8919976843749999 0.5098396046875 0.8862866640625 0.5229959265625 0.8872285812499999 0.533762090625 0.8928777453125001 0.5423083328125 0.90342206875 0.5395777265625 0.9034839281249999 0.5178751687500001 0.8978347640625 0.5093289265625
0 0.829861571875 0.5279324828124999 0.8203210249999999 0.5197266921875 0.8142960296874999 0.5292942921875 0.8132922562499999 0.54023068125 0.8192553921875 0.5523656484374999 0.826222303125 0.5535642140625 0.831431434375 0.545876090625 0.829861571875 0.5279324828124999
0 0.7561773640625 0.5596923515625 0.7594408046875001 0.5521744546875 0.75592525 0.5344010734375 0.7505900578125 0.5294435578125001 0.7447529796875 0.5299542359375 0.73935593125 0.546699271875 0.74224354375 0.5572952156250001 0.7456330390625 0.5624229578125 0.7561773640625 0.5596923515625
0 0.6828689828125001 0.5733383859375001 0.6874501734375 0.5584728203125 0.6848765343750001 0.5514656015625 0.6792273703125 0.542919359375 0.6714446 0.5436002640625001 0.667365296875 0.5529976359375001 0.6708808546875 0.570771025 0.6742703515625 0.5758987671875 0.6828689828125001 0.5733383859375001
0 0.60924663125 0.583395703125 0.612510071875 0.5758778062500001 0.61125418125 0.561522915625 0.6056050187500001 0.552976675 0.5978222468750001 0.5536575796875 0.5937429484375001 0.5630549499999999 0.5949988375 0.577409840625 0.600648 0.58595608125 0.60924663125 0.583395703125
0 0.6496684890625 0.6196373484375 0.6526179609375 0.6085307328125 0.6510480984375 0.59058711875 0.6476585984375001 0.5854593765625 0.6398758265625 0.5861402796874999 0.635796528125 0.5955376515624999 0.637366390625 0.6134812609375 0.6449612453125 0.6218572765625 0.6496684890625 0.6196373484375
0 0.721031178125 0.6061615406249999 0.7246085921875001 0.60223236875 0.7249844203125 0.5841185296875 0.719335259375 0.5755722921875 0.7096067953125 0.5764234218750001 0.7071592140625 0.58206184375 0.7087290765625001 0.6000054515625 0.714378240625 0.60855169375 0.721031178125 0.6061615406249999
0 0.794967503125 0.59969295 0.8001766390625 0.5920048265625 0.8011804124999999 0.5810684375 0.7952172765625 0.568933475 0.789066225 0.5658554296875 0.7814095125 0.5791819734375 0.7823514296875 0.5899481421874999 0.7880005921875 0.598494384375 0.794967503125 0.59969295
0 0.8722291249999999 0.5640039046875 0.8665799640625 0.5554576625000001 0.8587971921875001 0.5561385671875 0.8534001453125001 0.572883609375 0.8616229453124999 0.5884370703124999 0.8682758843749999 0.586046915625 0.8718532968750001 0.58211774375 0.8722291249999999 0.5640039046875
0 0.943843928125 0.5758193796875 0.947107371875 0.5683014828124999 0.9458514812500001 0.55394659375 0.9402023171874999 0.5454003515625 0.9343652390624999 0.5459110296875 0.9302859390625 0.555308403125 0.9315418296875 0.569663290625 0.9391366828125 0.5780393015625 0.943843928125 0.5758193796875
0 0.9103294640625 0.618529615625 0.9135929046875001 0.61101171875 0.9123370140624999 0.59665683125 0.9066878515625 0.5881105953125 0.89890508125 0.5887914984375 0.89482578125 0.598188865625 0.896081671875 0.612543753125 0.9017308328125001 0.6210899953125 0.9103294640625 0.618529615625
0 0.8361410234375001 0.5997069265625 0.8252827281249999 0.598848809375 0.821203425 0.6082461796875 0.8247189828125 0.6260195625 0.8281084796875 0.63114730625 0.8367071125000001 0.62858693125 0.8399705515625 0.6210690359375 0.8361410234375001 0.5997069265625
0 0.765030453125 0.6384740156250001 0.7679799187499999 0.6273674 0.7647783375 0.6131827359375001 0.7574974531249999 0.6083954390625 0.751974346875 0.61249484375 0.7482090203125 0.625480934375 0.7510966296875 0.636076878125 0.754486128125 0.6412046203124999 0.765030453125 0.6384740156250001
0 0.689776378125 0.6522902765625 0.6933537921874999 0.6483611046875 0.6940435968750001 0.6338359890625 0.688080459375 0.621701028125 0.6802976875 0.6223819328125 0.6745866656249999 0.63553825 0.6755285828125001 0.6463044140624999 0.681177746875 0.6548506546875 0.689776378125 0.6522902765625
0 0.61420833125 0.6625178171874999 0.6194174671875 0.6548296953125 0.617847603125 0.6368860796875 0.6121984406250001 0.62833984375 0.6083070546875 0.628680296875 0.6022820609374999 0.6382478890625001 0.6012782875 0.649184284375 0.607241421875 0.6613192453125001 0.61420833125 0.6625178171874999
0 0.656575884375 0.6985892375 0.6617850187500001 0.6909011140625 0.6602151562499999 0.6729575062500001 0.6565116859375 0.6642410375 0.646783221875 0.66509216875 0.6427039234375 0.674489540625 0.6439598140625 0.6888444296875 0.649608975 0.697390671875 0.656575884375 0.6985892375
0 0.731829959375 0.6847729765625 0.7350934 0.6772550796875 0.733837509375 0.6629001921875 0.728188346875 0.65435395 0.720405575 0.655034853125 0.7163262734375 0.6644322265625 0.7175821625000001 0.6787871156249999 0.723231328125 0.68733335625 0.731829959375 0.6847729765625
0 0.8035066171875 0.6748858921875 0.8067700609375 0.6673679953125 0.8055141718750001 0.6530131078125 0.79986500625 0.644466865625 0.7920822359375 0.6451477703124999 0.7883169078125001 0.6581338624999999 0.7915184921875 0.672318525 0.79685368125 0.6772760421874999 0.8035066171875 0.6748858921875
0 0.8771289734375 0.6648285781250001 0.8803924109375 0.65731068125 0.8791365203125 0.64295579375 0.8734873593750001 0.63440955625 0.8657045890624999 0.6350904609375 0.8632570062499999 0.64072888125 0.8651408406250001 0.6622612140624999 0.868530340625 0.6673889578125001 0.8771289734375 0.6648285781250001
0 0.9543905953125 0.6291395328125 0.944850046875 0.6209337421875001 0.938825053125 0.630501340625 0.9378212796875 0.6414377359375 0.9437844140625 0.653572696875 0.9507513234375 0.6547712671875 0.9559604578125 0.6470831453125 0.9543905953125 0.6291395328125
0 0.9189304375 0.6720200015625 0.9155409390625 0.666892253125 0.90418075625 0.6715023328124999 0.9049347578125 0.6913254171875 0.910583921875 0.6998716578125 0.9172368593750001 0.69748150625 0.92213201875 0.6862046640624999 0.9189304375 0.6720200015625
0 0.8439284796875001 0.7111275406249999 0.8475058921875 0.7071983687500001 0.848195696875 0.6926732531249999 0.842232559375 0.6805382921875001 0.8344497890625 0.6812191953125 0.8303704875 0.6906165625 0.8316263781250001 0.7049714515625001 0.8372755406250001 0.7135176921874999 0.8439284796875001 0.7111275406249999
0 0.7719378484375 0.7174259046875 0.7752012859375 0.7099080078125 0.7739453953125001 0.69555311875 0.7682962343749999 0.68700688125 0.7605134640625 0.6876877859375 0.7564341625 0.697085153125 0.759949715625 0.714858540625 0.7633392156250001 0.7199862828125 0.7719378484375 0.7174259046875
0 0.6966837734375 0.731242165625 0.7012649640624999 0.7163765984375 0.6983773515625 0.7057806609374999 0.694987853125 0.7006529125000001 0.685259390625 0.7015040421875 0.6811800875 0.7109014140625 0.68212200625 0.7216675828125 0.6900308359375 0.73363231875 0.6966837734375 0.731242165625
0 0.623061421875 0.7412994796875 0.628270553125 0.7336113578125001 0.6292743296875 0.7226749625 0.62331119375 0.7105400000000001 0.6152144500000001 0.7076321796875 0.6095034296875 0.720788503125 0.610445346875 0.7315546671875001 0.6141488171875 0.7402711359375 0.623061421875 0.7412994796875
0 0.6651150015625 0.77378218125 0.6683784421875 0.7662642843749999 0.6668085796875001 0.7483206703125 0.6611594171874999 0.739774434375 0.6553223390625 0.7402851125 0.64961131875 0.7534414296875 0.6505532359374999 0.7642075937499999 0.6565163703125 0.7763425546875 0.6651150015625 0.77378218125
0 0.73484596875 0.7640653171875 0.7420007953125001 0.75620696875 0.7404309328124999 0.7382633609375 0.7328360765624999 0.7298873453125 0.7269989984375 0.7303980234375 0.7232336687500001 0.7433841140624999 0.7241755859375 0.754150284375 0.7298247515625 0.762696525 0.73484596875 0.7640653171875
0 0.8104140125000001 0.7538377828125 0.813991428125 0.7499086046875 0.8143672578125001 0.7317947703125001 0.8087180937499999 0.7232485296875 0.8009353234375001 0.723929434375 0.7968560250000001 0.7333268046875 0.7981119140625 0.7476816953125 0.8037610765625001 0.7562279359375 0.8104140125000001 0.7538377828125
0 0.88403636875 0.743780465625 0.8892455 0.73609234375 0.8879896109375001 0.7217374546875 0.8842861390625 0.7130209875 0.8745576765624999 0.7138721171875 0.8704783734375001 0.723269490625 0.8714202921875 0.734035659375 0.8770694562499999 0.7425818953125 0.88403636875 0.743780465625
0 0.9638716265625 0.7150986390625 0.955648828125 0.699545184375 0.94981175 0.7000558625 0.944728675 0.7203896234375 0.9506918093750001 0.7325245859375 0.959290440625 0.72996420625 0.9628678531249999 0.7260350343749999 0.9638716265625 0.7150986390625
0 0.9283496124999999 0.779681665625 0.931613053125 0.7721637703125 0.930043190625 0.7542201562499999 0.9243940281249999 0.7456739203125 0.9185569499999999 0.7461845984375 0.9128459265625001 0.759340915625 0.91378784375 0.7701070796875 0.9216966734375 0.7820718140625 0.9283496124999999 0.779681665625
0 0.8547272593749999 0.7897389765625 0.857676728125 0.7786323609375 0.8567348109375 0.7678661921875001 0.8468802890625 0.75607168125 0.8413571828125 0.7601710796875001 0.8392235765624999 0.7693982265625 0.8404794671875001 0.7837531140625 0.8461286296875 0.79229935625 0.8547272593749999 0.7897389765625
0 0.7807909343749999 0.7962075671875 0.783740403125 0.78510095 0.78053881875 0.7709162875 0.777149321875 0.7657885390625 0.7693665515625 0.7664694437499999 0.7652872484375 0.7758668171875 0.7665431390624999 0.7902217046875 0.772192303125 0.798767946875 0.7807909343749999 0.7962075671875
0 0.7055368609375 0.8100238281250001 0.709804078125 0.7915695406250001 0.7072304421875 0.784562321875 0.7038409421875 0.77943458125 0.694112478125 0.7802857109375 0.6916648999999999 0.78592413125 0.693548734375 0.8074564640625 0.6988839234374999 0.81241398125 0.7055368609375 0.8100238281250001
0 0.6319145109375001 0.8200811421875001 0.6351779484375 0.8125632453125 0.6339220578125 0.7982083578125 0.628272896875 0.789662115625 0.6185444328124999 0.7905132453125 0.6160968515625 0.7961516671875 0.6176667140625 0.8140952796875001 0.623315878125 0.8226415171875001 0.6319145109375001 0.8200811421875001
0 0.6739680906250001 0.8525638437499999 0.677231528125 0.8450459468749999 0.6759756390625 0.8306910593750001 0.6680668109375001 0.8187263187499999 0.6622297328125 0.8192369968750001 0.6581504328125 0.8286343671875 0.6597202953125 0.84657798125 0.665369459375 0.8551242234374999 0.6739680906250001 0.8525638437499999
0 0.747590440625 0.8425065296875 0.752485603125 0.8312296874999999 0.7518576578125 0.8240522421875 0.7436348578125 0.8084987828125 0.737797778125 0.8090094609375 0.7320867578125 0.8221657765625 0.733028675 0.832931946875 0.7409375046875 0.8448966812500001 0.747590440625 0.8425065296875
0 0.821212796875 0.8324492187500001 0.8244762343750001 0.8249313234375 0.8209606796875001 0.807157934375 0.813365825 0.798781925 0.8078427187500001 0.802881321875 0.8053951375 0.8085197421875 0.8072789734375 0.8300520765625 0.8106684703125 0.83517981875 0.821212796875 0.8324492187500001
0 0.896528728125 0.7969303984375 0.893139228125 0.79180265625 0.8817790437499999 0.79641273125 0.882533046875 0.8162358140625001 0.8881822093749999 0.8247820562499999 0.894835146875 0.8223919046875 0.899730309375 0.8111150625000001 0.896528728125 0.7969303984375
0 0.9701510765625001 0.7868730828125 0.9606105296875 0.77866729375 0.952953815625 0.7919938421875 0.9538957328125001 0.80276000625 0.959544896875 0.8113062484375 0.9681435296875 0.8087458671875 0.9714069671875001 0.801227971875 0.9701510765625001 0.7868730828125
0 0.939210253125 0.8365905437500001 0.9274100375 0.82496625625 0.9216990171875 0.838122578125 0.92295490625 0.8524774671875001 0.9305497624999999 0.8608534828125001 0.9352570078125 0.8586335546875 0.9388344203125 0.854704378125 0.939210253125 0.8365905437500001
0 0.86358035 0.8685206390625 0.8665298140625 0.8574140234375 0.865273925 0.843059134375 0.8596247625 0.8345128921875 0.8463188859375 0.8392932 0.8441852781250001 0.8485203406249999 0.8454411687500001 0.8628752296875 0.85109033125 0.871421471875 0.86358035 0.8685206390625
0 0.7899579937500001 0.8785779546875 0.7932214375 0.8710600578125 0.791965546875 0.8567051687499999 0.7840567171874999 0.844740434375 0.7801653328125 0.8450808859375 0.7744543109375 0.858237203125 0.7757102015624999 0.8725920921875 0.7813593640625001 0.8811383296875 0.7899579937500001 0.8785779546875
0 0.7124442546875 0.8889757156250001 0.717653390625 0.88128759375 0.716083528125 0.863343984375 0.7104343640625 0.8547977421875 0.7045972859375 0.855308421875 0.7002040125 0.8611170687499999 0.699828184375 0.8792309078124999 0.7054773453125 0.8877771453125 0.7124442546875 0.8889757156250001
0 0.640767596875 0.89886280625 0.644345009375 0.894933628125 0.6447208421874999 0.87681979375 0.6410173703125001 0.8681033265625 0.6309749328125001 0.86536573125 0.6265816609375 0.8711743843749999 0.62589185625 0.8856994984375 0.634114659375 0.9012529593749999 0.640767596875 0.89886280625