0 0.904409453125 0.11251045 0.899892784375 0.102581146875 0.8868414281250001 0.0933309640625 0.8601252421875 0.0923980140625 0.8514542328125 0.09698100625 0.8438271875 0.10648623906250002 0.8410576265625 0.11616110312500001 0.8432137187500001 0.1240536578125 0.8537000046875001 0.137122896875 0.8620983671875001 0.1403476484375 0.880279859375 0.14195971875 0.887634253125 0.1402622234375 0.8988703375 0.1318601734375 0.9040004749999999 0.12422206093749999 0.904409453125 0.11251045
0 0.7734617796875 0.1020747125 0.7627710015625 0.0948612765625 0.7434092140625 0.0922308328125 0.733626075 0.0938435125 0.719824925 0.1060646171875 0.7169190375000001 0.11964335 0.71914329375 0.1255839671875 0.73566735625 0.13984121249999998 0.7562776015625 0.14153809374999998 0.766128903125 0.1379734796875 0.7775694718749999 0.123715625 0.7780466125000001 0.1100520796875 0.7734617796875 0.1020747125
0 0.6516156078125 0.1095456421875 0.64473835625 0.097579590625 0.6316188359375 0.0902813421875 0.6097601421875 0.08951801875 0.598592225 0.0959681328125 0.5934620828125 0.103606246875 0.5904880375 0.1191369140625 0.5927122890625001 0.1250775328125 0.6093045203125 0.1373828375 0.627486015625 0.13899490781249998 0.6348404078125001 0.1372974140625 0.6435114203125 0.1327144234375 0.6512066296875 0.1212572546875 0.6516156078125 0.1095456421875
0 0.520667934375 0.0991099015625 0.5124059 0.09198128125 0.5051878328125 0.089774903125 0.48083222968749995 0.090878703125 0.4695961484375 0.099280753125 0.46439784531250006 0.1088707984375 0.46628128437500005 0.12457109375 0.479264478125 0.13577321250000002 0.490091584375 0.1390827796875 0.5059125 0.13865809843750002 0.519577325 0.130340865625 0.5247074640625 0.12270275156249999 0.5252527687499999 0.10708727031250001 0.520667934375 0.0991099015625
0 0.40617615625000003 0.1048833390625 0.3979822890625 0.0958027828125 0.386043059375 0.0895229078125 0.3641162015625 0.090711521875 0.352948284375 0.09716163125 0.3478181421875 0.1047997453125 0.3472728375 0.1204152265625 0.34956525625 0.1244039125 0.35775912656250003 0.13348446875 0.3733755546875 0.1389155953125 0.3794133328125 0.1401035984375 0.391693375 0.13662379375 0.40292945781249995 0.1282217484375 0.408127759375 0.11863169843750002 0.40617615625000003 0.1048833390625
0 0.26953151875 0.0834999203125 0.25995286875 0.07925679531249999 0.2380260109375 0.08044540624999999 0.22179611875 0.092581696875 0.21916288593750002 0.09835269218750001 0.22340690468750002 0.11608973281249998 0.23402951875000003 0.1252551046875 0.2448566203125 0.12856466875 0.255751884375 0.129922296875 0.27302574687500003 0.12270825156250001 0.2819694078125 0.11031751875 0.280085971875 0.0946172234375 0.26953151875 0.0834999203125
0 0.15871694218750002 0.08842461093750001 0.15288365312500002 0.081380803125 0.13608693593750001 0.0749313015625 0.1263719609375 0.074592046875 0.11409191562500001 0.07807185 0.1002226015625 0.0922448890625 0.099677296875 0.1078603703125 0.110231746875 0.118977675 0.1209906875 0.124239175 0.136743440625 0.12576643125 0.1515203921875 0.12041950625 0.16039589375000002 0.10998071093749999 0.1610093609375 0.09241329375 0.15871694218750002 0.08842461093750001
0 0.83867191875 0.1844788328125 0.82325998125 0.173191903125 0.7989725421875 0.1723437671875 0.7826744875 0.1864319921875 0.78206101875 0.2039994109375 0.784353434375 0.20798809375 0.797336628125 0.21919021249999998 0.80580315 0.22046302812500002 0.8166984156250001 0.22182065624999997 0.8240528125000001 0.2201231609375 0.8403508703125 0.2060349375 0.8432567531249999 0.1924562015625 0.83867191875 0.1844788328125
0 0.7145333296875 0.18796108125 0.709948496875 0.1799837125 0.7016864625 0.17285509375000002 0.6896790734375 0.16852715468749999 0.6726097 0.1698853953125 0.6588767125 0.18015456406250002 0.6536784109375 0.18974461250000002 0.6534739218750001 0.19560041875 0.6602830109375 0.209518403125 0.6661844625 0.21461027812500003 0.6770115640625 0.21791983906249998 0.6879068328125 0.2192774703125 0.700186875 0.21579766718750001 0.711422959375 0.20739562031249997 0.7140561875 0.2016246296875 0.7145333296875 0.18796108125
0 0.58837498125 0.1796469046875 0.5801129484375 0.17251828281249998 0.5681055546875 0.1681903453125 0.546178696875 0.16937895625 0.537439525 0.1759138828125 0.5322412203125 0.1855039328125 0.5316959156250001 0.20111941406249997 0.5446109453125 0.2142734671875 0.55543805 0.21758303125 0.5639045703125001 0.218855846875 0.576184615625 0.21537604375 0.589985765625 0.203154940625 0.590667396875 0.1836355875 0.58837498125 0.1796469046875
0 0.464100065625 0.1870330203125 0.4535456171875 0.17591571718750001 0.44396696875 0.1716725921875 0.42204010937499997 0.17286120625 0.41087219375000006 0.17931131718749999 0.40567388906249996 0.18890136562499998 0.40526491093750006 0.200612975 0.409781584375 0.2105422796875 0.42408139375 0.21885890312499998 0.442262890625 0.22047097343750002 0.44961728437500004 0.218773478125 0.46341843593750004 0.20655237343750002 0.46625615781249996 0.19492557500000002 0.464100065625 0.1870330203125
0 0.33551297343750003 0.17863403125 0.324958521875 0.167516725 0.315379871875 0.16327360156249998 0.2934530125 0.1644622140625 0.277154959375 0.178550440625 0.2766778171875 0.1922139859375 0.2835550703125 0.20418003593749998 0.2954943 0.2104599125 0.3112470515625 0.2119871671875 0.3186014484375 0.2102896734375 0.3348313421875 0.19815338124999998 0.3376009 0.188478521875 0.33551297343750003 0.17863403125
0 0.21421210781250002 0.17048947812499998 0.2059500734375 0.163360859375 0.1939426828125 0.1590329203125 0.1842277078125 0.158693665625 0.167022009375 0.163955778125 0.1607797453125 0.1686235796875 0.15301637031249998 0.18203268749999998 0.162186040625 0.1979874234375 0.176485853125 0.206304046875 0.1970960921875 0.208000928125 0.20202174374999998 0.2062186203125 0.2132578234375 0.1978165734375 0.218456128125 0.1882265234375 0.21421210781250002 0.17048947812499998
0 0.8860413765624999 0.2555112140625 0.869108334375 0.25296558281250003 0.861753940625 0.254663078125 0.8430271375 0.268666490625 0.8424136703125 0.2862339046875 0.8469985031249999 0.29421127343750003 0.8576892812500001 0.301424709375 0.8637270593749999 0.302612709375 0.8770510687499999 0.30405515312500003 0.8844054625 0.30235765937500003 0.9006353578124999 0.29022136875000004 0.903745734375 0.27078683125 0.8860413765624999 0.2555112140625
0 0.7752268 0.2604359015625 0.76217544375 0.25118572031249997 0.7403167484375001 0.25042239843749997 0.7267200875000001 0.25678769687499997 0.7190930421874999 0.26629292968749996 0.7186159 0.2799564796875 0.723200734375 0.287933846875 0.7314627671875 0.2950624671875 0.74228986875 0.2983720296875 0.7507563921875 0.2996448453125 0.7679620875000001 0.2943827375 0.7793344953125 0.28207681875 0.7798116375 0.2684132703125 0.7752268 0.2604359015625
0 0.6535169562500001 0.2640029625 0.638173184375 0.2507640953125 0.6163144890625001 0.2500007734375 0.6064631875 0.253565390625 0.5976558484375001 0.26205225 0.5946818 0.2775829171875 0.5969060546875 0.28352354062499996 0.6074605078124999 0.29464084375 0.6158588640625 0.29786559375 0.6316116171874999 0.29939285 0.64146291875 0.295828234375 0.6527671609375 0.28547425312499997 0.6557412109375 0.269943584375 0.6535169562500001 0.2640029625
0 0.516531503125 0.252379221875 0.5045241078125 0.24805128437500001 0.48488966875 0.2532285828125 0.473585425 0.26358256406249997 0.47290379531250004 0.283101915625 0.4751962140625 0.2870906015625 0.48345824375 0.2942192203125 0.499074671875 0.299650346875 0.514963753125 0.2972737328125 0.5312618109375 0.2831855046875 0.531807115625 0.26757002343749997 0.529514696875 0.263581340625 0.516531503125 0.252379221875
0 0.3910763015625 0.258746965625 0.3804536859375 0.249581596875 0.3708750375 0.24533847031249997 0.35137692343750004 0.24661189687500001 0.335147028125 0.25874818906249997 0.336757815625 0.28225622499999997 0.34738042812500003 0.29142159375 0.35577878749999997 0.29464634375 0.36910279687499997 0.2960887875 0.3789540984375 0.2925241703125 0.3927552484375 0.28030306562499996 0.3933687171875 0.26273564843749997 0.3910763015625 0.258746965625
0 0.2517984265625 0.24313453906250002 0.2347972203125 0.24254084374999998 0.21613858437500003 0.2545923234375 0.213096371875 0.2720749234375 0.2153206265625 0.2780155453125 0.22948410937500002 0.29023603593749997 0.25252309375 0.292017734375 0.27124989843749997 0.278014321875 0.2740876203125 0.266387521875 0.271863365625 0.2604469046875 0.2517984265625 0.24313453906250002
0 0.150698825 0.24839848281250002 0.1328581453125 0.2370267375 0.1133600328125 0.2383001640625 0.0971301375 0.25043645625 0.0919318328125 0.26002650156249996 0.0915910171875 0.26978617968749996 0.1129044078125 0.286164984375 0.133514646875 0.28786186874999997 0.14711130781249998 0.28149656875 0.1547383578125 0.2719913328125 0.1552836625 0.2563758515625 0.150698825 0.24839848281250002
0 0.20592133750000002 0.33827109375000003 0.19293814375 0.3270689765625 0.18093075 0.3227410375 0.168787034375 0.32231696875 0.1589357328125 0.3258815859375 0.15019655781250002 0.332416509375 0.1425013484375 0.34387368125 0.142365021875 0.34777755 0.15160285625 0.36178035468749997 0.15986488593749998 0.3689089734375 0.168263246875 0.372133721875 0.184016 0.3736609796875 0.1938673015625 0.3700963640625 0.20510338125 0.3616943171875 0.20773661406250002 0.35592332656250003 0.20592133750000002 0.33827109375000003
0 0.316804078125 0.33139447031249997 0.3072254296875 0.3271513453125 0.29265296875 0.3266424625 0.27544727343750003 0.331904571875 0.2667080984375 0.3384395 0.2640748625 0.3442104890625 0.27310820625 0.3640690984375 0.28733985781250004 0.37433765625 0.307950096875 0.3760345390625 0.3291738078125 0.36016400625 0.32971911249999997 0.344548525 0.32742669375 0.3405598390625 0.316804078125 0.33139447031249997
0 0.45295005625 0.3322401609375 0.44101083125 0.3259602875 0.42158087968749997 0.32528177812500003 0.411729578125 0.328846396875 0.40028900624999997 0.34310424687499996 0.39994819062500003 0.3528639234375 0.4044648640625 0.36279322812500003 0.41272689375000005 0.36992184687499996 0.42112525468750006 0.37314659687499996 0.43687800781249997 0.37467385468750003 0.44672930937500005 0.3711092375 0.4605986234375 0.3569362 0.4587833453125 0.33928396875 0.45295005625 0.3322401609375
0 0.5769523203125 0.332661784375 0.555093625 0.3318984625 0.5363668234375 0.345901871875 0.5357533546875 0.363469290625 0.5380457734374999 0.3674579765625 0.5510289671875 0.37866009375 0.5594954890625 0.3799329078125 0.56553326875 0.3811209109375 0.5802420546875 0.377725921875 0.5940432062500001 0.3655048171875 0.5946566734375 0.3479373984375 0.5769523203125 0.332661784375
0 0.71643468125 0.34241840625000003 0.7010227437500001 0.3311314703125 0.6742384 0.33215045781249997 0.6603690859375 0.346323496875 0.65982378125 0.3619389796875 0.6621161953125 0.3659276609375 0.6787084265625001 0.37823296875 0.6968899203125 0.3798450390625 0.7067412234375 0.3762804234375 0.7206105375 0.362107384375 0.721019515625 0.3503957734375 0.71643468125 0.34241840625000003
0 0.8401642875 0.35064776875 0.82245993125 0.3353721515625 0.810384378125 0.33299615 0.7981724953125 0.334524015625 0.7845076703125 0.34284125 0.7793775296875001 0.3504793640625 0.78112464375 0.370083528125 0.7917472546875 0.3792488984375 0.8001456156250001 0.38247365 0.8134696234375 0.3839160921875 0.8257496703125 0.38043628906250004 0.8396189828124999 0.36626325 0.8423203796875001 0.35854032343750003 0.8401642875 0.35064776875
0 0.903013846875 0.43101514375 0.8924593984375001 0.4198978390625 0.860953890625 0.41684332656249995 0.844792159375 0.42702768124999996 0.8394575312500001 0.440521603125 0.8415454578125001 0.45036609062500005 0.854460490625 0.4635201453125 0.860498265625 0.46470814843749997 0.8786797640625 0.466320215625 0.8885310656250001 0.4627555984375 0.902332215625 0.45053449843750004 0.9052381031250001 0.43695576249999996 0.903013846875 0.43101514375
0 0.774290428125 0.42652002343750006 0.7588103265624999 0.4171850265625 0.7344547234375 0.41828882656250005 0.7206535734374999 0.43050992812500005 0.7179521765625 0.43823285468749995 0.7203127578124999 0.44026960624999995 0.7199719421874999 0.45002928124999997 0.7305263921875 0.4611465859375 0.7389247515624999 0.4643713375 0.75710625 0.4659834078125 0.7669575515625 0.462418790625 0.77832995625 0.45011287343750006 0.7788752609375 0.434497390625 0.774290428125 0.42652002343750006
0 0.652785071875 0.424231278125 0.6373049703125 0.41489628281249996 0.620303765625 0.41430258750000004 0.6104524640625 0.41786720156249996 0.6017132890625 0.4244021296875 0.5965149875 0.43399217500000004 0.5962423343750001 0.441799915625 0.60075900625 0.45172922031249996 0.6113816203125 0.46089459218749995 0.622208721875 0.46420415625 0.6282465 0.46539215624999997 0.6429552875 0.46199716874999996 0.65682460625 0.447824128125 0.6573699109375 0.43220864687500005 0.652785071875 0.424231278125
0 0.5085133859375001 0.4123530953125 0.49893473593750004 0.4081099703125 0.4819335296875 0.407516275 0.472082228125 0.4110808921875 0.46077798750000004 0.4214348734375 0.46009635624999995 0.44095422656250005 0.470650803125 0.45207153125 0.47904916562500005 0.45529628125 0.49480191875 0.45682353906250006 0.5021563125 0.45512604375 0.5183862078125 0.442989753125 0.518999675 0.42542233593749995 0.5085133859375001 0.4123530953125
0 0.39742615625 0.425085528125 0.392841321875 0.417108159375 0.375000640625 0.40573641406250005 0.35307378125 0.40692502499999994 0.3418377015625 0.41532707343749997 0.3366393984375 0.4249171203125 0.33629858281249997 0.434676796875 0.34317583749999997 0.4466428515625 0.3623331359375 0.4551291 0.3683709140625 0.4563171 0.38065095625 0.4528373 0.39438394374999997 0.442568128125 0.397017178125 0.4367971375 0.39742615625 0.425085528125
0 0.26627399375 0.42050559375 0.2580119578125 0.4133769703125 0.24600456406250001 0.40904903125000003 0.22650645156250002 0.410322459375 0.21020839531250002 0.424410684375 0.20966309062500002 0.44002616562499997 0.214247925 0.448003534375 0.2285477390625 0.45632015625 0.24672923125000001 0.4579322265625 0.25658053281250004 0.45436760937500004 0.270449846875 0.44019457031250003 0.270858825 0.42848296093749993 0.26627399375 0.42050559375
0 0.15178221875 0.4262790265625 0.14719738124999998 0.41830165937499997 0.1389353484375 0.41117303906249997 0.1269279578125 0.4068451015625 0.10742984375 0.408118528125 0.0887030421875 0.422121940625 0.0882940625 0.43383355 0.09281073749999999 0.4437628546875 0.1034333484375 0.45292822343749994 0.11426045 0.45623778593750003 0.12272697343750001 0.45751060312499997 0.13500701875 0.45403079999999996 0.143678028125 0.4494478078125 0.1513050765625 0.43994257656249997 0.15178221875 0.4262790265625
0 0.20498496562500002 0.504355215625 0.19436235 0.4951898453125 0.182354959375 0.49086190625 0.1702112390625 0.49043783750000003 0.15050863750000001 0.4975670703125 0.14419820625 0.5041868078125 0.141496809375 0.511909734375 0.14351657499999998 0.5237061609375 0.15886035 0.536945028125 0.1672587109375 0.5401697796875 0.18058271875 0.541612221875 0.1928627625 0.53813241875 0.20416700781250002 0.5277784390625 0.2068002421875 0.52200744375 0.20498496562500002 0.504355215625
0 0.3364097828125 0.501127409375 0.32578717031250004 0.4919620390625 0.3162085203125 0.4877189140625 0.3040648015625 0.4872948453125 0.291784753125 0.4907746484375 0.277915440625 0.5049476875 0.27973071875 0.52259991875 0.2879245890625 0.5316804734375 0.2963229453125 0.5349052234375 0.3193619296875 0.53668691875 0.3242875828125 0.5349046125 0.3330267546875 0.5283696875 0.34072196718750003 0.51691251875 0.3364097828125 0.501127409375
0 0.46256813281250003 0.5094415859375 0.4579833015625 0.5014642171875 0.44014261718750003 0.490092471875 0.42314141093749996 0.4894987765625 0.413290109375 0.493063390625 0.404550934375 0.49959831875000005 0.3993526328125 0.5091883671875 0.39907998125 0.5169961078124999 0.4059572328125 0.528962159375 0.4202570453125 0.5372787812500001 0.43843853906249997 0.5388908515625 0.44828984062500005 0.5353262359375 0.45702901718750005 0.5287913125 0.46222731718750004 0.5192012625 0.46256813281250003 0.5094415859375
0 0.571294784375 0.49467240625000003 0.5568586468750001 0.49025965625 0.5397211140625 0.49356982968749996 0.5259199640625 0.505790934375 0.5253746593749999 0.521406415625 0.527667075 0.5253950984375 0.5382215265625 0.53651240625 0.549048628125 0.5398219703125 0.5672982890625 0.539482103125 0.5835963468750001 0.5253938781249999 0.584209815625 0.5078264609375001 0.581917396875 0.503837775 0.571294784375 0.49467240625000003
0 0.7178588875 0.5105392734375 0.70480753125 0.501289090625 0.682948834375 0.5005257671875001 0.6730975328125 0.5040903828125 0.6642901953125 0.5125772453125 0.66131615 0.5281079140625 0.66583281875 0.5380372140625 0.6740948546875 0.5451658359375 0.682493209375 0.5483905874999999 0.6982459624999999 0.549917840625 0.7056003609375 0.5482203484375 0.721898415625 0.5341321234375 0.7224437203125 0.5185166406249999 0.7178588875 0.5105392734375
0 0.8439490749999999 0.520805384375 0.8394324015624999 0.510876084375 0.8215917218750001 0.49950433906249997 0.802161771875 0.4988258296875 0.78343496875 0.512829240625 0.780665409375 0.522504103125 0.7851139203125 0.534385340625 0.793307790625 0.543465896875 0.8041348921875 0.5467754609375 0.8174588999999999 0.5482179031250001 0.8248132937499999 0.5465204109374999 0.8334843062499999 0.5419374203125 0.8411113531250001 0.532432184375 0.8439490749999999 0.520805384375
0 0.8818762093749999 0.5836907703125 0.8600175203125 0.5829274468750001 0.8476693093750001 0.588359184375 0.8413588781250001 0.5949789234375 0.8383848296874999 0.6105095921875 0.840609084375 0.6164502109375001 0.8511635328124999 0.627567515625 0.8595618937499999 0.630792265625 0.8801721328125 0.6324891499999999 0.8988989374999999 0.6184857375 0.9018048234375 0.6049070046875 0.8995805671875001 0.5989663875 0.8818762093749999 0.5836907703125
0 0.7780070484375 0.5986295765625 0.76502385625 0.5874274578125 0.7578057874999999 0.58522108125 0.7432333265625 0.5847122 0.7333820249999999 0.588276815625 0.7220777796875 0.5986307984375 0.7213961484375 0.6181501484374999 0.7236885671875 0.6221388343750001 0.7343111796875 0.6313042046875 0.747567028125 0.6346985796875 0.753604803125 0.6358865828125 0.7658848500000001 0.63240678125 0.779686 0.620185675 0.7802994671875 0.6026182609374999 0.7780070484375 0.5986295765625
0 0.6494199546874999 0.5902305859375 0.6412260843750001 0.5811500281249999 0.629286853125 0.5748701546875 0.6073599984375 0.5760587671875 0.5910619406250001 0.5901469921875 0.5904484734375 0.6077144109375 0.5927408921875 0.6117030953125 0.603363503125 0.6208684640625 0.6141906046875001 0.624178028125 0.622657128125 0.6254508421875 0.6398628234375 0.6201887328125 0.6486701609375001 0.611701871875 0.6515078859375001 0.6000750734375 0.6494199546874999 0.5902305859375
0 0.5076451765625001 0.57648528125 0.48342589843750006 0.5736852078125 0.47107769375 0.5791169468749999 0.4647672640625 0.585736684375 0.46172504999999997 0.6032192890625 0.46394930624999997 0.6091599078125001 0.4721431734375 0.6182404640625 0.480541534375 0.621465215625 0.5011517734375001 0.6231620984374999 0.5198104125 0.6111106203125 0.522852625 0.5936280203125001 0.5206283703125 0.587687396875 0.5076451765625001 0.57648528125
0 0.381282334375 0.5740269078125 0.3667780328125 0.5715660921875 0.359423640625 0.5732635859374999 0.34957233906249996 0.576828203125 0.340765003125 0.5853150625 0.3377909546875 0.60084573125 0.340015209375 0.6067863499999999 0.3505696578125 0.6179036546875001 0.35896801875 0.6211284046875 0.37472076875 0.6226556609375 0.382075165625 0.6209581671875 0.395808153125 0.6106889984375 0.39898669062500003 0.5893025265625 0.381282334375 0.5740269078125
0 0.2680390140625 0.5788667828125 0.259708815625 0.5736901 0.250062003125 0.571398909375 0.232992634375 0.5727571499999999 0.225570078125 0.5764065781250001 0.21412950625 0.5906644328125 0.213788690625 0.60042410625 0.21830536406249998 0.6103534109375001 0.22656740000000003 0.61748203125 0.2398232453125 0.620876409375 0.2482897640625 0.622149225 0.2654954640625 0.6168871140625 0.2743709609375 0.6064483187499999 0.277140521875 0.59677345625 0.2680390140625 0.5788667828125
0 0.1460565203125 0.590241584375 0.1283521640625 0.5749659703125001 0.10649346875000001 0.574202646875 0.0966421671875 0.5777672640625 0.0852015984375 0.592025115625 0.08472445625 0.6056886625 0.091669871875 0.6157027796875 0.10236064687499999 0.6229162125000001 0.1108271703125 0.6241890296875 0.1315737359375 0.6219820421875 0.14280981875 0.6135799937499999 0.14544305156249998 0.6078090031250001 0.14814444531249998 0.600086075 0.1460565203125 0.590241584375
0 0.20911056718749998 0.66475315625 0.19363046718750002 0.655418159375 0.174200515625 0.65473965 0.1643492140625 0.658304265625 0.15554187656250001 0.6667911281250001 0.15249966406249998 0.684273728125 0.15472391875 0.6902143515625 0.162917790625 0.69929490625 0.17131614687500002 0.70251965625 0.19192638906249998 0.7042165375 0.20552304999999998 0.697851240625 0.21315009687500003 0.68834600625 0.21369540156250003 0.6727305234375 0.20911056718749998 0.66475315625
0 0.3272113765625 0.6600829078125 0.31763272656249997 0.6558397828125 0.293277128125 0.65694358125 0.2794759765625 0.6691646859375 0.278862509375 0.6867321046875 0.2834473421875 0.694709471875 0.2953184109375 0.70294128125 0.31835739375 0.7047229765624999 0.337084196875 0.6907195625 0.3399219171875 0.6790927671875 0.337765828125 0.6712002125 0.3272113765625 0.6600829078125
0 0.4616317625 0.67552570625 0.45704692343750003 0.6675483375 0.43920624531249997 0.6561765921875 0.4172793859375 0.65736520625 0.4035463984375 0.667634375 0.400913165625 0.6734053656250001 0.4027284421875 0.6910575984375 0.41092230937499996 0.7001381515625 0.42168124999999995 0.7053996515625001 0.43743400625 0.7069269078125 0.44235965312500003 0.7051446015625 0.4510306671875 0.7005616109374999 0.4611546203125 0.6891892515625 0.4616317625 0.67552570625
0 0.5856340203125 0.675947328125 0.575079571875 0.664830025 0.5655009234375 0.6605869 0.5460709718750001 0.659908390625 0.5324061484375 0.668225625 0.5272760062499999 0.6758637375000001 0.5267307015625 0.69147921875 0.5313155390625 0.6994565875000001 0.53957756875 0.7065852078125 0.5479759296875 0.709809959375 0.5612999375000001 0.7112524015624999 0.5711512390625 0.7076877859375 0.58238731875 0.6992857359375 0.5875856234375 0.689695690625 0.5856340203125 0.675947328125
0 0.704983284375 0.670343521875 0.691931928125 0.6610933359375 0.6676444859374999 0.6602452000000001 0.6627188390625001 0.6620275078125 0.6514145921875001 0.6723814906250001 0.6487813625000001 0.6781524812499999 0.648372384375 0.68986409375 0.6529572156250001 0.6978414625 0.6612192515624999 0.70497008125 0.6720463515625 0.7082796484375 0.685370359375 0.7097220890625 0.692724753125 0.7080245953125 0.7090228140625 0.6939363703125 0.70956811875 0.6783208890625 0.704983284375 0.670343521875
0 0.8254446718749999 0.6677100203124999 0.806014721875 0.6670315109375 0.8010890703125 0.66881381875 0.789852990625 0.677215865625 0.7847228515625 0.6848539796875001 0.7865381250000001 0.7025062109375 0.80313035625 0.714811515625 0.8237405953125 0.7165084 0.8398341640625 0.708275978125 0.844964303125 0.7006378640625 0.8432171937499999 0.6810337 0.8254446718749999 0.6677100203124999
0 0.8986441953125001 0.7650505046875 0.8855928343749999 0.755800321875 0.868659790625 0.7532546921875001 0.861305396875 0.7549521859375 0.8425785953125 0.7689556 0.8419651265624999 0.7865230140625 0.8608497734375 0.8028170046875 0.879031271875 0.804429075 0.8863856640625001 0.80273158125 0.9001186515624999 0.7924624125 0.9032290296875001 0.773027871875 0.8986441953125001 0.7650505046875
0 0.7570739046875 0.7454493953125 0.7376439546875 0.7447708875 0.7327183015625 0.746553196875 0.721482221875 0.7549552421875 0.7163520812499999 0.76259335625 0.716011265625 0.772353034375 0.7205279390625 0.7822823343749999 0.734759584375 0.7925508921875 0.75779856875 0.7943325906250001 0.776525371875 0.7803291781249999 0.7771388390625 0.7627617609375 0.76901313125 0.7517292703125 0.7570739046875 0.7454493953125
0 0.64362609375 0.7561450765625 0.635364059375 0.74901645625 0.623356665625 0.7446885187500001 0.6160704359375 0.7444340781250001 0.5988647406250001 0.7496961859375 0.5900574015625 0.7581830484375 0.58715151875 0.7717617812500001 0.5893076078124999 0.7796543359375 0.5998620609375 0.7907716406249999 0.6082604171875 0.7939963890625 0.6240131703125 0.795523646875 0.6362932156250001 0.7920438453124999 0.647665621875 0.7797379249999999 0.6482109265625 0.76412244375 0.64362609375 0.7561450765625
0 0.52899799375 0.7658223859375 0.5244813203125 0.75589308125 0.5138587078125 0.7467277109375 0.5066406375 0.7445213359375 0.4896394328125 0.743927640625 0.47978813125 0.7474922562499999 0.468415725 0.759798175 0.46780225781249996 0.777365590625 0.470094675 0.7813542734375 0.48911564687500003 0.7937443953125001 0.50243965625 0.7951868375 0.5122909578125 0.791622221875 0.5260239453125 0.7813530546874999 0.528657178125 0.775582059375 0.52899799375 0.7658223859375
0 0.4002745703125 0.7613272656250001 0.395689734375 0.753349896875 0.3778490546875 0.7419781484375 0.3534934515625 0.7430819484375 0.33719539374999996 0.757170175 0.33658192656249997 0.7747375937500001 0.34949695625 0.78789164375 0.36032406093749997 0.7912012109375001 0.37607681406250004 0.792728465625 0.3810024640625 0.7909461578125 0.397232359375 0.778809865625 0.3998655921875 0.773038875 0.4002745703125 0.7613272656250001
0 0.276613128125 0.7511459625 0.2612011890625 0.7398590328125 0.2393424953125 0.739095709375 0.234416840625 0.7408780171875 0.2231807609375 0.7492800640625 0.2179824609375 0.7588701140625 0.2176416453125 0.768629790625 0.2221583140625 0.7785590953125 0.235209671875 0.7878092765625 0.2461049359375 0.789166903125 0.2644227609375 0.7868751046875 0.2731619375 0.7803401812499999 0.2808571453125 0.7688830078125 0.28112979843749997 0.7610752671875 0.276613128125 0.7511459625
0 0.1428277265625 0.7523370234375 0.1383110546875 0.74240771875 0.12289911718749999 0.7311207859375 0.101040421875 0.7303574640625 0.0961147734375 0.7321397703125 0.0773198078125 0.74809511875 0.076774503125 0.7637106015625 0.079066921875 0.7676992828125 0.0873289515625 0.77482790625 0.10051663749999999 0.78017421875 0.1162693875 0.781701475 0.12362378437499999 0.780003978125 0.137356771875 0.7697348093749999 0.1425550734375 0.7601447640625 0.1428277265625 0.7523370234375
0 0.20102428749999998 0.8266789625 0.18561235 0.8153920328125001 0.1711080515625 0.8129312140625 0.1613249125 0.814543896875 0.14509501875 0.8266801875 0.13989671406249998 0.8362702359374999 0.139487734375 0.8479818453125001 0.15837238125 0.8642758359375 0.1692676484375 0.865633465625 0.188833925 0.8624081046875001 0.20263507500000003 0.8501869984375 0.20560912187499997 0.83465633125 0.20102428749999998 0.8266789625
0 0.7051590375 0.8393979515625001 0.6955803890625 0.835154825 0.6761504390625 0.834476315625 0.6662991375 0.8380409328124999 0.6549948890625 0.848394915625 0.6543132593750001 0.8679142656250001 0.6708373234375 0.88217150625 0.6963050515625 0.8840380187499999 0.7099698765625 0.8757207828125001 0.7151000187500001 0.86808266875 0.7133529046875 0.8484785046875001 0.7051590375 0.8393979515625001
0 0.8170175765625001 0.8393955046875 0.79515888125 0.83863218125 0.7764320828125 0.8526355953125 0.7780428703125 0.87614363125 0.7863049 0.8832722515625001 0.8019213281249999 0.888703378125 0.81774224375 0.8882786984375001 0.8364690484375 0.8742752859375 0.8370143531249999 0.8586598046875 0.8324295156250001 0.8506824359375 0.8170175765625001 0.8393955046875
0 0.137238353125 0.912395709375 0.1349459375 0.9084070265624999 0.12432332343750001 0.8992416546875001 0.1123159296875 0.8949137171875 0.092817815625 0.8961871453124999 0.071594109375 0.9120576765624999 0.068960875 0.91782866875 0.075633640625 0.9356505265624999 0.086256253125 0.944815896875 0.0946546125 0.9480406453124999 0.11040736250000001 0.9495679031250001 0.11533301562500001 0.9477855953125 0.131494746875 0.9376012390625 0.1366248859375 0.9299631265625001 0.137238353125 0.912395709375