0 0.14802077656249998 0.044260426562499997 0.1611441109375 0.059465584375000005 0.18101864843749998 0.0639616296875 0.19719439375 0.0618557140625 0.20697405624999998 0.054655481250000006 0.20902496093749998 0.029234796875000003 0.19388265 0.0116903859375 0.16322694375 0.0062849578125 0.15074999375 0.014992835937499999 0.14802077656249998 0.044260426562499997
0 0.24906529375000003 0.0779433421875 0.27198425625 0.0720683015625 0.28144871562499996 0.0459715703125 0.26428743125 0.026087903125 0.2383479859375 0.0215140796875 0.21777916875 0.0347449109375 0.2164065828125 0.0563186890625 0.2295299140625 0.07152384687499999 0.24906529375000003 0.0779433421875
0 0.32958091562499997 0.09015716562500001 0.3474444546875 0.0853739703125 0.3569089140625 0.0592772390625 0.33974763124999996 0.0393935734375 0.313808184375 0.0348197484375 0.2932393671875 0.0480505796875 0.29152762499999996 0.0715478109375 0.30499011249999997 0.08482951562499999 0.32958091562499997 0.09015716562500001
0 0.4070600875 0.1058020875 0.428977546875 0.0918174328125 0.4323691125 0.0725829078125 0.4128496984375 0.052283440625 0.3869102515625 0.047709615625 0.3660022796875 0.0628638984375 0.365970353125 0.090623840625 0.3844882640625 0.10281369375 0.4070600875 0.1058020875
0 0.4373926 0.099250996875 0.452874065625 0.1148719546875 0.47746486875 0.12019960468749999 0.488585190625 0.11918553750000001 0.5010621453125 0.11047765624999999 0.50547118125 0.085472775 0.49032887187499996 0.06792836249999999 0.4573150328125 0.06210713125 0.4384260359375 0.07960066875 0.4373926 0.099250996875
0 0.5172618328125 0.087551784375 0.512174484375 0.11640357500000001 0.5212598734375 0.12693021875 0.5347303484375 0.1332719375 0.550227775 0.1350129234375 0.5667426765625 0.1309835546875 0.5738250515625001 0.125290978125 0.57857324375 0.098362640625 0.561072803125 0.08040242656249999 0.5324360734375 0.077336253125 0.5172618328125 0.087551784375
0 0.5856157093750001 0.12736998906250002 0.6010971765625001 0.14299094375000002 0.62332984375 0.147902790625 0.643890675 0.1416119484375 0.6516593453125 0.125132478125 0.6516753109375 0.1112525078125 0.634174871875 0.09329229375 0.612951690625 0.0895500734375 0.5903639015625 0.1004416515625 0.5856157093750001 0.12736998906250002
0 0.6759429234375001 0.1046236375 0.6631268125 0.11525497031250001 0.660074403125 0.13256604375 0.6725194265625001 0.1516181046875 0.689696675 0.1576217984375 0.71699274375 0.15450181406250002 0.7281370140625001 0.1326677859375 0.7251165359375 0.12221892187500001 0.7140121796875001 0.10935301875 0.686053759375 0.10243994062499999 0.6759429234375001 0.1046236375
0 0.1681785890625 0.09541291562500001 0.1806236125 0.114464978125 0.2001589921875 0.12088447499999999 0.2250969296875 0.1173486875 0.23116982187500001 0.1104864796875 0.23490054531250001 0.0893285015625 0.21538112968749998 0.06902903437499999 0.1941579453125 0.0652868140625 0.174267446875 0.0746707421875 0.1681785890625 0.09541291562500001
0 0.2541127328125 0.0837914796875 0.246691196875 0.0914075125 0.24497945312499997 0.11490474843750001 0.25372568125 0.12735484375 0.2830327453125 0.1335140984375 0.2941530671875 0.13250002968750002 0.30427189062500004 0.12337634687500001 0.3080026125 0.10221836875000001 0.290502171875 0.08425815625000001 0.26692085625 0.08010013437499999 0.2541127328125 0.0837914796875
0 0.3295729328125 0.09709715 0.319114953125 0.10814428281249999 0.3217803140625 0.13439657656249998 0.33592111406249997 0.143831371875 0.3561348125 0.146403965625 0.367255134375 0.14538989687499998 0.37703479687499997 0.13818966875 0.3814438328125 0.1131847828125 0.3743774234375 0.1049973890625 0.35652984375 0.09590061562499999 0.3295729328125 0.09709715
0 0.415143965625 0.1082191203125 0.39795075 0.11609539843750001 0.3945751515625 0.1214499515625 0.3915227421875 0.1387610265625 0.39420406875 0.151133346875 0.412721978125 0.1633232046875 0.4282194046875 0.1650641921875 0.45113836875 0.15918914687500002 0.458244696875 0.1326766109375 0.45488505625000003 0.1241511984375 0.4410834125 0.11279294531249999 0.415143965625 0.1082191203125
0 0.5063768953125 0.17686221093750001 0.5242404359374999 0.17207901406249998 0.5333657390625001 0.1479057328125 0.5185625859375 0.12843786875000002 0.49532042656249997 0.12235639375 0.47307179218749995 0.13132451875 0.46664378281249996 0.15399015 0.47471170156250003 0.17028715625 0.5063768953125 0.17686221093750001
0 0.5394066953125 0.1688034703125 0.5478137703125 0.1831770234375 0.576781671875 0.191259728125 0.599361478125 0.1873081328125 0.60848678125 0.16313485781249998 0.5960417578125 0.1440827921875 0.58728754375 0.13857267812500002 0.5660643640624999 0.134830459375 0.54313741875 0.1476454875 0.5394066953125 0.1688034703125
0 0.64388269375 0.1485519296875 0.6189367734375 0.1590277046875 0.6142045453125 0.17207607187500001 0.6259712562499999 0.1949750375 0.65763645 0.20155009375000002 0.6704445734375 0.197858746875 0.676856615625 0.1890730859375 0.679909025 0.1717620125 0.6691438265625 0.156972659375 0.6603896109375 0.1514625453125 0.64388269375 0.1485519296875
0 0.7546909109375 0.188914590625 0.752009590625 0.1765422703125 0.735849809375 0.1647682140625 0.71462663125 0.1610259953125 0.7045157953125 0.1632096921875 0.6913605281249999 0.1757644765625 0.6896647437500001 0.1853817421875 0.6974014875 0.196662215625 0.69638401875 0.20243257187500002 0.7081666890625 0.21145156874999999 0.7307385125 0.21443995937500002 0.7395007109375 0.21301008906250002 0.749619528125 0.203886409375 0.7546909109375 0.188914590625
0 0.1327746953125 0.11693582656249998 0.1225738015625 0.1316330109375 0.12902800781249998 0.151973775 0.14013236874999999 0.164839678125 0.1623650359375 0.169751525 0.18417240937499998 0.157028396875 0.18882773749999998 0.1348372671875 0.18162511718750002 0.12257459374999999 0.1708519328125 0.114725221875 0.154684171875 0.10989115468749999 0.1327746953125 0.11693582656249998
0 0.2274470828125 0.12470447343749999 0.20992269375 0.1275642203125 0.2004821828125 0.1328409921875 0.1967674265625 0.1401190046875 0.1977529703125 0.1621085859375 0.21761154062500002 0.18048460156249999 0.24254149531250002 0.1838887984375 0.2610833546875 0.1752586953125 0.2648140765625 0.1541007203125 0.26179359999999996 0.14365185 0.241595865625 0.12719928593750002 0.2274470828125 0.12470447343749999
0 0.27324509531249996 0.1476543125 0.26986949375 0.1530088703125 0.2708550328125 0.174998453125 0.27960126406249997 0.187448553125 0.31126645937499997 0.19402360937500002 0.33182729218749996 0.1877327609375 0.336236328125 0.1627278796875 0.31907504375 0.1428442140625 0.3076235421875 0.138841746875 0.290438309375 0.13977804062500002 0.27324509531249996 0.1476543125
0 0.37331205624999997 0.15240766249999999 0.3507242671875 0.1632992359375 0.34631523125 0.188304121875 0.35506146250000004 0.2007542234375 0.37965226093750004 0.206081871875 0.40155375312499997 0.2059771859375 0.407287490625 0.2010384296875 0.41337634218749997 0.18029625625 0.40833688593749995 0.16750813125 0.398912346875 0.1589049390625 0.37331205624999997 0.15240766249999999
0 0.4258054015625 0.2132282875 0.443313825 0.2242485125 0.4540949890625 0.22515789531250002 0.4824085328125 0.21626755156250002 0.487156725 0.1893392171875 0.4676373046875 0.1690397484375 0.44877225468750004 0.16571333125 0.42382633593749997 0.176189103125 0.4173983265625 0.198854734375 0.4258054015625 0.2132282875
0 0.49319768125 0.2102369515625 0.50160475625 0.2246105046875 0.5298943453125 0.2365401140625 0.5501160203125 0.232172721875 0.560921140625 0.21226214687499997 0.5582398125 0.19988982500000002 0.5471354578125001 0.187023928125 0.5265905890625 0.179434803125 0.49928653437500004 0.189494771875 0.49319768125 0.2102369515625
0 0.589581815625 0.194508365625 0.5747467328125 0.202800440625 0.5683187234375 0.22546607187499998 0.5767257984375 0.23983962656250002 0.6056937 0.2479223296875 0.6259153765625001 0.243554934375 0.634701515625 0.22130510937499998 0.6266336031249999 0.2050081046875 0.6114833109375 0.19440368125000002 0.6020507875 0.192740471875 0.589581815625 0.194508365625
0 0.6475096437500001 0.2176137640625 0.644457234375 0.2349248375 0.6498358484375 0.2457895046875 0.6616185171875 0.254808503125 0.6865484765625001 0.25821269999999996 0.6976688 0.25719862656250003 0.7047511734375 0.25150605000000004 0.708821053125 0.22842461875 0.684585378125 0.20729354687499998 0.6677393031250001 0.206306384375 0.6475096437500001 0.2176137640625
0 0.1491858203125 0.2031262640625 0.16230915625 0.21833142187500001 0.18925809062500001 0.2240748734375 0.2108363921875 0.2120136703125 0.2145671140625 0.1908556921875 0.1970666734375 0.172895478125 0.18055975468750002 0.1699848640625 0.163035365625 0.17284460468750001 0.15021925625000002 0.1834759375 0.1491858203125 0.2031262640625
0 0.287338003125 0.198729021875 0.2698295796875 0.1877087953125 0.2533226671875 0.18479818125 0.2408536953125 0.186566075 0.228376740625 0.19527395625 0.22430686249999998 0.21835538593749998 0.23069496250000002 0.23038968437500001 0.24854254375 0.2394864578125 0.256965578125 0.23998003906249998 0.2842616515625 0.23686005625 0.2906736953125 0.22807439375 0.2933869484375 0.21268677187499999 0.287338003125 0.198729021875
0 0.299427903125 0.23358450625 0.308174134375 0.24603460781250003 0.33782035625 0.250270409375 0.346582546875 0.24884053750000001 0.359398653125 0.2382092046875 0.36279021875 0.2189746796875 0.3429316484375 0.20059866249999997 0.3213693109375 0.198779896875 0.301478809375 0.2081638234375 0.299427903125 0.23358450625
0 0.3732082859375 0.24262746875 0.381276203125 0.25892447500000004 0.4105832625 0.2650837265625 0.4166481734375 0.2651615078125 0.4345196953125 0.25343832499999996 0.4382504171875 0.2322803484375 0.42276895625 0.2166593890625 0.401884928125 0.21099371718749999 0.3772781640625 0.219546040625 0.3732082859375 0.24262746875
0 0.454378271875 0.2718143421875 0.4654906125 0.27774025625 0.48334617343749997 0.2798970453125 0.5066042921875 0.27209855312500003 0.513371459375 0.24750946875 0.5002481296875 0.2323043140625 0.4773451265625 0.22429938593749998 0.45239920624999996 0.2347751609375 0.44631035468749997 0.2555173359375 0.454378271875 0.2718143421875
0 0.521770553125 0.2688230046875 0.5412899671875 0.289122471875 0.5591455296875 0.29127926249999997 0.57734823125 0.2845726171875 0.5834211171875 0.27771040937499997 0.5864735265625 0.2603993359375 0.5689730875000001 0.242439121875 0.5551634609375 0.2380208578125 0.52516211875 0.2495884796875 0.521770553125 0.2688230046875
0 0.6232101046875 0.25200257187499997 0.603319603125 0.2613865 0.59958888125 0.282544475 0.6123730609375 0.2996730859375 0.634605728125 0.30458493125 0.6524692734374999 0.29980173906249996 0.6585421593749999 0.29293952968750003 0.66159456875 0.2756284578125 0.6548673171875 0.2655176140625 0.639717025 0.2549131875 0.6232101046875 0.25200257187499997
0 0.10499578437499998 0.24689900156250003 0.1130636984375 0.26319600468750004 0.1322599203125 0.2715389578125 0.1598951453125 0.2664955171875 0.169682796875 0.252355303125 0.1717177359375 0.2408145859375 0.15691458125 0.22134672187499999 0.136369715625 0.21375759843750003 0.1121021078125 0.22038646874999998 0.10499578437499998 0.24689900156250003
0 0.1794385125 0.26597503125 0.18818474062499999 0.2784251296875 0.2151336734375 0.28416858125 0.2353553453125 0.2798011859375 0.2431399859375 0.249441746875 0.240450675 0.2440094125 0.222942253125 0.23298918125 0.1990217859375 0.2307546125 0.1818285703125 0.23863088906250002 0.1794385125 0.26597503125
0 0.25220141875 0.2807883484375 0.2612868078125 0.291314996875 0.292952003125 0.297890053125 0.3037331671875 0.298799434375 0.3104763875 0.29503030625000004 0.3169203609375 0.2584847078125 0.296044321875 0.24587904843750003 0.26437115 0.24624398125 0.25121588125 0.25879876562500004 0.25220141875 0.2807883484375
0 0.3273224609375 0.2960174703125 0.33876598125 0.3069599203125 0.3586405171875 0.311455965625 0.37919336718749996 0.31210510468749997 0.388633878125 0.3068283265625 0.39540104375 0.2822392421875 0.3758816296875 0.261939775 0.3523003140625 0.257781753125 0.3330881234375 0.263318775 0.3273224609375 0.2960174703125
0 0.43045779843750004 0.2695797703125 0.4061901921875 0.27620864218749996 0.3987447125 0.30464463125 0.41388702187500004 0.3221890421875 0.4361196890625 0.3271008890625 0.4586994953125 0.32314929375 0.4651115453125 0.31436363906250003 0.4685031125 0.29512910937500003 0.45773790468750003 0.2803397578125 0.4422484578125 0.2716587828125 0.43045779843750004 0.2695797703125
0 0.5587504984375 0.34178261249999997 0.56750470625 0.3472927296875 0.5900765296875 0.3502811234375 0.61029820625 0.345913728125 0.6147072421875001 0.32090884218750004 0.597206803125 0.3029486296875 0.5759836218750001 0.299206409375 0.5530566765625 0.3120214421875 0.55068258125 0.3254856078125 0.5587504984375 0.34178261249999997
0 0.644030271875 0.313188128125 0.6281777187500001 0.32725056406249997 0.6315213921875 0.34965594843750003 0.6429649046875 0.36059839843749997 0.6702529953125 0.364418396875 0.67867603125 0.364911978125 0.6887948484375 0.3557882953125 0.6921864156249999 0.33655376875 0.6888267796875 0.328028353125 0.6635736359375 0.31266763750000004 0.644030271875 0.313188128125
0 0.7365680375 0.1262213859375 0.733176471875 0.14545591093750002 0.7459606515625 0.16258452031249998 0.754714859375 0.16809463125 0.7725704234374999 0.170251421875 0.7809934625 0.1707450046875 0.7931312562499999 0.163960578125 0.799898421875 0.13937149531249998 0.78509526875 0.11990363125 0.756797696875 0.11491400624999999 0.7365680375 0.1262213859375
0 0.8581973359375 0.1327934984375 0.8322578953124999 0.128219675 0.8093309484375 0.141034703125 0.8056002265625001 0.16219268125 0.8069408875 0.16837884375 0.8207425374999999 0.1797370921875 0.8429752046875001 0.1846489390625 0.8591509500000001 0.1825430234375 0.8662333234374999 0.1768504453125 0.8750194640625001 0.154600615625 0.873678803125 0.1484144578125 0.8581973359375 0.1327934984375
0 0.885098371875 0.1801768625 0.8989000218750001 0.1915351125 0.9211326890624999 0.1964469578125 0.9322530171875 0.195432890625 0.9420326781249999 0.1882326578125 0.9504796625 0.167906284375 0.9383737953125 0.1469307703125 0.91041538125 0.14001769375 0.887488434375 0.1528327234375 0.885098371875 0.1801768625
0 0.7877287 0.1739158625 0.7749205703125 0.1776072125 0.764801753125 0.18673089062499998 0.7637683156249999 0.206381221875 0.774194365625 0.2230940296875 0.7829485734375 0.22860414218749997 0.8031622671875001 0.23117673437500003 0.8247405703125 0.21911553125 0.82914960625 0.1941106453125 0.824441328125 0.1863390578125 0.8113100093750001 0.1780738828125 0.7877287 0.1739158625
0 0.8867702078124999 0.1913795515625 0.8608307671875 0.18680572812500001 0.83722550625 0.203467665625 0.8375486984375 0.21542418125 0.849993721875 0.23447624218750002 0.8587479296874999 0.239986359375 0.878961621875 0.2425589515625 0.8877238203125 0.241129078125 0.8978426390625 0.23200539843749998 0.9039314921875 0.21126321718750002 0.90057185625 0.20273780624999999 0.8867702078124999 0.1913795515625
0 0.933932834375 0.1996955953125 0.9130248625 0.21484987968749997 0.9089549828125 0.2379313125 0.9315108406249999 0.2547996796875 0.9493664031250001 0.25695646875 0.96756910625 0.25024981875 0.97701759375 0.23803305468749997 0.9793916906250001 0.22456888749999998 0.9669466671875 0.205516825 0.9413463828124999 0.19901955 0.933932834375 0.1996955953125
0 0.7643668078125 0.2719341703125 0.7775140859375 0.2663193671875 0.7826014359375 0.23746757812500002 0.7624037078125 0.22101501875000001 0.7381440828125 0.220703903125 0.7195942421875 0.2362739859375 0.7232770671875 0.2567559171875 0.7347205859375 0.2676983703125 0.7643668078125 0.2719341703125
0 0.83982700625 0.28523984062499996 0.8533134406249999 0.2777015859375 0.8594022953125 0.256959409375 0.8469572765625 0.2379073484375 0.8213569859375 0.23141007187499998 0.798430040625 0.24422510156250002 0.7953776312499999 0.261536175 0.80344555 0.2778331796875 0.83982700625 0.28523984062499996
0 0.8883302875 0.299742040625 0.918993978125 0.2982074859375 0.932488396875 0.283729246875 0.931502859375 0.2617396609375 0.915682234375 0.2480421578125 0.8894036375000001 0.2453917875 0.868495665625 0.260546071875 0.866444759375 0.2859667546875 0.8883302875 0.299742040625
0 0.6753882359375 0.29392669374999997 0.687833259375 0.31297875468749997 0.7077077968750001 0.31747479843750004 0.728268628125 0.31118395468750004 0.7370547671875001 0.2889341265625 0.730666671875 0.276899828125 0.7084419890625 0.2650479984375 0.6986703046875 0.26530824062499997 0.6814770890624999 0.2731845171875 0.6753882359375 0.29392669374999997
0 0.7484903046875 0.3068165609375 0.760935328125 0.325868621875 0.7878842546875 0.331612071875 0.8064261140625 0.3229819703125 0.812514965625 0.3022397953125 0.806126871875 0.29020549687499997 0.7929955515625 0.2819403265625 0.771772371875 0.2781981078125 0.7518818703125 0.2875820359375 0.7484903046875 0.3068165609375
0 0.8609863234375 0.3445019375 0.8795281828125001 0.3358718375 0.8859561921875001 0.313206209375 0.8728328546874999 0.298001053125 0.8448744406250001 0.291087975 0.8273420687499999 0.3008877046875 0.823611346875 0.32204568125 0.83875365625 0.33959009375 0.8609863234375 0.3445019375
0 0.9004441359375001 0.313777571875 0.8970525703125001 0.333012096875 0.9074786203125 0.349724903125 0.92296806875 0.358405875 0.9337492359375 0.3593152578125 0.9398141390625 0.3593930359375 0.9576856671874999 0.34766985625 0.9614163906250001 0.326511878125 0.94627408125 0.3089674671875 0.9179765078125 0.3039778421875 0.9004441359375001 0.313777571875
0 0.7437500953125 0.3268049109375 0.7221877578125 0.32498614375 0.7070135171875 0.33520167343749996 0.7036219499999999 0.354436203125 0.7120290265625 0.368809753125 0.7254995 0.375151475 0.738638796875 0.376476659375 0.74941996875 0.37738604375 0.7588604734375 0.3721092640625 0.7659667953125 0.345596728125 0.7592395453125 0.3354858875 0.7437500953125 0.3268049109375
0 0.7770631765625 0.365402615625 0.7874892250000001 0.38211542187499997 0.8117408656249999 0.38936652656250004 0.8302747421875001 0.3876764078125 0.834659828125 0.38349148125 0.8397471781249999 0.354639690625 0.8303226390624999 0.34603649999999997 0.8050615046875 0.3376157671875 0.7831520281250001 0.3446604390625 0.7770631765625 0.365402615625
0 0.88995423125 0.3525846453125 0.8656946062499999 0.35227353125 0.856254096875 0.35755030625 0.8525393390625 0.364828315625 0.8542031906249999 0.38297099375 0.8673265265625 0.39817615 0.891917325 0.4035038 0.8979822359374999 0.4035815796875 0.9104591828125 0.3948736984375 0.9148682203125 0.3698688109375 0.9078018109375 0.3616814234375 0.88995423125 0.3525846453125
0 0.176054925 0.278269571875 0.1396654921875 0.27780289687500004 0.126510225 0.29035768125 0.1248144421875 0.2999749453125 0.1295147375 0.3146865171875 0.1433163859375 0.3260447703125 0.16588820937499998 0.3290331640625 0.1817247984375 0.3288507 0.191165309375 0.323573921875 0.197932475 0.2989848421875 0.1871672703125 0.2841954859375 0.176054925 0.278269571875
0 0.25589223437499997 0.29433029843749997 0.23231091718750002 0.290172275 0.21748382031250002 0.29152436718749997 0.204667709375 0.3021557 0.2016153 0.31946677343749996 0.2049749359375 0.3279921859375 0.21204135000000002 0.3361795796875 0.22551182500000003 0.3425212984375 0.24572551874999998 0.345093890625 0.256845840625 0.3440798203125 0.2689836390625 0.33729539218750004 0.27339267343749996 0.3122905109375 0.25589223437499997 0.29433029843749997
0 0.2797727875 0.3312647921875 0.28548257499999996 0.3471459953125 0.3141113203125 0.3571521515625 0.330287065625 0.3550462359375 0.340066728125 0.347846003125 0.3464947421875 0.325180378125 0.3289943015625 0.30722016406249997 0.31282654062500004 0.302386096875 0.28586164062499997 0.3105226125 0.2797727875 0.3312647921875
0 0.42127662812500005 0.34233294999999997 0.410850578125 0.32562014375000004 0.40209636406250004 0.32011003125 0.380873184375 0.3163678109375 0.3707623484375 0.31855150781249997 0.3552489515625 0.330690490625 0.3518573859375 0.3499250140625 0.362622590625 0.3647143703125 0.3892323625 0.37238127187500003 0.4050689515625 0.372198809375 0.41181216875000004 0.368429684375 0.4178850625 0.361567475 0.42127662812500005 0.34233294999999997
0 0.43408474999999996 0.3386416046875 0.427656740625 0.3613072328125 0.433035353125 0.3721719046875 0.4448180234375 0.3811908984375 0.467389846875 0.3841792921875 0.48559254999999996 0.3774726421875 0.4916654375 0.3706104375 0.494717846875 0.353299365625 0.47755656249999995 0.3334157 0.45633338281249997 0.32967348125 0.43408474999999996 0.3386416046875
0 0.5044576000000001 0.380799059375 0.5179200921875 0.394080765625 0.5475663140625 0.398316565625 0.5607135921874999 0.3927017671875 0.5640891921875 0.3873472078125 0.5681590703125 0.3642657796875 0.5459423703125 0.3454739625 0.5193246171875 0.34474704375 0.5068476625 0.3534549234375 0.5044576000000001 0.380799059375
0 0.6069146234375 0.3582082703125 0.584326834375 0.369099846875 0.5829542421875 0.39067362499999997 0.596077578125 0.4058787828125 0.6159521140625001 0.410374828125 0.636173790625 0.4060074359375 0.6425858343749999 0.397221775 0.6452990875 0.38183415468750004 0.6439584265625 0.3756479953125 0.628137803125 0.3619504890625 0.6069146234375 0.3582082703125
0 0.11030254843750001 0.3202235390625 0.0978335828125 0.3219914328125 0.0877147578125 0.33111511562499996 0.08364487968749999 0.3541965453125 0.089693825 0.368154296875 0.1075414046875 0.377251075 0.11832256875 0.3781604578125 0.131801028125 0.37756218750000003 0.1466361125 0.3692701125 0.1513843046875 0.342341775 0.1335447078125 0.3263050140625 0.11030254843750001 0.3202235390625
0 0.1567469484375 0.3670864125 0.16953112812499999 0.384215021875 0.19210295156249999 0.387203415625 0.1981678609375 0.3872811953125 0.216378540625 0.37363456093749997 0.21977010625 0.3544000359375 0.20193050937499998 0.3383632765625 0.17565191093750002 0.335712903125 0.1581195390625 0.3455126328125 0.1567469484375 0.3670864125
0 0.2345652765625 0.380807884375 0.24297235156250002 0.3951814359375 0.26722399375 0.4024325375 0.2854187125 0.402665875 0.2948592234375 0.3973891015625 0.300285728125 0.366613859375 0.28446510625 0.3529163515625 0.258525659375 0.348342528125 0.23897431249999998 0.355803003125 0.2345652765625 0.380807884375
0 0.373387790625 0.379503725 0.3572280171875 0.36772967031250003 0.3336467015625 0.3635716484375 0.321177734375 0.365339546875 0.3144345109375 0.36910867187499996 0.3103805984375 0.3783101296875 0.30866884843750003 0.401807365625 0.326847603125 0.415920675 0.34941943124999997 0.41890906875 0.3632370421875 0.41638734531250005 0.3733558640625 0.4072636671875 0.37674743125 0.3880291375 0.373387790625 0.379503725
0 0.4303300796875 0.38061953593750003 0.3993352203125 0.3771375609375 0.38382182343750004 0.38927654375 0.3821100734375 0.41277378125 0.3868183578125 0.42054536875000004 0.3999496703125 0.4288105421875 0.42252149843750003 0.43179893593749996 0.436339109375 0.4292772125 0.44645793281249996 0.42015353437499997 0.4498495 0.4009190046875 0.4464898578125 0.39239359218750003 0.4303300796875 0.38061953593750003
0 0.49798169843749995 0.44510460468749996 0.5185425265625 0.43881375624999996 0.5236298749999999 0.4099619671875 0.5034321484375 0.393509403125 0.4822089671875 0.389767184375 0.45962117812500003 0.40065876093749997 0.45555129843750003 0.42374019531249996 0.47305173749999996 0.44170040781250003 0.49798169843749995 0.44510460468749996
0 0.531705775 0.4193189890625 0.5313506546875 0.4351224109375 0.5421158593750001 0.44991176250000003 0.5532281984375 0.45583768124999996 0.5663674999999999 0.4571628671875 0.5889473062499999 0.45321127499999997 0.5943738125 0.4224360328125 0.578553190625 0.40873852499999996 0.5549718796875001 0.40458050312499994 0.5381178203125 0.410533328125 0.531705775 0.4193189890625
0 0.60818344375 0.42685429687500004 0.604452721875 0.44801227812500005 0.60781235625 0.4565376921875 0.62161400625 0.46789594375 0.6418276984375 0.47046853593750004 0.652948028125 0.46945446406249997 0.66508581875 0.46267003906250004 0.6701731671875 0.43381824843750005 0.6519944140625 0.41970493906249995 0.625715815625 0.41705456874999997 0.60818344375 0.42685429687500004
0 0.23959675156250002 0.40053599531249995 0.20894104375000003 0.3951305671875 0.185674940625 0.4098690484375 0.1829616875 0.4252566703125 0.18632132343750002 0.43378208125000006 0.202141946875 0.44747958906249996 0.22471377499999998 0.4504679828125 0.23819222812500002 0.4498697171875 0.2476327390625 0.44459293750000006 0.2547390609375 0.41808040625 0.251379421875 0.4095549890625 0.23959675156250002 0.40053599531249995
0 0.26178152187500003 0.44708775 0.2688479359375 0.4552751453125 0.3028712609375 0.462266003125 0.3230929375 0.4578986078125 0.32918179062499997 0.43715643125000003 0.32616130781249997 0.4267075625 0.307982553125 0.4125942578125 0.27934582343750003 0.40952808437500005 0.2634932703125 0.4235905203125 0.26178152187500003 0.44708775
0 0.39657407031249997 0.43416509531249997 0.38344275156249996 0.42589992656250003 0.36457770156249997 0.422573509375 0.342668225 0.42961817656249995 0.3365953390625 0.43648038749999996 0.3335429296875 0.453791459375 0.34430813437499996 0.4685808140625 0.359797584375 0.4772617859375 0.36822062031249997 0.4777553671875 0.3931585546875 0.47421957968750006 0.3999097625 0.46351046875 0.40296217187499994 0.44619939531249997 0.39657407031249997 0.43416509531249997
0 0.41239469375000004 0.44786260312500004 0.408663971875 0.46902058125 0.41741020312500005 0.48147068125 0.430541515625 0.48973585000000003 0.44603894843749997 0.49147683750000004 0.4689579109375 0.4856017921875 0.47638743124999994 0.47104577656249996 0.476403390625 0.4571658078125 0.46092192968749995 0.44154485 0.432624353125 0.43655522500000005 0.41239469375000004 0.44786260312500004
0 0.54479718125 0.46228408437499996 0.5340239921875 0.45443471718749995 0.5178562343750001 0.44960065 0.500671003125 0.4505369390625 0.49123049218750003 0.4558137125 0.4837850140625 0.4842497 0.488493290625 0.49202129375 0.5060017140624999 0.50304151875 0.5167828859375 0.503950903125 0.541720821875 0.500415115625 0.550491003125 0.4920452578125 0.5528650984375 0.4785810890625 0.54479718125 0.46228408437499996
0 0.56597246875 0.5076662171875 0.5791037828125 0.5159313859375 0.5898849546875 0.5168407703125 0.6178593343750001 0.5098738765624999 0.6246265 0.485284796875 0.6071260609375 0.467324584375 0.58118661875 0.4627507609375 0.560956959375 0.47405813906249994 0.5572262375 0.49521611718749997 0.56597246875 0.5076662171875
0 0.1320364140625 0.46585854531250004 0.1303725609375 0.44771587031250004 0.1192681984375 0.43484996562499995 0.0987233328125 0.4272608421875 0.0815381 0.42819713125 0.0694003015625 0.434981559375 0.0616156671875 0.465341 0.072380871875 0.48013035468750004 0.09697167031250001 0.48545800312500004 0.113147415625 0.4833520828125 0.118210815625 0.4753202515625 0.12832165625 0.47313655312499997 0.1320364140625 0.46585854531250004
0 0.17418353125 0.4405665109375 0.1566591421875 0.4434262515625 0.14182405781250002 0.45171833125000005 0.1357352046875 0.47246050625 0.1387556828125 0.48290937500000003 0.14818022656250002 0.49151256718749997 0.17984542187500002 0.49808762343749996 0.19096574375 0.497073553125 0.20074541093749998 0.489873328125 0.207851734375 0.4633607921875 0.196747371875 0.4504948890625 0.17418353125 0.4405665109375
0 0.2176234125 0.4631005484375 0.211534559375 0.483842721875 0.22162145312499998 0.5024789828125 0.2303756609375 0.5079890984375 0.2529474890625 0.510977490625 0.2731691609375 0.5066100984374999 0.2833119328125 0.4766664609375 0.2634533609375 0.45829044531249996 0.24728560000000002 0.453456378125 0.22976121093750002 0.45631611875000005 0.2176234125 0.4631005484375
0 0.3577546609375 0.49574248593750003 0.3517057171875 0.48178473593750004 0.3318391625 0.4703487078125 0.32004851093750003 0.46826969687500003 0.295441740625 0.4768220203125 0.2893528890625 0.49756419375 0.295062678125 0.5134453984375 0.31055212499999996 0.5221263734375 0.323691421875 0.5234515546875 0.3321144640625 0.5239451359375 0.346610384375 0.5175765140624999 0.355719721875 0.507283203125 0.3577546609375 0.49574248593750003
0 0.368204653125 0.4916353375 0.3637956171875 0.5166402234375 0.3705228765625 0.5267510671875 0.3836541875 0.5350162390625 0.40386788749999997 0.537588828125 0.417685496875 0.535067109375 0.4278043203125 0.5259434265625 0.43187420000000004 0.502861996875 0.411676465625 0.4864094328125 0.3830397375 0.48334325937499995 0.368204653125 0.4916353375
0 0.43757599999999996 0.5256831828124999 0.4480020484375 0.5423959890625001 0.47461182031250004 0.5500628921875 0.490787565625 0.5479569765625001 0.5005672265625 0.5407567484375 0.5049762624999999 0.5157518624999999 0.484778534375 0.4992993 0.463555353125 0.49555708125000003 0.44400400781249993 0.50301755625 0.43757599999999996 0.5256831828124999
0 0.5201425203125 0.51247631875 0.5140696328125001 0.5193385234375001 0.509999753125 0.5424199578125 0.5187459859375 0.5548700546875 0.5429976265625001 0.5621211546875 0.5537787921875 0.5630305375 0.5679355640625 0.5585853671875001 0.5750418859375 0.53207283125 0.568992946875 0.51811508125 0.5440709703125 0.5077709015625 0.5201425203125 0.51247631875
0 0.5854599515625 0.5557256265625 0.6029603921875 0.5736858390624999 0.627890346875 0.5770900328125 0.63665254375 0.5756601609375 0.6521659375 0.563521178125 0.653538528125 0.5419473984375001 0.6380570624999999 0.526326440625 0.6148149078125 0.520244965625 0.59020814375 0.5287972890625 0.5854599515625 0.5557256265625
0 0.1097718140625 0.4887066421875 0.0898813125 0.4980905640625 0.0851331203125 0.5250189015625 0.0985956125 0.53830060625 0.125544540625 0.5440440578125 0.14643654687500002 0.5427697453125 0.153518928125 0.5370771640625 0.1582671203125 0.510148828125 0.1495208875 0.49769873125 0.1360504125 0.49135701249999997 0.1097718140625 0.4887066421875
0 0.172755059375 0.5107201875 0.16668217031250002 0.517582396875 0.1632906046875 0.5368169218750001 0.1740558109375 0.5516062765624999 0.2010047390625 0.5573497265625 0.21953861406250003 0.5556596125000001 0.2289791265625 0.5503828328125 0.23372731875000002 0.523454496875 0.22262295468749999 0.5105885984375 0.194664534375 0.5036755187499999 0.172755059375 0.5107201875
0 0.2363926734375 0.5497067890625 0.24951600937500001 0.5649119453125 0.2741068078125 0.57023959375 0.30208118906250003 0.5632727 0.3071685375 0.534420909375 0.302460259375 0.526649321875 0.28697080937499997 0.5179683500000001 0.2606922109375 0.5153179796875 0.24046255312499998 0.5266253578125 0.2363926734375 0.5497067890625
0 0.34720887500000003 0.5831294609375 0.3775413875 0.57657836875 0.3826287359375 0.547726578125 0.36916625000000003 0.5344448796875 0.338510540625 0.5290394515625 0.3213173265625 0.5369157234374999 0.31622997656249996 0.5657675125 0.33003162656249996 0.5771257671875001 0.34720887500000003 0.5831294609375
0 0.3916901765625 0.57907318125 0.40986892968750005 0.5931864906250001 0.42772449218749997 0.5953432828125 0.4530015859375 0.5898840375 0.4597687578125 0.565294959375 0.45439014375 0.5544302875 0.4446264484375 0.5477505484375 0.41161260781250003 0.5419293171875 0.3940802390625 0.5517290421875 0.3916901765625 0.57907318125
0 0.479659259375 0.5559110328125 0.46954043749999996 0.5650347124999999 0.4651314015625 0.590039596875 0.47859389218750004 0.603321303125 0.5008265609375 0.60823315 0.5261036531250001 0.6027739046875 0.5345506421875 0.5824475328125 0.5285016984375 0.56848978125 0.5109932749999999 0.5574695546874999 0.4897700953125 0.5537273359375 0.479659259375 0.5559110328125
0 0.5786448890625 0.6219546203124999 0.6019030078125 0.614156121875 0.60631204375 0.5891512359375 0.5931887140625001 0.5739460843749999 0.560174875 0.5681248531249999 0.5426425046875 0.577924578125 0.53823346875 0.6029294640625 0.5516959609375001 0.6162111703125001 0.5786448890625 0.6219546203124999
0 0.042622896874999996 0.5730543484374999 0.053388103124999996 0.5878437 0.0806761875 0.591663696875 0.089438384375 0.5902338265625 0.09955720312500001 0.5811101468750001 0.1039662390625 0.5561052609375 0.0932010390625 0.5413159078125 0.06524261875000001 0.5344028296875 0.048049403125 0.54227910625 0.042622896874999996 0.5730543484374999
0 0.1113478609375 0.583189159375 0.11773595781249999 0.5952234515625 0.1460255515625 0.6071530671875001 0.17332161875000002 0.6040330765624999 0.17939450625 0.5971708734375001 0.1841426984375 0.5702425343749999 0.1663031015625 0.5542057734375 0.14272179062499998 0.550047753125 0.12047315624999999 0.5590158765625 0.1113478609375 0.583189159375
0 0.257583921875 0.58120895 0.2441214359375 0.5679272453124999 0.215823859375 0.5629376203125 0.20571302343750003 0.565121315625 0.19289691250000002 0.575752646875 0.186808059375 0.596494828125 0.197573265625 0.611284178125 0.213401865625 0.6180417015625 0.22889929687500002 0.6197826890625 0.2427169125 0.6172609671875 0.2497992859375 0.611568390625 0.2565504875 0.600859278125 0.257583921875 0.58120895
0 0.277127284375 0.5806884625000001 0.2707152421875 0.58947411875 0.268001990625 0.6048617390625 0.27808888125000003 0.6234979984375 0.30739593906249996 0.6296572515625 0.3212135546875 0.627135534375 0.33099321718749997 0.619935303125 0.33742123125 0.5972696749999999 0.322278921875 0.5797252640624999 0.29667863125 0.5732279874999999 0.277127284375 0.5806884625000001
0 0.3525874828125 0.59399413125 0.34312303125 0.6200908609375 0.34951113125 0.6321251609375 0.3626424453125 0.6403903296875 0.3804980078125 0.64254711875 0.39667375312500003 0.640441203125 0.40915070781249996 0.631733321875 0.41254227343750005 0.612498796875 0.39975809375 0.5953701875 0.3744969609375 0.5869494578125 0.3525874828125 0.59399413125
0 0.41858322968749995 0.6333965296875 0.42934843437500003 0.6481858859375 0.448883815625 0.65460538125 0.4620231171875 0.6559305671875 0.47651903906250004 0.6495619453125 0.48328620468750005 0.6249728609375 0.47050203125 0.607844253125 0.44490174062500004 0.6013469765624999 0.42299226562500003 0.6083916484375 0.41858322968749995 0.6333965296875
0 0.5570665859374999 0.634015825 0.550339334375 0.6239049765625 0.52777549375 0.6139766 0.518003809375 0.61423684375 0.4957551765625 0.62320496875 0.4920244546875 0.64436294375 0.5024505031250001 0.661075753125 0.5159209734375 0.66741746875 0.529060275 0.6687426546874999 0.5374833156250001 0.6692362359375 0.55231839375 0.6609441609375 0.557728934375 0.6440488859375 0.5570665859374999 0.634015825
0 0.6146871875000001 0.63128473125 0.59818026875 0.628374115625 0.5806558796875 0.6312338578125 0.5708762187499999 0.6384340890625 0.5664671828125 0.663438975 0.5775715453125 0.6763048734375 0.606878603125 0.6824641265625 0.6153016453125 0.6829577078125 0.630136721875 0.6746656328125 0.63486895 0.661617265625 0.6328659421875 0.6453980406250001 0.6146871875000001 0.63128473125
0 0.6560563109374999 0.40356349218750004 0.6668215156249999 0.4183528484375 0.6914123125 0.423680496875 0.7116339890625001 0.4193131046875 0.7187403109375 0.39280057031250004 0.714032034375 0.385028978125 0.698881740625 0.374424553125 0.682374821875 0.3715139390625 0.6597870328125001 0.3824055171875 0.6560563109374999 0.40356349218750004
0 0.731855665625 0.4149457109375 0.7513750796875 0.435245178125 0.7692306421875 0.43740196875 0.7870941874999999 0.432618775 0.795541171875 0.412292396875 0.7834353109375 0.391316884375 0.7605323078125 0.3833119578125 0.7426687671875001 0.3880951515625 0.7355863874999999 0.3937877328125 0.731855665625 0.4149457109375
0 0.8454250343749999 0.39828083593749997 0.8211654109375001 0.39796971875 0.8110465859374999 0.4070934015625 0.8079941765624999 0.42440447499999995 0.8110146625000001 0.434853340625 0.8248163046875 0.4462115921875 0.8497462640625001 0.4496157890625 0.8605354140625 0.4435851859375 0.8672866140625001 0.4328760765625 0.8659619187500001 0.41280994375 0.858895509375 0.404622553125 0.8454250343749999 0.39828083593749997
0 0.919811884375 0.4659367578125 0.9413901859375 0.45387555312499994 0.9447817515624999 0.434641028125 0.9276204671875 0.41475736249999995 0.9016810265625 0.41018353906250005 0.8804338968750001 0.42726127500000005 0.8804179328125 0.441141246875 0.8952210859375 0.460609109375 0.919811884375 0.4659367578125
0 0.719646028125 0.4841900078125 0.7405460171875 0.47597570781250004 0.745294209375 0.44904737031249997 0.7318317171875 0.43576566406249995 0.7011760140625001 0.43036023749999996 0.68634093125 0.438652315625 0.6802520765625 0.4593944921875 0.6926971 0.47844655312500006 0.719646028125 0.4841900078125
0 0.80055668125 0.445900475 0.7766362140624999 0.44366590625 0.7618011296875 0.4519579859375 0.75807040625 0.4731159625 0.761430040625 0.48164137812499996 0.772873559375 0.4925838265625 0.7978035140624999 0.495988021875 0.8089238421875 0.494973953125 0.8190426593750001 0.48585027500000005 0.8220950703125001 0.468539196875 0.8190745906249999 0.4580903328125 0.80055668125 0.445900475
0 0.8732637125 0.5092936921875 0.8945028578124999 0.49915594375000005 0.89621460625 0.4756587078125 0.8827521140625001 0.462377003125 0.8547936999999999 0.455463925 0.837939640625 0.46141675 0.83151163125 0.4840823765625 0.8463147843750001 0.503550240625 0.8732637125 0.5092936921875
0 0.63370390625 0.5027514296875 0.6437907984375 0.5213876890625 0.662987021875 0.5297306374999999 0.6811817421875 0.529963975 0.6929803765625 0.5251029968750001 0.7004258546875 0.4966670125 0.6893214999999999 0.48380111093749995 0.6590049484375 0.47647223125 0.6391144468750001 0.4858561578125 0.63370390625 0.5027514296875
0 0.7321070171875 0.48936209843749995 0.71187735625 0.5006694765625 0.710165609375 0.5241667078125001 0.7280052046875001 0.5402034687499999 0.750577028125 0.5431918640625 0.7616973578125 0.542177796875 0.77147701875 0.5349775625000001 0.775546896875 0.5118961343749999 0.7721872640624999 0.5033707171875 0.7604045875 0.4943517234375 0.7321070171875 0.48936209843749995
0 0.848988121875 0.5228625484375 0.8378837656250001 0.509996646875 0.804869928125 0.504175415625 0.795768575 0.5075287390625001 0.7866592421874999 0.51782205 0.7859649640625 0.535548925 0.7947111953125 0.5479990265625 0.8078425078125001 0.5562641953125 0.8186236796875 0.5571735796875 0.8294048500000001 0.5580829625 0.8412034875 0.5532219890625 0.8479546875 0.5425128781249999 0.848988121875 0.5228625484375
0 0.8806692828125 0.515557634375 0.8651558859374999 0.5276966171875 0.8621034765625 0.545007690625 0.8769066296875 0.5644755531250001 0.8964420093750001 0.5708950500000001 0.9075623374999999 0.5698809812500001 0.9223974171875 0.5615889015625 0.9281471124999999 0.542770178125 0.9160412515624999 0.5217946671875 0.8880828296875001 0.5148815875 0.8806692828125 0.515557634375
0 0.68993595 0.5354740875 0.679825115625 0.5376577828125 0.6703846046875 0.5429345624999999 0.6663306921875 0.5521360203125 0.668996053125 0.5783883140625 0.6787597484375001 0.585068053125 0.7060478390625 0.5888880515625 0.7121127421875 0.58896583125 0.724589690625 0.5802579531250001 0.726979753125 0.5529138140625001 0.7088009984375 0.5388005046875 0.68993595 0.5354740875
0 0.7421300468750001 0.5635182375000001 0.7397559499999999 0.57698240625 0.7444562515625 0.5916939828125 0.7542199468749999 0.598373721875 0.7862242968750001 0.6030253250000001 0.802747178125 0.59205596875 0.8044589265625 0.5685587359375 0.7866193296875 0.5525219765625 0.7653961484375 0.54877975625 0.7525880265625 0.552471103125 0.7421300468750001 0.5635182375000001
0 0.87823930625 0.5776017 0.862079528125 0.5658276453125 0.840856346875 0.562085425 0.8229928015624999 0.566868621875 0.8189468718749999 0.5691300984375001 0.81555530625 0.5883646234375 0.8222745796875 0.605415453125 0.8296801453124999 0.611679390625 0.8569682359374999 0.6154993906249999 0.863033140625 0.61557716875 0.881243825 0.6019305359375 0.8832787640624999 0.5903898187500001 0.87823930625 0.5776017
0 0.6662907765625 0.58683595 0.63057965625 0.582522371875 0.6174243890625 0.59507715625 0.6147111359374999 0.6104647765625 0.617731615625 0.620913640625 0.6315332640625 0.63227189375 0.6611794843750001 0.6365076968750001 0.6699416765625 0.635077825 0.6800604953125 0.625954140625 0.683112903125 0.60864306875 0.678073453125 0.5958549453125 0.6662907765625 0.58683595
0 0.7441091109375 0.6005574218749999 0.715811534375 0.5955677953125 0.7057006984374999 0.597751490625 0.695581875 0.606875175 0.6931918140625 0.6342193109375 0.7046353328125 0.6451617609375 0.7366396828124999 0.649813365625 0.7427045890625 0.64989114375 0.7551815359375 0.6411832625 0.7585731015625 0.6219487375 0.75589178125 0.609576415625 0.7441091109375 0.6005574218749999
0 0.773061046875 0.6225200984375 0.7700086374999999 0.6398311718749999 0.7730291234375 0.6502800375 0.7824536609375 0.65888323125 0.81209988125 0.663119034375 0.8306417343750001 0.65448893125 0.83301583125 0.6410247609375 0.8286546937500001 0.624389734375 0.8101367828124999 0.61219988125 0.7858771578125 0.6118887640625 0.773061046875 0.6225200984375
0 0.8471486546874999 0.657399546875 0.8622909640625 0.6749439578125 0.88486279375 0.677932353125 0.9061019343750001 0.6677946 0.9101718125 0.6447131703125 0.8950295078125 0.627168759375 0.8765036140625 0.621918890625 0.8589792265625 0.62477863125 0.851896846875 0.6304712078125 0.8471486546874999 0.657399546875
0 0.6459972609375 0.653663209375 0.6426056953125 0.672897734375 0.6506736125 0.689194740625 0.6638049265625 0.6974599140625 0.676944228125 0.6987850984375 0.702221321875 0.69332585625 0.70932764375 0.6668133187499999 0.7063071671875 0.6563644546875 0.6989016015625 0.6501005125 0.66858505 0.6427716343750001 0.6459972609375 0.653663209375
0 0.7292101625 0.66436938125 0.7227821546875 0.6870350078125 0.7308500734375001 0.7033320125 0.743981390625 0.7115971875 0.7547625578125 0.7125065703125 0.7797004953125 0.7089707796875 0.7861125437500001 0.7001851203125 0.7878242875 0.6766878859375 0.7743618 0.6634061828125 0.7437060921875001 0.658000753125 0.7292101625 0.66436938125
0 0.86630496875 0.700442425 0.8632844859375 0.6899935546875 0.8521801296874999 0.677127653125 0.8312961062499999 0.6714619828124999 0.8215244203125 0.671722225 0.8066893421874999 0.6800143046875 0.8019571109375001 0.693062671875 0.8022803062499999 0.7050191906250001 0.808668403125 0.7170534843749999 0.819780746875 0.7229794 0.8305619125 0.7238887828125 0.8413430843749999 0.7247981671875 0.8581971359375 0.718845346875 0.86630496875 0.700442425
0 0.09913822343749999 0.6524334515625 0.1227355 0.6427115015625 0.126466221875 0.621553525 0.10964409374999999 0.59974640625 0.07864923124999999 0.5962644312500001 0.059421076562499994 0.61568141875 0.059405115625000005 0.6295613921875 0.0765663984375 0.6494450578125 0.09913822343749999 0.6524334515625
0 0.13856410624999999 0.649469021875 0.1614591203125 0.6644139359375 0.17931468281250001 0.6665707249999999 0.20021467187500003 0.658356425 0.20462370624999998 0.63335154375 0.191839528125 0.616222934375 0.16354195625 0.611233309375 0.1534311171875 0.6134170046875 0.14331229843749999 0.6225406875 0.13856410624999999 0.649469021875
0 0.2544357265625 0.6817998453125 0.280051975 0.67441715 0.2848001671875 0.6474888171875001 0.2696578578125 0.62994440625 0.241360284375 0.6249547796875 0.22079147031250002 0.6381856109374999 0.216382434375 0.6631904921875 0.23893829375000003 0.6800588578125 0.2544357265625 0.6817998453125
0 0.322215059375 0.6352451453125 0.30974609218750004 0.63701304375 0.2999664265625 0.64421326875 0.293877571875 0.6649554484375 0.294879078125 0.673065059375 0.303964465625 0.683591709375 0.32821610625000003 0.6908428078125 0.34944726875 0.68764504375 0.358887775 0.682368265625 0.3632968109375 0.6573633796875 0.3501734796875 0.6421582265625 0.322215059375 0.6352451453125
0 0.3828481546875 0.649902909375 0.3717118671875 0.66479695 0.3706784328125 0.6844472765625 0.3841409234375 0.6977289812499999 0.41142900937500004 0.7015489796875001 0.42524662500000004 0.6990272578125001 0.4323289984375 0.6933346796875 0.4350582171875 0.6640670875 0.41889843750000005 0.6522930328125 0.395317128125 0.6481350124999999 0.3828481546875 0.649902909375
0 0.445799475 0.6996763968749999 0.461959253125 0.711450453125 0.48924734374999995 0.7152704515625 0.507789196875 0.7066403484375 0.510179259375 0.6792962078125 0.49200050468749995 0.6651829 0.4707773265625 0.66144068125 0.45830835312499996 0.663208578125 0.447511221875 0.676179165625 0.445799475 0.6996763968749999
0 0.5361266875 0.67693005 0.523649734375 0.6856379265625 0.5215988296875 0.7110586140625 0.537419453125 0.7247561218749999 0.56234940625 0.7281603171875 0.576167021875 0.7256385953125 0.5832493953125 0.7199460171875 0.5856394578125 0.6926018765624999 0.5718378078125 0.6812436296875 0.5580281828125 0.6768253609375 0.5361266875 0.67693005
0 0.14191575781250002 0.664934421875 0.12137089062499999 0.6573452984375 0.094405996875 0.66548181875 0.08799394687499999 0.674267478125 0.0849415375 0.6915785515625 0.10008384687500001 0.7091229625000001 0.12265567656250001 0.7121113578125 0.1310787125 0.7126049390625 0.14591379531249998 0.7043128609375 0.1509851796875 0.6893410421875 0.1506619890625 0.6773845234375 0.14191575781250002 0.664934421875
0 0.1769405859375 0.68003489375 0.1701734203125 0.704623978125 0.1735330546875 0.713149390625 0.1873347046875 0.72450764375 0.20754839687499999 0.727080234375 0.21866872656249997 0.7260661640625 0.2314848296875 0.7154348328125 0.2328574234375 0.69386105 0.21737595625 0.678240090625 0.191436515625 0.6736662671875 0.1769405859375 0.68003489375
0 0.2722912875 0.6839566375 0.25240078593750004 0.6933405625 0.24563361874999998 0.7179296468749999 0.262794903125 0.7378133124999999 0.283008596875 0.7403859046875 0.3035694296875 0.7340950562499999 0.309642315625 0.7272328484374999 0.31303388125 0.707998321875 0.31169322187500004 0.701812165625 0.298230728125 0.688530459375 0.2722912875 0.6839566375
0 0.3477514859375 0.6972623062500001 0.328200140625 0.70472278125 0.3221112875 0.7254649546875 0.3345563109375 0.744517015625 0.351733559375 0.7505207109375001 0.3702674359375 0.748830596875 0.379707940625 0.743553821875 0.3871534203125 0.715117834375 0.384464115625 0.7096854968749999 0.36897466562500003 0.701004525 0.3477514859375 0.6972623062500001
0 0.3995904609375 0.741109878125 0.41237463906249994 0.7582384875 0.4346073078125 0.763150334375 0.4507830515625 0.7610444171874999 0.46022355625 0.7557676421874999 0.4669907234375 0.7311785578125 0.4515092625 0.7155576015625 0.42826710312499994 0.7094761265625 0.40366033906250004 0.71802845 0.3995904609375 0.741109878125
0 0.5081044109375 0.725536853125 0.49833272656250005 0.7257970953124999 0.4922598390625 0.7326593046875 0.486534090625 0.7306580734375 0.47776391250000005 0.7390279265624999 0.47640728593750004 0.7467217390625 0.4774087890625 0.7548313484375 0.49019296875 0.7719599578125 0.5029931140625 0.775208596875 0.53028918125 0.7720886124999999 0.537056346875 0.7474995265625 0.532687225 0.7378044874999999 0.5081044109375 0.725536853125
0 0.4648599953125 0.8259990984375 0.4807045671875 0.818876646875 0.48679342031250006 0.798134471875 0.47434839687499997 0.7790824093750001 0.4484089546875 0.7745085859375 0.42817929687499995 0.7858159671875 0.4251268875 0.8031270390625 0.439930040625 0.8225949031249999 0.4648599953125 0.8259990984375
0 0.504964190625 0.8191877640625 0.5177483703125 0.8363163734375 0.5423391671875 0.8416440218749999 0.56323915625 0.8334297218750001 0.569328009375 0.8126875468750001 0.5632790703125 0.798729796875 0.5501477515625 0.790464628125 0.531282703125 0.7871382109375 0.5083557562500001 0.7999532390625 0.504964190625 0.8191877640625
0 0.619000434375 0.689559671875 0.6051828203125 0.6920813906250001 0.5957343328125 0.7042981546875 0.5936993937499999 0.7158388703125 0.5947008968749999 0.72394848125 0.603786284375 0.7344751296875 0.6250014828125 0.7451573328125 0.65533399375 0.738606240625 0.6620851953125 0.7278971328125 0.6627794734375 0.710170253125 0.654033246875 0.6977201578125001 0.619000434375 0.689559671875
0 0.5737929265624999 0.7391027640625001 0.556260553125 0.74890249375 0.5511891703125 0.7638743125 0.5653140109375 0.7871890796875001 0.5851885484375 0.791685125 0.6013642921875 0.7895792078125 0.610804796875 0.7843024328125 0.6152138328125 0.759297546875 0.6105055546875 0.751525959375 0.5950161046875 0.7428449828125 0.5737929265624999 0.7391027640625001
0 0.6725192265625 0.7376699531249999 0.6900196671875001 0.755630165625 0.7051779421875 0.75929460625 0.7186564015625 0.7586963390625 0.7331523234375 0.7523277125 0.738239671875 0.723475921875 0.727135315625 0.710610025 0.694121478125 0.7047887937499999 0.6786080796875 0.7169277765625 0.6725192265625 0.7376699531249999
0 0.8005765390624999 0.7215764390625 0.7746370921875 0.7170026140625 0.764526259375 0.7191863109375001 0.754407434375 0.72830999375 0.7499983984374999 0.7533148749999999 0.7695178140625 0.7736143421875 0.782657115625 0.774939528125 0.79377744375 0.7739254609375 0.8113098093750001 0.7641257296874999 0.8157188453125 0.7391208484375 0.8103402375 0.728256178125 0.8005765390624999 0.7215764390625
0 0.6563275156249999 0.7536558390625 0.6411612625 0.7569313875 0.6337397250000001 0.764547415625 0.630009003125 0.785705396875 0.640774209375 0.8004947484375 0.6518865546875 0.8064206687500001 0.6626677187500001 0.8073300515625 0.6828893953125 0.8029626562500001 0.6936945156250001 0.7830520859375001 0.69135234375 0.7687563125 0.6863049109375 0.762908171875 0.6563275156249999 0.7536558390625
0 0.5804243890625 0.8324934328125 0.5952275421875 0.851961296875 0.620157503125 0.8553654937499999 0.6390385109375 0.8448119374999999 0.6431083906249999 0.8217305093749999 0.6387392703125 0.8120354656250001 0.62560795 0.803770296875 0.6067429015625 0.8004438796875 0.5838159546874999 0.8132589078124999 0.5804243890625 0.8324934328125
0 0.7530109 0.770703728125 0.7294295843749999 0.76654570625 0.71257553125 0.7724985328125 0.7061634812500001 0.7812841875000001 0.7054692015625 0.799011065625 0.71825338125 0.816139675 0.7381279171874999 0.8206357203125 0.7634050125 0.8151764765625 0.7694779046875 0.80831426875 0.771852 0.7948501046875001 0.7641232390625 0.77662964375 0.7530109 0.770703728125
0 0.719246903125 0.8311892703125 0.7057844156249999 0.8179075703124999 0.6845612296875 0.81416535 0.664670734375 0.823549278125 0.6589210296875 0.8423679999999999 0.6710268968750001 0.8633435140625 0.690901434375 0.8678395578125 0.7016826046875 0.8687489421875 0.711123109375 0.8634721656250001 0.719893290625 0.8551023093750001 0.7222673859375 0.841638140625 0.719246903125 0.8311892703125
0 0.7924208171875 0.7816192703125 0.784660125 0.7911587531250001 0.784628196875 0.8189186968750001 0.8004488203125 0.8326162046875 0.8112299859375 0.8335255874999999 0.8321219921875 0.8322512703125 0.845277259375 0.8196964859375001 0.8459715390625 0.801969609375 0.8405929249999999 0.7911049421875 0.8217358578124999 0.7808385390625 0.7924208171875 0.7816192703125
0 0.778152290625 0.8832242375 0.7953534890625 0.868407978125 0.7960477625 0.8506811031250001 0.78764069375 0.8363075500000001 0.7623795640625 0.8278868218750001 0.7397917765625001 0.8387783984375 0.735721896875 0.861859828125 0.7485060703124999 0.8789884375 0.778152290625 0.8832242375
0 0.8575108453125001 0.729632234375 0.8376283265625 0.7320761765625 0.8278486609375 0.7392764046875 0.8231004671875001 0.7662047421875 0.8385819343750001 0.7818257015625 0.8473361484374999 0.7873358140625 0.8581173140624999 0.7882451968749999 0.8715957718749999 0.7876469312500001 0.8864308515625 0.7793548515625 0.892519709375 0.758612678125 0.8804138437500001 0.7376371640625 0.8575108453125001 0.729632234375
0 0.806804984375 0.872410440625 0.8216081375 0.8918783046875 0.841482675 0.896374346875 0.8522638453125 0.8972837328125 0.867098925 0.888991653125 0.873866096875 0.8644025750000001 0.8614210734375 0.8453505124999999 0.833462653125 0.8384374343750001 0.8105357062499999 0.8512524625 0.806804984375 0.872410440625