0 0.7002952671875 0.9333212796874999 0.6985326875 0.9219169062500001 0.6902669625 0.90814226875 0.66767445625 0.9015383765625 0.65917673125 0.9043112953125 0.6463528125 0.9139865171875 0.6394629984375 0.9391955078124999 0.640137096875 0.9459636 0.6484028265624999 0.9597382328125 0.6571602640624999 0.9658652171875 0.673664 0.9679670390625 0.6786642953124999 0.967832821875 0.6914882109375 0.958157596875 0.69698021875 0.9503757234375 0.7002952671875 0.9333212796874999
0 0.8065168171874999 0.8986598359375 0.7956597546874999 0.8777444375 0.7869023109375 0.8716174546875 0.7734816296875 0.8690087375 0.7549059859375 0.877565940625 0.7462535984375 0.8913705593750001 0.7437673124999999 0.9041613921874999 0.7455298890625001 0.9155657640625 0.75379561875 0.9293404015625001 0.7644702999999999 0.9358400546875 0.7752223109374999 0.9368238578125 0.78447146875 0.9353031828124999 0.7972953875 0.9256279578125 0.8027873890624999 0.9178460828125001 0.8065168171874999 0.8986598359375
0 0.72453946875 0.8495397578125001 0.7308602328125 0.837494271875 0.7322580421875 0.82006715625 0.7315839453125 0.8132990671875 0.72331821875 0.79952443125 0.7164780171875 0.793770125 0.7030573296875 0.7911614078125 0.69264236875 0.79356165 0.6798184484375 0.8032368734374999 0.67349768125 0.815282359375 0.6714257765625 0.825941384375 0.67168549375 0.8348412796875 0.68145408125 0.8511203953124999 0.6882942812499999 0.856874703125 0.704798015625 0.8589765265624999 0.71637879375 0.85569671875 0.72453946875 0.8495397578125001
0 0.8255783437499999 0.8005967859374999 0.8303962531250001 0.7860468203125001 0.8290480578125001 0.772510640625 0.8192794718749999 0.756231528125 0.796686965625 0.749627634375 0.7881892406250001 0.752400553125 0.777696940625 0.76031664375 0.7717905578125 0.770230321875 0.7684755109375 0.787284765625 0.7702380828125001 0.798689140625 0.7754980921875 0.807454815625 0.7823382921875 0.8132091265625 0.79459316875 0.8166974078125 0.8034279421875 0.8173085390624999 0.81775471875 0.8101377921875 0.8255783437499999 0.8005967859374999
0 0.63370545 0.8562192968750001 0.6323572546875 0.8426831171875 0.62258866875 0.826404003125 0.6038306437500001 0.8205454578125 0.5856693843749999 0.826970853125 0.57784575625 0.8365118609375 0.57261346875 0.8531936296874999 0.5739616609375 0.866729809375 0.5822273890624999 0.880504446875 0.5948193140625 0.8873767718750001 0.5998196046875 0.8872425546875 0.6086543765625 0.887853684375 0.6229811578125 0.880682940625 0.6316335453125 0.8668783234375 0.63370545 0.8562192968750001
0 0.5623473375 0.7627039796874999 0.55216436875 0.7485566703125001 0.5334063437500001 0.742698125 0.512499084375 0.7530144609375 0.5061783140625 0.7650599453125 0.5028632671875 0.7821143890625 0.5050402265625 0.791386959375 0.5152231953124999 0.80553426875 0.5313125484375 0.8097678984375 0.5448105640625001 0.8068607609375 0.552971240625 0.8007038046874999 0.56162363125 0.7868991859375 0.5630214375 0.7694720671875 0.5623473375 0.7627039796874999
0 0.5236216953125 0.8646879453125 0.5029464265625 0.858456728125 0.487868221875 0.864375234375 0.4816247859375 0.87090486875 0.47887878281249996 0.8747958062500001 0.4743205921875 0.8982456640625 0.47649754843750003 0.9075182328125001 0.488597759375 0.92203821875 0.508935975 0.9248853921875 0.5209311328124999 0.9194737765625 0.5299205703125 0.9090532046875 0.5344787609375 0.8856033468750001 0.53079894375 0.873826296875 0.5236216953125 0.8646879453125
0 0.4574462578125 0.7854541578124999 0.4329365140625 0.7784775921875 0.4162781125 0.78740746875 0.41078610781249997 0.7951893437499999 0.4051394390625 0.8140029171875 0.4084048734375 0.8279117703125 0.413664884375 0.83667745 0.42050508437499995 0.8424317546875001 0.43084271718749995 0.8455473625 0.439677490625 0.84615849375 0.456335890625 0.8372286156250001 0.4662314203125 0.8170285828124999 0.46571198750000004 0.7992287921875 0.4574462578125 0.7854541578124999
0 0.37192769062500003 0.8517942656249999 0.36907663749999997 0.8357536078125 0.365319484375 0.8294924109374999 0.355059184375 0.8208609484375 0.341638503125 0.8182522328124999 0.3312235359375 0.8206524749999999 0.32073124062499997 0.8285685656249999 0.315653615625 0.8342186359375001 0.3100069484375 0.853032209375 0.31285799999999997 0.8690728703125 0.3215381109375 0.8807157 0.3268754484375 0.883965528125 0.34146194531249996 0.885694678125 0.3483794796875 0.8859331328125 0.3658666390625 0.8727396453124999 0.37192769062500003 0.8517942656249999
0 0.30000053437499996 0.7714424546875 0.2967351 0.7575336015625 0.29106071093749997 0.7508997296875 0.2703854421875 0.7446685093750001 0.2553072375 0.7505870156250001 0.2463177984375 0.7610075875 0.2431574125 0.76703033125 0.24134522656250001 0.7865892515625 0.2476937109375 0.7999912140625 0.25603677343750003 0.808250003125 0.2725405078125 0.810351825 0.27987242343749996 0.8084584749999999 0.29502796249999996 0.79702411875 0.298188346875 0.791001378125 0.30000053437499996 0.7714424546875
0 0.18758515625 0.781670234375 0.17032999375 0.7783161703125 0.15175434999999998 0.7868733734375 0.14268758125 0.802809796875 0.1406156765625 0.813468825 0.14237825312500002 0.8248731984375001 0.14914111875 0.8361433546875 0.1632359015625 0.8455201625000001 0.170153434375 0.84575861875 0.18365145 0.8428514828125 0.1968897515625 0.8310444531250001 0.2037795625 0.8058354624999999 0.1944253546875 0.7874245453125 0.18758515625 0.781670234375
0 0.12058096250000001 0.7067000578125 0.11524361875 0.70345023125 0.09182235 0.70110995 0.07200356718749999 0.716062571875 0.0678597578125 0.737380625 0.070036715625 0.74665319375 0.07679958125 0.75792335 0.0836397828125 0.76367765625 0.102060759375 0.76615215625 0.10939267500000001 0.76425880625 0.12496259531250001 0.7506926421875 0.1299351671875 0.725110978125 0.1262553484375 0.71333393125 0.12058096250000001 0.7067000578125
0 0 0.7972313468750001 0.0005024484374999999 0.7972953359375 0.0097516015625 0.7957746625000001 0.024907142187500002 0.784340303125 0.031382575 0.76126311875 0.028117140625 0.7473542656250001 0.0224427515625 0.7407203906250001 0.013685306250000001 0.7345934140625 0.000264625 0.7319846984375 0 0.732099984375 0 0.7972313468750001
0 0.22957623906250002 0.693595125 0.227399278125 0.6843225546875 0.21871917343749997 0.6726797234374999 0.1980439046875 0.66644850625 0.18762894218749998 0.6688487484375 0.1771366453125 0.676764840625 0.17123025625 0.6866785203125 0.167500828125 0.7058647687499999 0.17835789375 0.7267801656249999 0.1871153375 0.7329071500000001 0.195950109375 0.7335182765625 0.20711650625 0.7323702734374999 0.22227204375 0.7209359203125 0.2250180484375 0.717044984375 0.22957623906250002 0.693595125
0 0 0.6722741203125 0.00445804375 0.679703346875 0.0166355890625 0.688707478125 0.023553121875 0.688945934375 0.038968375 0.686411475 0.0494606765625 0.6784953812500001 0.057179248437499997 0.649022778125 0.0493279 0.6331163375 0.0313986375 0.622994184375 0.0190664328125 0.6250217484375 0.004325275 0.6343243000000001 0 0.6404529796875 0 0.6722741203125
0 0.10678968124999999 0.5934016609375 0.10054624375000001 0.5999312921875 0.0936564328125 0.625140284375 0.0958333890625 0.6344128515625 0.10259625624999999 0.6456830124999999 0.1113537 0.6518099890625 0.1259401953125 0.653539140625 0.1375209671875 0.6502593328125 0.1488420265625 0.6380796296875 0.1538145984375 0.612497965625 0.1425431546875 0.593714371875 0.1237851296875 0.5878558296875 0.10678968124999999 0.5934016609375
0 0.252626909375 0.5852457203125 0.2519528125 0.57847763125 0.23876412187499998 0.5593213625 0.2157572359375 0.5548492765625 0.20101607812500003 0.564151828125 0.195524071875 0.5719337015625 0.1913802625 0.59325175625 0.19355721875 0.6025243265625 0.2037401875 0.61667163125 0.20907752968749999 0.6199214609375 0.22174678281250002 0.6212779390625001 0.235244796875 0.61837080625 0.24381985625000002 0.6100820375 0.24931186093750002 0.6023001640625 0.252626909375 0.5852457203125
0 0.288927534375 0.6288056734375 0.27144037656250003 0.6419991578124999 0.26455056250000003 0.6672081484375 0.2788277296875 0.6910007031250001 0.2972487015625 0.6934752015625001 0.304580615625 0.6915818515625001 0.3174045359375 0.6819066265625 0.32470873125 0.6545658328124999 0.3225317703125 0.6452932625 0.313851665625 0.6336504328125 0.308514321875 0.630400603125 0.288927534375 0.6288056734375
0 0.3885248203125 0.71011130625 0.3816846203125 0.704356996875 0.366346696875 0.70137560625 0.351268490625 0.7072941125 0.3431078140625 0.713451071875 0.335958284375 0.72976016875 0.337980578125 0.750064440625 0.348163546875 0.7642117515625 0.3585011796875 0.7673273593750001 0.375419296875 0.767297378125 0.390574834375 0.7558630234375 0.3937352203125 0.7498402796875 0.39679055 0.7238859390625 0.3885248203125 0.71011130625
0 0.49202809375 0.70478824375 0.49000579999999994 0.684483971875 0.48474579375 0.6757182984375001 0.47256824999999997 0.6667141640625001 0.46681653125 0.66559614375 0.4521527015625 0.66938284375 0.44166040625 0.677298934375 0.4353396390625 0.68934441875 0.432438971875 0.70426705625 0.4331130703125 0.7110351484375 0.4413787953125 0.7248097812500001 0.44821899531250003 0.7305640890625 0.46472273125 0.7326659125 0.47397188906250004 0.7311452359375 0.484878565625 0.721097340625 0.49202809375 0.70478824375
0 0.58949220625 0.66399981875 0.586226771875 0.6500909640625 0.5809667625 0.6413252890625001 0.56262311875 0.6333349359375 0.5502909125000001 0.6353625078125 0.5374669937500001 0.6450377296875 0.5315606109375001 0.6549514109375 0.5286599437499999 0.6698740484375 0.5356825265625 0.6900440984375 0.5459428265625 0.698675559375 0.5586120796875 0.7000320375 0.5721101 0.6971249015625001 0.5806851562500001 0.6888361359374999 0.586177159375 0.6810542609375 0.58949220625 0.66399981875
0 0.7469379359375 0.67801151875 0.726262665625 0.6717803046874999 0.7177649421875001 0.6745532187500001 0.7049410234375 0.68422844375 0.698205878125 0.6984057328125 0.69763683125 0.7115692390625 0.6998137890625 0.720841809375 0.7099967546875 0.73498911875 0.7322522140625 0.7382089656249999 0.7395841296875 0.7363156156249999 0.752822425 0.7245085875 0.7563971921875 0.7163540390625001 0.758209378125 0.696795115625 0.7469379359375 0.67801151875
0 0.846579003125 0.646495665625 0.822069259375 0.6395190984375 0.8049964765625001 0.6505807828125 0.799504471875 0.6583626578125 0.7961894234375 0.6754171015625 0.7983663796875 0.6846896703125 0.806632109375 0.698464303125 0.8153895468749999 0.7045912875 0.8261415624999999 0.7055750875 0.8454686312499999 0.6982701265625 0.853706640625 0.686597315625 0.8570216890625 0.669542871875 0.8537562515625 0.65563401875 0.846579003125 0.646495665625
0 0.6684302921875 0.6008052984375001 0.6469262671875 0.59883769375 0.6313563421875 0.6124038546875 0.62446653125 0.6376128453125001 0.6266434890625 0.646885415625 0.6387437 0.6614054 0.6571646765625 0.6638798953125 0.6664138296875 0.66235921875 0.6745745046875 0.6562022609375 0.6840556546875 0.6381340328125 0.6846246984375 0.6249705249999999 0.6737676359375 0.604055128125 0.6684302921875 0.6008052984375001
0 0.7786687140625 0.5813049484375 0.773408703125 0.5725392734375 0.7684857468749999 0.5671576375 0.753562203125 0.5620444421874999 0.738898371875 0.5658311453125 0.7307376999999999 0.571988103125 0.7208421671874999 0.5921881359375 0.7232788421875 0.6103606 0.7300417109375 0.6216307546875 0.7387991484375 0.6277577390625 0.75146840625 0.6291142140625 0.7607175609375 0.6275935359375 0.7712098562499999 0.6196774453125 0.7806910078125 0.6016092203125 0.7786687140625 0.5813049484375
0 0.8793982625 0.554425378125 0.8696296765625 0.538146265625 0.8470371703125 0.531542371875 0.8408710640624999 0.5325561578125 0.8257155265625 0.5439905109375001 0.8185659968750001 0.5602996078125 0.8184113343750001 0.5713313062500001 0.829268396875 0.5922467078125 0.8491922328125 0.5972256859375 0.860358628125 0.596077684375 0.8708509281250001 0.58816159375 0.8767573109375 0.5782479109375 0.880072359375 0.5611934671875 0.8793982625 0.554425378125
0 0.6520753921875 0.5058135828125 0.6475172015624999 0.5292634421875 0.6568714109375 0.5476743640625 0.6637116125 0.55342866875 0.682132584375 0.55590316875 0.7003711765625 0.54396191875 0.705863184375 0.5361800453125001 0.707675371875 0.516621125 0.7054984140625 0.5073485546875001 0.6933982046875 0.4928285703125 0.6742257984375 0.48910183125 0.6520753921875 0.5058135828125
0 0.5975916171875 0.525089771875 0.5784192125 0.521363034375 0.5586004250000001 0.5363156546875001 0.5517106140625 0.5615246468749999 0.5553904328125 0.5733016937500001 0.56598778125 0.5853172 0.5863259968750001 0.5881643703125 0.5959895296875 0.5845118890625 0.606896209375 0.574463990625 0.61005659375 0.56844125 0.6122831609375 0.5467505218750001 0.6044318171875 0.5308440828125 0.5975916171875 0.525089771875
0 0.768529528125 0.45433615156249996 0.756119990625 0.46187956874999997 0.7506279890625 0.4696614421875 0.746069796875 0.49311130312499996 0.7497496124999999 0.5048883515625 0.760346959375 0.5169038578125 0.7787679375 0.519378353125 0.786099853125 0.517485003125 0.7965921484375 0.5095689109375 0.8056589171875 0.4936324890625 0.8062279640625001 0.48046898281250006 0.7919507968749999 0.4566764296875 0.768529528125 0.45433615156249996
0 0.9008964640625001 0.4745347953125 0.9054546546875001 0.45108493281250006 0.9032776953124999 0.4418123625 0.8965148265625 0.43054220781249997 0.8877573890624999 0.424415228125 0.8743367015624999 0.4218065109375 0.8639217390624999 0.424206753125 0.8557610625000001 0.430363715625 0.847523053125 0.44203652499999996 0.843793625 0.461222771875 0.856153553125 0.484642653125 0.861490890625 0.4878924765625 0.8760773875 0.4896216296875 0.8853265390624999 0.48810095625 0.8981504593749999 0.47842573125000004 0.9008964640625001 0.4745347953125
0 0.711111534375 0.38122934062499997 0.695359228125 0.3803797578125 0.6852813140625 0.3861640421875 0.6774576890625 0.39570505 0.6742973046875 0.401727790625 0.6724851171874999 0.42128671406249996 0.6761649328125 0.4330637609375 0.6852594234375 0.4425747875 0.7075148812500001 0.445794634375 0.714846790625 0.443901284375 0.7284994734375 0.429962446875 0.7319691875000001 0.40187630468749996 0.720283359375 0.3852245171875 0.711111534375 0.38122934062499997
0 0.6342453546875 0.4337648328125 0.6221451484375 0.41924485312500004 0.6029727421875 0.41551811406250005 0.589811775 0.42180929218749996 0.5808223359375 0.43222986093750004 0.5766785265625 0.453547915625 0.5841154937499999 0.47158616249999996 0.59629303125 0.48059029375 0.6089622859375 0.481946771875 0.6228746859375 0.47690783124999997 0.62911811875 0.4703782 0.6358532671875 0.45620090781249995 0.6364223140624999 0.44303740312500006 0.6342453546875 0.4337648328125
0 0.5063373875 0.45204292500000004 0.4978396640625 0.45481584062499997 0.4869329859375 0.4648637390625 0.48335822031250003 0.47301828749999997 0.481546034375 0.49257720781250003 0.49432033906250006 0.51386528125 0.5165757984375 0.517085128125 0.5215760890625 0.5169509109375 0.53756039375 0.501252946875 0.5410301046875 0.4731667984375 0.5293442749999999 0.45651501093749997 0.5240069375 0.4532651859375 0.5063373875 0.45204292500000004
0 0.5082108437499999 0.5652370906249999 0.48753558124999996 0.559005871875 0.47903785781249997 0.5617787859375001 0.46346793281250004 0.575344946875 0.45989317031250004 0.5834994953125 0.45890974218749997 0.59879480625 0.4655952796875 0.615580815625 0.47318690781250006 0.622587359375 0.49160788593750004 0.6250618593749999 0.49893980156250006 0.6231685078125 0.5117637171875 0.6134932828124999 0.5190679109375 0.5861524874999999 0.515388096875 0.5743754390625 0.5082108437499999 0.5652370906249999
0 0.42310665781249995 0.6294453921875001 0.42217284375 0.61377740625 0.4139071140625 0.6000027718750001 0.4051496765625 0.5938757890625 0.3955634703125 0.5920124203125 0.3832312640625 0.594039990625 0.37040734531249997 0.6037152125 0.3645009625 0.61362889375 0.36160029531250004 0.6285515296875 0.36377725 0.6378240984375 0.372042978125 0.6515987359375 0.38080042187499996 0.657725715625 0.38963519375 0.6583368453125 0.40080158906249996 0.65718884375 0.41321112656250003 0.6496454265625 0.42310665781249995 0.6294453921875001
0 0.349676640625 0.5465891 0.345996825 0.5348120546875 0.3353994765625 0.5227965515624999 0.31622707031249997 0.5190698125 0.30581210312499996 0.52147005 0.297651428125 0.5276270109375 0.29174504375 0.53754069375 0.288015615625 0.556726940625 0.298872678125 0.5776423421875 0.3095473609375 0.5841419921875 0.3145476546875 0.5840077765625 0.32763129062499996 0.58323245 0.340455209375 0.573557225 0.3459472109375 0.5657753515625 0.349676640625 0.5465891
0 0.44781485468750004 0.512568765625 0.4441350359375 0.5007917187500001 0.4335376875 0.4887762171875 0.4143652828125 0.485049478125 0.40586755781250006 0.487822390625 0.39262925625 0.49962942187500003 0.38656820468749997 0.5205748015625 0.3898336421875 0.53448365625 0.3950936515625 0.5432493359375 0.40193385312499996 0.5490036375 0.4184375875 0.5511054625 0.4276867390625 0.549584790625 0.43817903593749996 0.5416686937499999 0.4436710453125 0.5338868203125 0.44781485468750004 0.512568765625
0 0.08406440312499999 0.541418725 0.0818874421875 0.5321461546874999 0.0732073375 0.5205033234374999 0.06786999375 0.517253496875 0.0425314875 0.5145405421875 0.034785190625000004 0.5185657 0.026547181250000003 0.530238509375 0.021988990625 0.5536883687499999 0.0313432 0.572099290625 0.038183401562500004 0.5778535953125 0.054687134375 0.579955421875 0.0596874265625 0.5798212 0.074428584375 0.5705186531249999 0.0799205921875 0.5627367796875 0.08406440312499999 0.541418725
0 0.1817882296875 0.5095301937500001 0.18002565625 0.49812582031249997 0.1747656484375 0.48936014375000003 0.16792544843749999 0.4836058375 0.1468357984375 0.479506425 0.1383380734375 0.482279340625 0.12468539687499999 0.496218175 0.1205415859375 0.5175362296875 0.1298957921875 0.535947153125 0.14207333125 0.54495128125 0.148990865625 0.5451897390625 0.1624888796875 0.54228260625 0.1729811796875 0.5343665109375 0.17888756249999999 0.524452834375 0.1817882296875 0.5095301937500001
0 0.2795120625 0.4776416671875 0.27666100781249997 0.46160100625 0.271400996875 0.45283532656250003 0.264560796875 0.44708102343749995 0.24922287187499997 0.44409963281250003 0.241139528125 0.4447407421875 0.2263983703125 0.45404329375 0.22090636562500002 0.46182516875 0.2175913171875 0.47887961093750003 0.2208567546875 0.4927884640625 0.2276196234375 0.5040586203124999 0.2363770609375 0.5101856 0.245211834375 0.5107967296875 0.2563782296875 0.5096487265625 0.27153376875 0.49821437343749997 0.2795120625 0.4776416671875
0 0.10763450625 0.45086911093750004 0.11094955468750001 0.4338146671875 0.108772596875 0.42454210000000003 0.0985896296875 0.41039478906250004 0.0932522859375 0.4071449625 0.0736655 0.40555002812499996 0.06283615625 0.410082078125 0.05659271875000001 0.41661171250000006 0.0534323359375 0.422634453125 0.050377003125 0.44858879218750003 0.060145593750000004 0.46486790625 0.06548293125 0.468117734375 0.083903909375 0.47059223437500003 0.09548468593750001 0.46731242812499996 0.1017281203125 0.46078279375 0.10763450625 0.45086911093750004
0 0.197816315625 0.38101074218750003 0.19097611718750002 0.37525643125 0.16988647343750002 0.3711570203125 0.153228071875 0.380086896875 0.1460785421875 0.3963959921875 0.1455094953125 0.4095595 0.1529464609375 0.42759774687499996 0.1632067609375 0.43622920781249996 0.1739587765625 0.437213009375 0.1874567921875 0.434305875 0.1979490890625 0.42638978437499997 0.205098621875 0.4100806890625 0.205667665625 0.3969171828125 0.197816315625 0.38101074218750003
0 0.3728819765625 0.427207996875 0.3646162515625 0.413433365625 0.3592789078125 0.4101835359375 0.3439409828125 0.4072021453125 0.3335260203125 0.40960238593750004 0.3207021 0.4192776109375 0.317541715625 0.4253003515625 0.3144863859375 0.451254690625 0.329177934375 0.47291543750000004 0.33150955312499997 0.47115630781249995 0.3360954671875 0.47315389375 0.3534279640625 0.470992109375 0.37091512656250003 0.457798621875 0.3750589359375 0.43648056718749995 0.3728819765625 0.427207996875
0 0.264604584375 0.3342595359375 0.25219504531250003 0.34180295156249996 0.2462886578125 0.3517166328125 0.24297361093749997 0.36877107656249997 0.2462390453125 0.3826799296875 0.2564220171875 0.39682723750000004 0.26867688749999996 0.40031552187499997 0.288755390625 0.394262796875 0.300076446875 0.38208309375 0.3031317796875 0.35612875625 0.29945196093750004 0.34435170937500004 0.2918603328125 0.3373451640625 0.264604584375 0.3342595359375
0 0.1345692703125 0.3123017609375 0.1293092609375 0.30353608125 0.11713172187500001 0.2945319515625 0.10562827968749999 0.2922959078125 0.09521331093749999 0.2946961453125 0.0828037765625 0.30223956875 0.07549958125 0.3295803625 0.07767653906250001 0.33885293125 0.0844394046875 0.350123090625 0.09319685 0.3562500671875 0.10778334062499999 0.35797921875 0.1193641171875 0.3546994125 0.1302707984375 0.3446515140625 0.136331846875 0.3237061328125 0.1345692703125 0.3123017609375
0 0.22970176250000002 0.27327246875 0.21910441406249997 0.261256965625 0.198014765625 0.257157553125 0.1781959828125 0.27211016875 0.1750356015625 0.27813291093750003 0.17280903125 0.29982363749999996 0.18408047968750002 0.318607234375 0.1894178171875 0.3218570578125 0.20592155625 0.323958884375 0.21325346562499997 0.3220655375 0.2260773859375 0.3123903125 0.23239815312499998 0.30034482812499996 0.23338157812500002 0.2850495140625 0.22970176250000002 0.27327246875
0 0.4000268453125 0.3285038390625 0.397849890625 0.3192312703125 0.3910870203125 0.307961109375 0.3727433765625 0.2999707640625 0.36041117031250003 0.301998328125 0.3475872515625 0.311673553125 0.3396089640625 0.3322462609375 0.3398686796875 0.34114615625 0.349222884375 0.3595570765625 0.35989756562499997 0.36605673125 0.36489785937499997 0.365922515625 0.373732634375 0.3665336421875 0.3903910328125 0.3576037671875 0.395883034375 0.34982189375 0.4000268453125 0.3285038390625
0 0.3285140703125 0.246020221875 0.3202483453125 0.23224558437499998 0.3134081453125 0.2264912828125 0.29807022031249997 0.2235098921875 0.287655253125 0.2259101296875 0.274831334375 0.23558535468750003 0.2679415234375 0.2607943453125 0.26861561875 0.2675624359375 0.278384209375 0.2838415515625 0.287141646875 0.28996853125 0.2998109046875 0.291325009375 0.3090600578125 0.2898043328125 0.321883975 0.2801291078125 0.32986226875 0.2595564015625 0.3285140703125 0.246020221875
0 0.151685834375 0.1884185890625 0.133342190625 0.1804282390625 0.12100998437499999 0.18245580781249998 0.10585444687500001 0.1938901625 0.100622159375 0.21057193281250003 0.10046749375 0.221603634375 0.1064015984375 0.2371374015625 0.1166618984375 0.24576885937499998 0.13124839531250002 0.2474980109375 0.140497546875 0.2459773375 0.1533214671875 0.23630211406249998 0.160470996875 0.21999301718750003 0.1599515640625 0.2021932265625 0.151685834375 0.1884185890625
0 0.42359695156250005 0.23795422500000002 0.42649761875000003 0.223031590625 0.42323218125000006 0.2091227359375 0.41646931406250004 0.197852575 0.4130492125 0.194975425 0.39195956875000004 0.19087601406250002 0.37488678750000004 0.20193769375 0.36939478124999997 0.20971956718749998 0.366079734375 0.2267740109375 0.367842309375 0.2381783875 0.3746051765625 0.24944854218749998 0.3829482390625 0.2577073296875 0.3917830109375 0.2583184578125 0.40294940781250005 0.2571704546875 0.4153589421875 0.24962703749999998 0.42359695156250005 0.23795422500000002
0 0.4954190546875 0.2983744421875 0.4932420984375 0.28910187187499997 0.48155626875 0.27245008125000003 0.4743016875 0.26882758125 0.45854938125 0.2679779953125 0.44106222031250003 0.2811714828125 0.43748745624999996 0.28932603125 0.43567526718750005 0.3088849546875 0.4435266140625 0.3247913953125 0.4503668140625 0.3305457015625 0.468787790625 0.3330202015625 0.47611970625 0.3311268515625 0.48661200156250006 0.323210759375 0.4925183890625 0.313297078125 0.4954190546875 0.2983744421875
0 0.53171968125 0.3419343921875 0.52322195625 0.34470730625 0.5095692781250001 0.3586461421875 0.5050110875 0.3820960015625 0.51436529375 0.40050692187500003 0.5212054937499999 0.406261228125 0.5357919859375 0.40799037968749996 0.54079228125 0.40785615937499997 0.5555334390625 0.39855361093749997 0.56102544375 0.3907717375 0.5651692546875 0.3694536828125 0.5508920859375 0.34566112968749996 0.53171968125 0.3419343921875
0 0.6605614609375 0.33932428593749997 0.6587988890625 0.327919909375 0.6520360171874999 0.316649753125 0.6471130609375 0.311268121875 0.6321895171875 0.3061549265625 0.6151940671875 0.3117007578125 0.606619009375 0.3199895234375 0.5997291984374999 0.34519851562500004 0.6071661609375 0.36323676250000003 0.6174264625 0.37186821875 0.6339302 0.373970046875 0.6412621109375001 0.37207669375 0.6521687921875 0.362028796875 0.6576607953125 0.354246921875 0.6605614609375 0.33932428593749997
0 0.47086552499999995 0.40421936562500005 0.4686885671875 0.3949467953125 0.4619257015625 0.3836766375 0.45508550000000003 0.377922334375 0.439747575 0.37494094375000003 0.42933260781250004 0.37734118125 0.4188403125 0.38525727656250003 0.41334830624999996 0.39303915 0.409204496875 0.4143572046875 0.411381453125 0.42362977500000004 0.4200615640625 0.43527260468750006 0.4307362453125 0.44177225781249996 0.43765377812499995 0.44201071406250003 0.4488201703125 0.44086271093749996 0.46672171406249996 0.4255374203125 0.47086552499999995 0.40421936562500005
0 0.7810879046875 0.353902840625 0.7728498953125 0.3655756515625 0.7702089437499999 0.3893981828125 0.7838120156249999 0.40642265 0.8099019546875 0.410387840625 0.8266376843750001 0.3959421140625 0.831869975 0.37926034375 0.8305217765625 0.3657241640625 0.8222560515625 0.35194953125 0.8169187078125001 0.3486997015625 0.7915802015625 0.34598675 0.7810879046875 0.353902840625
0 0.9323398062500001 0.3434808796875 0.9305772296875 0.33207650312500003 0.9238143640625 0.3208063484375 0.9169741625000001 0.3150520421875 0.89971899375 0.3116979765625 0.8935528953125 0.3127117625 0.8783973515625 0.3241461171875 0.8710931593750001 0.3514869125 0.8732701171875 0.3607594828125 0.8815358453125001 0.37453411875 0.9014596796875001 0.3795130953125 0.9107088328125 0.37799242187500004 0.923532753125 0.368317196875 0.9294391390625 0.358403515625 0.9323398062500001 0.3434808796875
0 0.7595284375 0.301040340625 0.757765859375 0.2896359625 0.747997271875 0.27335685 0.731156490625 0.267870978125 0.716492659375 0.271657678125 0.7083319875 0.27781464218749996 0.702839978125 0.285596515625 0.6955357875 0.312937309375 0.6988785531249999 0.3213303140625 0.7125589546875 0.33283892656249997 0.73097993125 0.335313425 0.7378974656249999 0.33555188281250004 0.7483897609375 0.3276357875 0.7574565328125 0.311699365625 0.7595284375 0.301040340625
0 0.8555947406250001 0.27767903125000004 0.8576666453125 0.2670200046875 0.8559040734375 0.25561562968749996 0.8476383453125 0.241840996875 0.8388809015625001 0.2357140125 0.8292947015625 0.23385064375 0.8092161984375 0.23990337031250003 0.7978178078125 0.257598921875 0.795745903125 0.26825795 0.7970940984375 0.28179413124999997 0.8038569656250001 0.2930642859375 0.818366128125 0.3003092875 0.8233664218750001 0.3001750703125 0.8322011953124999 0.3007862 0.8446107312500001 0.2932427796875 0.8555947406250001 0.27767903125000004
0 0.9552854234374999 0.2151998796875 0.944688075 0.2031843734375 0.92318405 0.20121676875 0.9061112671875 0.21227844999999998 0.9006192625 0.22006032343749998 0.898807075 0.23961924843750002 0.9035753718749999 0.2560325796875 0.9092497578125001 0.2626664546875 0.9334224593749999 0.26625897187500003 0.9407543687500001 0.2643656203125 0.9539926703124999 0.2525585921875 0.9571530515625 0.24653585156250002 0.9589652421875 0.2269769265625 0.9552854234374999 0.2151998796875
0 0.7442065765625 0.15979001406249999 0.7309682765625001 0.17159704375 0.7269791328124999 0.1818833953125 0.7251669421875 0.20144232031249998 0.731515428125 0.214844278125 0.738355628125 0.2205985875 0.7606110875 0.22381843125 0.7765180593750001 0.213636315625 0.7820100609375 0.20585444062499997 0.78506539375 0.179900103125 0.7718767078125001 0.160743834375 0.7527043015625 0.157017096875 0.7442065765625 0.15979001406249999
0 0.6880156625 0.21855672187500003 0.675241353125 0.1972686484375 0.656068946875 0.1935419109375 0.6475712234375 0.19631482656250002 0.6370789265625 0.20423091875 0.631586921875 0.21201279374999998 0.6274431125000001 0.233330846875 0.62962006875 0.242603415625 0.6363829359375 0.25387357499999996 0.6432231359375 0.259627878125 0.6578096328124999 0.26135703125 0.671307646875 0.25844989687500003 0.6798827046875 0.2501611328125 0.686617853125 0.23598384062500002 0.6880156625 0.21855672187500003
0 0.590551546875 0.2593451484375 0.588374590625 0.25007257968749996 0.5801088609375 0.2362979421875 0.5613508359375 0.2304394 0.550935875 0.2328396390625 0.53578033125 0.244273996875 0.52971928125 0.26521937812499996 0.5314818578125 0.27662375 0.5397475875 0.2903983875 0.5431676875 0.29327553906250003 0.563505903125 0.29612271093750003 0.5727550546875 0.29460203749999997 0.5809157328125 0.2884450765625 0.5864077375 0.280663203125 0.590551546875 0.2593451484375
0 0.6167626015625001 0.14497300468750002 0.602485434375 0.12118045 0.583313028125 0.11745371093750001 0.5728980671875 0.119853953125 0.564323009375 0.12814271875 0.558416621875 0.1380564 0.55551595625 0.1529790359375 0.558781390625 0.166887890625 0.5640413984375 0.1756535671875 0.57813618125 0.185030371875 0.583136475 0.18489615625 0.5943028671875 0.18374815625000002 0.6094584109375 0.1723137984375 0.6161935546875 0.15813650937499998 0.6167626015625001 0.14497300468750002
0 0.47193651875000003 0.163281075 0.4636985125 0.1749538859375 0.4607978453125 0.18987652500000002 0.46256042031250005 0.2012808984375 0.47082615 0.21505553437499997 0.47766634999999996 0.2208098421875 0.490335603125 0.2221663203125 0.501502 0.221018315625 0.51432591875 0.2113430921875 0.5220444921875 0.1818704890625 0.5111874234375 0.160955090625 0.4885949171875 0.1543512 0.47193651875000003 0.163281075
0 0.4518799109375 0.11292305625000001 0.4501173359375 0.101518678125 0.4369286484375 0.0823624140625 0.41967348125 0.0790083484375 0.41117575625 0.0817812609375 0.40068346093749996 0.0896973546875 0.39519145624999996 0.0974792296875 0.3914620265625 0.1166654765625 0.393638984375 0.1259380453125 0.4019047140625 0.1397126828125 0.415662446875 0.14570544531250001 0.43299494374999997 0.143543659375 0.44623324062499997 0.131736628125 0.44980800624999995 0.12358208125 0.4518799109375 0.11292305625000001
0 0.353896365625 0.1359116875 0.3456306390625 0.12213705156250002 0.33687319375 0.1160100734375 0.32345251249999996 0.1134013578125 0.3048768703125 0.12195855625 0.294152578125 0.14642220156250002 0.2944122953125 0.15532209531250002 0.3022636390625 0.1712285390625 0.321358715625 0.180471128125 0.3344423515625 0.17969580000000002 0.3472662703125 0.170020575 0.353587034375 0.1579750890625 0.3560733203125 0.14518425468750001 0.353896365625 0.1359116875
0 0.2679517578125 0.0406672203125 0.2545310765625 0.0380585046875 0.2387014375 0.0427247671875 0.2273030453125 0.0604203234375 0.22481675937499998 0.0732111546875 0.2265793359375 0.08461552812499999 0.236762303125 0.0987628390625 0.242099646875 0.10201266406250001 0.25860338125000004 0.10411448906250001 0.2659352953125 0.10222114375 0.2791735921875 0.0904141109375 0.2848202625 0.0716005375 0.27821205781249997 0.049298678125 0.2679517578125 0.0406672203125
0 0.17131640937499998 0.0771920328125 0.1621445828125 0.0731968609375 0.15022675937500002 0.0730926203125 0.13356836249999998 0.08202249843750001 0.12600445 0.10046339687500001 0.1258497859375 0.1114951 0.12952960156249999 0.12327214687500002 0.1401269546875 0.13528765 0.1623824109375 0.13850749843750002 0.17595775625 0.130084515625 0.18144976562499998 0.1223026421875 0.18600795625 0.0988527796875 0.178156609375 0.082946340625 0.17131640937499998 0.0771920328125