0 0.9765625 0.21875 0.046875 0.0625
0 0.8921875 0.19140625 0.053125 0.0640625
0 0.803125 0.1703125 0.05625 0.0609375
0 0.7125 0.15 0.05625 0.0625
0 0.75078125 0.19375 0.05 0.05625
0 0.79140625 0.23515625 0.0515625 0.059375
0 0.840625 0.215625 0.0515625 0.0578125
0 0.6609375 0.17109375 0.0484375 0.05
0 0.6203125 0.13359375 0.053125 0.059375
0 0.93203125 0.2375 0.0515625 0.0625
0 0.9703125 0.2796875 0.05625 0.0625
0 0.91796875 0.3015625 0.0515625 0.065625
0 0.87890625 0.25703125 0.053125 0.059375
0 0.828125 0.275 0.0515625 0.059375
0 0.8640625 0.31875 0.05625 0.0609375
0 0.9578125 0.340625 0.059375 0.0671875
0 0.90390625 0.36171875 0.0546875 0.0640625
0 0.85390625 0.38046875 0.053125 0.0609375
0 0.81484375 0.3390625 0.053125 0.0609375
0 0.77734375 0.29765625 0.05625 0.065625
0 0.73515625 0.25625 0.0546875 0.0640625
0 0.72421875 0.31953125 0.0515625 0.0578125
0 0.696875 0.21484375 0.053125 0.0609375
0 0.684375 0.28046875 0.0546875 0.0609375
0 0.64453125 0.23515625 0.05625 0.0671875
0 0.63125 0.29921875 0.0546875 0.065625
0 0.6703125 0.34296875 0.05625 0.0625
0 0.709375 0.3828125 0.053125 0.0625
0 0.7625 0.35859375 0.0546875 0.0625
0 0.8015625 0.40078125 0.053125 0.0625
0 0.94296875 0.40390625 0.0578125 0.0671875
0 0.89296875 0.42109375 0.0546875 0.065625
0 0.840625 0.44296875 0.0546875 0.06875
0 0.78671875 0.4625 0.059375 0.0640625
0 0.75 0.42265625 0.05 0.05625
0 0.928125 0.4671875 0.0578125 0.0671875
0 0.87734375 0.48515625 0.0515625 0.0625
0 0.82421875 0.5078125 0.05625 0.0640625
0 0.77265625 0.52734375 0.0578125 0.0625
0 0.73359375 0.4859375 0.05625 0.0609375
0 0.69609375 0.4453125 0.0515625 0.0609375
0 0.65625 0.40625 0.05625 0.0609375
0 0.640625 0.46953125 0.05625 0.0640625
0 0.68046875 0.509375 0.053125 0.059375
0 0.71953125 0.55234375 0.0515625 0.0578125
0 0.9125 0.528125 0.05625 0.0625
0 0.86328125 0.54921875 0.0515625 0.059375
0 0.81171875 0.571875 0.0546875 0.0640625
0 0.90078125 0.5921875 0.053125 0.0625
0 0.84765625 0.61328125 0.0546875 0.0625
0 0.79609375 0.6328125 0.0578125 0.0625
0 0.759375 0.590625 0.053125 0.0609375
0 0.7046875 0.6109375 0.05625 0.0625
0 0.665625 0.5734375 0.05625 0.0609375
0 0.56796875 0.15078125 0.05625 0.0625
0 0.52890625 0.1078125 0.0578125 0.0625
0 0.475 0.128125 0.053125 0.0609375
0 0.4375 0.0875 0.0578125 0.059375
0 0.38359375 0.11171875 0.059375 0.0640625
0 0.34609375 0.06640625 0.05625 0.0609375
0 0.29375 0.08984375 0.0484375 0.0578125
0 0.25546875 0.04609375 0.059375 0.0640625
0 0.196875 0.0625 0.0609375 0.0640625
0 0.6078125 0.19609375 0.053125 0.0625
0 0.55546875 0.215625 0.0578125 0.0625
0 0.5140625 0.1734375 0.053125 0.0609375
0 0.46328125 0.19609375 0.05625 0.0625
0 0.42265625 0.153125 0.0578125 0.0640625
0 0.36953125 0.175 0.0546875 0.0609375
0 0.33125 0.13203125 0.053125 0.0609375
0 0.31796875 0.1953125 0.05625 0.065625
0 0.2765625 0.153125 0.05625 0.0625
0 0.23828125 0.109375 0.05625 0.0640625
0 0.5921875 0.26015625 0.05625 0.0609375
0 0.5390625 0.28046875 0.0578125 0.065625
0 0.5 0.2390625 0.0546875 0.0609375
0 0.44765625 0.259375 0.053125 0.0609375
0 0.41015625 0.21640625 0.0578125 0.0640625
0 0.35625 0.2375 0.05625 0.0671875
0 0.2625 0.2140625 0.059375 0.0640625
0 0.22109375 0.171875 0.05625 0.0625
0 0.1828125 0.128125 0.053125 0.0640625
0 0.6171875 0.3609375 0.05625 0.0640625
0 0.578125 0.3234375 0.059375 0.065625
0 0.528125 0.34296875 0.05625 0.0671875
0 0.4875 0.303125 0.0546875 0.0640625
0 0.43515625 0.32421875 0.05625 0.0671875
0 0.39609375 0.28203125 0.0578125 0.0625
0 0.38046875 0.34375 0.05625 0.0640625
0 0.3421875 0.30078125 0.0578125 0.0625
0 0.3015625 0.25546875 0.05625 0.065625
0 0.56484375 0.3859375 0.0546875 0.065625
0 0.603125 0.42578125 0.0546875 0.06875
0 0.54921875 0.4484375 0.05625 0.065625
0 0.5109375 0.40625 0.05625 0.065625
0 0.4734375 0.36484375 0.0546875 0.0640625
0 0.42109375 0.38671875 0.053125 0.0671875
0 0.3671875 0.4046875 0.0578125 0.065625
0 0.32890625 0.36328125 0.0578125 0.065625
0 0.2859375 0.321875 0.05625 0.0671875
0 0.24609375 0.2765625 0.0546875 0.0640625
0 0.20625 0.2359375 0.05625 0.0671875
0 0.19140625 0.29765625 0.0609375 0.0703125
0 0.23203125 0.33984375 0.05625 0.0625
0 0.2734375 0.38125 0.05625 0.065625
0 0.31328125 0.42421875 0.059375 0.071875
0 0.35234375 0.4671875 0.05625 0.0640625
0 0.40625 0.4484375 0.05625 0.0671875
0 0.46015625 0.42734375 0.0546875 0.065625
0 0.49921875 0.46875 0.0546875 0.065625
0 0.44765625 0.4890625 0.053125 0.0640625
0 0.58828125 0.48984375 0.0546875 0.065625
0 0.62890625 0.53125 0.059375 0.0640625
0 0.57578125 0.553125 0.0546875 0.0671875
0 0.14921875 0.2546875 0.0578125 0.0640625
0 0.1359375 0.31953125 0.0578125 0.0671875
0 0.178125 0.3609375 0.053125 0.0640625
0 0.2171875 0.40234375 0.0578125 0.0640625
0 0.2578125 0.44453125 0.05625 0.065625
0 0.2984375 0.48984375 0.05625 0.0640625
0 0.3515625 0.4671875 0.053125 0.0640625
0 0.3921875 0.50859375 0.0609375 0.065625
0 0.43203125 0.54921875 0.053125 0.0625
0 0.48515625 0.5265625 0.053125 0.0640625
0 0.53671875 0.50859375 0.05625 0.0640625
0 0.521875 0.56875 0.05625 0.0625
0 0.61328125 0.59453125 0.053125 0.0625
0 0.56015625 0.61171875 0.0546875 0.0625
0 0.50859375 0.6296875 0.053125 0.059375
0 0.46953125 0.5859375 0.05625 0.0640625
0 0.415625 0.61015625 0.0546875 0.0625
0 0.378125 0.5703125 0.0546875 0.0640625
0 0.33828125 0.53203125 0.0546875 0.0671875
0 0.59765625 0.653125 0.0546875 0.0640625
0 0.6515625 0.6359375 0.05625 0.0640625
0 0.74453125 0.6546875 0.05625 0.065625
0 0.69296875 0.67578125 0.05625 0.0625
0 0.8890625 0.65390625 0.0578125 0.065625
0 0.83515625 0.675 0.0578125 0.0640625
0 0.784375 0.6953125 0.053125 0.0625
0 0.63828125 0.696875 0.059375 0.0671875
0 0.72890625 0.71796875 0.053125 0.0640625
0 0.87421875 0.7171875 0.0578125 0.0703125
0 0.86015625 0.778125 0.0546875 0.065625
0 0.82109375 0.73515625 0.05625 0.0640625
0 0.76875 0.75390625 0.0546875 0.0609375
0 0.546875 0.6734375 0.05625 0.065625
0 0.20078125 0.4671875 0.059375 0.071875
0 0.159375 0.425 0.0609375 0.071875
0 0.14921875 0.4890625 0.0578125 0.06875
0 0.190625 0.53203125 0.059375 0.0671875
0 0.24375 0.5109375 0.0578125 0.0625
0 0.28515625 0.55234375 0.05625 0.0640625
0 0.2296875 0.5734375 0.0578125 0.0640625
0 0.17421875 0.59765625 0.059375 0.0703125
0 0.134375 0.5578125 0.0578125 0.06875
0 0.27109375 0.61484375 0.0578125 0.0671875
0 0.215625 0.6390625 0.0578125 0.06875
0 0.32421875 0.59453125 0.05625 0.0640625
0 0.365625 0.6328125 0.05625 0.065625
0 0.1234375 0.38046875 0.059375 0.0625
0 0.10390625 0.446875 0.059375 0.06875
0 0.09140625 0.51484375 0.0609375 0.0671875
0 0.08046875 0.5796875 0.0578125 0.0640625
0 0.065625 0.640625 0.059375 0.0625
0 0.05078125 0.703125 0.0578125 0.0625
0 0.040625 0.7671875 0.0609375 0.06875
0 0.1203125 0.6203125 0.0578125 0.065625
0 0.1078125 0.6828125 0.05625 0.065625
0 0.09609375 0.74375 0.0578125 0.065625
0 0.1609375 0.66171875 0.059375 0.0625
0 0.1484375 0.7234375 0.059375 0.0625
0 0.1375 0.784375 0.0578125 0.0671875
0 0.203125 0.7015625 0.05625 0.0671875
0 0.1890625 0.765625 0.05625 0.0625
0 0.2578125 0.678125 0.059375 0.0640625
0 0.24375 0.740625 0.0578125 0.0671875
0 0.23046875 0.80703125 0.05625 0.0625
0 0.31171875 0.65546875 0.05625 0.065625
0 0.296875 0.7203125 0.0546875 0.0640625
0 0.28203125 0.78515625 0.05625 0.06875
0 0.35078125 0.69765625 0.0546875 0.0640625
0 0.334375 0.76015625 0.0546875 0.0671875
0 0.32265625 0.8265625 0.05625 0.0625
0 0.4015625 0.6765625 0.05625 0.0671875
0 0.3890625 0.740625 0.0546875 0.065625
0 0.37421875 0.803125 0.059375 0.0625
0 0.45625 0.65078125 0.059375 0.0640625
0 0.4421875 0.71640625 0.0546875 0.065625
0 0.42578125 0.7796875 0.0546875 0.0671875
0 0.41484375 0.84453125 0.05625 0.0703125
0 0.4953125 0.69140625 0.05625 0.0625
0 0.48046875 0.7578125 0.05625 0.0671875
0 0.46640625 0.821875 0.059375 0.0671875
0 0.53359375 0.7359375 0.059375 0.0625
0 0.5203125 0.7984375 0.0546875 0.0625
0 0.50625 0.8625 0.0546875 0.0640625
0 0.5890625 0.7140625 0.0546875 0.0625
0 0.5703125 0.7765625 0.05625 0.0640625
0 0.5578125 0.8390625 0.0546875 0.0609375
0 0.62421875 0.75625 0.0546875 0.065625
0 0.61015625 0.81640625 0.053125 0.059375
0 0.59609375 0.8796875 0.05625 0.065625
0 0.6765625 0.73671875 0.05625 0.0703125
0 0.66328125 0.796875 0.053125 0.0625
0 0.6484375 0.85703125 0.0546875 0.06875
0 0.71484375 0.77578125 0.0578125 0.0609375
0 0.6984375 0.83359375 0.0546875 0.0640625
0 0.68671875 0.896875 0.0515625 0.059375
0 0.753125 0.8140625 0.0515625 0.0640625
0 0.73984375 0.8734375 0.0515625 0.0609375
0 0.80625 0.7953125 0.0515625 0.065625
0 0.84609375 0.8375 0.0546875 0.0578125
0 0.7921875 0.8546875 0.05 0.059375
0 0.77578125 0.91640625 0.05625 0.0625
0 0.82734375 0.928125 0.05625 0.065625