0 0.9343490671874999 0.123327540625 0.9295240984375001 0.11534178749999999 0.9158123890625 0.10606854375000001 0.890324309375 0.10517848125 0.879992753125 0.1087263296875 0.8679437296874999 0.12491724687500001 0.8699472343749999 0.140621734375 0.8835907796875 0.1518469125 0.894958171875 0.155175346875 0.9063937265625001 0.15655184375 0.9167252859374999 0.1530039953125 0.9285016515625 0.14462081875 0.933871925 0.13699109062499998 0.9343490671874999 0.123327540625
0 0.862872890625 0.197049846875 0.846680534375 0.1857356609375 0.8211924546875 0.18484559843749998 0.80948425 0.19127684218750002 0.804113978125 0.1989065703125 0.80115619375 0.2105291765625 0.80584483125 0.22241879999999997 0.817007734375 0.2316030375 0.828443290625 0.2329795296875 0.837330034375 0.2342670203125 0.8527592078125 0.2308971890625 0.8593016359375 0.22623986562499998 0.8674251999999999 0.21284334062500002 0.862872890625 0.197049846875
0 0.7993304046875 0.11665827343749999 0.7856868593749999 0.1054330953125 0.7628157484375 0.1026801015625 0.7551011640625 0.10436501875 0.7380226875 0.11842599218750001 0.7349967375 0.13200052812500002 0.7373410578125 0.13794534375 0.7572543796875 0.1523209375 0.7763363562500001 0.1539644546875 0.7892848890625 0.148553678125 0.7985124484375 0.1400814953125 0.8016747265624999 0.12260308281250001 0.7993304046875 0.11665827343749999
0 0.6506000359375 0.10071575937499999 0.6353753515625 0.09822978437499999 0.6225631500000001 0.0997366890625 0.61092310625 0.1042159953125 0.6028677 0.1156605875 0.6023905593750001 0.1293241375 0.607215528125 0.13730989062500001 0.6158977828125 0.14445318437500002 0.624716365625 0.1476926078125 0.6412495359375 0.14924711875000002 0.6515810953125001 0.1456992734375 0.6660425984375 0.133501228125 0.666724228125 0.1139818765625 0.6506000359375 0.10071575937499999
0 0.5229551484375 0.10212124687499999 0.5128962421875001 0.09786135 0.48734 0.0989232203125 0.47287849687500005 0.1111212640625 0.4721968671875 0.1306406171875 0.48956137968749996 0.1449272109375 0.511192165625 0.14665972968750002 0.5215237234375001 0.14311188749999998 0.5333682578125 0.13277676875 0.5341180515625 0.11130548437500001 0.5229551484375 0.10212124687499999
0 0.40909013437499997 0.1108480453125 0.3904852984375 0.0955409796875 0.36238025 0.096513846875 0.34798690625 0.10675995468749999 0.3448927953125 0.1222864296875 0.3472371109375 0.12823124531250002 0.35833185156249997 0.139367415625 0.36715043281250004 0.1426068390625 0.38368360468749996 0.1441613484375 0.3913981953125 0.14247643125 0.408408503125 0.130367396875 0.411366290625 0.1187447921875 0.40909013437499997 0.1108480453125
0 0.27441229218749996 0.0944190984375 0.25821993593750003 0.08310490937500001 0.235280665625 0.082303853125 0.21565338125000003 0.096275821875 0.21497175 0.115795175 0.223585846875 0.12489040468749998 0.23488507187500002 0.13017076875 0.253967053125 0.1318142859375 0.26168163906249997 0.13012936718749998 0.276074978125 0.1198832578125 0.2792372546875 0.10240485156250001 0.27441229218749996 0.0944190984375
0 0.1434554171875 0.0810515609375 0.1308477015625 0.07670265937500001 0.115554853125 0.076168621875 0.10267448906250001 0.079627459375 0.0908299546875 0.0899625734375 0.08759951875000001 0.10939291874999998 0.0962136125 0.1184881515625 0.10751284218749999 0.1237685203125 0.129143625 0.1255010375 0.148634584375 0.1154329421875 0.151319715625 0.11161807812499999 0.152069509375 0.09014679375 0.1434554171875 0.0810515609375
0 0.7115937140625 0.18101832499999998 0.6912032499999999 0.18030627500000002 0.6808716921875 0.1838541171875 0.6689589953125 0.19614116718750002 0.6708261703125 0.21574952500000003 0.6844697203125001 0.2269747078125 0.6908076546874999 0.2281731875 0.715055415625 0.2280427828125 0.7294487546874999 0.21779667187500001 0.7322020515625 0.21202987499999998 0.7303348749999999 0.1924215171875 0.7115937140625 0.18101832499999998
0 0.5815363437500001 0.17843093593749998 0.55343129375 0.1794038 0.538901625 0.1935537828125 0.540768803125 0.213162140625 0.55193170625 0.222346378125 0.5632990984374999 0.225674809375 0.569637034375 0.22687328906249998 0.5876150171875001 0.22359246718749998 0.6021446828125 0.20944248437500002 0.600277503125 0.18983412500000002 0.5815363437500001 0.17843093593749998
0 0.46505435781250004 0.1890206609375 0.4538914546875 0.1798364265625 0.43102034843750003 0.1770834328125 0.423305759375 0.17876835 0.41152939374999997 0.187151528125 0.40615912187500003 0.19478125625 0.4080944625 0.21243768125 0.41670855625 0.22153290937499998 0.42552713906250006 0.2247723375 0.44715792656250003 0.226504859375 0.4614149421875 0.22016261718750002 0.4694021796875 0.2106699640625 0.469879321875 0.1970064140625 0.46505435781250004 0.1890206609375
0 0.3349969875 0.186433275 0.330172028125 0.178447521875 0.319009125 0.169263284375 0.2961380140625 0.1665102921875 0.278023709375 0.1736949890625 0.2714131171875 0.180304246875 0.27079965 0.1978716609375 0.28430686875 0.21300071250000002 0.2906448078125 0.21419919375 0.3097267859375 0.215842709375 0.3174413734375 0.2141577953125 0.32921774375 0.205774615625 0.3345880078125 0.1981448875 0.3349969875 0.186433275
0 0.191636890625 0.1628610328125 0.17641220625 0.1603750578125 0.1661488109375 0.16197097031250002 0.1532002796875 0.1673817421875 0.1465896921875 0.17399099843750002 0.14363190312500002 0.185613603125 0.148320540625 0.1975032265625 0.16327257343749998 0.20779694375000002 0.19000097656249998 0.20970747812499999 0.2070112890625 0.197598440625 0.2101054 0.182071965625 0.2077610828125 0.17612715 0.191636890625 0.1628610328125
0 0.9286915312499999 0.2853381671875 0.9076060484375 0.26799016249999996 0.8846667734375 0.2671891046875 0.8650394921875 0.2811610703125 0.8622861937499999 0.286927871875 0.8620135421875 0.2947356125 0.8667703453125 0.3046732984375 0.87793324375 0.3138575375 0.8918494421875 0.3172749734375 0.9007361921875001 0.3185624640625 0.91361655625 0.315103625 0.9280780640625 0.3029055796875 0.9309676843749999 0.2932349140625 0.9286915312499999 0.2853381671875
0 0.78271445625 0.2636288515625 0.7598433499999999 0.26087586093750004 0.7521287609375 0.26256077499999997 0.7350502890625 0.27662174687499996 0.734504984375 0.29223722812499997 0.7393299437499999 0.30022298125 0.75435014375 0.3085647609375 0.7759809265625 0.310297284375 0.7902379390625 0.30395504687499997 0.7982251812500001 0.2944623859375 0.7987704859375 0.2788469046875 0.78271445625 0.2636288515625
0 0.6638199921875 0.2702256984375 0.6475594734375 0.26086345 0.62207139375 0.2599733859375 0.6102950234375 0.268356565625 0.6049247546875 0.27598629375 0.6044476125 0.28964984375 0.6092725765625 0.297635596875 0.6179548328125 0.304778890625 0.6318710359375 0.30819632656249996 0.6382089703125 0.3093948125 0.6536381453125 0.3060249796875 0.6681678109375 0.2918750015625 0.6686449515625 0.2782114515625 0.6638199921875 0.2702256984375
0 0.533762621875 0.2676383140625 0.5250803640624999 0.26049501875000003 0.5124726500000001 0.2561461140625 0.4920140234375 0.257386 0.474935546875 0.2714469703125 0.47432207968749995 0.289014390625 0.4828680125 0.3000615546875 0.49416723749999997 0.3053419234375 0.5132492203125001 0.30698543906250003 0.5235807765625 0.30343759062500003 0.5354253078125 0.29310247500000003 0.5383830953125 0.2814798703125 0.533762621875 0.2676383140625
0 0.3823471203125 0.2555106640625 0.3722882140625 0.251250765625 0.349348940625 0.2504497078125 0.3324067890625 0.2606068140625 0.329176353125 0.280037159375 0.3315206703125 0.28598196875 0.3401347671875 0.29507720000000004 0.34895335 0.2983166234375 0.3705841359375 0.300049146875 0.38745812343749997 0.291843978125 0.3928283875 0.28421425 0.39096121250000004 0.264605890625 0.3823471203125 0.2555106640625
0 0.2610401671875 0.2581146359375 0.24484781562500002 0.24680044843750001 0.22445735312499998 0.246088396875 0.20489823437500002 0.2581084296875 0.20173595625 0.27558684218749996 0.2040802765625 0.28153165156250004 0.21269436874999997 0.290626884375 0.2215129515625 0.29386630625 0.240594928125 0.2955098234375 0.256092265625 0.2901880578125 0.2627028578125 0.283578796875 0.265865134375 0.2661003890625 0.2610401671875 0.2581146359375
0 0.13876555 0.25189039375 0.125122003125 0.24066521718749997 0.1175437453125 0.23844626406249997 0.10734851249999999 0.23809023906250001 0.0944681453125 0.241549075 0.07738966875 0.25561005 0.076980690625 0.2673216609375 0.08180565625 0.275307415625 0.0904197515625 0.28440264531250004 0.10178714375 0.28773107656249997 0.1157715046875 0.28919657656250003 0.1234860890625 0.2875116625 0.1404964015625 0.275402621875 0.1433178640625 0.2676838875 0.13876555 0.25189039375
0 0.8384741921875 0.3476572765625 0.81546675625 0.34880815625 0.7984564421875 0.360917190625 0.7977748124999999 0.3804365421875 0.815139328125 0.39472313593749997 0.8393189218750001 0.3965446640625 0.861563175 0.38070976875 0.859695996875 0.361101409375 0.848533096875 0.351917171875 0.8384741921875 0.3476572765625
0 0.72370966875 0.34560392812499996 0.7111019562500001 0.341255021875 0.6880945203125 0.3424059015625 0.6737011796875 0.35265200937499996 0.6710160484375 0.3564668734375 0.6704025796875 0.37403429374999997 0.68776709375 0.38832088124999997 0.7144954953125 0.3902314171875 0.731505809375 0.378122378125 0.7370805625 0.364636846875 0.7299112812499999 0.350706278125 0.72370966875 0.34560392812499996
0 0.60213006875 0.356015640625 0.586005875 0.34274951875 0.56313476875 0.33999652812500003 0.543643809375 0.350064625 0.5382735453125 0.357694353125 0.5378645671875 0.3694059640625 0.5426895265625 0.3773917171875 0.5576415625 0.387685428125 0.5767235390625001 0.3893289453125 0.5844381249999999 0.3876440296875 0.6014484375 0.3755349921875 0.604474384375 0.36196045 0.60213006875 0.356015640625
0 0.45712066875 0.3431345390625 0.438379503125 0.33173134375 0.4153720703125 0.3328822234375 0.3983617578125 0.3449912640625 0.397748290625 0.3625586765625 0.40877486718749995 0.3756467859375 0.41759345000000003 0.378886209375 0.43922423593750004 0.3806187328125 0.44955579375 0.3770708875 0.46153665000000005 0.362831903125 0.46194562812499995 0.35112029218749996 0.45712066875 0.3431345390625
0 0.3217611921875 0.34622494375 0.31066645312499996 0.33508876875000004 0.29557809375 0.3286989265625 0.27498314218750003 0.3338426796875 0.2554240234375 0.3458627109375 0.25749568749999996 0.35961526718750003 0.267213778125 0.3736348359375 0.284850946875 0.3801136890625 0.2937376921875 0.38140117500000004 0.306618059375 0.377942340625 0.3183944265625 0.369559159375 0.3237646984375 0.36192943125 0.3217611921875 0.34622494375
0 0.175715959375 0.326467565625 0.155393659375 0.323803578125 0.1476790703125 0.3254884953125 0.130600596875 0.33954946874999997 0.12771097343749999 0.3492201359375 0.1326722640625 0.35330201875 0.1324677734375 0.3591578265625 0.149832290625 0.37344441562499997 0.17401188125 0.37526594375 0.19363916406249998 0.3612939796875 0.1966651109375 0.3477194359375 0.1943207953125 0.3417746265625 0.175715959375 0.326467565625
0 0.9279271171874999 0.4533826078125 0.9206896734375001 0.44140397656249997 0.9069779656250001 0.43213073281250003 0.8814898859375001 0.43124066875 0.8592456296875 0.44707556562499995 0.858700325 0.462691046875 0.8635252890625 0.4706768015625 0.8772369984375 0.479950040625 0.8835749375 0.48114852499999994 0.8950104921875001 0.482525021875 0.9078908578125 0.47906618281249996 0.9249011703125 0.46695714375 0.927654465625 0.46119034843750006 0.9279271171874999 0.4533826078125
0 0.77692059375 0.4295433421875 0.75653013125 0.4288312921875 0.746198571875 0.432379140625 0.7343540390625 0.44271425468750003 0.7336724078125 0.46223360781249995 0.7510369234375001 0.47652019531249995 0.7752165171875001 0.47834172500000005 0.7947756359375 0.46632169062499995 0.7978697515625 0.450795215625 0.7955254296875001 0.44485040781249996 0.77692059375 0.4295433421875
0 0.64438258125 0.42491501249999997 0.6213751484375 0.42606589218749996 0.609666940625 0.43249713593749994 0.604296671875 0.4401268640625 0.6036832046875 0.45769428437500004 0.6060956890625 0.4616871609375 0.6172585875000001 0.4708713953125 0.631174784375 0.4742888359375 0.6503930921875 0.4720284765625 0.662169459375 0.46364530000000004 0.66760789375 0.454063634375 0.6631237421875 0.43631820781249997 0.64438258125 0.42491501249999997
0 0.5179780171874999 0.4273409765625 0.5068151140625 0.41815673750000004 0.481395196875 0.41531474062499996 0.46190424218750004 0.42538283593750004 0.45653397343749996 0.4330125640625 0.45612499375000004 0.44472417656249996 0.4609499578125 0.4527099296875 0.47211286093749993 0.4618941671875 0.478450796875 0.463092646875 0.4949839671875 0.46464715625 0.5078643359375 0.46118831875 0.5223940015624999 0.447038340625 0.52280298125 0.43532672968749997 0.5179780171874999 0.4273409765625
0 0.387988809375 0.42280165312499995 0.3742771 0.4135284078125 0.356503609375 0.41095342968750004 0.34107443593750003 0.414323259375 0.3291617390625 0.426610309375 0.3285482703125 0.4441777296875 0.345912784375 0.4584643171875 0.37009237968750003 0.460285846875 0.3804239390625 0.4567380015625 0.3896514984375 0.44826581406250005 0.3928137765625 0.43078740625 0.387988809375 0.42280165312499995
0 0.22121229687500002 0.4120918984375 0.21349771093749997 0.413776815625 0.19648739843750002 0.42588584999999995 0.1958057671875 0.445405203125 0.21317028124999998 0.45969179687499995 0.2373498765625 0.46151332500000003 0.256977159375 0.4475413546875 0.25765879062499997 0.428022003125 0.241534596875 0.41475588593749996 0.22121229687500002 0.4120918984375
0 0.1327671984375 0.4236606921875 0.11409419999999999 0.41030556875 0.091154928125 0.40950451250000003 0.08082337187500001 0.41305235468749996 0.0689788375 0.42338747187500003 0.0684335328125 0.439002953125 0.073258496875 0.4469887078125 0.08442140000000001 0.45617294375000006 0.090759334375 0.457371425 0.10729250625 0.458925934375 0.11500709375 0.4572410203125 0.1320174046875 0.44513198281250005 0.1351115171875 0.42960550781249995 0.1327671984375 0.4236606921875
0 0.1885269328125 0.5076891171875 0.17488338750000001 0.49646393906249997 0.1494634703125 0.4936219390625 0.1417488828125 0.49530685781250006 0.1248067359375 0.5054639578125 0.12184894843750001 0.5170865625000001 0.131498875 0.5330580703125001 0.14018113125 0.540201365625 0.1465190703125 0.5413998484375 0.1656010484375 0.543043365625 0.1733156359375 0.5413584484375 0.18770897656250002 0.5311123390625 0.19087125 0.51363393125 0.1885269328125 0.5076891171875
0 0.3263670515625 0.50663965625 0.3152041484375 0.49745541718749997 0.3051452421875 0.493195521875 0.29240120625 0.49275049062500004 0.27690386875 0.49807225624999996 0.2649230078125 0.5123112453124999 0.2669265140625 0.5280157328125 0.27554060625 0.5371109609375 0.2868398359375 0.5423913265625 0.30337300312500004 0.5439458375 0.3137045609375 0.5403979921875 0.32816606875 0.5281999468749999 0.3287795359375 0.5106325328125 0.3263670515625 0.50663965625
0 0.45022281093750005 0.5041246875 0.43768325781249995 0.4978238515625 0.41729279375 0.4971118 0.4069612359375 0.5006596453125 0.3978018375 0.5071798953125 0.3923634078125 0.5167615624999999 0.3920907546875 0.524569303125 0.3969157171875 0.53255505625 0.41055926249999997 0.5437802328125 0.42192665625 0.5471086625 0.441144959375 0.5448483093750001 0.4529213296875 0.5364651281249999 0.4582915984375 0.5288354 0.45635625625 0.5111789796874999 0.45022281093750005 0.5041246875
0 0.583932984375 0.5117254250000001 0.56519181875 0.50032223125 0.5498989703125 0.49978819375 0.5395674125000001 0.5033360421874999 0.5251059109375 0.5155340828125 0.52456060625 0.5311495640625 0.52938556875 0.5391353171875 0.5444057640625 0.547477096875 0.566036553125 0.5492096203125 0.5829105375 0.54100445 0.5882808015625 0.533374721875 0.58875794375 0.5197111796875 0.583932984375 0.5117254250000001
0 0.729010546875 0.5226545890625001 0.712750028125 0.5132923390624999 0.6846449796875 0.5142652062499999 0.6728686078125 0.5226483875 0.6674301765624999 0.5322300484375 0.6695700046875 0.544030665625 0.676875615625 0.5540573640625001 0.6919639734375 0.5604472046875 0.7084971453125 0.562001715625 0.7162117296875 0.560316796875 0.73329020625 0.546255825 0.7338355109375 0.5306403421875 0.729010546875 0.5226545890625001
0 0.8589997546875001 0.5271939125 0.8428073984375001 0.5158797296875 0.8199362875 0.5131267390625001 0.80960473125 0.5166745796875001 0.7977602 0.5270096984375 0.7948024124999999 0.538632303125 0.79707856875 0.5465290515625 0.8144430828125 0.5608156390625 0.8386226750000001 0.5626371671875 0.8489542328124999 0.5590893234375 0.8581817984375 0.550617134375 0.8613440718750001 0.533138728125 0.8589997546875001 0.5271939125
0 0.9136554890624999 0.6062979953125 0.901115940625 0.599997159375 0.8781766671875 0.5991961031249999 0.8586857109375 0.609264196875 0.8532472796875 0.6188458640625 0.8529746265625 0.6266536046875 0.857731428125 0.636591290625 0.8688943312499999 0.6457755296875 0.8879081453125 0.649370978125 0.9045776421875 0.6470216171875001 0.9137370406249999 0.6405013687500001 0.9217924406250001 0.6290567765625 0.9222695828124999 0.6153932265625001 0.9136554890624999 0.6062979953125
0 0.7860106015625 0.6077034859375 0.773471053125 0.601402646875 0.747982975 0.600512584375 0.7309726609375 0.612621621875 0.727878546875 0.6281480968750001 0.7302228671875 0.6340929125 0.7451067359375 0.6463385609375 0.7743839453125 0.6483380984375 0.791394259375 0.6362290640625 0.794488371875 0.6207025890625 0.792144053125 0.6147577734375 0.7860106015625 0.6077034859375
0 0.657057228125 0.6100404375 0.6498879484375 0.596109875 0.633627428125 0.586747625 0.6080711859375 0.5878094953125 0.5962948156250001 0.596192675 0.5909245515625 0.603822403125 0.5905155734374999 0.6155340140625001 0.5953405328125 0.6235197671875 0.6065034359375 0.63270400625 0.6204196375000001 0.6361214421875 0.626757571875 0.6373199265625 0.6396379421875 0.6338610890624999 0.6514143125 0.62547790625 0.6568527390625001 0.615896246875 0.657057228125 0.6100404375
0 0.5172136078125 0.5953854171875 0.5060507046875 0.5862011781249999 0.49344299375 0.5818522765624999 0.48069895156250003 0.58140724375 0.47036739375 0.5849550890625 0.455837728125 0.5991050671875 0.4577730703125 0.61676149375 0.4688678046875 0.6278976640625 0.4802351984375 0.6312260937499999 0.494219559375 0.632691596875 0.5019341484375001 0.6310066796875 0.519012625 0.6169457078125 0.5196260921875 0.59937829375 0.5172136078125 0.5953854171875
0 0.3684832375 0.5794428984375 0.348092775 0.5787308484375 0.3284654921875 0.5927028187500001 0.32543954531249997 0.6062773546875 0.32778386249999997 0.6122221703124999 0.3338491484375 0.6212283953125 0.345148378125 0.6265087578124999 0.369327971875 0.6283302875000001 0.386270121875 0.6181731859374999 0.389568721875 0.5967909015624999 0.37854214375 0.5837027984375001 0.3684832375 0.5794428984375
0 0.2596476765625 0.5902996468749999 0.2510335828125 0.581204415625 0.240974678125 0.57694451875 0.21803540625 0.5761434624999999 0.21286962968749998 0.5779173859375 0.198476284375 0.5881634953125 0.195722990625 0.593930290625 0.195382175 0.6036899703125 0.2026196203125 0.6156686 0.20882123125000002 0.6207709515625 0.22018862343749998 0.6240993859375 0.23672179531249998 0.6256538953125 0.24705335156250002 0.622106046875 0.25621275 0.6155857953125 0.26165118125000003 0.606004134375 0.2596476765625 0.5902996468749999
0 0.10065391562499999 0.575953040625 0.0853610671875 0.575419003125 0.0724807 0.5788778421874999 0.0578147078125 0.5969316906250001 0.0575420546875 0.60473943125 0.06236701875 0.612725184375 0.076010565625 0.6239503625 0.084897309375 0.625237853125 0.10921323281249999 0.6231555109375 0.120989603125 0.6147723296875001 0.1264961953125 0.60323873125 0.119463240625 0.5854042984375 0.10065391562499999 0.575953040625
0 0.1743234671875 0.6586525734374999 0.143669609375 0.659536434375 0.12913994374999999 0.6736864109375 0.1285946390625 0.68930189375 0.1334195984375 0.697287646875 0.1396212109375 0.7023900015625 0.150988603125 0.70571843125 0.1700705796875 0.7073619484375 0.1804021390625 0.703814103125 0.1923148359375 0.6915270515625 0.192928303125 0.6739596375 0.1743234671875 0.6586525734374999
0 0.3230538375 0.674595090625 0.3094102875 0.663369909375 0.2839903703125 0.6605279125 0.267116384375 0.66873308125 0.2617461203125 0.676362809375 0.26120081562499997 0.691978290625 0.266025775 0.69996404375 0.27849716562500004 0.7082168171875 0.3026767578125 0.7100383406249999 0.313008315625 0.7064905 0.32223588125 0.6980183125 0.3253981546875 0.6805399000000001 0.3230538375 0.674595090625
0 0.45056239375 0.67709346875 0.43939949531250005 0.6679092328125 0.424242975 0.6634713265625 0.4037161828125 0.66666314375 0.38925467812500003 0.6788611875 0.388641209375 0.6964286078125 0.39105369218749997 0.700421484375 0.4022165953125 0.709605721875 0.4135839875 0.712934153125 0.42501954062499997 0.7143106453125 0.4378999078125 0.710851809375 0.4523614109375 0.698653765625 0.45297487812500004 0.6810863453125 0.45056239375 0.67709346875
0 0.5805516015625 0.6816327921875 0.571869346875 0.6744894984375 0.55926163125 0.6701405968749999 0.5388030046875001 0.6713804796875 0.5310202562499999 0.675017334375 0.5217926921875 0.6834895171875 0.5189712328125 0.6912082515625 0.52352354375 0.7070017453124999 0.534686446875 0.716185984375 0.5460538390624999 0.7195144140624999 0.5549405843749999 0.7208019046875 0.5703697578125 0.7174320734374999 0.57952915625 0.7109118234375 0.5849675875 0.70133015625 0.5805516015625 0.6816327921875
0 0.7106089734375 0.6842201828125 0.7019267124999999 0.677076884375 0.6893190015624999 0.6727279859374999 0.676574959375 0.6722829531250001 0.663694596875 0.6757417890624999 0.6518500625 0.6860769078125 0.65116843125 0.705596259375 0.6535809109375 0.7095891359375 0.6672244625 0.7208143140625001 0.67611120625 0.7221018046875 0.6849979515625 0.7233892921875 0.700427125 0.7200194625 0.7149567921875 0.7058694796875 0.7154339328125 0.6922059359375 0.7106089734375 0.6842201828125
0 0.8470042796874999 0.688006053125 0.8369453734375 0.6837461578124999 0.81138913125 0.68480803125 0.7943106546875 0.698869003125 0.7961778296875 0.7184773625 0.8136105109375 0.7308120171875 0.8377901031249999 0.7326335453125 0.8520471203125 0.726291303125 0.8600343578125 0.71679865 0.8580990156249999 0.6991422234375 0.8470042796874999 0.688006053125
0 0.92136885 0.7873415375 0.9102059468749999 0.7781572999999999 0.8925687796874999 0.7716784515625 0.8798247421875001 0.7712334203125 0.8669443734375 0.774692259375 0.8523465453125001 0.790794175 0.8520057296875001 0.8005538484375 0.859243178125 0.8125324781250001 0.8704742390625 0.8197647828125 0.8793609890624999 0.8210522703124999 0.8907965390625 0.8224287671875 0.9036769078125 0.818969928125 0.9206872203125 0.8068608890625001 0.9234405140625 0.80109409375 0.92136885 0.7873415375
0 0.7577546125 0.759153375 0.7398447906250001 0.7604822671875 0.722766315625 0.774543240625 0.7220846843750001 0.7940625921875 0.733179425 0.8051987640625 0.74199800625 0.8084381875 0.7636287937499999 0.8101707093750001 0.78587305 0.7943358125 0.7840058703125 0.7747274546875 0.7703623234375 0.763502278125 0.7577546125 0.759153375
0 0.6326585312499999 0.76064786875 0.625080271875 0.7584289171874999 0.6020728359375 0.7595797937500001 0.5849943640624999 0.77364076875 0.5868615390625 0.793249128125 0.59547563125 0.8023443578125 0.6118724765625 0.8078027343749999 0.6284738109375 0.8074053078125001 0.6454159609375 0.7972482046875 0.64816925625 0.791481409375 0.64630208125 0.7718730515625001 0.6326585312499999 0.76064786875
0 0.51390039375 0.7633408515625 0.5001886796874999 0.75406760625 0.4747006 0.7531775421875 0.45775845000000004 0.76333464375 0.4544598515625 0.784716928125 0.474305009375 0.801044459375 0.495935796875 0.802776978125 0.512877946875 0.7926198765625 0.5182482109375 0.784990146875 0.518725353125 0.7713266046875 0.51390039375 0.7633408515625
0 0.375160765625 0.7536101656249999 0.36510186093749997 0.7493502703125 0.33954561875 0.7504121406250001 0.3224671421875 0.7644731171875 0.32192183750000003 0.7800885984375 0.3267468015625 0.7880743515625 0.33542905625 0.7952176453125 0.3442476390625 0.79845706875 0.3582320046875 0.7999225734375 0.373661178125 0.7965527406249999 0.38819084375 0.7824027625000001 0.386323665625 0.7627944046875 0.375160765625 0.7536101656249999
0 0.2527498203125 0.7512897984375 0.24021026874999998 0.744988959375 0.2172709984375 0.744187903125 0.197643715625 0.7581598671875 0.1946859296875 0.7697824734375 0.1969620859375 0.7776792203125 0.21432659843750002 0.7919658140625 0.23850619218750002 0.7937873390625 0.25813347656249996 0.779815371875 0.26122758749999997 0.764288896875 0.2588832703125 0.7583440875 0.2527498203125 0.7512897984375
0 0.11139322031250001 0.743422040625 0.092652059375 0.7320188515625 0.0696446265625 0.733169728125 0.057936418749999996 0.7396009765625 0.0498810140625 0.7510455687500001 0.051816356249999994 0.7687019890625 0.06924903125000001 0.78103664375 0.09087981875 0.7827691671875 0.10121137656250001 0.7792213218749999 0.115741046875 0.7650713437500001 0.11621818749999999 0.7514077953125 0.11139322031250001 0.743422040625
0 0.9175517187500001 0.896649909375 0.9127949140625 0.8867122234375 0.901632015625 0.8775279843750001 0.8915731093750001 0.8732680890625 0.8711826468750001 0.8725560390625 0.8582341140624999 0.8779668109375001 0.849006553125 0.886438996875 0.84591244375 0.9019654718749999 0.850737403125 0.9099512265625 0.864380953125 0.9211764078125 0.8707188875 0.9223748875 0.887252059375 0.9239293984374999 0.9001324281249999 0.9204705593750001 0.9118406312499999 0.914039315625 0.9172109031250001 0.9064095890624999 0.9175517187500001 0.896649909375
0 0.77446426875 0.8652699281249999 0.7644053640624999 0.86101003125 0.738849121875 0.8620719046875 0.7217706453125 0.8761328781250001 0.7235696625 0.89769316875 0.7372132078125 0.9089183500000001 0.743551146875 0.9101168312500001 0.7626331234375 0.911760346875 0.7729646812500001 0.9082125015625 0.784809215625 0.8978773890625 0.785559009375 0.8764060984375 0.77446426875 0.8652699281249999
0 0.6480597015625 0.8676958859375 0.6368968015625 0.8585116515625 0.6114768859375 0.8556696515625 0.58923263125 0.8715045484375 0.590963484375 0.895016778125 0.599645740625 0.9021600718749999 0.6084643234375 0.9053994953125001 0.6300951109375 0.9071320171874999 0.6469690921875 0.8989268484374999 0.6523393640624999 0.8912971203125 0.65288466875 0.8756816390625 0.6480597015625 0.8676958859375
0 0.5230317875 0.8672384453124999 0.511937046875 0.8561022749999999 0.5018781421875 0.8518423796875 0.47887070937500004 0.852993259375 0.46716250156249994 0.8594245031250001 0.4591752640625 0.8689171578125 0.4587662859375 0.88062876875 0.4635230828125 0.8905664609375 0.47220534374999995 0.8977097546874999 0.481023925 0.9009491781250001 0.5026547109374999 0.9026817015624999 0.507820490625 0.9009077796874999 0.5195968609375 0.8925246 0.524967125 0.884894871875 0.5230317875 0.8672384453124999
0 0.42392770312500005 0.9282700703125 0.4127648 0.91908583125 0.40015708906249997 0.9147369296875001 0.3796984625 0.9159768125 0.36530512187499997 0.9262229234375001 0.35993485000000003 0.9338526515625001 0.35959403437500004 0.9436123249999999 0.3643508390625 0.9535500171875 0.3755137375 0.9627342499999999 0.38433232500000003 0.9659736796875 0.39831668593749997 0.96743918125 0.40603127031249997 0.9657542640625 0.42565855781249995 0.9517822984375 0.42634018749999997 0.932262946875 0.42392770312500005 0.9282700703125
0 0.32684173906249997 0.8584330250000001 0.31967245625 0.8445024562500001 0.3034119359375 0.8351402078125 0.2830214734375 0.8344281562500001 0.2726899140625 0.8379760046875001 0.25816024843749996 0.852125984375 0.262576234375 0.8718233484375 0.2737391375 0.8810075828124999 0.28255771875 0.8842470109375 0.299090890625 0.8858015203124999 0.306805475 0.8841166015624999 0.32119881562499997 0.8738704937499999 0.32663725 0.8642888281250001 0.32684173906249997 0.8584330250000001
0 0.1772118625 0.8317103609375 0.1585388625 0.8183552374999999 0.1355995890625 0.81755418125 0.1304338109375 0.8193281015625 0.116040471875 0.829574209375 0.113287175 0.8353410125 0.11281003437499999 0.8490045546875 0.11763499531249999 0.8569903078125 0.128797896875 0.8661745468750001 0.1351358359375 0.8673730328125 0.15166900781249998 0.8689275375 0.1593835921875 0.8672426234374999 0.1763939046875 0.855133584375 0.1791472 0.8493667874999999 0.1772118625 0.8317103609375
0 0.238001046875 0.9178687375000001 0.219259884375 0.9064655453125001 0.196252453125 0.907616421875 0.1871612140625 0.9121847390625 0.1791739765625 0.9216773937499999 0.1784241828125 0.9431486843749999 0.18455763281249998 0.950202971875 0.2034351203125 0.9577022906250001 0.21232186562500002 0.9589897828125 0.22775104062499998 0.95561995 0.242280709375 0.941469971875 0.24282601406249998 0.925854490625 0.238001046875 0.9178687375000001
0 0.1047132390625 0.9347116921874999 0.1054630328125 0.9132404078125 0.09188765 0.9000632921875 0.066467734375 0.8972212921875 0.0587531484375 0.898906209375 0.0443598046875 0.9091523171875 0.0387850515625 0.9226378546875 0.038376073437500005 0.934349465625 0.055672421875 0.950587990625 0.0722055921875 0.9521424968750001 0.07992017812499999 0.9504575828125 0.0902517359375 0.9469097375000001 0.1020281078125 0.93852655625 0.1047132390625 0.9347116921874999