0 0.10253906406249999 0.0866366734375 0.08886718593750001 0.0843567625 0.07519531406249999 0.0911964984375 0.06835937343750001 0.10145610468749999 0.06640625 0.1242552296875 0.0703125 0.1333748796875 0.08105468593750001 0.14591439687500002 0.09375 0.1493342640625 0.10644531406249999 0.14591439687500002 0.1171875 0.1333748796875 0.12109375 0.121975315625 0.12109375 0.1105757546875 0.11230468593750001 0.0934764125 0.10253906406249999 0.0866366734375
0 0.1591796859375 0.127675096875 0.1455078140625 0.127675096875 0.1396484359375 0.1299550109375 0.1269531265625 0.1447744390625 0.125 0.165293653125 0.1357421859375 0.1869528203125 0.1494140640625 0.1937925609375 0.15625 0.19265260312500002 0.1689453140625 0.1869528203125 0.1777343734375 0.174413303125 0.1796875 0.1538940890625 0.17578125 0.1424945296875 0.1669921859375 0.13223492187500002 0.1591796859375 0.127675096875
0 0.08691406406249999 0.1664336109375 0.07519531406249999 0.17099343125 0.06640625 0.1812530390625 0.06445312656249999 0.2086119890625 0.07714843593750001 0.23027115937499998 0.08105468593750001 0.2325510703125 0.09765625 0.23141111250000002 0.10449218593750001 0.2279912453125 0.11328125 0.21773163750000002 0.1171875 0.2086119890625 0.1171875 0.1903726890625 0.10449218593750001 0.17099343125 0.08691406406249999 0.1664336109375
0 0.08105468593750001 0.2507903703125 0.06640625 0.26332988749999997 0.0625 0.2724495375 0.0625 0.2906888359375 0.07519531406249999 0.3123480078125 0.07910156406249999 0.31462791874999996 0.09960937343750001 0.3134879609375 0.11132812656249999 0.30208840000000003 0.11523437343750001 0.2929687515625 0.11523437343750001 0.2724495375 0.11132812656249999 0.26332988749999997 0.10058593593750001 0.2530702796875 0.08105468593750001 0.2507903703125
0 0.10253906406249999 0.3397069578125 0.09472656406249999 0.33514712812499997 0.07910156406249999 0.33514712812499997 0.07128906406249999 0.3397069578125 0.0625 0.352246475 0.0625 0.37960542343750003 0.07324218593750001 0.39442485625 0.08300781406249999 0.3989846765625 0.09179687343750001 0.3978447234375 0.10253906406249999 0.39442485625 0.11132812656249999 0.3841652484375 0.11523437343750001 0.372765684375 0.11523437343750001 0.361366125 0.11132812656249999 0.3499665609375 0.10253906406249999 0.3397069578125
0 0.08105468593750001 0.414944065625 0.07128906406249999 0.419503890625 0.0625 0.42976349843749995 0.0625 0.46396218281249996 0.07714843593750001 0.47878161406249997 0.09570312656249999 0.47764165781249995 0.109375 0.466242096875 0.11328125 0.457122446875 0.11328125 0.43888314843750004 0.10253906406249999 0.42178380468750004 0.08886718593750001 0.414944065625 0.08105468593750001 0.414944065625
0 0.09863281406249999 0.5015807390625 0.07714843593750001 0.499300825 0.06542968593750001 0.5061405640625 0.0605468734375 0.516400171875 0.0605468734375 0.5460390312500001 0.07324218593750001 0.5608584624999999 0.09179687343750001 0.5619984203125 0.10253906406249999 0.5562986375000001 0.11132812656249999 0.5437591203125 0.11328125 0.5346394703125 0.11132812656249999 0.51868008125 0.10742187343750001 0.50956043125 0.09863281406249999 0.5015807390625
0 0.08886718593750001 0.5790977625 0.07519531406249999 0.5790977625 0.06738281406249999 0.5836575875000001 0.05859375 0.5961971046875 0.05859375 0.6281158796875 0.07324218593750001 0.6429353109375 0.09375 0.6417953546875 0.10253906406249999 0.636095571875 0.109375 0.6235560546875 0.11132812656249999 0.61671631875 0.109375 0.6007569296875 0.10058593593750001 0.5859375015625 0.08886718593750001 0.5790977625
0 0.1416015640625 0.2097519453125 0.1337890640625 0.2143117703125 0.125 0.2268512875 0.12304687343750001 0.25193032656250003 0.1396484359375 0.27358949374999997 0.1542968734375 0.2747294515625 0.1630859359375 0.27130957968749997 0.1738281265625 0.2587700625 0.1777343734375 0.2359709375 0.1708984359375 0.2188715953125 0.1572265640625 0.2097519453125 0.1416015640625 0.2097519453125
0 0.1572265640625 0.2941087078125 0.1376953140625 0.2941087078125 0.1269531265625 0.3043683109375 0.12109375 0.3180477859375 0.12304687343750001 0.3362870859375 0.1269531265625 0.34540673593750004 0.1376953140625 0.35566634218750004 0.1416015640625 0.35794625625 0.15625 0.3568063 0.1630859359375 0.353386428125 0.171875 0.343126825 0.17578125 0.334007175 0.17578125 0.3134879609375 0.1650390640625 0.2986685296875 0.1572265640625 0.2941087078125
0 0.1396484359375 0.37618555625 0.1337890640625 0.37846546718749996 0.12304687343750001 0.391004984375 0.11914062656249999 0.400124634375 0.11914062656249999 0.41608402343749995 0.12304687343750001 0.42520367343750004 0.1337890640625 0.437743190625 0.1416015640625 0.442303015625 0.15234375 0.4411630578125 0.1611328140625 0.437743190625 0.171875 0.42520367343750004 0.1738281265625 0.3978447234375 0.1650390640625 0.38302529218750003 0.1513671859375 0.37618555625 0.1396484359375 0.37618555625
0 0.1552734359375 0.46282222500000003 0.1455078140625 0.460542315625 0.1337890640625 0.46282222500000003 0.12109375 0.475361746875 0.1171875 0.48676130781250004 0.1171875 0.498160871875 0.12304687343750001 0.511840346875 0.1357421859375 0.5243798640625 0.15234375 0.5232399062499999 0.1591796859375 0.5198200390625 0.1699218734375 0.5072805218750001 0.171875 0.5004407828125 0.1699218734375 0.47764165781249995 0.1630859359375 0.46738205468749994 0.1552734359375 0.46282222500000003
0 0.1474609359375 0.540339253125 0.1396484359375 0.540339253125 0.1298828140625 0.5448990734375 0.11914062656249999 0.5574385953125 0.11523437343750001 0.5756778953125 0.11914062656249999 0.5893573703125 0.1279296859375 0.6018968874999999 0.1357421859375 0.6064567125 0.15234375 0.6053167546875 0.1591796859375 0.6018968874999999 0.1699218734375 0.5870774546875 0.171875 0.5665582453125 0.16796875 0.5574385953125 0.1572265640625 0.5448990734375 0.1474609359375 0.540339253125
0 0.1298828140625 0.6246960109375 0.12109375 0.6326757046875 0.11523437343750001 0.64407526875 0.11328125 0.6645944781249999 0.11914062656249999 0.6782739531249999 0.1298828140625 0.6885335609375 0.1464843734375 0.6896735171875 0.1552734359375 0.68625365 0.16796875 0.669154303125 0.16796875 0.6463551796875 0.16015625 0.6326757046875 0.1533203140625 0.626975921875 0.1298828140625 0.6246960109375
0 0.2041015640625 0.088916584375 0.1894531265625 0.10373601562500001 0.1875 0.112855665625 0.1894531265625 0.131094965625 0.2021484359375 0.1481943109375 0.2119140640625 0.1527541328125 0.21875 0.1516141796875 0.2275390640625 0.1481943109375 0.23828125 0.13565479062500002 0.2402343734375 0.1060159296875 0.2333984359375 0.0957563234375 0.2236328140625 0.088916584375 0.2041015640625 0.088916584375
0 0.1875 0.188092778125 0.1855468734375 0.210891903125 0.1894531265625 0.22001155312499998 0.2001953140625 0.2325510703125 0.2041015640625 0.23483098125000001 0.22265625 0.2336910265625 0.23828125 0.215451728125 0.2402343734375 0.1949325140625 0.2363281265625 0.1858128640625 0.2255859359375 0.173273346875 0.2021484359375 0.17099343125 0.1875 0.188092778125
0 0.2060546859375 0.2530702796875 0.1962890640625 0.257630109375 0.1875 0.26788971250000004 0.18359375 0.27700936249999997 0.18359375 0.2952486609375 0.1875 0.3043683109375 0.1982421859375 0.31462791874999996 0.2041015640625 0.316907828125 0.2207031265625 0.31576787500000003 0.2275390640625 0.3123480078125 0.2363281265625 0.2998084859375 0.23828125 0.27700936249999997 0.2275390640625 0.25991001874999997 0.2158203140625 0.2530702796875 0.2060546859375 0.2530702796875
0 0.2158203140625 0.33742704218749997 0.1982421859375 0.33742704218749997 0.1855468734375 0.3499665609375 0.1816406265625 0.359086209375 0.1816406265625 0.37960542343750003 0.1875 0.391004984375 0.2001953140625 0.40126459218750005 0.21875 0.400124634375 0.2324218734375 0.386445159375 0.2363281265625 0.377325509375 0.2363281265625 0.363646034375 0.2324218734375 0.3499665609375 0.2294921859375 0.344266778125 0.2158203140625 0.33742704218749997
0 0.2177734359375 0.42178380468750004 0.1962890640625 0.419503890625 0.1816406265625 0.4343233234375 0.1796875 0.45940235781250005 0.1923828140625 0.47878161406249997 0.2001953140625 0.48334143906250004 0.2128906265625 0.48220148281249997 0.2177734359375 0.481061525 0.23046875 0.4685220078125 0.234375 0.4548425328125 0.2324218734375 0.4411630578125 0.2285156265625 0.43204340781250006 0.2177734359375 0.42178380468750004
0 0.1982421859375 0.5015807390625 0.1865234359375 0.508420475 0.1777343734375 0.520959996875 0.17578125 0.5391992953125 0.1816406265625 0.5528787703125 0.1904296859375 0.5631383734375001 0.1943359359375 0.5654182875 0.2128906265625 0.5642783312499999 0.2197265640625 0.5608584624999999 0.2285156265625 0.5505988562499999 0.23046875 0.5232399062499999 0.2197265640625 0.5061405640625 0.2099609359375 0.5015807390625 0.1982421859375 0.5015807390625
0 0.2099609359375 0.5859375015625 0.1923828140625 0.5859375015625 0.1777343734375 0.5984770187499999 0.1738281265625 0.6075966687500001 0.1738281265625 0.6258359687499999 0.1777343734375 0.6349556187500001 0.1884765640625 0.6474951359375 0.1923828140625 0.64977505 0.2089843734375 0.6486350937500001 0.2158203140625 0.645215221875 0.2265625 0.63039579375 0.2285156265625 0.6235560546875 0.2265625 0.6053167546875 0.22265625 0.5961971046875 0.2099609359375 0.5859375015625
0 0.2626953140625 0.13223492187500002 0.2519531265625 0.1424945296875 0.2480468734375 0.1516141796875 0.24609375 0.16073382812499998 0.2480468734375 0.174413303125 0.2626953140625 0.1937925609375 0.2666015640625 0.1960724703125 0.2792968734375 0.1949325140625 0.2880859359375 0.1915126453125 0.2988281265625 0.178973128125 0.30078125 0.1516141796875 0.2841796859375 0.13223492187500002 0.2763671859375 0.1299550109375 0.2626953140625 0.13223492187500002
0 0.2666015640625 0.212031859375 0.2568359359375 0.21659168125 0.2480468734375 0.2291312015625 0.24609375 0.2564901515625 0.2519531265625 0.26788971250000004 0.2587890640625 0.27358949374999997 0.2666015640625 0.27814931875000004 0.2792968734375 0.27700936249999997 0.2861328140625 0.27358949374999997 0.296875 0.2610499765625 0.2988281265625 0.2359709375 0.29296875 0.224571378125 0.2822265640625 0.2143117703125 0.2666015640625 0.212031859375
0 0.2607421859375 0.29638861875 0.2480468734375 0.3089281359375 0.2441406265625 0.3180477859375 0.2441406265625 0.338567 0.2587890640625 0.35794625625 0.27734375 0.359086209375 0.2861328140625 0.35566634218750004 0.2949218734375 0.34540673593750004 0.296875 0.31576787500000003 0.2880859359375 0.3032283578125 0.2763671859375 0.29638861875 0.2607421859375 0.29638861875
0 0.2763671859375 0.380745378125 0.2587890640625 0.380745378125 0.2421875 0.400124634375 0.2421875 0.4206438484375 0.2548828140625 0.44002310468749994 0.2646484359375 0.4445829265625 0.2734375 0.44344297343749994 0.2783203140625 0.442303015625 0.2910156265625 0.42976349843749995 0.2949218734375 0.4206438484375 0.2949218734375 0.400124634375 0.2841796859375 0.38530520625000003 0.2763671859375 0.380745378125
0 0.2763671859375 0.465102140625 0.2568359359375 0.465102140625 0.2441406265625 0.47764165781249995 0.2402343734375 0.48676130781250004 0.2421875 0.50956043125 0.2490234359375 0.5198200390625 0.2587890640625 0.5266597749999999 0.27734375 0.5255198203125 0.2861328140625 0.5198200390625 0.29296875 0.50956043125 0.2949218734375 0.502720696875 0.29296875 0.48220148281249997 0.2841796859375 0.469661965625 0.2763671859375 0.465102140625
0 0.2548828140625 0.549458903125 0.23828125 0.5642783312499999 0.2363281265625 0.5893573703125 0.2402343734375 0.5984770187499999 0.2529296859375 0.6110165375000001 0.2734375 0.6098765796875 0.2871093734375 0.5961971046875 0.2910156265625 0.5870774546875 0.2910156265625 0.5733979812500001 0.2802734359375 0.5540187234375 0.2705078140625 0.549458903125 0.2548828140625 0.549458903125
0 0.3125 0.10373601562500001 0.30859375 0.112855665625 0.30859375 0.1288150546875 0.3125 0.1402146140625 0.3232421859375 0.1527541328125 0.3291015640625 0.155034046875 0.34375 0.1538940890625 0.3486328140625 0.1527541328125 0.3613281265625 0.1379347046875 0.36328125 0.1105757546875 0.3486328140625 0.0934764125 0.3271484359375 0.0911964984375 0.3125 0.10373601562500001
0 0.3447265640625 0.173273346875 0.3291015640625 0.17099343125 0.3154296859375 0.177833171875 0.30859375 0.188092778125 0.3066406265625 0.2131718125 0.3193359359375 0.2325510703125 0.3271484359375 0.2371108953125 0.3359375 0.2359709375 0.3427734359375 0.23483098125000001 0.35546875 0.224571378125 0.3613281265625 0.2086119890625 0.3613281265625 0.1994923390625 0.3574218734375 0.188092778125 0.3447265640625 0.173273346875
0 0.3369140640625 0.25535019531250003 0.3271484359375 0.25535019531250003 0.3173828140625 0.25991001874999997 0.30859375 0.2701696265625 0.3066406265625 0.2975285765625 0.3105468734375 0.306648225 0.3212890640625 0.316907828125 0.3251953140625 0.31918774375000003 0.3417968734375 0.3180477859375 0.3486328140625 0.31462791874999996 0.3574218734375 0.30208840000000003 0.359375 0.28156918750000004 0.35546875 0.2701696265625 0.3466796859375 0.25991001874999997 0.3369140640625 0.25535019531250003
0 0.3291015640625 0.33742704218749997 0.3173828140625 0.34198686718750004 0.3066406265625 0.35452638593749997 0.3046875 0.37960542343750003 0.3134765640625 0.39670476718750003 0.3271484359375 0.40354450625 0.3359375 0.40240454843749995 0.3447265640625 0.3989846765625 0.3535156265625 0.391004984375 0.3574218734375 0.381885334375 0.3574218734375 0.361366125 0.3466796859375 0.344266778125 0.3291015640625 0.33742704218749997
0 0.3349609359375 0.424063715625 0.3154296859375 0.42634362656249997 0.3027343734375 0.44572288281250005 0.3046875 0.470801921875 0.3193359359375 0.48790126406249995 0.3378906265625 0.48676130781250004 0.3447265640625 0.48334143906250004 0.3535156265625 0.47308183281250005 0.3574218734375 0.45940235781250005 0.35546875 0.44572288281250005 0.3466796859375 0.4309034546875 0.3349609359375 0.424063715625
0 0.3408203140625 0.512980303125 0.3310546859375 0.508420475 0.3193359359375 0.508420475 0.3115234359375 0.512980303125 0.30078125 0.5255198203125 0.2988281265625 0.5505988562499999 0.3076171859375 0.5676982015625 0.3154296859375 0.5722580234375 0.328125 0.5733979812500001 0.3349609359375 0.5722580234375 0.34765625 0.5619984203125 0.3535156265625 0.5483189453125 0.3535156265625 0.5346394703125 0.3496093734375 0.5232399062499999 0.3408203140625 0.512980303125
0 0.3154296859375 0.5904973234375 0.2988281265625 0.6075966687500001 0.296875 0.63039579375 0.30078125 0.6417953546875 0.3095703140625 0.6520549609375 0.3134765640625 0.654334871875 0.33203125 0.65319491875 0.3427734359375 0.6474951359375 0.34765625 0.6395154437499999 0.3515625 0.61671631875 0.34765625 0.6053167546875 0.3369140640625 0.5927772375 0.3154296859375 0.5904973234375
0 0.4091796859375 0.1345148328125 0.3896484359375 0.13223492187500002 0.3798828140625 0.13679474687499998 0.3730468734375 0.1447744390625 0.3691406265625 0.1538940890625 0.3691406265625 0.1721333890625 0.37890625 0.1903726890625 0.3857421859375 0.1960724703125 0.4042968734375 0.1949325140625 0.4150390640625 0.18923273125 0.4199218734375 0.1812530390625 0.4238281265625 0.1721333890625 0.4238281265625 0.15617400312500002 0.41796875 0.1424945296875 0.4091796859375 0.1345148328125
0 0.3857421859375 0.2143117703125 0.3691406265625 0.2336910265625 0.3691406265625 0.2564901515625 0.3730468734375 0.2656098015625 0.3837890640625 0.2758694078125 0.3896484359375 0.27814931875000004 0.4042968734375 0.27700936249999997 0.41796875 0.2656098015625 0.421875 0.2564901515625 0.421875 0.2359709375 0.41796875 0.2268512875 0.4052734359375 0.2143117703125 0.3857421859375 0.2143117703125
0 0.3896484359375 0.2986685296875 0.3759765640625 0.3032283578125 0.3652343734375 0.3226076109375 0.3671875 0.34540673593750004 0.3837890640625 0.362506078125 0.4042968734375 0.361366125 0.4160156265625 0.3499665609375 0.4199218734375 0.338567 0.4199218734375 0.3226076109375 0.4160156265625 0.3134879609375 0.4033203140625 0.30094844374999996 0.3896484359375 0.2986685296875
0 0.3798828140625 0.38530520625000003 0.3691406265625 0.395564809375 0.36328125 0.4069643734375 0.3652343734375 0.42520367343750004 0.3759765640625 0.442303015625 0.3837890640625 0.446862840625 0.4003906265625 0.44572288281250005 0.4072265640625 0.442303015625 0.4160156265625 0.42976349843749995 0.41796875 0.422923759375 0.4160156265625 0.400124634375 0.4013671859375 0.38530520625000003 0.3798828140625 0.38530520625000003
0 0.3818359359375 0.465102140625 0.3759765640625 0.46738205468749994 0.36328125 0.48448139687499997 0.3613281265625 0.493601046875 0.36328125 0.50956043125 0.3759765640625 0.5289396890625 0.39453125 0.5300796453125 0.4013671859375 0.5289396890625 0.4121093734375 0.51868008125 0.41796875 0.49588095781249997 0.4091796859375 0.474221790625 0.3994140640625 0.46738205468749994 0.3818359359375 0.465102140625
0 0.3652343734375 0.5619984203125 0.359375 0.5756778953125 0.3613281265625 0.5984770187499999 0.3759765640625 0.6155763624999999 0.3964843734375 0.6144364046875 0.4121093734375 0.5961971046875 0.4140625 0.5870774546875 0.4121093734375 0.5711180703125 0.3994140640625 0.5540187234375 0.3779296859375 0.5517388125 0.3652343734375 0.5619984203125
0 0.4521484359375 0.0934764125 0.4355468734375 0.1060159296875 0.4316406265625 0.11513557968749999 0.4316406265625 0.1288150546875 0.4355468734375 0.1402146140625 0.4462890640625 0.1527541328125 0.4541015640625 0.1573139609375 0.4667968734375 0.15617400312500002 0.4736328140625 0.1527541328125 0.4824218734375 0.1424945296875 0.4863281265625 0.1333748796875 0.4863281265625 0.112855665625 0.4736328140625 0.0957563234375 0.4521484359375 0.0934764125
0 0.4716796859375 0.177833171875 0.4619140640625 0.173273346875 0.4501953140625 0.173273346875 0.4384765640625 0.18011308125 0.4316406265625 0.188092778125 0.4296875 0.215451728125 0.43359375 0.224571378125 0.4462890640625 0.2371108953125 0.4609375 0.2382508515625 0.4736328140625 0.2325510703125 0.4785156265625 0.2268512875 0.484375 0.210891903125 0.484375 0.201772253125 0.48046875 0.188092778125 0.4716796859375 0.177833171875
0 0.4658203140625 0.257630109375 0.4462890640625 0.257630109375 0.43359375 0.26788971250000004 0.4277343734375 0.28156918750000004 0.4296875 0.30208840000000003 0.4404296859375 0.316907828125 0.4482421859375 0.32146765781250003 0.46484375 0.3203277 0.4716796859375 0.316907828125 0.48046875 0.3043683109375 0.4824218734375 0.2975285765625 0.48046875 0.27700936249999997 0.4765625 0.26788971250000004 0.4658203140625 0.257630109375
0 0.4462890640625 0.344266778125 0.4404296859375 0.3465466921875 0.4296875 0.359086209375 0.42578125 0.370485775 0.42578125 0.37960542343750003 0.4316406265625 0.395564809375 0.4384765640625 0.40354450625 0.4501953140625 0.410384240625 0.45703125 0.409244284375 0.4677734359375 0.405824415625 0.48046875 0.38872507343749996 0.48046875 0.36592595 0.4697265640625 0.34882660625 0.4599609359375 0.344266778125 0.4462890640625 0.344266778125
0 0.4443359359375 0.42634362656249997 0.4384765640625 0.428623540625 0.42578125 0.4480027984375 0.42578125 0.470801921875 0.4404296859375 0.490181175 0.4589843734375 0.49132113281249995 0.4697265640625 0.4856213546875 0.4765625 0.475361746875 0.4785156265625 0.4480027984375 0.4677734359375 0.4309034546875 0.4580078140625 0.42634362656249997 0.4443359359375 0.42634362656249997
0 0.42578125 0.5255198203125 0.4238281265625 0.5323595562500001 0.42578125 0.5597185062500001 0.4404296859375 0.5745379374999999 0.4609375 0.5733979812500001 0.47265625 0.5619984203125 0.4765625 0.5528787703125 0.4746093734375 0.52779973125 0.4599609359375 0.512980303125 0.4423828140625 0.5107003890625 0.42578125 0.5255198203125
0 0.4365234359375 0.5950571515624999 0.4238281265625 0.6075966687500001 0.4199218734375 0.6189962296875 0.4199218734375 0.6349556187500001 0.4238281265625 0.6486350937500001 0.4326171859375 0.6588947 0.4589843734375 0.65775474375 0.46875 0.6486350937500001 0.47265625 0.6395154437499999 0.4746093734375 0.6326757046875 0.47265625 0.6144364046875 0.4560546859375 0.5950571515624999 0.4365234359375 0.5950571515624999
0 0.4941406265625 0.1538940890625 0.4921875 0.16073382812499998 0.4941406265625 0.1766932140625 0.5068359359375 0.1937925609375 0.5146484359375 0.19835238125000001 0.5292968734375 0.197212428125 0.5341796859375 0.1960724703125 0.546875 0.1766932140625 0.546875 0.1538940890625 0.5361328140625 0.13679474687499998 0.5107421859375 0.1345148328125 0.4941406265625 0.1538940890625
0 0.5087890640625 0.221151509375 0.4941406265625 0.2336910265625 0.4902343734375 0.2428106765625 0.4902343734375 0.2610499765625 0.49609375 0.2724495375 0.5068359359375 0.28270914375 0.5107421859375 0.2849890578125 0.5253906265625 0.2838491015625 0.5302734359375 0.28270914375 0.5410156265625 0.2701696265625 0.5449218734375 0.2610499765625 0.5449218734375 0.2428106765625 0.5341796859375 0.2234314203125 0.5087890640625 0.221151509375
0 0.4941406265625 0.31120804999999996 0.48828125 0.3226076109375 0.48828125 0.343126825 0.4990234359375 0.3602261671875 0.5107421859375 0.36706590625 0.5214843734375 0.36592595 0.5263671859375 0.36478599218749996 0.5390625 0.352246475 0.5410156265625 0.3226076109375 0.5302734359375 0.30550826875000003 0.5126953140625 0.30094844374999996 0.4941406265625 0.31120804999999996
0 0.5244140640625 0.3898650265625 0.5068359359375 0.3875851171875 0.4970703140625 0.39214494218749996 0.4902343734375 0.400124634375 0.4863281265625 0.409244284375 0.4863281265625 0.42976349843749995 0.4941406265625 0.44572288281250005 0.5009765640625 0.451422665625 0.5175781265625 0.452562621875 0.5283203140625 0.44914275468750003 0.53515625 0.4411630578125 0.5410156265625 0.42520367343750004 0.5410156265625 0.413804109375 0.5371093734375 0.40240454843749995 0.5244140640625 0.3898650265625
0 0.5205078140625 0.469661965625 0.5087890640625 0.469661965625 0.4951171859375 0.4765017046875 0.4902343734375 0.48220148281249997 0.4863281265625 0.49132113281249995 0.4863281265625 0.511840346875 0.5048828140625 0.5334995140625 0.5234375 0.5323595562500001 0.5371093734375 0.520959996875 0.5410156265625 0.511840346875 0.5410156265625 0.493601046875 0.5390625 0.48676130781250004 0.5283203140625 0.474221790625 0.5205078140625 0.469661965625
0 0.5029296859375 0.5540187234375 0.4970703140625 0.5562986375000001 0.4863281265625 0.56883815625 0.4824218734375 0.5779578046875 0.4824218734375 0.5961971046875 0.4931640640625 0.6132964515625 0.5009765640625 0.617856271875 0.5175781265625 0.61671631875 0.5283203140625 0.6110165375000001 0.53515625 0.6007569296875 0.5371093734375 0.5779578046875 0.5244140640625 0.558578553125 0.5146484359375 0.5540187234375 0.5029296859375 0.5540187234375
0 0.5751953140625 0.0957563234375 0.5615234359375 0.10487597343749999 0.5566406265625 0.112855665625 0.5546875 0.121975315625 0.5566406265625 0.1402146140625 0.5634765640625 0.15047422187499998 0.5732421859375 0.1573139609375 0.58984375 0.1584539140625 0.6005859359375 0.1527541328125 0.6074218734375 0.1424945296875 0.6113281265625 0.1288150546875 0.609375 0.11513557968749999 0.5966796859375 0.0980362328125 0.5751953140625 0.0957563234375
0 0.5888671859375 0.177833171875 0.5751953140625 0.177833171875 0.5654296859375 0.182392996875 0.5546875 0.1949325140625 0.5527343734375 0.22001155312499998 0.5712890640625 0.2416707203125 0.5839843734375 0.2428106765625 0.5927734359375 0.23939080937499999 0.6035156265625 0.2268512875 0.6074218734375 0.21773163750000002 0.6074218734375 0.201772253125 0.5966796859375 0.182392996875 0.5888671859375 0.177833171875
0 0.5595703140625 0.266749759375 0.55078125 0.28156918750000004 0.55078125 0.3043683109375 0.5566406265625 0.31576787500000003 0.5654296859375 0.32374756875 0.5712890640625 0.326027478125 0.5878906265625 0.324887525 0.5996093734375 0.3134879609375 0.6035156265625 0.3043683109375 0.6035156265625 0.28156918750000004 0.5908203140625 0.2621899296875 0.5673828140625 0.2621899296875 0.5595703140625 0.266749759375
0 0.5908203140625 0.35110651718749997 0.5712890640625 0.3465466921875 0.5576171859375 0.353386428125 0.5527343734375 0.359086209375 0.5488281265625 0.370485775 0.5488281265625 0.386445159375 0.5576171859375 0.40354450625 0.5732421859375 0.41266415624999997 0.5800781265625 0.41152419843750004 0.5908203140625 0.40810432656250006 0.5996093734375 0.3978447234375 0.6035156265625 0.38872507343749996 0.6035156265625 0.370485775 0.6015625 0.363646034375 0.5908203140625 0.35110651718749997
0 0.5556640640625 0.43546327656250006 0.5488281265625 0.44572288281250005 0.546875 0.47308183281250005 0.55078125 0.48220148281249997 0.5654296859375 0.49474100312499997 0.5839843734375 0.493601046875 0.59765625 0.479921571875 0.6015625 0.470801921875 0.5996093734375 0.4480027984375 0.5830078140625 0.4309034546875 0.5634765640625 0.4309034546875 0.5556640640625 0.43546327656250006
0 0.5595703140625 0.517540125 0.5488281265625 0.52779973125 0.5449218734375 0.5369193812499999 0.546875 0.5642783312499999 0.5517578140625 0.5722580234375 0.5615234359375 0.5790977625 0.5800781265625 0.5802377203125 0.5917968734375 0.5711180703125 0.5996093734375 0.55515868125 0.59765625 0.5346394703125 0.5869140640625 0.5198200390625 0.5732421859375 0.5152602140625 0.5595703140625 0.517540125
0 0.5732421859375 0.6018968874999999 0.5615234359375 0.6018968874999999 0.5517578140625 0.608736621875 0.54296875 0.6212761437500001 0.54296875 0.6463551796875 0.5556640640625 0.663454521875 0.5722656265625 0.66687439375 0.5830078140625 0.663454521875 0.5917968734375 0.65319491875 0.5957031265625 0.6417953546875 0.5957031265625 0.6258359687499999 0.5830078140625 0.6064567125 0.5732421859375 0.6018968874999999
0 0.6230468734375 0.1470543546875 0.6191406265625 0.15617400312500002 0.6171875 0.1812530390625 0.6230468734375 0.19265260312500002 0.6357421859375 0.20291220937499999 0.6542968734375 0.201772253125 0.671875 0.1812530390625 0.6699218734375 0.15617400312500002 0.6611328140625 0.1436344828125 0.6533203140625 0.1390746609375 0.6298828140625 0.141354571875 0.6230468734375 0.1470543546875
0 0.6572265640625 0.2234314203125 0.6337890640625 0.221151509375 0.6191406265625 0.23141111250000002 0.61328125 0.2428106765625 0.6113281265625 0.2564901515625 0.6152343734375 0.26788971250000004 0.6279296859375 0.28270914375 0.6376953140625 0.28726896874999996 0.6464843734375 0.2861290109375 0.6552734359375 0.28270914375 0.6640625 0.2724495375 0.66796875 0.26332988749999997 0.66796875 0.2428106765625 0.6640625 0.23141111250000002 0.6572265640625 0.2234314203125
0 0.6552734359375 0.3077881796875 0.6455078140625 0.3032283578125 0.6298828140625 0.3032283578125 0.6220703140625 0.3077881796875 0.6113281265625 0.3226076109375 0.6113281265625 0.34768665 0.6259765640625 0.36706590625 0.6357421859375 0.371625728125 0.6425781265625 0.370485775 0.6513671859375 0.36706590625 0.6621093734375 0.35452638593749997 0.6660156265625 0.343126825 0.6660156265625 0.32944735 0.66015625 0.3134879609375 0.6552734359375 0.3077881796875
0 0.6533203140625 0.39442485625 0.6435546859375 0.3898650265625 0.6279296859375 0.3898650265625 0.6113281265625 0.4069643734375 0.609375 0.43204340781250006 0.6113281265625 0.43888314843750004 0.6201171859375 0.44914275468750003 0.6337890640625 0.455982490625 0.6425781265625 0.4548425328125 0.6513671859375 0.45370257656249996 0.66015625 0.44572288281250005 0.6660156265625 0.42976349843749995 0.6660156265625 0.418363934375 0.66015625 0.40240454843749995 0.6533203140625 0.39442485625
0 0.6240234359375 0.4765017046875 0.609375 0.489041221875 0.60546875 0.5004407828125 0.60546875 0.51412025625 0.6113281265625 0.52779973125 0.6201171859375 0.5380593390625 0.6279296859375 0.5426191640625 0.6425781265625 0.54147920625 0.6494140640625 0.5380593390625 0.6621093734375 0.51868008125 0.6640625 0.5004407828125 0.6513671859375 0.481061525 0.6435546859375 0.4765017046875 0.6240234359375 0.4765017046875
0 0.6142578140625 0.5608584624999999 0.6074218734375 0.56883815625 0.5996093734375 0.5916372796875 0.6035156265625 0.6144364046875 0.6123046859375 0.626975921875 0.6201171859375 0.6292558359375 0.6425781265625 0.6281158796875 0.65234375 0.6189962296875 0.6582031265625 0.60303684375 0.65625 0.5756778953125 0.6494140640625 0.5654182875 0.6376953140625 0.558578553125 0.6142578140625 0.5608584624999999
0 0.7216796859375 0.1025960625 0.7119140640625 0.0980362328125 0.6982421859375 0.0980362328125 0.6796875 0.108295840625 0.6777343734375 0.112855665625 0.6777343734375 0.1424945296875 0.6923828140625 0.1618737828125 0.7089843734375 0.1630137390625 0.7177734359375 0.1618737828125 0.7285156265625 0.1516141796875 0.734375 0.13565479062500002 0.734375 0.1288150546875 0.73046875 0.11513557968749999 0.7216796859375 0.1025960625
0 0.7216796859375 0.1869528203125 0.7080078140625 0.18011308125 0.7001953140625 0.18011308125 0.6884765640625 0.1846729109375 0.6777343734375 0.1949325140625 0.67578125 0.224571378125 0.6904296859375 0.24395062968749998 0.6982421859375 0.248510459375 0.70703125 0.24737050156249998 0.7177734359375 0.24395062968749998 0.7246093734375 0.2359709375 0.73046875 0.22001155312499998 0.73046875 0.201772253125 0.7285156265625 0.1949325140625 0.7216796859375 0.1869528203125
0 0.7158203140625 0.26446984375000004 0.7021484359375 0.2621899296875 0.6904296859375 0.26446984375000004 0.6826171859375 0.26902966875 0.6738281265625 0.2838491015625 0.671875 0.2929687515625 0.6738281265625 0.3089281359375 0.6904296859375 0.32830739375 0.7089843734375 0.32944735 0.7197265640625 0.326027478125 0.7285156265625 0.31576787500000003 0.7324218734375 0.30208840000000003 0.73046875 0.2861290109375 0.7265625 0.2747294515625 0.7158203140625 0.26446984375000004
0 0.7099609359375 0.34882660625 0.6904296859375 0.34882660625 0.6787109359375 0.353386428125 0.66796875 0.368205859375 0.66796875 0.38872507343749996 0.6738281265625 0.40240454843749995 0.6806640640625 0.41266415624999997 0.6884765640625 0.4172239765625 0.6943359359375 0.419503890625 0.7109375 0.418363934375 0.7216796859375 0.414944065625 0.73046875 0.40240454843749995 0.7324218734375 0.3750456 0.7285156265625 0.363646034375 0.7216796859375 0.353386428125 0.7099609359375 0.34882660625
0 0.7041015640625 0.43546327656250006 0.6894531265625 0.45028270781249996 0.6855468734375 0.461682271875 0.6855468734375 0.47308183281250005 0.6953125 0.49132113281249995 0.7041015640625 0.499300825 0.7080078140625 0.5015807390625 0.7246093734375 0.5004407828125 0.7314453140625 0.49702091406250004 0.7402343734375 0.48448139687499997 0.73828125 0.4480027984375 0.7294921859375 0.437743190625 0.7177734359375 0.433183365625 0.7041015640625 0.43546327656250006
0 0.6767578140625 0.5289396890625 0.66796875 0.5437591203125 0.6660156265625 0.5505988562499999 0.66796875 0.56883815625 0.6806640640625 0.5836575875000001 0.6884765640625 0.5882174124999999 0.7050781265625 0.5870774546875 0.7128906265625 0.5825176296875 0.72265625 0.5619984203125 0.7207031265625 0.54147920625 0.7041015640625 0.5243798640625 0.6845703140625 0.5243798640625 0.6767578140625 0.5289396890625
0 0.6962890640625 0.6064567125 0.6826171859375 0.6064567125 0.6748046859375 0.6110165375000001 0.6640625 0.6235560546875 0.66015625 0.6326757046875 0.6621093734375 0.650915003125 0.6806640640625 0.6702942609375 0.6865234359375 0.672574171875 0.703125 0.6714342171875 0.7109375 0.6645944781249999 0.7167968734375 0.650915003125 0.71875 0.6417953546875 0.7167968734375 0.6281158796875 0.7060546859375 0.6110165375000001 0.6962890640625 0.6064567125
0 0.7666015640625 0.5699781125000001 0.7509765640625 0.5676982015625 0.7373046859375 0.5745379374999999 0.73046875 0.5825176296875 0.7265625 0.5893573703125 0.7265625 0.6098765796875 0.7412109359375 0.6292558359375 0.7568359359375 0.636095571875 0.76171875 0.6349556187500001 0.7685546859375 0.6338156609375 0.77734375 0.6258359687499999 0.78125 0.6144364046875 0.78125 0.5939171953125 0.77734375 0.5825176296875 0.7666015640625 0.5699781125000001
0 0.07910156406249999 0.6588947 0.07128906406249999 0.6611746109375 0.0625 0.669154303125 0.0546875 0.6851136921875 0.0527343734375 0.7010730781250001 0.05859375 0.7170324671875 0.06542968593750001 0.7250121593750001 0.07519531406249999 0.7295719843749999 0.08984375 0.7284320265625001 0.09667968593750001 0.7250121593750001 0.10742187343750001 0.710192728125 0.109375 0.6896735171875 0.10058593593750001 0.6657344359375 0.09277343593750001 0.6611746109375 0.07910156406249999 0.6588947
0 0.09472656406249999 0.7523711093750001 0.08300781406249999 0.7455313703125 0.06933593593750001 0.7455313703125 0.05859375 0.7535110656249999 0.05078125 0.7740302765625 0.05078125 0.785429840625 0.0566406265625 0.799109315625 0.06347656406249999 0.8070890078125 0.07128906406249999 0.8116488328125 0.0859375 0.810508875 0.09472656406249999 0.8070890078125 0.1015625 0.799109315625 0.10742187343750001 0.7831499265625 0.10742187343750001 0.7763101906250001 0.10351562656249999 0.7649106265625 0.09472656406249999 0.7523711093750001
0 0.08496093593750001 0.8367278671875 0.06738281406249999 0.8367278671875 0.0546875 0.8492673890625 0.048828126562500004 0.8629468640625 0.05078125 0.8811861640625 0.06542968593750001 0.89828550625 0.07128906406249999 0.9005654156249999 0.0859375 0.8994254625 0.09277343593750001 0.8960055953125 0.10351562656249999 0.8811861640625 0.10546875 0.8743464234375 0.10351562656249999 0.856107125 0.09277343593750001 0.841287696875 0.08496093593750001 0.8367278671875
0 0.1298828140625 0.706772859375 0.1171875 0.7193123781249999 0.11328125 0.7284320265625001 0.11328125 0.7489512406250001 0.12402343593750001 0.7660505843750001 0.1376953140625 0.77289031875 0.1425781265625 0.771750365625 0.1494140640625 0.7706104078125 0.1621093734375 0.7603508015625 0.16796875 0.7489512406250001 0.16796875 0.7307119421875 0.1513671859375 0.7090527703125 0.1298828140625 0.706772859375
0 0.11132812656249999 0.8127887906250001 0.109375 0.819628525 0.11132812656249999 0.8401477390625001 0.12402343593750001 0.8549671671875 0.1298828140625 0.85724708125 0.1484375 0.856107125 0.1621093734375 0.8401477390625001 0.1640625 0.8173486140625 0.1582031265625 0.8036691406250001 0.1513671859375 0.795689446875 0.1259765640625 0.7934095328125 0.11132812656249999 0.8127887906250001
0 0.2158203140625 0.6748540859375 0.2080078140625 0.6702942609375 0.1943359359375 0.6702942609375 0.1826171859375 0.677134 0.17578125 0.6873936031250001 0.1738281265625 0.710192728125 0.1845703140625 0.7295719843749999 0.1943359359375 0.734131809375 0.20703125 0.7329918515625 0.2138671859375 0.7318518984375 0.2207031265625 0.7261521171875 0.2285156265625 0.7079128171875 0.2285156265625 0.696513253125 0.2246093734375 0.6851136921875 0.2158203140625 0.6748540859375
0 0.1845703140625 0.7569309343749999 0.1738281265625 0.7694704515625 0.171875 0.7968294 0.1738281265625 0.8036691406250001 0.1845703140625 0.8162086578125001 0.1884765640625 0.81848856875 0.20703125 0.8173486140625 0.2138671859375 0.813928746875 0.22265625 0.8036691406250001 0.2246093734375 0.7763101906250001 0.2138671859375 0.7592108484375 0.1923828140625 0.7523711093750001 0.1845703140625 0.7569309343749999
0 0.2041015640625 0.841287696875 0.1806640640625 0.84356760625 0.16796875 0.86066695 0.1660156265625 0.8675066890625001 0.16796875 0.8834660734374999 0.171875 0.8925857234375 0.1826171859375 0.90284533125 0.1884765640625 0.9051252453125 0.203125 0.9039852875 0.2099609359375 0.9005654156249999 0.21875 0.8903058125 0.22265625 0.8789062484375 0.22265625 0.865226775 0.21875 0.856107125 0.2041015640625 0.841287696875
0 0.2568359359375 0.6292558359375 0.2402343734375 0.6417953546875 0.234375 0.655474828125 0.234375 0.66687439375 0.2363281265625 0.6759940421875 0.2470703140625 0.6908134703125001 0.2548828140625 0.6953733 0.2636718734375 0.6942333421875 0.2744140640625 0.6908134703125001 0.28515625 0.6805538671875 0.2890625 0.6714342171875 0.2890625 0.655474828125 0.2783203140625 0.6338156609375 0.2568359359375 0.6292558359375
0 0.2373046859375 0.7250121593750001 0.2324218734375 0.7329918515625 0.2324218734375 0.7603508015625 0.2431640640625 0.7751702328125 0.2509765640625 0.7797300578125 0.2675781265625 0.7785901015625 0.2832031265625 0.7626307156250001 0.28515625 0.7375516765625 0.28125 0.7284320265625001 0.2705078140625 0.7181724203125001 0.2509765640625 0.7158925093749999 0.2373046859375 0.7250121593750001
0 0.2490234359375 0.8025291828125001 0.2324218734375 0.8173486140625 0.2285156265625 0.8310280890625 0.23046875 0.8447075640625 0.2363281265625 0.856107125 0.2490234359375 0.86636673125 0.2675781265625 0.865226775 0.2832031265625 0.846987475 0.28515625 0.8355879140625 0.2832031265625 0.8219084390625 0.2744140640625 0.80936891875 0.2646484359375 0.8025291828125001 0.2490234359375 0.8025291828125001
0 0.3115234359375 0.677134 0.3037109359375 0.6816938203125 0.2949218734375 0.696513253125 0.29296875 0.7079128171875 0.2949218734375 0.7215922921875 0.3076171859375 0.7386916343750001 0.3261718734375 0.7398315921874999 0.3349609359375 0.7364117203125 0.3457031265625 0.7238722015625 0.34765625 0.6987931671875 0.3349609359375 0.6816938203125 0.3271484359375 0.677134 0.3115234359375 0.677134
0 0.3232421859375 0.761490759375 0.3076171859375 0.76377066875 0.2998046859375 0.7683304984375 0.29296875 0.7808700156249999 0.2910156265625 0.794549490625 0.29296875 0.8082289656249999 0.3017578140625 0.8207684828125 0.3095703140625 0.8253283078125 0.328125 0.82418835 0.3349609359375 0.8207684828125 0.34375 0.8082289656249999 0.3457031265625 0.785429840625 0.3417968734375 0.7763101906250001 0.3291015640625 0.76377066875 0.3232421859375 0.761490759375
0 0.3095703140625 0.8458475171875 0.29296875 0.86066695 0.2890625 0.8743464234375 0.2910156265625 0.8880258984375 0.3056640640625 0.90740515625 0.3095703140625 0.909685065625 0.3261718734375 0.9085451125 0.3330078140625 0.9051252453125 0.3417968734375 0.8948656375 0.3457031265625 0.8857459890625 0.3457031265625 0.8675066890625001 0.3310546859375 0.84812743125 0.3095703140625 0.8458475171875
0 0.3740234359375 0.636095571875 0.3642578140625 0.6429353109375 0.3574218734375 0.65319491875 0.35546875 0.660034653125 0.3574218734375 0.6805538671875 0.359375 0.6873936031250001 0.3740234359375 0.6999331203125 0.390625 0.6987931671875 0.4013671859375 0.6930933859375 0.40625 0.6851136921875 0.41015625 0.6759940421875 0.41015625 0.65775474375 0.3974609359375 0.6383754859375 0.3740234359375 0.636095571875
0 0.3916015640625 0.7272920703125 0.3740234359375 0.7250121593750001 0.3662109359375 0.7295719843749999 0.35546875 0.7421115015625 0.3535156265625 0.7649106265625 0.3574218734375 0.7763101906250001 0.3642578140625 0.7842898828125 0.3798828140625 0.79112961875 0.38671875 0.7899896656250001 0.3955078140625 0.7865697984375 0.40234375 0.7785901015625 0.4082031265625 0.7626307156250001 0.4082031265625 0.7489512406250001 0.4042968734375 0.7398315921874999 0.3916015640625 0.7272920703125
0 0.3701171859375 0.8070890078125 0.3623046859375 0.8116488328125 0.3535156265625 0.82418835 0.3515625 0.833308 0.3535156265625 0.8492673890625 0.3574218734375 0.8583870390625 0.3701171859375 0.87092655625 0.3886718734375 0.8697866 0.40234375 0.8583870390625 0.40625 0.837867825 0.4042968734375 0.8264682640625001 0.3935546859375 0.8116488328125 0.3857421859375 0.8070890078125 0.3701171859375 0.8070890078125
0 0.4560546859375 0.6839737359375 0.4521484359375 0.6816938203125 0.4326171859375 0.6839737359375 0.4199218734375 0.696513253125 0.4160156265625 0.7056329031249999 0.41796875 0.7307119421875 0.4326171859375 0.7455313703125 0.4384765640625 0.747811284375 0.453125 0.7466713265625 0.4599609359375 0.7432514593749999 0.4667968734375 0.7329918515625 0.4707031265625 0.7215922921875 0.4707031265625 0.7079128171875 0.46484375 0.6942333421875 0.4560546859375 0.6839737359375
0 0.4228515640625 0.7751702328125 0.41796875 0.7808700156249999 0.4121093734375 0.799109315625 0.4140625 0.8127887906250001 0.4267578140625 0.8298881328125001 0.4326171859375 0.8321680468749999 0.4511718734375 0.8310280890625 0.4628906265625 0.819628525 0.4667968734375 0.810508875 0.4667968734375 0.7899896656250001 0.4521484359375 0.7706104078125 0.4365234359375 0.7683304984375 0.4228515640625 0.7751702328125
0 0.4443359359375 0.8504073468750001 0.4248046859375 0.85268725625 0.4121093734375 0.8697866 0.41015625 0.8903058125 0.4228515640625 0.909685065625 0.4306640640625 0.9142448953125 0.44921875 0.9131049375 0.46484375 0.8948656375 0.4667968734375 0.8857459890625 0.46484375 0.8720665140625 0.4609375 0.8629468640625 0.4501953140625 0.85268725625 0.4443359359375 0.8504073468750001
0 0.5029296859375 0.6429353109375 0.4892578140625 0.64977505 0.4824218734375 0.65775474375 0.4785156265625 0.66687439375 0.4785156265625 0.682833778125 0.4824218734375 0.6919534281249999 0.4931640640625 0.70449295 0.5068359359375 0.7090527703125 0.51171875 0.7079128171875 0.5185546859375 0.706772859375 0.52734375 0.6987931671875 0.5332031265625 0.682833778125 0.5332031265625 0.66687439375 0.5205078140625 0.6474951359375 0.5029296859375 0.6429353109375
0 0.5126953140625 0.7272920703125 0.4931640640625 0.7272920703125 0.4785156265625 0.7421115015625 0.4765625 0.7671905406249999 0.48046875 0.7785901015625 0.4892578140625 0.7865697984375 0.5009765640625 0.79112961875 0.5097656265625 0.7899896656250001 0.5166015640625 0.7888497078125 0.5234375 0.7831499265625 0.53125 0.758070890625 0.5292968734375 0.7466713265625 0.5234375 0.7352717671875 0.5126953140625 0.7272920703125
0 0.5126953140625 0.8162086578125001 0.4931640640625 0.813928746875 0.4814453140625 0.8207684828125 0.4746093734375 0.833308 0.4746093734375 0.8583870390625 0.4892578140625 0.87548638125 0.5078125 0.8766263390625 0.5166015640625 0.8732064671875 0.5234375 0.865226775 0.52734375 0.856107125 0.52734375 0.8355879140625 0.5234375 0.8264682640625001 0.5126953140625 0.8162086578125001
0 0.5576171859375 0.6885335609375 0.54296875 0.7010730781250001 0.5390625 0.710192728125 0.5390625 0.7307119421875 0.5556640640625 0.7500911984374999 0.5615234359375 0.7523711093750001 0.5761718734375 0.7512311515625 0.5810546859375 0.7500911984374999 0.58984375 0.7375516765625 0.5917968734375 0.710192728125 0.5810546859375 0.6930933859375 0.5732421859375 0.6885335609375 0.5576171859375 0.6885335609375
0 0.5634765640625 0.77289031875 0.5517578140625 0.7751702328125 0.5390625 0.7899896656250001 0.53515625 0.799109315625 0.5371093734375 0.8173486140625 0.5478515640625 0.8321680468749999 0.5556640640625 0.8367278671875 0.5761718734375 0.8355879140625 0.58984375 0.819628525 0.5917968734375 0.810508875 0.58984375 0.794549490625 0.5859375 0.785429840625 0.5732421859375 0.7751702328125 0.5634765640625 0.77289031875
0 0.5712890640625 0.85724708125 0.5576171859375 0.8549671671875 0.5390625 0.8675066890625001 0.5332031265625 0.8789062484375 0.5332031265625 0.8971455484374999 0.5517578140625 0.9188047156250001 0.5644531265625 0.9199446734375 0.5712890640625 0.9188047156250001 0.58203125 0.9108250234374999 0.5878906265625 0.9017053734375 0.58984375 0.8834660734374999 0.5810546859375 0.8640868171875 0.5712890640625 0.85724708125
0 0.6240234359375 0.6474951359375 0.60546875 0.660034653125 0.5996093734375 0.6759940421875 0.5996093734375 0.6851136921875 0.6035156265625 0.696513253125 0.6123046859375 0.706772859375 0.6298828140625 0.7136126 0.63671875 0.7124726421875 0.6503906265625 0.6987931671875 0.6542968734375 0.6896735171875 0.6542968734375 0.6714342171875 0.6416015640625 0.6520549609375 0.6337890640625 0.6474951359375 0.6240234359375 0.6474951359375
0 0.6357421859375 0.734131809375 0.6162109359375 0.734131809375 0.6035156265625 0.7466713265625 0.5996093734375 0.7557909765625 0.5996093734375 0.7785901015625 0.6064453140625 0.7888497078125 0.6162109359375 0.795689446875 0.6347656265625 0.7968294 0.6416015640625 0.7934095328125 0.65234375 0.7763101906250001 0.6542968734375 0.7671905406249999 0.65234375 0.7535110656249999 0.6464843734375 0.7421115015625 0.6357421859375 0.734131809375
0 0.6142578140625 0.8162086578125001 0.5996093734375 0.8310280890625 0.5957031265625 0.8401477390625001 0.5957031265625 0.8583870390625 0.6103515640625 0.8777662953125001 0.6162109359375 0.88004620625 0.6328125 0.8789062484375 0.6396484359375 0.87548638125 0.6503906265625 0.8583870390625 0.6503906265625 0.8355879140625 0.6396484359375 0.8207684828125 0.6318359359375 0.8162086578125001 0.6142578140625 0.8162086578125001
0 0.6962890640625 0.6930933859375 0.6826171859375 0.6930933859375 0.6767578140625 0.6953733 0.6640625 0.710192728125 0.66015625 0.7284320265625001 0.6708984359375 0.7500911984374999 0.6865234359375 0.7592108484375 0.6972656265625 0.758070890625 0.7021484359375 0.7569309343749999 0.71484375 0.7398315921874999 0.7167968734375 0.7284320265625001 0.71484375 0.7124726421875 0.7041015640625 0.6976532093750001 0.6962890640625 0.6930933859375
0 0.6787109359375 0.7774501484375 0.6689453140625 0.7842898828125 0.6582031265625 0.801389225 0.66015625 0.8219084390625 0.6728515640625 0.8390077828125 0.6787109359375 0.841287696875 0.6972656265625 0.8401477390625001 0.7128906265625 0.8219084390625 0.71484375 0.8127887906250001 0.7128906265625 0.7968294 0.7021484359375 0.78200996875 0.6943359359375 0.7774501484375 0.6787109359375 0.7774501484375
0 0.6748046859375 0.8595269968749999 0.6669921859375 0.8640868171875 0.6582031265625 0.8766263390625 0.6542968734375 0.8857459890625 0.6542968734375 0.8994254625 0.65625 0.9062651984375 0.6650390640625 0.9165248046875 0.6748046859375 0.9233645453125 0.6894531265625 0.9245044984374999 0.6982421859375 0.9210846296874999 0.7089843734375 0.9085451125 0.7109375 0.8834660734374999 0.70703125 0.8743464234375 0.6943359359375 0.86180690625 0.6748046859375 0.8595269968749999
0 0.7568359359375 0.7364117203125 0.7431640640625 0.7364117203125 0.7246093734375 0.7489512406250001 0.71875 0.7603508015625 0.71875 0.771750365625 0.7333984359375 0.795689446875 0.7412109359375 0.80024926875 0.7519531265625 0.801389225 0.7587890640625 0.80024926875 0.7714843734375 0.7899896656250001 0.7753906265625 0.7671905406249999 0.7734375 0.7535110656249999 0.7646484359375 0.7409715484375 0.7568359359375 0.7364117203125
0 0.7412109359375 0.6520549609375 0.72265625 0.673714128125 0.72265625 0.6896735171875 0.7373046859375 0.7113326843750001 0.7451171859375 0.7158925093749999 0.765625 0.7147525531250001 0.77734375 0.7010730781250001 0.77734375 0.669154303125 0.7734375 0.660034653125 0.7646484359375 0.6520549609375 0.7568359359375 0.64977505 0.7412109359375 0.6520549609375
0 0.7373046859375 0.8230483968750001 0.7275390640625 0.8298881328125001 0.71875 0.8447075640625 0.7207031265625 0.8675066890625001 0.7275390640625 0.8777662953125001 0.7412109359375 0.8868859453125 0.7558593734375 0.8857459890625 0.7626953140625 0.8823261171875 0.7714843734375 0.8720665140625 0.7734375 0.865226775 0.7714843734375 0.837867825 0.7568359359375 0.8230483968750001 0.7373046859375 0.8230483968750001
0 0.1699218734375 0.427483584375 0.1738281265625 0.400124634375 0.1416015640625 0.37618555625 0.11914062656249999 0.413804109375 0.1484375 0.4411630578125 0.1699218734375 0.427483584375