0 0.13844624218749998 0.748046875 0.12448527812500002 0.748046875 0.1105243109375 0.7539062484375 0.102380415625 0.7607421875 0.10005358906249999 0.7841796875 0.1151779671875 0.798828125 0.1221584515625 0.8007812484375 0.1326291734375 0.7998046875 0.145426725 0.796875 0.15589745156249998 0.7880859359375 0.1605511046875 0.7802734359375 0.1605511046875 0.7666015640625 0.147753553125 0.751953125 0.13844624218749998 0.748046875
0 0.2059242453125 0.666015625 0.1826559671875 0.6640625 0.1733486578125 0.6679687515625 0.162877934375 0.6767578125 0.158224278125 0.6845703125 0.158224278125 0.6962890640625 0.16869500312500002 0.708984375 0.1826559671875 0.7148437515625 0.19778034687499998 0.7138671875 0.208251071875 0.7109375 0.2163949671875 0.7041015640625 0.22104862500000003 0.6943359359375 0.22104862500000003 0.6826171875 0.2187217984375 0.6767578125 0.2059242453125 0.666015625
0 0.30830466093750003 0.662109375 0.2966705203125 0.666015625 0.2861997984375 0.6748046875 0.2838729671875 0.6787109359375 0.2838729671875 0.6962890640625 0.29434369375 0.708984375 0.30365100312500004 0.712890625 0.321102209375 0.7119140640625 0.32691928125 0.7109375 0.3397168296875 0.7001953125 0.3420436609375 0.6787109359375 0.337390003125 0.6708984359375 0.32691928125 0.6640625 0.30830466093750003 0.662109375
0 0.43162652343749996 0.6679687515625 0.41301190312499997 0.673828125 0.407194834375 0.6787109359375 0.4048680078125 0.6826171875 0.4048680078125 0.7041015640625 0.4199923859375 0.716796875 0.4269728671875 0.71875 0.43977041874999995 0.7177734359375 0.45024114375 0.7148437515625 0.4607118703125 0.7060546875 0.463038696875 0.6865234359375 0.4607118703125 0.6806640640625 0.45024114375 0.671875 0.43162652343749996 0.6679687515625
0 0.38974362500000004 0.755859375 0.3688021765625 0.7539062484375 0.3571680390625 0.7578125 0.34902414375 0.7646484359375 0.3443704875 0.7744140640625 0.3443704875 0.7841796875 0.3466973140625 0.7900390640625 0.3571680390625 0.8007812484375 0.37112900312499997 0.8046875 0.379272903125 0.8037109359375 0.3874167984375 0.802734375 0.40021435 0.7939453125 0.4048680078125 0.7861328125 0.4048680078125 0.7705078125 0.40021435 0.7626953125 0.38974362500000004 0.755859375
0 0.2454803140625 0.75 0.2338461765625 0.7539062484375 0.2233754515625 0.7626953125 0.2187217984375 0.7705078125 0.2187217984375 0.7802734359375 0.2233754515625 0.7900390640625 0.2338461765625 0.798828125 0.2384998296875 0.8007812484375 0.26060469375 0.7998046875 0.2687485890625 0.796875 0.2792193140625 0.7861328125 0.281546140625 0.7705078125 0.27107541875 0.755859375 0.264094934375 0.751953125 0.2454803140625 0.75
0 0.5782166640625 0.662109375 0.5572752125 0.6601562484375 0.5398240078125001 0.6708984359375 0.535170353125 0.6787109359375 0.535170353125 0.6923828125 0.53749718125 0.6982421875 0.5502947328125 0.708984375 0.5654191125 0.7119140640625 0.5735630078125 0.7109375 0.5886873859375 0.7021484359375 0.59334104375 0.6962890640625 0.5956678703125 0.6826171875 0.59334104375 0.6748046875 0.5782166640625 0.662109375
0 0.880704253125 0.861328125 0.8713969421875 0.859375 0.8527823218749999 0.861328125 0.8399847687499999 0.8720703125 0.835331115625 0.8798828125 0.835331115625 0.8876953125 0.8446384265625 0.9052734359375 0.8527823218749999 0.9101562484375 0.8655798734375001 0.9111328125 0.8830310796875 0.908203125 0.8935018046875 0.9013671875 0.8981554578125 0.8935546875 0.8981554578125 0.8798828125 0.8935018046875 0.8720703125 0.880704253125 0.861328125
0 0.8760505999999999 0.578125 0.8597628046875 0.578125 0.8423115953125 0.5888671875 0.8376579421875 0.5966796875 0.8376579421875 0.6103515640625 0.8446384265625 0.6201171875 0.8551091484375 0.626953125 0.8725603578125 0.6279296875 0.8853579093749999 0.625 0.89582863125 0.6162109359375 0.8981554578125 0.6123046875 0.8981554578125 0.5966796875 0.8853579093749999 0.5820312484375 0.8760505999999999 0.578125
0 0.7666896999999999 0.578125 0.75040190625 0.5742187515625 0.7364409421875 0.578125 0.7259702171875 0.5869140640625 0.7213165625 0.5966796875 0.7213165625 0.6064453125 0.7259702171875 0.6162109359375 0.73876776875 0.625 0.743421421875 0.626953125 0.7585458046875 0.6259765640625 0.7643628734375 0.625 0.7771604265625001 0.6162109359375 0.7818140796875 0.6083984359375 0.7818140796875 0.5947265640625 0.779487253125 0.5888671875 0.7666896999999999 0.578125
0 0.620099559375 0.576171875 0.602648353125 0.5908203125 0.6003215234375 0.5986328125 0.602648353125 0.6103515640625 0.61544590625 0.623046875 0.6224263859375 0.625 0.642204421875 0.6240234359375 0.6584922171875001 0.6123046875 0.66081904375 0.6083984359375 0.66081904375 0.5927734359375 0.653838559375 0.5830078125 0.6410410078125001 0.576171875 0.620099559375 0.576171875
0 0.4991045234375 0.5820312484375 0.48979721249999997 0.5820312484375 0.47816307656249996 0.5859375 0.46769235 0.5947265640625 0.4653655234375 0.6142578125 0.46769235 0.6201171875 0.48048990312499995 0.630859375 0.4874703859375 0.6328125 0.5025947656249999 0.6318359359375 0.5107386609375 0.6289062484375 0.5212093859375 0.6201171875 0.5235362125 0.6162109359375 0.5235362125 0.5966796875 0.5153923171875 0.587890625 0.4991045234375 0.5820312484375
0 0.36647535000000003 0.576171875 0.3571680390625 0.580078125 0.3466973140625 0.5888671875 0.3420436609375 0.5986328125 0.3420436609375 0.6064453125 0.3548412125 0.623046875 0.36414852343750004 0.626953125 0.38392655625 0.6259765640625 0.40021435 0.6142578125 0.4048680078125 0.5986328125 0.40021435 0.5888671875 0.38974362500000004 0.580078125 0.3804363140625 0.576171875 0.36647535000000003 0.576171875
0 0.27107541875 0.5820312484375 0.2617681078125 0.578125 0.2454803140625 0.578125 0.236173003125 0.5820312484375 0.225702278125 0.5908203125 0.2233754515625 0.5947265640625 0.2233754515625 0.6123046875 0.236173003125 0.625 0.24780714062500003 0.6289062484375 0.2582778671875 0.6279296875 0.2687485890625 0.625 0.2792193140625 0.6162109359375 0.2838729671875 0.6083984359375 0.2838729671875 0.5986328125 0.281546140625 0.5908203125 0.27107541875 0.5820312484375
0 0.13611941562500002 0.578125 0.1221584515625 0.580078125 0.1058706578125 0.587890625 0.10005358906249999 0.5986328125 0.102380415625 0.6162109359375 0.1151779671875 0.626953125 0.1326291734375 0.6298828125 0.147753553125 0.626953125 0.158224278125 0.6181640640625 0.162877934375 0.6103515640625 0.162877934375 0.5966796875 0.15589745156249998 0.5869140640625 0.13611941562500002 0.578125
0 0.208251071875 0.498046875 0.1989437625 0.494140625 0.18498279374999999 0.494140625 0.1652047625 0.5029296875 0.162877934375 0.5068359359375 0.162877934375 0.5302734359375 0.1780023140625 0.5429687515625 0.18498279374999999 0.544921875 0.19778034687499998 0.5439453125 0.208251071875 0.541015625 0.2163949671875 0.5341796875 0.22104862500000003 0.5244140640625 0.22104862500000003 0.5126953125 0.2187217984375 0.5068359359375 0.208251071875 0.498046875
0 0.30830466093750003 0.490234375 0.2920168671875 0.4960937515625 0.2838729671875 0.5029296875 0.2792193140625 0.5107421875 0.2792193140625 0.5244140640625 0.2920168671875 0.537109375 0.3013241765625 0.541015625 0.321102209375 0.5400390640625 0.331572934375 0.5351562484375 0.3397168296875 0.5244140640625 0.3397168296875 0.5068359359375 0.32691928125 0.494140625 0.317611971875 0.490234375 0.30830466093750003 0.490234375
0 0.4362801765625 0.494140625 0.4211557984375 0.5029296875 0.41650214375 0.5107421875 0.41650214375 0.5263671875 0.418828971875 0.5322265640625 0.42929969687499997 0.541015625 0.446750903125 0.5439453125 0.46187528125000005 0.541015625 0.4723460078125 0.5322265640625 0.474672834375 0.5107421875 0.46420210781250004 0.498046875 0.4548947984375 0.494140625 0.4362801765625 0.494140625
0 0.5828703171875 0.498046875 0.57123618125 0.494140625 0.55960204375 0.494140625 0.5502947328125 0.498046875 0.53749718125 0.5087890640625 0.53749718125 0.5283203125 0.5444776609375 0.5380859359375 0.552621559375 0.5429687515625 0.5572752125 0.544921875 0.5723995953125 0.5439453125 0.5828703171875 0.541015625 0.5910142171875 0.5341796875 0.5956678703125 0.5244140640625 0.5956678703125 0.5146484359375 0.59334104375 0.5068359359375 0.5828703171875 0.498046875
0 0.6945580437500001 0.4921875 0.68292390625 0.4921875 0.675943421875 0.494140625 0.6631458703125 0.5029296875 0.6584922171875001 0.5205078125 0.66081904375 0.5283203125 0.6689629390625 0.537109375 0.68292390625 0.5429687515625 0.6957214578124999 0.5419921875 0.7061921812499999 0.5390625 0.7120092484375 0.5341796875 0.7189897328125 0.5224609359375 0.7189897328125 0.5107421875 0.7061921812499999 0.4960937515625 0.6945580437500001 0.4921875
0 0.8039189421874999 0.4921875 0.789957975 0.498046875 0.7818140796875 0.5068359359375 0.779487253125 0.5244140640625 0.7922848046875 0.5390625 0.801592115625 0.5429687515625 0.819043321875 0.5419921875 0.8271872171875 0.5390625 0.8376579421875 0.5283203125 0.8399847687499999 0.5205078125 0.8376579421875 0.5068359359375 0.8225335625 0.494140625 0.8039189421874999 0.4921875
0 0.8830310796875 0.40625 0.8574359781249999 0.40625 0.8458018375 0.412109375 0.8376579421875 0.4228515640625 0.8376579421875 0.4404296875 0.8504554953125 0.453125 0.8620896312499999 0.4570312484375 0.8725603578125 0.4560546875 0.8853579093749999 0.451171875 0.8935018046875 0.4423828125 0.8981554578125 0.4326171875 0.89582863125 0.4189453125 0.8888481515625 0.4091796875 0.8830310796875 0.40625
0 0.73876776875 0.408203125 0.7213165625 0.4228515640625 0.7189897328125 0.4287109359375 0.7213165625 0.4404296875 0.7317872859375 0.453125 0.7410945953125 0.4570312484375 0.7585458046875 0.4560546875 0.7643628734375 0.455078125 0.7748335953125001 0.4462890640625 0.779487253125 0.4384765640625 0.779487253125 0.4248046875 0.7597092171875001 0.408203125 0.73876776875 0.408203125
0 0.6410410078125001 0.40625 0.620099559375 0.40625 0.60497518125 0.4150390640625 0.6003215234375 0.4228515640625 0.6003215234375 0.4384765640625 0.6131190765625 0.453125 0.6247532171875 0.4570312484375 0.637550765625 0.4560546875 0.6456946640625 0.453125 0.6561653859375001 0.4443359359375 0.66081904375 0.4365234359375 0.66081904375 0.4248046875 0.6584922171875001 0.4189453125 0.6410410078125001 0.40625
0 0.520045971875 0.4140625 0.5153923171875 0.412109375 0.4944508703125 0.412109375 0.479326490625 0.4228515640625 0.474672834375 0.4306640640625 0.4769996609375 0.4482421875 0.4874703859375 0.4570312484375 0.496777696875 0.4609375 0.514228903125 0.4599609359375 0.5223728015625 0.4570312484375 0.530516696875 0.4501953125 0.535170353125 0.4423828125 0.535170353125 0.4306640640625 0.530516696875 0.4228515640625 0.520045971875 0.4140625
0 0.36182169375 0.4140625 0.351350971875 0.4248046875 0.34902414375 0.4306640640625 0.351350971875 0.4462890640625 0.3688021765625 0.458984375 0.3909070390625 0.4580078125 0.407194834375 0.4443359359375 0.4095216609375 0.4365234359375 0.407194834375 0.4228515640625 0.39439728125 0.412109375 0.37112900312499997 0.4101562484375 0.36182169375 0.4140625
0 0.264094934375 0.40625 0.2384998296875 0.40625 0.22104862500000003 0.4189453125 0.2187217984375 0.4345703125 0.2233754515625 0.4443359359375 0.231519346875 0.451171875 0.24780714062500003 0.4570312484375 0.2559510390625 0.4560546875 0.264094934375 0.455078125 0.2792193140625 0.4423828125 0.281546140625 0.4384765640625 0.281546140625 0.4228515640625 0.2768924875 0.4150390640625 0.264094934375 0.40625
0 0.14077307187500002 0.408203125 0.12448527812500002 0.4101562484375 0.107034071875 0.4228515640625 0.10470724218750001 0.4404296875 0.11750479375 0.455078125 0.12913893125 0.458984375 0.14426331406249998 0.4580078125 0.15240720937500002 0.455078125 0.162877934375 0.4462890640625 0.1652047625 0.4423828125 0.1652047625 0.4248046875 0.147753553125 0.4101562484375 0.14077307187500002 0.408203125
0 0.2059242453125 0.3242187515625 0.18730962499999998 0.3203125 0.1710218296875 0.326171875 0.1652047625 0.3310546875 0.158224278125 0.3486328125 0.1605511046875 0.3505859359375 0.1605511046875 0.3583984359375 0.1733486578125 0.369140625 0.19312669375 0.3720703125 0.2012705890625 0.3710937515625 0.21406814062500001 0.3642578125 0.22104862500000003 0.3525390640625 0.22104862500000003 0.3408203125 0.2187217984375 0.3349609359375 0.2059242453125 0.3242187515625
0 0.31063148749999997 0.3242187515625 0.3013241765625 0.328125 0.2908534515625 0.3369140640625 0.288526625 0.3408203125 0.288526625 0.3564453125 0.29318028125 0.3642578125 0.30830466093750003 0.373046875 0.3304095234375 0.3720703125 0.3443704875 0.3623046875 0.34902414375 0.3544921875 0.34902414375 0.3427734359375 0.3443704875 0.3349609359375 0.3292461078125 0.3242187515625 0.31063148749999997 0.3242187515625
0 0.45256797187500003 0.328125 0.42929969687499997 0.328125 0.4118484875 0.3427734359375 0.4095216609375 0.3505859359375 0.4118484875 0.3623046875 0.4269728671875 0.375 0.43395335 0.376953125 0.4490777296875 0.3759765640625 0.457221628125 0.373046875 0.4653655234375 0.3662109359375 0.47001917656250003 0.3583984359375 0.47001917656250003 0.3447265640625 0.4653655234375 0.3369140640625 0.45256797187500003 0.328125
0 0.5444776609375 0.3310546875 0.53749718125 0.3408203125 0.53749718125 0.3564453125 0.542150834375 0.3642578125 0.5572752125 0.373046875 0.5793800765625 0.3720703125 0.59334104375 0.3623046875 0.5956678703125 0.3408203125 0.5910142171875 0.3330078125 0.5758898343750001 0.3242187515625 0.5549483859375 0.3242187515625 0.5444776609375 0.3310546875
0 0.6968848703125 0.322265625 0.68292390625 0.322265625 0.67128976875 0.326171875 0.6631458703125 0.3330078125 0.6584922171875001 0.3427734359375 0.6584922171875001 0.3525390640625 0.6631458703125 0.3623046875 0.67128976875 0.369140625 0.68292390625 0.373046875 0.6980482859375 0.3720703125 0.7061921812499999 0.369140625 0.7143360796875 0.3623046875 0.7189897328125 0.3544921875 0.7189897328125 0.3408203125 0.7061921812499999 0.326171875 0.6968848703125 0.322265625
0 0.7922848046875 0.3242187515625 0.7771604265625001 0.3369140640625 0.7748335953125001 0.3427734359375 0.7771604265625001 0.3583984359375 0.7876311484375 0.369140625 0.7969384578125001 0.373046875 0.8167164953125001 0.3720703125 0.8306774578124999 0.3642578125 0.835331115625 0.3564453125 0.835331115625 0.3408203125 0.8306774578124999 0.3330078125 0.81787990625 0.3242187515625 0.7922848046875 0.3242187515625
0 0.8713969421875 0.2382812484375 0.8504554953125 0.240234375 0.835331115625 0.2529296875 0.8330042890625 0.2587890640625 0.835331115625 0.2763671875 0.8527823218749999 0.2890625 0.8748871843750001 0.2880859359375 0.891174978125 0.2763671875 0.89582863125 0.2685546875 0.89582863125 0.2587890640625 0.891174978125 0.2509765640625 0.880704253125 0.2421875 0.8713969421875 0.2382812484375
0 0.7364409421875 0.2382812484375 0.7166629062500001 0.2548828125 0.7166629062500001 0.2705078125 0.723643390625 0.2802734359375 0.7364409421875 0.287109375 0.7585458046875 0.2861328125 0.77250676875 0.2763671875 0.7771604265625001 0.2685546875 0.7748335953125001 0.2509765640625 0.7643628734375 0.2421875 0.7550555625 0.2382812484375 0.7364409421875 0.2382812484375
0 0.6107922484375 0.2421875 0.5979946968750001 0.2529296875 0.5956678703125 0.2568359359375 0.5956678703125 0.2724609359375 0.6003215234375 0.2802734359375 0.6131190765625 0.2890625 0.637550765625 0.2880859359375 0.653838559375 0.2744140640625 0.653838559375 0.2548828125 0.6410410078125001 0.2421875 0.631733696875 0.2382812484375 0.6224263859375 0.2382812484375 0.6107922484375 0.2421875
0 0.496777696875 0.240234375 0.485143559375 0.244140625 0.474672834375 0.2529296875 0.4723460078125 0.2568359359375 0.4723460078125 0.2763671875 0.4828167296875 0.287109375 0.4921240390625 0.291015625 0.5095752484375 0.2900390640625 0.51771914375 0.287109375 0.5258630390625 0.2802734359375 0.530516696875 0.2626953125 0.520045971875 0.2460937515625 0.50375818125 0.240234375 0.496777696875 0.240234375
0 0.385089971875 0.2382812484375 0.3688021765625 0.240234375 0.351350971875 0.2548828125 0.351350971875 0.2724609359375 0.356004625 0.2802734359375 0.37112900312499997 0.2890625 0.3909070390625 0.2880859359375 0.399050934375 0.2851562484375 0.407194834375 0.2783203125 0.4095216609375 0.2568359359375 0.4048680078125 0.2490234359375 0.39439728125 0.240234375 0.385089971875 0.2382812484375
0 0.27107541875 0.240234375 0.25246079843749997 0.240234375 0.24315348750000002 0.244140625 0.2326827625 0.2548828125 0.230355934375 0.2607421875 0.2326827625 0.2744140640625 0.2501339671875 0.2890625 0.2722388296875 0.2880859359375 0.28270955625 0.283203125 0.288526625 0.2763671875 0.2908534515625 0.2724609359375 0.2908534515625 0.2568359359375 0.2803827296875 0.244140625 0.27107541875 0.240234375
0 0.147753553125 0.2382812484375 0.1314657625 0.236328125 0.11983162031250001 0.240234375 0.107034071875 0.2509765640625 0.10470724218750001 0.2548828125 0.10470724218750001 0.2705078125 0.1105243109375 0.283203125 0.1221584515625 0.287109375 0.1372828296875 0.2880859359375 0.147753553125 0.287109375 0.1605511046875 0.2783203125 0.1652047625 0.2705078125 0.1652047625 0.2548828125 0.1605511046875 0.2470703125 0.147753553125 0.2382812484375
0 0.19429010468750002 0.15625 0.1768388984375 0.1689453125 0.1721852421875 0.1767578125 0.1721852421875 0.1904296875 0.191963278125 0.205078125 0.2163949671875 0.2041015640625 0.230355934375 0.1943359359375 0.2350095890625 0.1865234359375 0.2350095890625 0.1748046875 0.2222120359375 0.158203125 0.208251071875 0.154296875 0.19429010468750002 0.15625
0 0.33855341875 0.1601562484375 0.33389976250000003 0.158203125 0.31295831406249996 0.158203125 0.29318028125 0.1748046875 0.29318028125 0.1923828125 0.31063148749999997 0.2070312484375 0.317611971875 0.208984375 0.32808269375 0.2080078125 0.33855341875 0.205078125 0.34902414375 0.1962890640625 0.3536777984375 0.1884765640625 0.3536777984375 0.1767578125 0.34902414375 0.1689453125 0.33855341875 0.1601562484375
0 0.114014553125 0.0810546875 0.1093608984375 0.0888671875 0.1093608984375 0.1064453125 0.12913893125 0.12109375156249999 0.1535706203125 0.1201171875 0.16985841562499998 0.1064453125 0.16985841562499998 0.08691406406249999 0.1547340359375 0.072265625 0.1500803828125 0.0703125 0.1314657625 0.0703125 0.114014553125 0.0810546875
0 0.287363209375 0.078125 0.27107541875 0.07421875156249999 0.25246079843749997 0.076171875 0.2396632453125 0.08496093593750001 0.2350095890625 0.09277343593750001 0.23733641875 0.1123046875 0.24780714062500003 0.12109375156249999 0.2571144515625 0.125 0.2768924875 0.12402343593750001 0.2908534515625 0.1142578125 0.2955071078125 0.1064453125 0.2955071078125 0.09277343593750001 0.2908534515625 0.08691406406249999 0.2908534515625 0.0810546875 0.287363209375 0.078125
0 0.3920704546875 0.076171875 0.37345583437499996 0.076171875 0.36414852343750004 0.080078125 0.3536777984375 0.0908203125 0.351350971875 0.0986328125 0.3536777984375 0.11035156406249999 0.3688021765625 0.125 0.3757826609375 0.126953125 0.3909070390625 0.1259765640625 0.399050934375 0.123046875 0.407194834375 0.11621093593750001 0.4118484875 0.10839843593750001 0.4118484875 0.09472656406249999 0.407194834375 0.08691406406249999 0.3920704546875 0.076171875
0 0.4269728671875 0.1601562484375 0.41650214375 0.1689453125 0.4118484875 0.1767578125 0.4118484875 0.1865234359375 0.41650214375 0.1962890640625 0.4269728671875 0.205078125 0.4386070078125 0.208984375 0.4490777296875 0.2080078125 0.46769235 0.1982421875 0.4723460078125 0.1904296875 0.4723460078125 0.1748046875 0.4548947984375 0.158203125 0.440933834375 0.15625 0.4269728671875 0.1601562484375
0 0.5572752125 0.158203125 0.5456410765624999 0.162109375 0.535170353125 0.1708984359375 0.530516696875 0.1806640640625 0.530516696875 0.1884765640625 0.53749718125 0.2001953125 0.547967903125 0.2070312484375 0.552621559375 0.208984375 0.5723995953125 0.2080078125 0.5886873859375 0.1962890640625 0.5910142171875 0.1923828125 0.5910142171875 0.1767578125 0.580543490625 0.1640625 0.564255696875 0.158203125 0.5572752125 0.158203125
0 0.51771914375 0.078125 0.5130654906250001 0.076171875 0.4944508703125 0.076171875 0.485143559375 0.080078125 0.474672834375 0.0888671875 0.4723460078125 0.0966796875 0.474672834375 0.11035156406249999 0.4874703859375 0.123046875 0.4991045234375 0.126953125 0.5119020765625 0.1259765640625 0.520045971875 0.123046875 0.5281898703125 0.11621093593750001 0.5328435234375 0.10839843593750001 0.5328435234375 0.09472656406249999 0.5258630390625 0.0830078125 0.51771914375 0.078125
0 0.5956678703125 0.0830078125 0.5910142171875 0.0908203125 0.5910142171875 0.1123046875 0.6014849390625 0.123046875 0.6107922484375 0.126953125 0.6305702859375 0.1259765640625 0.6445312484375 0.11816406406249999 0.6515117328125 0.10253906406249999 0.6515117328125 0.0908203125 0.631733696875 0.076171875 0.608465421875 0.07421875156249999 0.5956678703125 0.0830078125
0 0.6584922171875001 0.1630859359375 0.653838559375 0.1728515640625 0.653838559375 0.1884765640625 0.6666361125 0.203125 0.6805970796875 0.2070312484375 0.688740975 0.2060546875 0.7073555953125 0.1982421875 0.7120092484375 0.1904296875 0.7120092484375 0.1689453125 0.6968848703125 0.15625 0.675943421875 0.154296875 0.6584922171875001 0.1630859359375
0 0.79461163125 0.154296875 0.785304321875 0.158203125 0.7748335953125001 0.1708984359375 0.7748335953125001 0.1884765640625 0.7771604265625001 0.1943359359375 0.79461163125 0.205078125 0.8143896671874999 0.2041015640625 0.8202067359375 0.203125 0.8306774578124999 0.1943359359375 0.8330042890625 0.1708984359375 0.8202067359375 0.158203125 0.8108994265625 0.154296875 0.79461163125 0.154296875
0 0.75040190625 0.07421875156249999 0.7294604578125 0.076171875 0.7213165625 0.0810546875 0.7143360796875 0.0908203125 0.7143360796875 0.10839843593750001 0.7294604578125 0.123046875 0.7341141125 0.125 0.751565321875 0.12402343593750001 0.76203604375 0.12109375156249999 0.7701799421875 0.1123046875 0.77250676875 0.10839843593750001 0.77250676875 0.0908203125 0.757382390625 0.076171875 0.75040190625 0.07421875156249999
0 0.8783774265625001 0.076171875 0.8667432890625 0.072265625 0.8574359781249999 0.072265625 0.8434750109375001 0.078125 0.8376579421875 0.08496093593750001 0.8330042890625 0.09472656406249999 0.8330042890625 0.1044921875 0.8376579421875 0.1142578125 0.8504554953125 0.123046875 0.8574359781249999 0.125 0.87023353125 0.12402343593750001 0.8760505999999999 0.123046875 0.8888481515625 0.1123046875 0.8935018046875 0.10253906406249999 0.8935018046875 0.09472656406249999 0.8888481515625 0.08496093593750001 0.8783774265625001 0.076171875