0 0.0447008546875 0.25358516249999996 0.0491994765625 0.242144353125 0.048321425 0.23499319531250001 0.04193841875 0.22307373125000002 0.0337451265625 0.2204502609375 0.028057709375 0.23022229843750003 0.0302528375 0.2481001875 0.038135384375 0.2562060453125 0.0447008546875 0.25358516249999996
0 0.07900783125000001 0.18041259999999998 0.06724814999999999 0.17278279531250001 0.0615607328125 0.182554834375 0.06375586250000001 0.20043272499999998 0.0696998421875 0.20877660625 0.078203878125 0.2059177 0.0812029609375 0.19829049062499998 0.07900783125000001 0.18041259999999998
0 0.12180449687499999 0.2404885453125 0.12436455312500001 0.2292857546875 0.120669884375 0.215221465625 0.11710349375 0.2102151390625 0.1074106609375 0.2114052703125 0.103661809375 0.22093928125 0.10541791250000002 0.235241596875 0.11136189375000001 0.24358547343749998 0.12180449687499999 0.2404885453125
0 0.1518694140625 0.196872709375 0.1568070640625 0.1890074734375 0.154611934375 0.171129584375 0.15104554375 0.16612325156250002 0.13941414375 0.1675514078125 0.136104315625 0.1806610015625 0.1393599609375 0.191149709375 0.14292635 0.1961560359375 0.1518694140625 0.196872709375
0 0.22739941406250003 0.1549334375 0.2238330265625 0.14992710781250002 0.21414019374999999 0.15111723906250002 0.21126939218750002 0.167802403125 0.22002999218750002 0.18305941718750002 0.224656896875 0.1806765625 0.22959454375 0.1728113265625 0.22739941406250003 0.1549334375
0 0.194335415625 0.2061764765625 0.1864528703125 0.198070625 0.18107619531250002 0.2023602796875 0.1788268828125 0.208080684375 0.18339960625 0.22929612968750002 0.19503100625 0.22786797343749998 0.1975910625 0.2166651875 0.194335415625 0.2061764765625
0 0.268257515625 0.2152474078125 0.271256596875 0.207620196875 0.2690614671875 0.189742303125 0.2635565125 0.184974 0.2558022453125 0.18592610468749998 0.25249242031249997 0.19903569375000002 0.2561870890625 0.21309998281250003 0.2616920453125 0.21786828906250003 0.268257515625 0.2152474078125
0 0.29832243125 0.171631571875 0.3047596203125 0.159952734375 0.3034425421875 0.1492259953125 0.299437128125 0.1406440921875 0.2912438359375 0.138020615625 0.2851173921875 0.144217071875 0.285373953125 0.1623329953125 0.2913179359375 0.17067687812500001 0.29832243125 0.171631571875
0 0.343861615625 0.20596439218749998 0.34642167343749997 0.1947616 0.3427270015625 0.1806973125 0.3391606125 0.175690984375 0.33140634687500004 0.1766430875 0.32765749375 0.1861771015625 0.3294135984375 0.200479415625 0.3353575796875 0.20882329843749997 0.343861615625 0.20596439218749998
0 0.30715712968750003 0.2195448421875 0.297464296875 0.22073497187500002 0.2937154453125 0.2302689859375 0.2954715484375 0.2445713 0.30141552968749996 0.2529151828125 0.3137967015625 0.249580221875 0.3135401375 0.23146430625 0.30715712968750003 0.2195448421875
0 0.238631625 0.26243881875 0.24163070625 0.254811609375 0.237497009375 0.2371717421875 0.2319920546875 0.2324034390625 0.22423778749999998 0.23335554374999998 0.221988475 0.23907595 0.22462262968750002 0.26052942031250004 0.22818902031250002 0.265535753125 0.238631625 0.26243881875
0 0.163466546875 0.2752974125 0.1675261453125 0.2602810203125 0.164709528125 0.2533678890625 0.158765546875 0.2450240109375 0.1510112796875 0.2459761140625 0.1472624265625 0.2555101234375 0.14945755624999998 0.27338801875 0.15302394531250002 0.278394346875 0.163466546875 0.2752974125
0 0.08980101562500001 0.2843424015625 0.09280009375 0.27671519375 0.091043990625 0.2624128796875 0.0851000109375 0.254069 0.075407178125 0.25525913125 0.072097353125 0.2683687203125 0.075792021875 0.2824330078125 0.0793584109375 0.2874393359375 0.08980101562500001 0.2843424015625
0 0.0562979921875 0.3320098671875 0.059736096875 0.3279582390625 0.05947953593750001 0.309842315625 0.0535355546875 0.3014984390625 0.045342260937500004 0.2988749625 0.0396548421875 0.30864700156249997 0.041849971875 0.3265248921875 0.05167108593750001 0.334392721875 0.0562979921875 0.3320098671875
0 0.1299635234375 0.3229648765625 0.13490117343750002 0.315099640625 0.13270604375 0.2972217515625 0.1267620625 0.28887786875 0.119007796875 0.28982997187500004 0.1146374546875 0.31032874375 0.12102046250000001 0.322248209375 0.125336621875 0.32534773125 0.1299635234375 0.3229648765625
0 0.20192713750000002 0.27601926875 0.194172871875 0.2769713734375 0.19042401874999998 0.2865053875 0.192180121875 0.30080770156250003 0.1957465109375 0.3058140296875 0.2081276828125 0.30247907500000004 0.208310146875 0.287938734375 0.20192713750000002 0.27601926875
0 0.2694120453125 0.2967690390625 0.27372820625 0.2998685671875 0.27835510937499996 0.2974857125 0.28329275625 0.2896204765625 0.2810976265625 0.2717425859375 0.2775312390625 0.266736253125 0.26783840625 0.2679263828125 0.2645285796875 0.2810359796875 0.26540663124999997 0.2881871359375 0.2694120453125 0.2967690390625
0 0.353520184375 0.28462712031250004 0.3580188078125 0.27318630312500003 0.3543241390625 0.2591220140625 0.34881918125 0.25435371406249996 0.34106491562499996 0.25530581875 0.33775508906249996 0.26841540625000004 0.3414497609375 0.28247969375 0.34501614687500004 0.287486021875 0.353520184375 0.28462712031250004
0 0.32301624375000004 0.32466737343749996 0.3260153234375 0.31704016562500004 0.321881628125 0.29940029687499997 0.3163766734375 0.29463199375000004 0.30862240625 0.2955840984375 0.30531258125 0.30869368750000004 0.30662965937500003 0.319420425 0.3125736390625 0.327764309375 0.32301624375000004 0.32466737343749996
0 0.24829019375 0.3411015484375 0.25085024843750003 0.3298987578125 0.24715557656249998 0.3158344703125 0.2416506234375 0.3110661671875 0.23583492343749998 0.3117802453125 0.2320860703125 0.321314259375 0.23384217343749997 0.3356165734375 0.23978615625000002 0.3439604515625 0.24829019375 0.3411015484375
0 0.173125115625 0.35396014062500003 0.1761242 0.34633293125 0.174368096875 0.3320306171875 0.1684241140625 0.323686734375 0.16066984687500002 0.3246388390625 0.15692099531249998 0.3341728515625 0.1586770984375 0.34847516562499997 0.1646210796875 0.3568190484375 0.173125115625 0.35396014062500003
0 0.09945958437499999 0.3630051296875 0.10245866249999999 0.355377921875 0.10070255937499999 0.3410756078125 0.0947585796875 0.33273172500000003 0.0865652875 0.33010825312500003 0.0828164359375 0.339642265625 0.085450590625 0.3610957375 0.0890169796875 0.366102065625 0.09945958437499999 0.3630051296875
0 0.06445701875 0.4144862015625 0.0708942078125 0.402807359375 0.06957712968749999 0.3920806265625 0.063194121875 0.3801611625 0.0535012890625 0.38135129375 0.04913095 0.40185007031250003 0.0555139546875 0.4137695296875 0.059830114062499995 0.4168690578125 0.06445701875 0.4144862015625
0 0.1396220921875 0.40162760468750003 0.1445597421875 0.3937623703125 0.14236461250000002 0.3758844796875 0.13448206406250002 0.3677786234375 0.13060493125 0.36825467500000003 0.1249175140625 0.3780267140625 0.1266736171875 0.392329028125 0.13261759687500002 0.4006729046875 0.1396220921875 0.40162760468750003
0 0.21352427343749997 0.354443978125 0.2057700078125 0.3553960828125 0.20158213125 0.36135451406249997 0.20377725937500002 0.3792324046875 0.207343646875 0.3842387375 0.21778625156250003 0.381141803125 0.21990728124999998 0.3663634375 0.21352427343749997 0.354443978125
0 0.2914517859375 0.37209681250000004 0.292951325 0.36828320625 0.291195221875 0.35398089062500004 0.28525124218750003 0.34563701406249997 0.277496975 0.3465891171875 0.27374812187500003 0.356123125 0.2750652 0.36684986406250003 0.279070615625 0.3754317734375 0.2914517859375 0.37209681250000004
0 0.3627397265625 0.35971426875 0.3676773765625 0.3518490328125 0.365921271875 0.3375467171875 0.359977290625 0.3292028359375 0.35222302499999997 0.330154940625 0.3484741734375 0.3396889515625 0.350230278125 0.35399126718749996 0.3561742578125 0.36233514843750003 0.3627397265625 0.35971426875
0 0.3222322078125 0.4064270328125 0.3265483671875 0.40952656093749995 0.3311752703125 0.40714370468750005 0.337612459375 0.39546486718749996 0.33629538281250004 0.3847381296875 0.32797380781249996 0.373056696875 0.3202195421875 0.3740088015625 0.31497115 0.387356415625 0.31584920156249996 0.3945075734375 0.3222322078125 0.4064270328125
0 0.2598873265625 0.4195262515625 0.2628864125 0.4118990421875 0.2611303078125 0.3975967265625 0.255186325 0.38925284531250004 0.24743205937499999 0.39020495 0.24412223281249998 0.4033145375 0.24781690312500002 0.417378825 0.2513832921875 0.4223851578125 0.2598873265625 0.4195262515625
0 0.1842832265625 0.42880926874999997 0.18728230937499998 0.421182059375 0.1831486140625 0.4035421890625 0.1776436578125 0.3987738875 0.1718279578125 0.399487965625 0.16657956406250002 0.41283557968749995 0.1702742359375 0.4268998671875 0.175779190625 0.431668175 0.1842832265625 0.42880926874999997
0 0.11149574375 0.445005415625 0.11449482656250001 0.43737820625 0.11036112812500001 0.41973833593750004 0.10679474062500001 0.41473200937500004 0.0971019078125 0.41592213906250003 0.0933530546875 0.42545615156250005 0.095548184375 0.4433340421875 0.09911457343749999 0.4483403703125 0.11149574375 0.445005415625
0 0.07755369375 0.4890972984375 0.0805527765625 0.4814700890625 0.078796671875 0.46716777499999995 0.0728526921875 0.4588238984375 0.0631598578125 0.460014028125 0.059850031250000005 0.47312361562499994 0.0635447 0.48718790468749995 0.06711109062500001 0.49219423281249997 0.07755369375 0.4890972984375
0 0.1406483421875 0.47409128125000005 0.14615329999999999 0.4788595875 0.152718771875 0.4762387046875 0.156156875 0.472187071875 0.1567783671875 0.4612223125 0.1535227203125 0.45073360156250003 0.14801776718749998 0.44596529843750005 0.1402635 0.44691740312499995 0.1365146484375 0.45645141718750004 0.1406483421875 0.47409128125000005
0 0.2259452765625 0.463618134375 0.2308829265625 0.4557528984375 0.2291268234375 0.44145058437499995 0.2231828421875 0.4331067015625 0.2134900078125 0.4342968328125 0.2112407 0.44001724375 0.213435828125 0.4578951328125 0.2193798078125 0.4662390171875 0.2259452765625 0.463618134375
0 0.300725509375 0.42358565937500003 0.2925322171875 0.4209621875 0.2868447984375 0.43073422656250004 0.2862233078125 0.44169898593749995 0.2926063171875 0.45361844375000004 0.3049874875 0.45028348906250004 0.3047309265625 0.43216756875 0.300725509375 0.42358565937500003
0 0.37477588906250003 0.4417145515625 0.3797135359375 0.433849315625 0.37751840625 0.41597142187499997 0.3715744265625 0.40762754218749997 0.36382016093749997 0.408579646875 0.3596322828125 0.4145380796875 0.3622664375 0.43599154999999995 0.370148984375 0.4440974015625 0.37477588906250003 0.4417145515625
0 0.34277240781249996 0.485568409375 0.3477100546875 0.477703171875 0.345514925 0.4598252828125 0.3376323765625 0.4517194265625 0.33375524375 0.452195478125 0.3285068484375 0.46554309375 0.3302629515625 0.4798454078125 0.3381455015625 0.4879512640625 0.34277240781249996 0.485568409375
0 0.2691068703125 0.4946134 0.2721059546875 0.48698618906249996 0.2684112828125 0.47292189999999995 0.26484489375 0.46791557343749995 0.2551520609375 0.46910570468749996 0.253341775 0.47840169218749995 0.254658853125 0.4891284234375 0.260602834375 0.49747230625 0.2691068703125 0.4946134
0 0.1963193890625 0.510809546875 0.19781892968749998 0.50699594375 0.1956238 0.4891180484375 0.18967981875 0.4807741671875 0.1819255515625 0.48172627031250004 0.1786157265625 0.4948358640625 0.18231039531249998 0.508900153125 0.185876784375 0.5139064796875 0.1963193890625 0.510809546875
0 0.1192157484375 0.5239061703125001 0.1226538515625 0.5198545375 0.122397290625 0.5017386203124999 0.11839187656250001 0.4931567109375 0.1082600171875 0.4907712609375 0.1025725984375 0.5005432984375 0.10476772812499999 0.5184211953125 0.1126502765625 0.5265270531249999 0.1192157484375 0.5239061703125001
0 0.0876512890625 0.5713356093749999 0.0925889390625 0.5634703734375 0.090393809375 0.5455924765625 0.0844498265625 0.53724859375 0.076695559375 0.5382006984375 0.0729467078125 0.5477347109374999 0.0751418375 0.5656126078125 0.0830243859375 0.5737184640625 0.0876512890625 0.5713356093749999
0 0.162816365625 0.558477009375 0.1662544703125 0.5544253828125 0.1664369359375 0.5398850421875 0.1576763359375 0.524628028125 0.15186063593750002 0.52534210625 0.14767275625 0.5313005390625001 0.1479293203125 0.5494164593749999 0.15625089375 0.5610978921875 0.162816365625 0.558477009375
0 0.2336652796875 0.5425188890625 0.24248006093750002 0.5341776015625 0.2407239578125 0.5198752875 0.234779978125 0.5115314109375 0.223148578125 0.5129595671875 0.22133829375 0.5222555484375 0.222655371875 0.5329822859375 0.2285993515625 0.5413261687500001 0.2336652796875 0.5425188890625
0 0.3092693828125 0.533235871875 0.31420702968750003 0.5253706375 0.3124509265625 0.5110683234375 0.3065069453125 0.5027244468750001 0.2987526796875 0.50367655 0.295003825 0.5132105578124999 0.296320903125 0.5239372953125 0.304642478125 0.535618728125 0.3092693828125 0.533235871875
0 0.3876160015625 0.49820973124999995 0.379294428125 0.4865282921875 0.373478728125 0.48724237031250006 0.3697298765625 0.49677638437500005 0.374302596875 0.5179918296875 0.387872565625 0.516325646875 0.3893721046875 0.5125120453124999 0.3876160015625 0.49820973124999995
0 0.354369540625 0.5639931109375 0.35736862343750003 0.556365903125 0.35561251875 0.5420635875 0.34966853750000004 0.5337197046875 0.341914271875 0.534671809375 0.33816541718750004 0.544205821875 0.3399215203125 0.5585081375 0.3458655046875 0.56685201875 0.354369540625 0.5639931109375
0 0.27956939375 0.547771028125 0.276003003125 0.5427646953124999 0.2648106296875 0.5477684328125 0.266695015625 0.5711287078125 0.27219996874999997 0.575897009375 0.2787654375 0.5732761281250001 0.28326406249999997 0.5618353171875 0.27956939375 0.547771028125
0 0.2059779578125 0.589472275 0.21047657968750003 0.5780314640625 0.2067819078125 0.5639671765625 0.20321552031249998 0.558960846875 0.19352268749999998 0.560150978125 0.1902128609375 0.5732605671875 0.193468503125 0.583749275 0.1994124859375 0.5920931578124999 0.2059779578125 0.589472275
0 0.125672853125 0.568481890625 0.1179185859375 0.5694339937499999 0.1126701921875 0.582781609375 0.11354824375000001 0.5899327671875 0.1199312515625 0.6018522265625 0.13231242031249998 0.598517265625 0.131616834375 0.57682576875 0.125672853125 0.568481890625
0 0.1004914046875 0.6278307875 0.09216982812499999 0.6161493546875 0.086354128125 0.6168634328125 0.0819837859375 0.63736220625 0.0907443859375 0.6526192140625 0.0992484234375 0.6497603109375001 0.1026865328125 0.645708678125 0.1004914046875 0.6278307875
0 0.1759130390625 0.6330881125000001 0.17741258124999998 0.629274503125 0.1752174515625 0.6113966125 0.1649573109375 0.5999532015625 0.1595806375 0.6042428625 0.1562708109375 0.61735245 0.15758788906250001 0.6280791890625 0.1635318703125 0.6364230703125 0.1759130390625 0.6330881125000001
0 0.24913955 0.6204675390625 0.2521386296875 0.6128403296875 0.2480049359375 0.595200465625 0.24056141250000002 0.590670184375 0.233246171875 0.5951978718750001 0.2314358875 0.6044938578125 0.23275296562499997 0.615220590625 0.2386969453125 0.6235644734375 0.24913955 0.6204675390625
0 0.324304625 0.6076089484375 0.3258041671875 0.6037953390624999 0.3240480640625 0.589493025 0.3157264890625 0.57781159375 0.3099107890625 0.578525671875 0.30616193593749996 0.588059684375 0.307918040625 0.6023620000000001 0.3138620203125 0.6107058765625 0.324304625 0.6076089484375
0 0.3975311328125 0.594988375 0.400530215625 0.587361165625 0.3987741125 0.5730588515624999 0.39283013125 0.564714975 0.3835763234375 0.5694806812500001 0.38132700937499997 0.5752010875 0.3830831140625 0.5895034015625 0.389027096875 0.597847284375 0.3975311328125 0.594988375
0 0.365966675 0.6424178140625 0.368965759375 0.6347906046875 0.36677063125 0.6169127140625 0.35888808125 0.6088068578125 0.355010946875 0.609282909375 0.34782398593749997 0.6228685515625 0.3495800890625 0.637170865625 0.3555240734375 0.6455147484375 0.365966675 0.6424178140625
0 0.278731175 0.6531289859375 0.2842361296875 0.6578972875 0.2908016015625 0.6552764109375 0.2942397078125 0.651224778125 0.294861196875 0.64026001875 0.291605553125 0.6297713078125 0.2880391640625 0.6247649796875 0.27834633124999997 0.625955109375 0.27503650625 0.6390646984374999 0.278731175 0.6531289859375
0 0.2151975015625 0.664559428125 0.2181965796875 0.65693221875 0.21600144999999998 0.6390543234375 0.2124350625 0.6340479953125 0.20274222968750003 0.635238125 0.198993378125 0.6447721390625001 0.20074948125 0.659074453125 0.2066934625 0.6674183296875 0.2151975015625 0.664559428125
0 0.1419709890625 0.67717999375 0.14497007343749999 0.669552784375 0.1432139703125 0.6552504703124999 0.1372699875 0.6469065875 0.127577153125 0.64809671875 0.1238283 0.65763073125 0.12558440312500002 0.6719330453125 0.1315283875 0.680276928125 0.1419709890625 0.67717999375
0 0.11040653281249999 0.7246094328125 0.1149051546875 0.713168621875 0.1112104859375 0.6991043328125001 0.101389371875 0.6912365031250001 0.096012696875 0.6955261562499999 0.09270287031249999 0.7086357515625 0.09595851718750001 0.7191244578125 0.101902496875 0.7274683390625001 0.11040653281249999 0.7246094328125
0 0.1836330421875 0.711988865625 0.1885706921875 0.70412363125 0.18681458906249998 0.6898213171875 0.18087060625 0.681477434375 0.171177771875 0.6826675640625 0.16742891875000002 0.6922015781249999 0.169185021875 0.7065038921875 0.177067571875 0.7146097421875 0.1836330421875 0.711988865625
0 0.26073668437499997 0.6988922421875 0.263735765625 0.691265034375 0.25960206874999997 0.6736251703125 0.25603568125 0.6686188421875 0.2448433078125 0.6736225734375 0.243033021875 0.6829185609375 0.2443501 0.6936452937500001 0.25029408124999997 0.7019891765625 0.26073668437499997 0.6988922421875
0 0.335206171875 0.664342153125 0.329262190625 0.6559982703125 0.31956935625 0.6571884 0.31732004687500004 0.6629088046875 0.3195151765625 0.6807867015625 0.3281474953125 0.6869857546875 0.336962275 0.6786444671874999 0.335206171875 0.664342153125
0 0.40799365468750004 0.6481460046875 0.40204967343750003 0.6398021234375 0.392795865625 0.644567828125 0.390985578125 0.6538638156250001 0.3951192765625 0.6715036859375 0.40868924218749997 0.669837503125 0.4116883265625 0.6622102937500001 0.40799365468750004 0.6481460046875
0 0.378806790625 0.6989129937499999 0.3666080828125 0.6877076125 0.3594211234375 0.701293253125 0.36073820156249997 0.7120199921875 0.369059775 0.723701425 0.37562524375 0.7210805421875001 0.3790633546875 0.7170289140625 0.378806790625 0.6989129937499999
0 0.3004601703125 0.733939140625 0.3053978171875 0.7260739046875 0.3032026875 0.708196009375 0.2996363 0.70318968125 0.2880049 0.7046178375000001 0.2861946140625 0.713913825 0.29032830781249996 0.7315536890625001 0.295833265625 0.7363219953125 0.3004601703125 0.733939140625
0 0.22873320000000003 0.74274610625 0.2308542328125 0.7279677375 0.2275985875 0.7174790265625 0.2197160390625 0.70937316875 0.21240079843749998 0.7139008546875 0.2101514859375 0.7196212609375 0.212785640625 0.74107473125 0.21635203125000002 0.7460810640625 0.22873320000000003 0.74274610625
0 0.1493061484375 0.7289068734375 0.13961331562499998 0.730097003125 0.1358644640625 0.7396310140625 0.13718154062500001 0.7503577484374999 0.1435645484375 0.7622772078125 0.1559457203125 0.7589422531250001 0.15525012968750002 0.7372507546875 0.1493061484375 0.7289068734375
0 0.12006510156250001 0.8032721609375001 0.12350320937499999 0.7992205328125 0.1232466453125 0.7811046125 0.1149250734375 0.7694231796875 0.10717080625 0.7703752828125 0.10342195624999999 0.779909296875 0.10561708437499999 0.7977871859375 0.11349963125 0.80589304375 0.12006510156250001 0.8032721609375001
0 0.1971687453125 0.7901755421875001 0.20016782656249998 0.7825483328125 0.19603413125 0.7649084640625 0.190529175 0.7601401625 0.18127536718749998 0.7649058734375 0.1799041078125 0.7777774375 0.183159753125 0.78826614375 0.18672614062499998 0.7932724765625 0.1971687453125 0.7901755421875001
0 0.25463015625 0.7613432640625 0.258763853125 0.7789831281249999 0.27233381875 0.7773169453125 0.2740158265625 0.758963003125 0.2637556828125 0.747519590625 0.2564404421875 0.7520472765624999 0.25463015625 0.7613432640625
0 0.34680330625 0.74276685625 0.3346046 0.731561475 0.32891718124999997 0.7413335078125 0.3311123109375 0.7592114046875 0.3389948578125 0.7673172546875 0.3436217625 0.7649344046875 0.34705987031249996 0.760882771875 0.34680330625 0.74276685625
0 0.41408583437499996 0.7218024062499999 0.4043930015625 0.7229925359375 0.40064414687500005 0.7325265437499999 0.401961225 0.7432532828125 0.4059666421875 0.7518351921875001 0.41834781093749995 0.74850023125 0.42046884375 0.733721865625 0.41408583437499996 0.7218024062499999
0 0.3887219234375 0.79569164375 0.3902214625 0.7918780359375 0.38758730625000004 0.7704245640625 0.38402091875 0.7654182375 0.374328084375 0.7666083687499999 0.370579234375 0.7761423796875 0.3723353375 0.7904446953125001 0.37827931718749996 0.7987885765625 0.3887219234375 0.79569164375
0 0.3135568453125 0.8085502359375001 0.3165559265625 0.8009230265625 0.3124222296875 0.7832831625 0.3069172765625 0.7785148609375 0.299163009375 0.779466965625 0.29541415625 0.7890009734375 0.2971702609375 0.8033032875 0.3031142421875 0.8116471703125001 0.3135568453125 0.8085502359375001
0 0.2400737765625 0.8030548859375 0.2341297921875 0.794711003125 0.22293741875 0.799714740625 0.224821803125 0.8230750171875 0.2283881921875 0.8280813437500001 0.23883079375 0.8249844109375 0.2422689046875 0.82093278125 0.2400737765625 0.8030548859375
0 0.16366572031249998 0.8378430078125 0.166664803125 0.8302157984375 0.1625311078125 0.812575928125 0.1589647171875 0.8075696015625 0.149271884375 0.80875973125 0.1455230328125 0.8182937453125 0.1472791359375 0.832596059375 0.15322311718749998 0.8409399421874999 0.16366572031249998 0.8378430078125
0 0.1297236703125 0.8819348890625 0.13466131718750002 0.8740696546875 0.13246618906250002 0.8561917640625 0.1265222078125 0.8478478812500001 0.1187679421875 0.8487999859375 0.11351955 0.8621476015624999 0.11527565312500002 0.8764499156250001 0.1231582 0.8845557718749999 0.1297236703125 0.8819348890625
0 0.2056927 0.8435711937500001 0.1928725015625 0.843330571875 0.19106221875 0.8526265578125001 0.1932573484375 0.8705044531249999 0.20070086874999998 0.8750347296875001 0.2053277703125 0.8726518734375001 0.2098263953125 0.8612110625 0.2056927 0.8435711937500001
0 0.2691721921875 0.8557390578125 0.2734883515625 0.8588385828125 0.27811525625 0.8564557265625 0.28305290312500003 0.8485904906249999 0.280857775 0.8307126 0.2772913859375 0.8257062734374999 0.26759855312499997 0.8268964046875 0.2638496984375 0.8364304109375 0.2651667765625 0.8471571499999999 0.2691721921875 0.8557390578125
0 0.35051789375000003 0.8130857015625 0.342763628125 0.81403780625 0.33857575 0.8199962375000001 0.34239870156249996 0.8431184875 0.34671486093750004 0.846218015625 0.35715746406250004 0.84312108125 0.35927849375 0.828342715625 0.35051789375000003 0.8130857015625
0 0.42456827500000005 0.8312145875000001 0.43144448906250005 0.8231113265625 0.4292493609375 0.8052334374999999 0.4213668109375 0.7971275796875 0.4174896765625 0.7976036328125 0.41180225937500003 0.8073756718749999 0.4139973875 0.8252535609375 0.4175637765625 0.8302598890624999 0.42456827500000005 0.8312145875000001
0 0.4205174546875 0.5177615890625 0.41320221406249996 0.52228926875 0.410952903125 0.5280096734375 0.4131480328125 0.5458875703125 0.4190920125 0.554231446875 0.42953461875 0.55113451875 0.42840000156249997 0.5258674390625 0.4205174546875 0.5177615890625
0 0.4391931875 0.629797246875 0.44263129062499995 0.6257456140625 0.44237473125 0.6076296984375 0.43405315624999996 0.5959482609375 0.4262988890625 0.5969003640625 0.42255003750000003 0.606434378125 0.424306140625 0.6207366921874999 0.43262771562499996 0.6324181296875 0.4391931875 0.629797246875
0 0.44885175625 0.708459975 0.45378940312499993 0.7005947406249999 0.45159427343749997 0.6827168453125 0.44565029218749996 0.67437296875 0.437896025 0.6753250734375 0.434147171875 0.6848590812500001 0.4363423 0.702736975 0.44422485 0.710842828125 0.44885175625 0.708459975
0 0.46194842812500003 0.783071071875 0.4645084875 0.7718682859375 0.4612528421875 0.7613795750000001 0.455308859375 0.7530356921875 0.44949315937499995 0.7537497703125 0.4446837921875 0.770672965625 0.4479394375 0.7811616796874999 0.4515058265625 0.7861680062499999 0.46194842812500003 0.783071071875
0 0.4720460234375 0.8653093828125 0.4750451078125 0.8576821734375001 0.472849978125 0.8398042765625 0.466905996875 0.8314603999999999 0.46109029531249995 0.832174478125 0.45584190312499995 0.84552209375 0.45759800625 0.8598244078124999 0.46354198750000003 0.868168284375 0.4720460234375 0.8653093828125
0 0.38243293125 0.872683 0.3883769125 0.8810268812500001 0.3934428421875 0.8822196078125 0.3980697453125 0.8798367515625 0.4013795703125 0.8667271640624999 0.40006249218749995 0.8560004250000001 0.3941185125 0.8476565421875 0.38442567968749997 0.8488466734375001 0.38067682812500003 0.858380684375 0.38243293125 0.872683
0 0.3221549015625 0.8946021484375001 0.32559300625 0.8905505203124999 0.3277140390625 0.875772153125 0.3213310296875 0.8638526953125 0.3131377375 0.8612292187499999 0.30595077656249997 0.8748148578125001 0.3072678546875 0.885541596875 0.315589428125 0.8972230296875001 0.3221549015625 0.8946021484375001
0 0.24929331875 0.8781420390625 0.24141076875 0.8700361828125001 0.23409552812499998 0.8745638671875 0.2322852421875 0.8838598484375 0.236418940625 0.90149971875 0.24998890624999998 0.8998335359375 0.2514884484375 0.8960199296875 0.24929331875 0.8781420390625
0 0.1765058328125 0.8943381875 0.16668471875 0.88647035625 0.15755919375 0.9002940234375 0.158876271875 0.9110207609375 0.162881684375 0.9196026640625 0.173763315625 0.9200813125 0.1787009625 0.9122160765625 0.1765058328125 0.8943381875
0 0.1383217234375 0.9679868031250001 0.1451979375 0.959883540625 0.143002809375 0.9420056499999999 0.1370588296875 0.9336617687500001 0.12736599531249998 0.9348518984374999 0.12317811875 0.9408103296875 0.1258122734375 0.9622638 0.1336948203125 0.9703696578125 0.1383217234375 0.9679868031250001
0 0.21842445000000002 0.9472629749999999 0.22204501875 0.9286709999999999 0.2137234453125 0.91698956875 0.20746871875 0.9141280640625 0.2020920453125 0.918417725 0.1998427359375 0.9241381296875 0.202476890625 0.9455916015625 0.20604327812499998 0.9505979343750001 0.21842445000000002 0.9472629749999999
0 0.29015141718750004 0.9384560109375 0.2935895234375 0.9344043765625001 0.2937719890625 0.9198640359375 0.2873889796875 0.907944578125 0.277696146875 0.9091347093750001 0.2739472921875 0.9186687203125 0.278080990625 0.936308584375 0.283585946875 0.9410768921875 0.29015141718750004 0.9384560109375
0 0.3648774671875 0.9220218375 0.3689370625 0.9070054437499999 0.36568141718749997 0.8965167328125 0.3601764625 0.8917484296874999 0.352422196875 0.8927005343750001 0.34867334375 0.902234546875 0.350429446875 0.9165368609375 0.356373428125 0.9248807390625 0.3648774671875 0.9220218375
0 0.4400425421875 0.9091632390625 0.44260259687500003 0.8979604531250001 0.4389079296875 0.883896165625 0.433402971875 0.8791278640625 0.42564870624999995 0.8800799687499999 0.42189985312499995 0.8896139765625 0.42365595625 0.903916290625 0.42959993750000003 0.9122601734375 0.4400425421875 0.9091632390625
0 0.58334591875 0.1130434390625 0.5770911921875 0.110181940625 0.5714037734375 0.11995398125000001 0.5707822828125 0.130918740625 0.579542884375 0.146175753125 0.5861083546875 0.143554871875 0.589728928125 0.124962903125 0.58334591875 0.1130434390625
0 0.66083440625 0.1271206984375 0.663394459375 0.11591791250000001 0.66207738125 0.1051911734375 0.6561334015625 0.096847296875 0.648379134375 0.0977994015625 0.6446302828125 0.1073334078125 0.6463863859375001 0.1216357234375 0.6523303671875 0.1299796046875 0.66083440625 0.1271206984375
0 0.7344999375000001 0.11807570781250001 0.7374990218749999 0.1104484984375 0.73530389375 0.09257060781250001 0.731737503125 0.0875642796875 0.7220446703125 0.0887544109375 0.71873484375 0.101864 0.7219904890625 0.11235270625 0.72793446875 0.1206965890625 0.7344999375000001 0.11807570781250001
0 0.80578788125 0.10569316718749999 0.8092259890625 0.10164153437500001 0.8089694250000001 0.08352561875 0.8030254453125 0.075181734375 0.7933326109375 0.07637186562500001 0.7895837609374999 0.085905878125 0.7937174546875 0.10354574218749998 0.7992224109375 0.10831405000000001 0.80578788125 0.10569316718749999
0 0.8785753640625 0.0894970203125 0.8830739890625001 0.07805620156250001 0.881317884375 0.0637538890625 0.875373903125 0.0554100109375 0.869558203125 0.05612408906250001 0.8638707828125 0.0658961234375 0.8632492921875 0.0768608890625 0.8720098937499999 0.09211789687500001 0.8785753640625 0.0894970203125
0 0.8470109062500001 0.13692645781249999 0.85194855625 0.129061221875 0.8493144015625 0.10760775156249999 0.8457480125 0.102601425 0.8360551781250001 0.10379155468750001 0.832306328125 0.11332556093749999 0.8345014578125 0.13120345625000002 0.8423840031250001 0.139309309375 0.8470109062500001 0.13692645781249999
0 0.7765269171875 0.12380389843749999 0.7710219625 0.1190355921875 0.7617681546874999 0.123801303125 0.7632135124999999 0.143585996875 0.7691574953125 0.1519298796875 0.775722965625 0.14930899687500002 0.780660615625 0.1414437625 0.7765269171875 0.12380389843749999
0 0.7039959984374999 0.1581159609375 0.7065560515625 0.1469131765625 0.7033004093749999 0.1364244640625 0.6997340203125 0.1314181359375 0.6900411859375 0.13260826718750002 0.687791875 0.1383286734375 0.6899870046875 0.15620656875 0.69355339375 0.161212896875 0.7039959984374999 0.1581159609375
0 0.629269946875 0.1745501359375 0.6327080546875 0.1704985078125 0.6328905203125 0.1559581671875 0.6265075109375 0.14403870937500002 0.6202527843750001 0.1411772046875 0.6145653671875 0.15094924375000002 0.6143829015625 0.165489584375 0.6227044765625 0.1771710171875 0.629269946875 0.1745501359375
0 0.5560434390625 0.1871707078125 0.55860349375 0.1759679171875 0.5549088265625 0.161903628125 0.5513424359375 0.15689730156249998 0.54358816875 0.15784940625 0.53983931875 0.1673834171875 0.541595421875 0.1816857328125 0.5475394015624999 0.19002961093749998 0.5560434390625 0.1871707078125
0 0.588762428125 0.22126290625 0.5930785859375 0.22436242968750003 0.5977054890625 0.2219795734375 0.6007045734375 0.21435236406249997 0.6008870359375 0.199812025 0.5968816203125 0.1912301203125 0.588688328125 0.18860664375 0.5830009109375001 0.19837868281249998 0.5847570140625 0.212680996875 0.588762428125 0.22126290625
0 0.67411354375 0.1871914578125 0.6681695624999999 0.17884757499999998 0.6569771890625 0.1838513125 0.6584225453125 0.2036360078125 0.6643665296875 0.21197989062499997 0.6709320015625 0.2093590078125 0.6743701046874999 0.205307375 0.67411354375 0.1871914578125
0 0.7456580484375 0.19292483437500002 0.7482181046874999 0.18172204375 0.746901028125 0.1709953109375 0.7409570453125001 0.162651428125 0.7332027796875 0.1636035328125 0.729453928125 0.1731375453125 0.7335876234375001 0.190777409375 0.7371540109375 0.1957837359375 0.7456580484375 0.19292483437500002
0 0.8154464499999999 0.18435589531250002 0.8199450703125001 0.1729150796875 0.8181889671875 0.1586127640625 0.8122449875 0.1502688875 0.8044907218749999 0.15122099218750001 0.80074186875 0.16075499843750002 0.8029369984375 0.17863289531249998 0.8108195453124999 0.1867387453125 0.8154464499999999 0.18435589531250002
0 0.8886729593749999 0.171735325 0.8951101484375 0.1600564875 0.8933540453125 0.1457541734375 0.8874100640625 0.13741029062500001 0.879655796875 0.13836239374999998 0.875906946875 0.1478964078125 0.87766305 0.162198721875 0.8836070296875 0.1705426046875 0.8886729593749999 0.171735325
0 0.8577841734374999 0.184601703125 0.8495908796875 0.181978225 0.8443424875 0.1953258453125 0.846098590625 0.2096281609375 0.852042571875 0.2179720421875 0.8624851765624999 0.214875109375 0.8641671796875 0.1965211609375 0.8577841734374999 0.184601703125
0 0.7853815328125 0.2279717265625 0.7888196421875 0.2239201 0.7885630796875 0.2058041765625 0.7826190984375 0.1974603 0.7729262640625 0.1986504296875 0.770676953125 0.2043708359375 0.7752496765625 0.22558628125000002 0.7788160625 0.23059260781250002 0.7853815328125 0.2279717265625
0 0.7032119625 0.23987562499999998 0.7075281203125 0.2429751484375 0.712155025 0.24059229843750002 0.7166536453125001 0.22915148125 0.71533656875 0.2184247484375 0.7093925890625 0.2100808671875 0.701638321875 0.2110329703125 0.6978894703125 0.2205669828125 0.699206546875 0.23129371562499998 0.7032119625 0.23987562499999998
0 0.638928515625 0.253212865625 0.643866165625 0.245347628125 0.6421100625 0.2310453140625 0.6361660796875 0.22270143125000003 0.6284118125 0.22365353593749998 0.6246629609375 0.23318754843749998 0.6259800390625 0.24391428906249998 0.629985453125 0.2524961921875 0.638928515625 0.253212865625
0 0.5657020078125 0.2658334359375 0.5691401140625 0.261781803125 0.5688835515624999 0.2436658875 0.5610010046875 0.2355600296875 0.5551853046875 0.2362741078125 0.5514364515625 0.24580812187499998 0.55319255625 0.2601104359375 0.5591365374999999 0.26845431875000003 0.5657020078125 0.2658334359375
0 0.6073640578124999 0.300642303125 0.613801246875 0.288963465625 0.61248416875 0.278236728125 0.604162596875 0.26655529375000003 0.6002854625 0.26703134687499996 0.5945980453125 0.2768033859375 0.5967931734375 0.2946812765625 0.604675721875 0.30278713281249997 0.6073640578124999 0.300642303125
0 0.6820901078125 0.2842081296875 0.6850891906250001 0.2765809203125 0.6833330875 0.26227860625 0.6773891062499999 0.25393472968749997 0.6696348390625 0.2548868328125 0.6663250109375001 0.267996421875 0.6676420890625 0.27872315468750003 0.673586071875 0.2870670375 0.6820901078125 0.2842081296875
0 0.7572551859375001 0.2713495359375 0.7598152390624999 0.260146746875 0.7565595953125 0.2496580390625 0.7506156140625 0.24131415625 0.7447999140625 0.24202823437499998 0.7410510625 0.2515622484375 0.742807165625 0.2658645625 0.748751146875 0.2742084453125 0.7572551859375001 0.2713495359375
0 0.8266045609375 0.2592050171875 0.830042665625 0.2551533890625 0.8297861046874999 0.23703746875 0.8238421234375 0.22869358593750003 0.81608785625 0.2296456890625 0.8127780281250001 0.242755284375 0.8164726999999999 0.25681957187500004 0.82197765625 0.2615878734375 0.8266045609375 0.2592050171875
0 0.9017696359375 0.24634642499999998 0.9047687171875 0.23871921562499998 0.9025735875 0.2208413203125 0.8990071984375 0.21583499218750002 0.8873757984375 0.2172631484375 0.8851264890625 0.2229835546875 0.88732161875 0.24086145 0.893265596875 0.2492053265625 0.9017696359375 0.24634642499999998
0 0.8593235484375 0.293297215625 0.8636397078125 0.2963967390625 0.8682666109375001 0.29401388906250003 0.8732042578125 0.2861486546875 0.8733867234374999 0.27160831406249997 0.8650651500000001 0.25992688125 0.8588104234375 0.25706537812499997 0.8531230046875 0.2668374171875 0.8553181328124999 0.28471530624999997 0.8593235484375 0.293297215625
0 0.7989172359375 0.3061584046875 0.8014772921875 0.29495561875 0.7982216484375 0.2844669046875 0.794655259375 0.279460578125 0.784962425 0.28065070937500003 0.7816525984375 0.293760296875 0.7849082453125 0.304249009375 0.78847463125 0.3092553375 0.7989172359375 0.3061584046875
0 0.7237521625000001 0.3190170015625 0.7282507828125 0.3075761859375 0.72693370625 0.29684945156250003 0.7209897234375 0.28850556875 0.711296890625 0.2896957 0.7090475781250001 0.2954161046875 0.71124270625 0.3132940015625 0.71912525625 0.3213998578125 0.7237521625000001 0.3190170015625
0 0.65052565 0.33163756875 0.653524734375 0.3240103578125 0.6517686312500001 0.3097080421875 0.64388608125 0.3016021921875 0.6365708406249999 0.30612987343750003 0.63476055625 0.315425859375 0.6360776328125 0.32615259375 0.6420216140624999 0.334496475 0.65052565 0.33163756875
0 0.5738610328125 0.3483097671875 0.5802982234375 0.33663092968749997 0.5785421203125 0.322328615625 0.5706595734375 0.314222759375 0.5667824390625 0.3146988109375 0.562594559375 0.32065724218749997 0.5624120984375 0.3351975828125 0.5687951046874999 0.34711704062500004 0.5738610328125 0.3483097671875
0 0.6208997625 0.378828978125 0.623898840625 0.3712017703125 0.6221427375 0.35689945624999997 0.6161987578125 0.3485555796875 0.60694495 0.3533212859375 0.6046956390625 0.359041690625 0.6064517421875 0.3733440046875 0.6123957234375 0.3816878875 0.6208997625 0.378828978125
0 0.6936872421875 0.36263283125 0.6966863265625001 0.355005621875 0.6949302234375 0.3407033078125 0.688986240625 0.33235942500000004 0.6812319734375001 0.3333115296875 0.677483121875 0.34284554375 0.6816168203124999 0.3604854125 0.68518320625 0.365491740625 0.6936872421875 0.36263283125
0 0.7669137546875 0.3500122671875 0.76903478125 0.3352338984375 0.7657791390625001 0.3247451875 0.76221275 0.319738859375 0.7544584828125 0.3206909625 0.75070963125 0.3302249765625 0.7548433250000001 0.347864840625 0.758409715625 0.35287116875 0.7669137546875 0.3500122671875
0 0.8401402593749999 0.33739169375 0.8427003187500001 0.3261889078125 0.841383240625 0.3154621703125 0.835439259375 0.30711829375 0.8276849921875 0.3080703984375 0.8239361390625 0.3176044046875 0.8256922421875 0.33190671875 0.8316362249999999 0.340250603125 0.8401402593749999 0.33739169375
0 0.913366771875 0.3247711265625 0.91636585 0.31714391875 0.914609746875 0.3028416046875 0.9086657671875 0.294497721875 0.8989729343749999 0.2956878515625 0.8952240828125 0.3052218640625 0.8969801875 0.319524178125 0.9029241671875001 0.3278680625 0.913366771875 0.3247711265625
0 0.8830452921875 0.35027104375 0.870846584375 0.33906565781250003 0.8640986500000001 0.3562268796875 0.8673542937500001 0.3667155921875 0.8732982765624999 0.375059475 0.8818023140625 0.372200565625 0.88436236875 0.3609977765625 0.8830452921875 0.35027104375
0 0.8090148296875 0.3883967140625 0.8120139125 0.38076950468750004 0.8121963734375001 0.3662291640625 0.8081909609375 0.35764725468749997 0.7980591015625 0.355261809375 0.7943102484375 0.3647958171875 0.796505378125 0.38267371250000004 0.8043879265625 0.3907795640625 0.8090148296875 0.3883967140625
0 0.7372878609375 0.397203678125 0.7398479203125 0.3860008875 0.7385308421875 0.3752741546875 0.732586859375 0.366930271875 0.722894025 0.36812040156250003 0.7210837406249999 0.3774163890625 0.72283984375 0.391718703125 0.728783825 0.40006257968750003 0.7372878609375 0.397203678125
0 0.66018421875 0.410300296875 0.6636223296875 0.40624866718749997 0.6633657656249999 0.388132746875 0.6574217828125 0.3797888640625 0.6496675171875 0.38074096874999996 0.645918665625 0.39027498125000004 0.6476747703125 0.4045772953125 0.6536187499999999 0.41292117812500007 0.66018421875 0.410300296875
0 0.5869577125000001 0.4229208671875 0.5903958171875 0.41886923437499995 0.59057828125 0.40432889375 0.5865728671875 0.3957469921875 0.578379575 0.3931235140625 0.5726921546875 0.402895553125 0.5744482578125 0.4171978671875 0.5823308078125 0.4253037234375 0.5869577125000001 0.4229208671875
0 0.6320578703125 0.45367810625000005 0.6346179265624999 0.44247531562500003 0.6309232546875 0.42841102812500004 0.6273568671875001 0.4234047 0.6196026 0.4243568046875 0.6158537468749999 0.43389081875 0.6180488765625001 0.4517687078125 0.621615265625 0.456775034375 0.6320578703125 0.45367810625000005
0 0.7033458109375 0.4412955625 0.7067839218749999 0.4372439328125 0.706966384375 0.42270359375 0.7005833765625 0.41078413437499994 0.69432865 0.40792263125000006 0.6886412328125 0.41769466875 0.6880197421875 0.428659428125 0.6967803421875 0.4439164421875 0.7033458109375 0.4412955625
0 0.7765723234374999 0.4286749953125 0.7800104265625001 0.4246233609375 0.7797538671875001 0.40650744375 0.773809884375 0.3981635625 0.7660556187500001 0.39911566718749997 0.7623067640625 0.4086496796875 0.76406286875 0.4229519953125 0.7700068515625 0.4312958765625 0.7765723234374999 0.4286749953125
0 0.853675965625 0.41557837031249995 0.8557969921874999 0.4008000046875 0.8529803749999999 0.3938868734375 0.843159259375 0.3860190421875 0.8377825859374999 0.390308703125 0.835972303125 0.3996046890625 0.8372893796875 0.41033142187499994 0.843233359375 0.4186753046875 0.853675965625 0.41557837031249995
0 0.92496390625 0.40319583124999997 0.9279629875 0.39556862187499997 0.9257678578125 0.37769072656249997 0.9198238765625 0.3693468484375 0.9140081765625 0.3700609265625 0.9098202984375 0.3760193578125 0.910076859375 0.394135275 0.918398434375 0.4058167078125 0.92496390625 0.40319583124999997
0 0.8910218562500001 0.4472877140625 0.8944599640625001 0.44323608593749997 0.8946424281249999 0.4286957453125 0.8882594203125 0.41677628593750005 0.8805051531249999 0.41772839062499995 0.8767563 0.42726239843749997 0.8785124046874999 0.44156471249999996 0.8844563859375001 0.449908596875 0.8910218562500001 0.4472877140625
0 0.819038325 0.43797876249999995 0.8135333703125 0.43321045468749997 0.8042795625 0.437976165625 0.8057249203125 0.4577608609375 0.8116689031250001 0.46610474375 0.8201729406249999 0.463245834375 0.82167248125 0.4594322328125 0.819038325 0.43797876249999995
0 0.745446890625 0.4796800078125 0.7499455140625 0.46823919687500004 0.7481894109375 0.4539368828125 0.742245428125 0.445593 0.736429728125 0.446307078125 0.730742309375 0.45607911718749994 0.7324984125 0.47038143125 0.73844239375 0.4787253140625 0.745446890625 0.4796800078125
0 0.6717813546875 0.4887249984375 0.6762799765625 0.4772841875 0.675401925 0.47013303124999994 0.66901891875 0.4582135734375 0.66276419375 0.45535206875 0.655577234375 0.468937709375 0.6568943125 0.4796644484375 0.66327731875 0.4915839078125 0.6717813546875 0.4887249984375
0 0.598554846875 0.5013455718750001 0.601553928125 0.49371836093750004 0.5993587984375 0.475840465625 0.595792409375 0.47083413749999997 0.5860995765625 0.47202426875 0.5827897484375 0.48513385781249996 0.5860453953125 0.49562256875 0.591989375 0.5039664484374999 0.598554846875 0.5013455718750001
0 0.63463784375 0.498729875 0.630760709375 0.49920592656249996 0.625512315625 0.512553546875 0.6272684187500001 0.5268558609375 0.6332124015625 0.53519974375 0.6417164390625001 0.5323408359374999 0.6457760375 0.5173244421875001 0.63463784375 0.498729875
0 0.7161859265625 0.4977907390625 0.70398721875 0.48658535937499997 0.6987388265625001 0.49993297343750004 0.70049493125 0.5142352890625 0.7064389109375 0.5225791703125 0.7149429484375001 0.5197202640625 0.7179420296875 0.5120930546875 0.7161859265625 0.4977907390625
0 0.790108021875 0.5068616718750001 0.79266808125 0.49565888124999996 0.7889734093749999 0.48159459218749995 0.7854070203125 0.47658826562499995 0.777652753125 0.47754037031249996 0.7739039015625 0.4870743828125 0.7756600046875 0.501376696875 0.7816039859374999 0.5097205734375 0.790108021875 0.5068616718750001
0 0.859457396875 0.49471715312500003 0.8658945875 0.483038315625 0.864577509375 0.4723115765625 0.8562559375 0.46063014375 0.8504402359375 0.461344221875 0.8462523578125 0.46730265312499997 0.8465089234375001 0.485418575 0.8524529031249999 0.49376245937499996 0.859457396875 0.49471715312500003
0 0.934622475 0.481858559375 0.9376215562500001 0.47423135156249996 0.9354264265625 0.4563534546875 0.9318600375000001 0.451347128125 0.9221672046875 0.45253725781250004 0.9184183515625 0.462071271875 0.9201744546875 0.4763735859375 0.9261184374999999 0.48471746875 0.934622475 0.481858559375
0 0.8979179875 0.49543900937499996 0.8921022875 0.49615308750000003 0.8868538953125 0.5095007078125 0.888170971875 0.5202274421874999 0.8941149546875 0.5285713249999999 0.9045575578125 0.525474390625 0.9038619718750001 0.5037828921874999 0.8979179875 0.49543900937499996
0 0.8306354593749999 0.5164034640625 0.8208143453125001 0.5085356328125 0.8151269265625001 0.5183076734375 0.8145054375 0.52927243125 0.8208884453125 0.5411918953125 0.8278929421875001 0.5421465890625 0.8328305890625 0.5342813546875 0.8306354593749999 0.5164034640625
0 0.758104540625 0.550715528125 0.761103621875 0.54308831875 0.756969928125 0.5254484546875 0.7514649703125 0.5206801546875 0.7456492703125 0.5213942328125001 0.740839903125 0.538317421875 0.74409555 0.5488061359375 0.7476619359375001 0.5538124625 0.758104540625 0.550715528125
0 0.6853170578125 0.566911675 0.68937665625 0.5518952828125 0.6865600359374999 0.5449821515625 0.6806160546875 0.53663826875 0.6728617875 0.5375903734375 0.669112934375 0.5471243875 0.67324663125 0.5647642562499999 0.6768130203125 0.5697705843749999 0.6853170578125 0.566911675
0 0.6120905484375 0.5795322484375001 0.6150896312499999 0.5719050390625 0.6133335265625 0.5576027234375001 0.6073895453125 0.5492588421875 0.599635278125 0.5502109453124999 0.595886428125 0.5597449578125 0.59764253125 0.5740472734375001 0.6035865109375 0.5823911546875 0.6120905484375 0.5795322484375001
0 0.6537525984375 0.6143411140625 0.6563126578125 0.603138328125 0.654117528125 0.5852604328125001 0.6505511375 0.58025410625 0.642796871875 0.581206209375 0.6390480203125 0.5907402234375 0.64124315 0.6086181125000001 0.649125696875 0.6167239703125 0.6537525984375 0.6143411140625
0 0.7246015156250001 0.5983829921875 0.7280396234375 0.5943313640625 0.727783059375 0.57621544375 0.7218390796875 0.567871565625 0.7121462468749999 0.5690616953125 0.7098969359375 0.5747821015625 0.7120920640625 0.5926599921875 0.7180360453125 0.601003875 0.7246015156250001 0.5983829921875
0 0.7982670515625 0.5893380015624999 0.8032047015625 0.5814727671875 0.8038261890625 0.5705080078125 0.79744318125 0.5585885484374999 0.79118845625 0.5557270453125 0.7840014953125001 0.5693126875 0.7853185734375 0.580039425 0.7912625546875 0.5883833078125 0.7982670515625 0.5893380015624999
0 0.8742360781249999 0.55097430625 0.8682920968750001 0.5426304234375 0.8605378312499999 0.5435825265625 0.8557284656249999 0.5605057234374999 0.8644890640625 0.5757627375000001 0.871054534375 0.5731418546875 0.8744926421875 0.5690902265625 0.8742360781249999 0.55097430625
0 0.9462196078125 0.5602832624999999 0.94921869375 0.552656053125 0.9474625906249999 0.5383537390625001 0.9415186062500001 0.53000985625 0.9357029062500001 0.530723934375 0.93195405625 0.540257946875 0.9337101593750001 0.5545602609375 0.94159270625 0.5626661125 0.9462196078125 0.5602832624999999
0 0.9142161265625001 0.60413711875 0.9172152078125 0.596509909375 0.9154591046875 0.5822075953125 0.9095151234375001 0.57386371875 0.9017608578124999 0.5748158234375 0.8980120062499999 0.5843498296875 0.899768109375 0.5986521437500001 0.9057120890625001 0.6069960265625001 0.9142161265625001 0.60413711875
0 0.8394159765625 0.5879150359375 0.8285343484375 0.5874363890625001 0.82478549375 0.5969704015625 0.8289191921875 0.614610265625 0.8324855796874999 0.61961659375 0.8409896187499999 0.616757690625 0.8439887 0.6091304828124999 0.8394159765625 0.5879150359375
0 0.7697016765625 0.62914023125 0.7722617296875 0.617937446875 0.7685670609375 0.6038731578125 0.7611235390625 0.5993428765625 0.755746865625 0.6036325375 0.752437040625 0.616742125 0.7556926828125 0.6272308375 0.7592590718750001 0.6322371640625 0.7697016765625 0.62914023125
0 0.6949756265625 0.6455744046875 0.698413734375 0.6415227765625 0.6985961984375 0.6269824359375 0.692213190625 0.615062978125 0.6844589234375 0.61601508125 0.6792105281249999 0.6293626984375 0.68052760625 0.6400894312500001 0.6864715890624999 0.6484333125 0.6949756265625 0.6455744046875
0 0.6198105484374999 0.6584330031250001 0.6247481984375 0.6505677671875 0.62255306875 0.6326898703125 0.6166090890625 0.62434599375 0.6127319546875001 0.624822046875 0.6070445359375001 0.6345940796875 0.6064230484375 0.6455588453125001 0.6128060546875 0.657478303125 0.6198105484374999 0.6584330031250001
0 0.6634111671875 0.6930038421875 0.6683488171875 0.6851386078124999 0.6661536875 0.6672607171875 0.6621482734375 0.6586788078125 0.6524554390625 0.6598689375 0.6487065890625 0.6694029515625 0.6504626921875001 0.683705265625 0.6564066734375 0.6920491484375 0.6634111671875 0.6930038421875
0 0.73813721875 0.67656966875 0.7411363 0.668942459375 0.739380196875 0.6546401453125 0.733436215625 0.6462962625 0.7256819484375 0.6472483671875 0.7219330953124999 0.65678238125 0.7236891984375 0.6710846953125 0.72963318125 0.679428578125 0.73813721875 0.67656966875
0 0.809425159375 0.664187128125 0.81242424375 0.65655991875 0.810668140625 0.6422576046875 0.8047241578125 0.6339137218750001 0.796969890625 0.6348658265625 0.7936600640625 0.647975415625 0.7973547359375 0.6620397031249999 0.802859690625 0.6668080062499999 0.809425159375 0.664187128125
0 0.8826516703125 0.6515665578125 0.8856507499999999 0.6439393484375 0.8838946468750001 0.629637034375 0.8779506671874999 0.6212931578124999 0.8701964 0.6222452609375 0.8679470874999999 0.6279656671875 0.8705812421875001 0.6494191375 0.8741476328125 0.6544254656249999 0.8826516703125 0.6515665578125
0 0.958620696875 0.6132028609375 0.9487995828125 0.6053350296875 0.9431121640625 0.61510706875 0.9424906765625 0.6260718328125 0.9488736828125001 0.6379912921875001 0.9558781765625 0.638945990625 0.9608158265625001 0.63108075625 0.958620696875 0.6132028609375
0 0.9246786484375 0.6572947499999999 0.921112259375 0.6522884171875 0.909919884375 0.657292153125 0.91136524375 0.6770768484375 0.917309225 0.6854207296875 0.9238746953125 0.6827998484375 0.9283733171874999 0.6713590375 0.9246786484375 0.6572947499999999
0 0.8510872125000001 0.6989959953125 0.8545253203125001 0.6949443671875 0.854707784375 0.680404028125 0.8483247765625 0.6684845687500001 0.8405705093750001 0.6694366734375 0.83682165625 0.6789706796874999 0.8385777609374999 0.6932729953125001 0.8445217421875 0.7016168765625 0.8510872125000001 0.6989959953125
0 0.7793602453124999 0.707802959375 0.782359325 0.7001757515625 0.7806032203125 0.6858734359375 0.7746592421875 0.677529559375 0.766904975 0.6784816625000001 0.763156121875 0.6880156703125 0.7672898171875 0.705655540625 0.7708562078125001 0.7106618671875 0.7793602453124999 0.707802959375
0 0.70463419375 0.724237134375 0.7086937921875001 0.709220740625 0.705438146875 0.6987320343750001 0.7018717578125 0.6937257015625 0.692178925 0.69491583125 0.6884300703124999 0.7044498453125 0.6897471484375 0.7151765828125 0.6980687234375 0.726858015625 0.70463419375 0.724237134375
0 0.6314076859375 0.7368577046875 0.6363453328124999 0.7289924703125 0.6369668234375 0.71802770625 0.630583815625 0.706108246875 0.6223905234375 0.7034847703125 0.61714213125 0.716832390625 0.6184592078125 0.7275591234375 0.6224646234375 0.7361410328125 0.6314076859375 0.7368577046875
0 0.674569278125 0.7678529703125 0.6775683609375001 0.7602257609375 0.67537323125 0.7423478640625001 0.6694292500000001 0.7340039875000001 0.66361355 0.734718065625 0.6583651578125 0.7480656796875 0.6596822359375001 0.7587924125 0.6660652406249999 0.770711871875 0.674569278125 0.7678529703125
0 0.7439186531249999 0.75570845 0.75079486875 0.7476051890625001 0.7485997390625 0.7297272984375 0.7407171921875 0.7216214421875 0.7349014921875 0.7223355203125 0.7315916640625 0.735445109375 0.7329087421875 0.7461718484375 0.738852725 0.7545157296875 0.7439186531249999 0.75570845
0 0.819083728125 0.7428498593749999 0.8225218375000001 0.7387982234375 0.822265275 0.7206823078125 0.8163212937500001 0.7123384265625 0.8085670265625 0.71329053125 0.804818175 0.7228245421875 0.8065742796875 0.7371268578125 0.8125182593750001 0.7454707390624999 0.819083728125 0.7428498593749999
0 0.8923102390625001 0.7302292859375 0.8972478859375 0.72236405 0.8954917828125 0.7080617359375 0.8914863687500001 0.699479828125 0.881793534375 0.7006699578125 0.8780446812499999 0.7102039718750001 0.8793617593749999 0.7209307093749999 0.8853057421875 0.7292745875 0.8923102390625001 0.7302292859375
0 0.9710958828124999 0.6987787203125 0.9623352859375001 0.6835217124999999 0.9565195843750001 0.6842357906250001 0.9521492453124999 0.7047345609375 0.95853225 0.7166540203125 0.9670362875 0.7137951124999999 0.9704743953125 0.709743484375 0.9710958828124999 0.6987787203125
0 0.9378494234374999 0.76456210625 0.9408485046875 0.756934896875 0.938653375 0.7390570015625 0.9327093953125001 0.7307131234375001 0.92689369375 0.7314272015625 0.9216453 0.7447748171875 0.9229623765625 0.75550155 0.9312839515625001 0.7671829828125001 0.9378494234374999 0.76456210625
0 0.8646229140624999 0.777182671875 0.8671829703125 0.7659798875 0.8658658921875 0.7552531499999999 0.8556057515625 0.7438097421875 0.850229078125 0.748099396875 0.84841879375 0.757395384375 0.850174896875 0.7716976984375 0.8561188765625 0.78004158125 0.8646229140624999 0.777182671875
0 0.7909573796875 0.7862276625 0.7935174359375 0.775024878125 0.7898227640625 0.7609605890625 0.7862563765624999 0.75595425625 0.778502109375 0.7569063609375 0.77475325625 0.766440375 0.776509359375 0.7807426890625 0.7824533421875 0.789086571875 0.7909573796875 0.7862276625
0 0.716231328125 0.8026618359375 0.7198519015625 0.7840698671874999 0.717035284375 0.7771567359375 0.71346889375 0.7721504109375 0.7037760609375 0.773340540625 0.70152675 0.7790609453124999 0.70416090625 0.8005144156249999 0.709665859375 0.80528271875 0.716231328125 0.8026618359375
0 0.6430048234375 0.8152824078125 0.6460039015625 0.8076551984375 0.6442477984375 0.793352884375 0.6383038187500001 0.7850090015625 0.6286109843750001 0.78619913125 0.6263616734374999 0.7919195375 0.6285568031250001 0.8097974328124999 0.634500784375 0.8181413109375001 0.6430048234375 0.8152824078125
0 0.686166415625 0.846277671875 0.68916549375 0.8386504640625001 0.687409390625 0.82434815 0.6790878171875 0.8126667125000001 0.6732721171875 0.813380790625 0.669523265625 0.8229148015625001 0.6717183953125 0.8407926984375 0.6776623765625 0.84913658125 0.686166415625 0.846277671875
0 0.7593929203124999 0.8336571015625 0.7638915453124999 0.822216290625 0.76301349375 0.8150651328125 0.75425289375 0.79980811875 0.74843719375 0.800522196875 0.7431888 0.8138698109375 0.744505878125 0.8245965500000001 0.7528274515625 0.8362779828125 0.7593929203124999 0.8336571015625
0 0.8326194328125001 0.821036534375 0.8356185109375 0.8134093265625 0.8314848171874999 0.7957694562500001 0.82360226875 0.7876636046875001 0.8182255953125 0.7919532593749999 0.8159762828125 0.7976736640625 0.8186104390625 0.8191271359375 0.8221768265625 0.8241334640625 0.8326194328125001 0.821036534375
0 0.90664989375 0.7829108625 0.9030835046875 0.7779045359375 0.8918911296875001 0.78290826875 0.8933364890625001 0.8026929609375 0.8992804703124999 0.8110368453125 0.9058459390625 0.8084159640624999 0.9103445625000001 0.796975153125 0.90664989375 0.7829108625
0 0.9798764 0.7702902921875 0.9700552859375 0.7624224609375 0.9628683265625 0.7760081078125001 0.9641854046875 0.786734840625 0.9701293859375 0.7950787234375001 0.978633425 0.7922198140625001 0.981632503125 0.78459260625 0.9798764 0.7702902921875
0 0.9506895390625001 0.821057284375 0.9384908296875001 0.8098519 0.9332424359375 0.8231995203125001 0.9349985406249999 0.837501834375 0.9428810890625 0.8456076906250001 0.9475079921875 0.8432248343750001 0.9509460984375 0.8391732015625 0.9506895390625001 0.821057284375
0 0.8762200515625 0.855607375 0.8787801046875 0.8444045890625 0.8770239999999999 0.8301022765624999 0.8710800203125 0.8217583921875 0.8579490796875 0.8270001578124999 0.8561387937499999 0.8362961390624999 0.857894896875 0.850598453125 0.8638388796875001 0.8589423359374999 0.8762200515625 0.855607375
0 0.8029935390625 0.8682279484375 0.8059926234375 0.8606007375000001 0.8042365203124999 0.8462984234375 0.7959149453125 0.8346169906249999 0.7920378125 0.83509304375 0.78678941875 0.8484406578125 0.7885455218749999 0.8627429718749999 0.794489503125 0.87108685 0.8029935390625 0.8682279484375
0 0.7258898968749999 0.8813245656250001 0.730827546875 0.8734593296875 0.7286324171875 0.8555814390625001 0.7226884359375 0.84723755625 0.7168727359375 0.847951634375 0.7126848578125 0.8539100671875 0.712941421875 0.8720259875 0.7188854015625 0.8803698656250001 0.7258898968749999 0.8813245656250001
0 0.65460195625 0.8937071109374999 0.6580400640625 0.8896554765625 0.657783503125 0.8715395609375 0.6537780875 0.8629576531250001 0.6436462265625 0.8605722015625 0.6394583500000001 0.8665306375 0.639275884375 0.8810709781250001 0.6480364859375001 0.8963279921874999 0.65460195625 0.8937071109374999