0 0.8640625 0.8796875 0.0890625 0.075
0 0.56171875 0.68359375 0.0796875 0.0703125
0 0.3734375 0.7796875 0.078125 0.06328125
0 0.25546875 0.7796875 0.08203125 0.0609375
0 0.13046875 0.77890625 0.0765625 0.05546875
0 0.43515625 0.69296875 0.0734375 0.0640625
0 0.3140625 0.68984375 0.07578125 0.06015625
0 0.190625 0.6921875 0.0734375 0.053125
0 0.86875 0.603125 0.0828125 0.0640625
0 0.7515625 0.60234375 0.08359375 0.05234375
0 0.63203125 0.6015625 0.06953125 0.05546875
0 0.49921875 0.60859375 0.08984375 0.06484375
0 0.37734375 0.603125 0.08203125 0.0578125
0 0.2515625 0.603125 0.08125 0.05703125
0 0.13203125 0.6046875 0.0796875 0.06171875
0 0.81328125 0.51953125 0.08515625 0.05703125
0 0.6921875 0.51953125 0.0734375 0.0625
0 0.565625 0.521875 0.0875 0.0546875
0 0.43984375 0.51640625 0.07890625 0.05
0 0.31328125 0.515625 0.0671875 0.0515625
0 0.19375 0.5203125 0.0765625 0.0609375
0 0.8578125 0.43515625 0.07109375 0.0625
0 0.7515625 0.43203125 0.07421875 0.0578125
0 0.6328125 0.4296875 0.0921875 0.0609375
0 0.50703125 0.434375 0.07421875 0.05390625
0 0.3828125 0.4359375 0.0734375 0.0515625
0 0.25546875 0.43359375 0.08203125 0.05859375
0 0.13671875 0.43671875 0.06875 0.05625
0 0.80625 0.35 0.0703125 0.05546875
0 0.86328125 0.265625 0.06171875 0.05234375
0 0.746875 0.2625 0.0671875 0.05234375
0 0.690625 0.34375 0.06171875 0.053125
0 0.5671875 0.3453125 0.0640625 0.046875
0 0.62734375 0.26640625 0.0609375 0.0515625
0 0.440625 0.35 0.0703125 0.0453125
0 0.684375 0.1828125 0.06875 0.05
0 0.80546875 0.18125 0.06875 0.04921875
0 0.4390625 0.18125 0.07578125 0.05390625
0 0.38046875 0.26484375 0.07734375 0.05078125
0 0.4984375 0.26953125 0.0640625 0.0546875
0 0.3203125 0.3515625 0.075 0.046875
0 0.32734375 0.18359375 0.0734375 0.05390625
0 0.26484375 0.265625 0.06875 0.04609375
0 0.19140625 0.346875 0.07265625 0.04921875
0 0.13515625 0.26640625 0.0703125 0.04921875
0 0.20234375 0.18125 0.0625 0.0484375
0 0.13984375 0.0984375 0.07578125 0.0546875
0 0.26796875 0.1 0.071875 0.05625
0 0.38203125 0.09921875 0.06640625 0.05390625
0 0.50234375 0.1015625 0.0640625 0.05234375
0 0.6203125 0.10390625 0.059375 0.05625
0 0.74296875 0.1015625 0.06484375 0.053125
0 0.86796875 0.096875 0.06328125 0.04921875
0 0.56015625 0.1859375 0.065625 0.05546875