0 0.90859375 0.3421875 0.0703125 0.0609375
0 0.9375 0.17890625 0.0765625 0.0703125
0 0.86171875 0.24609375 0.0734375 0.0625
0 0.8171875 0.1546875 0.084375 0.0625
0 0.74375 0.228125 0.075 0.0625
0 0.67109375 0.29609375 0.078125 0.06875
0 0.5515625 0.2734375 0.071875 0.0640625
0 0.62421875 0.20390625 0.071875 0.065625
0 0.5734375 0.115625 0.071875 0.0640625
0 0.45234375 0.09296875 0.078125 0.0625
0 0.490625 0.1875 0.075 0.06875
0 0.4125 0.27109375 0.071875 0.059375
0 0.37265625 0.15546875 0.075 0.065625
0 0.3015625 0.22890625 0.078125 0.0625
0 0.184375 0.2015625 0.078125 0.0671875
0 0.25859375 0.12578125 0.0796875 0.0640625
0 0.3359375 0.05703125 0.08125 0.0640625
0 0.221875 0.0359375 0.0703125 0.0625
0 0.69765625 0.134375 0.075 0.0671875