0 0.8820341953125 0.7724301703124999 0.8767105640624999 0.7652052765625 0.865518325 0.7585489562500001 0.8563737953125001 0.7559516140625 0.8446365921875 0.7570887640625 0.8263495609374999 0.768536321875 0.8234843953125001 0.776167546875 0.8247146421875 0.791916728125 0.8322222265624999 0.8012522359375 0.843414459375 0.8079085562499999 0.8632042249999999 0.8083134453125 0.8803992781250001 0.795810578125 0.8831282 0.7901277234374999 0.8820341953125 0.7724301703124999
0 0.819128675 0.871799790625 0.8200823765624999 0.8581612171874999 0.8181709140625 0.8521538734374999 0.806159190625 0.8405455125 0.783093503125 0.8369747078125 0.7649427156249999 0.8464738984375 0.7596211125 0.85589125 0.7590761406250001 0.8636847203125001 0.768358940625 0.8809759359375 0.7841915671875 0.8879567453125 0.7923803640625 0.8875504125000001 0.8005691593750001 0.8871440828124999 0.8139433171875 0.8792687718750001 0.819128675 0.871799790625
0 0.8585780468750001 0.9244846640625 0.8400165015625 0.9231867140625001 0.8191367968750001 0.938368765625 0.817910609375 0.95590406875 0.8319700375 0.9715714078125 0.850122853125 0.978714459375 0.8583116531250001 0.978308128125 0.8690931281250001 0.9741673078125 0.8778269 0.965967509375 0.879325575 0.9445354671875 0.8675863343750001 0.9290303734375 0.8585780468750001 0.9244846640625
0 0.7117246703125 0.924005146875 0.703127140625 0.9302565812499999 0.695349103125 0.941460053125 0.69480413125 0.949253521875 0.6987633015625 0.95931984375 0.713095221875 0.9710904484375 0.73752536875 0.9718198250000001 0.754720421875 0.9593169578125 0.753898903125 0.9377226765625 0.74639131875 0.9283871687499999 0.7373830328125 0.9238414593750001 0.7117246703125 0.924005146875
0 0.6253345796875001 0.942437840625 0.621375409375 0.9323715203124999 0.611547634375 0.92287376875 0.593258575 0.917679084375 0.5813851265625 0.9207646015625001 0.5703311625 0.9288021578125001 0.565145803125 0.9362711406249999 0.5641921015625 0.9499097078125001 0.5759313374999999 0.9654148046875 0.587259821875 0.9701227578125 0.600089003125 0.970040915625 0.6059576078125 0.9694723406250001 0.62192444375 0.9578625359374999 0.6253345796875001 0.942437840625
0 0.682922559375 0.8857700625 0.690564353125 0.8765149546875 0.6938382484375001 0.86303863125 0.6898790781249999 0.852972303125 0.6822352515625 0.8455851671874999 0.670906775 0.8408772140625 0.6569856171875 0.8399037515625001 0.6451121609375 0.8429892671875001 0.6365146375 0.8492406984375 0.6311930343750001 0.8586580500000001 0.63051181875 0.868399884375 0.6346072328125001 0.8765178406249999 0.644435009375 0.8860155921875 0.653443296875 0.8905613015625 0.6685926703125 0.8906417 0.682922559375 0.8857700625
0 0.7474670546875 0.7963045265625001 0.75278865625 0.7868871734375 0.7533336296875001 0.7790937046875 0.7417306359375 0.76164024375 0.73272235 0.757094534375 0.7141608046875 0.7557965859375 0.7046075468749999 0.7590443453125 0.6934173375 0.7690302703125 0.69014344375 0.78250659375 0.6941026140625 0.7925729203125 0.7039303875 0.8020706687500001 0.7129386734375001 0.806616378125 0.7280880515625 0.8066967796875 0.7364130906249999 0.8043420812500001 0.7474670546875 0.7963045265625001
0 0.6339138375 0.7864062140625 0.635140025 0.7688709109375 0.627632440625 0.7595354046875 0.6164402078125 0.7528790843750001 0.5978786625 0.7515811343750001 0.5883254046874999 0.75482889375 0.577135196875 0.76481481875 0.575772765625 0.7842984921875 0.5876482453125 0.7978552171875 0.5966565312500001 0.8024009265625001 0.6118059109375 0.8024813296875 0.617674515625 0.801912753125 0.628728478125 0.7938751953125001 0.6339138375 0.7864062140625
0 0.5453438609375 0.8360127875 0.53619933125 0.8334154453125 0.52214193125 0.8343903515625 0.512588671875 0.8376381109375 0.5038549 0.8458379125000001 0.5009897343749999 0.8534691375 0.50221998125 0.86921831875 0.518735853125 0.8830995328125001 0.54084580625 0.883666665625 0.5580408593749999 0.8711637984375 0.5607697828125 0.8654809437500001 0.559539534375 0.8497317609374999 0.5453438609375 0.8360127875
0 0.424695846875 0.8442183609375 0.412547878125 0.834558365625 0.389345946875 0.832935928125 0.3735153578125 0.8425973625 0.368329996875 0.8500663453125 0.3675125390625 0.8617565484374999 0.37911553750000004 0.8792100125 0.392764209375 0.884080209375 0.403273196875 0.8838361203125 0.418831303125 0.8780714203125 0.4251086375 0.871657746875 0.4287912625 0.8523363171874999 0.424695846875 0.8442183609375
0 0.49144865624999995 0.95657035625 0.492129871875 0.9468285234374999 0.494586309375 0.945042396875 0.4929473296875 0.9351383203125 0.4765677046875 0.9193087359375 0.45336577343749995 0.9176862984374999 0.43753518125 0.9273477359375001 0.4320773375 0.938713453125 0.43139612187500004 0.9484552859375001 0.43330758593749996 0.954462634375 0.44313536249999996 0.9639603828125001 0.45446383749999997 0.9686683359374999 0.4696132171875 0.9687487375 0.47548182343749995 0.9681801625 0.49144865624999995 0.95657035625
0 0.3456852203125 0.9405039046875 0.34445497187499996 0.9247547218750001 0.3369473890625 0.915419215625 0.32575515625 0.9087628953125 0.30241698125 0.9090888250000001 0.28890658125 0.9189125031250001 0.283721221875 0.926381484375 0.28276751875 0.940020059375 0.29464300468750004 0.9535767859375 0.303651290625 0.9581224953125 0.3234410515625 0.9585273843750001 0.3317660921875 0.956172684375 0.3429562984375 0.946186759375 0.3456852203125 0.9405039046875
0 0.23348428437500002 0.8279107031249999 0.2169704421875 0.83067173125 0.2034600453125 0.8404954124999999 0.19964117812499999 0.86176520625 0.21151666093750002 0.875321934375 0.2228451375 0.8800298874999999 0.233354128125 0.8797858 0.24877599374999998 0.8759694671875 0.2599661984375 0.8659835421875 0.2611923859375 0.8484482390625001 0.2494531453125 0.8329431421875 0.23348428437500002 0.8279107031249999
0 0.1419088375 0.853812378125 0.13235354531250001 0.8404178953124999 0.123345259375 0.8358721859375 0.104783715625 0.8345742359375 0.0976868953125 0.8360358734375 0.0818563015625 0.8456973078125 0.07858240625 0.8591736375 0.082405334375 0.8711883281249999 0.0922331078125 0.8806860765625 0.10124139375 0.8852317859375001 0.1140705796875 0.8851499437499999 0.1270360078125 0.8831197328125 0.13808996875 0.875082178125 0.1419088375 0.853812378125
0 0.1257895140625 0.7342326 0.10490777968750001 0.73277240625 0.08430055625 0.7440577203125 0.0828018828125 0.7654897640625 0.09249341718750001 0.7769358796875 0.101501703125 0.7814815890625 0.12361165625 0.78204871875 0.13193669531250002 0.7796940218749999 0.143126903125 0.7697081 0.144489334375 0.750224428125 0.1347978015625 0.738778309375 0.1257895140625 0.7342326
0 0.2727811703125 0.7494059921875 0.263225884375 0.736011509375 0.2473932578125 0.7290307015625 0.2404326828125 0.7285439703125001 0.22378259687500002 0.7332533671875 0.21764150781249997 0.7377186734375 0.20945474218750001 0.7547672515625 0.21327766874999998 0.7667819421875001 0.2231054453125 0.776279690625 0.234433921875 0.78098764375 0.24726310625 0.7809058015625 0.25313170937499996 0.7803372265624999 0.269098546875 0.768727421875 0.2727811703125 0.7494059921875
0 0.3429319375 0.746479834375 0.3370653625 0.76369065625 0.344164215625 0.7788712609374999 0.353036259375 0.7853653390625001 0.36804939062500003 0.7873941046875 0.3810148203125 0.7853638953125001 0.3945252171875 0.7755402171875 0.3982078421875 0.7562187875 0.37964426875 0.7382785937499999 0.35876252656249996 0.7368184 0.3429319375 0.746479834375
0 0.5102583265625 0.754264646875 0.5026144984375 0.746877509375 0.49811035625000005 0.7446046546875 0.474908425 0.7429822171875 0.45648515468750006 0.756378146875 0.45525896718750003 0.7739134484375 0.46481425937500004 0.787307934375 0.47832668749999996 0.7941264984374999 0.48883567499999997 0.7938824125 0.505622 0.78722465 0.5132637953125 0.777969540625 0.516265203125 0.7683899515625 0.5102583265625 0.754264646875
0 0.8162432093750001 0.713008575 0.81897213125 0.7073257203125001 0.817605640625 0.6935249031249999 0.8057301578124999 0.6799681765625001 0.79440168125 0.6752602234375 0.7851209078125 0.6746112484375 0.770791021875 0.6794828875000001 0.7621934921875 0.68573431875 0.7585108671875 0.7050557484375 0.76042233125 0.711063096875 0.7724340578125 0.72267145625 0.7769382015625 0.7249443109375 0.7967279625 0.7253491999999999 0.80505300625 0.7229945 0.8162432093750001 0.713008575
0 0.6572377984375 0.669584578125 0.641270965625 0.68119438125 0.6399085343750001 0.7006780531250001 0.6562881593750001 0.7165076375 0.6783981140625001 0.7170747703125 0.69559316875 0.704571903125 0.6984583328125 0.6969406765625 0.6969556 0.6850882296874999 0.6827599249999999 0.671369259375 0.6759355859375 0.6689341609375 0.6572377984375 0.669584578125
0 0.5808097015625 0.6789244140624999 0.5666140265624999 0.6652054421875 0.545868528125 0.66179688125 0.5363152703125 0.665044640625 0.525261309375 0.6730821953125 0.521578684375 0.6924036250000001 0.5333179218749999 0.7079087203125 0.5469665953125 0.7127789171875001 0.5528352 0.7122103453124999 0.5658006265625 0.7101801328125 0.576854590625 0.7021425781249999 0.5794472703125 0.6984080875 0.5808097015625 0.6789244140624999
0 0.4345053515625 0.703935915625 0.4451505828125 0.701743459375 0.4537481125 0.6954920265625 0.459069715625 0.6860746796875 0.45988717343749996 0.6743844765625 0.457975709375 0.668377128125 0.44814793125 0.6588793796875 0.439139646875 0.6543336703125 0.4252184875 0.6533602078125 0.413345040625 0.656445725 0.4047475109375 0.6626971578124999 0.399425909375 0.6721145046875 0.39874469375 0.68185634375 0.40270386562500005 0.6919226640625 0.4103476921875 0.6993098046874999 0.42399636406249996 0.7041800015625 0.4345053515625 0.703935915625
0 0.320537315625 0.6499559765625 0.3019757703125 0.6486580265625 0.2924225109375 0.6519057859374999 0.2812323046875 0.6618917109375 0.27986987343749997 0.681375384375 0.296249496875 0.6972049640625 0.31835945312499997 0.6977720953125 0.332825584375 0.6909520875 0.33801094374999996 0.68348310625 0.3391008875 0.6678961671875 0.3295456015625 0.6545016859375 0.320537315625 0.6499559765625
0 0.206304909375 0.6664417453125 0.194429428125 0.6528850203125 0.183100946875 0.648177065625 0.1738201734375 0.6475280921875 0.1619467265625 0.6506136078125 0.14843632499999998 0.6604372890625 0.14488994375 0.6778103484375 0.1488491140625 0.6878766749999999 0.15649293749999998 0.6952638109375 0.16331727812500002 0.697698909375 0.18542723125 0.69826604375 0.1937522703125 0.69591134375 0.204942478125 0.68592541875 0.206304909375 0.6664417453125
0 0.1579814625 0.5906205546875001 0.1585264359375 0.5828270843750001 0.154567265625 0.5727607578125 0.14023534843750002 0.5609901546875 0.10775264531249999 0.55871874375 0.0966986796875 0.5667563015625 0.0912408359375 0.5781220171875 0.092471084375 0.5938711999999999 0.09997866718750001 0.603206703125 0.108986953125 0.6077524125 0.1240000859375 0.6097811796875 0.1368292703125 0.6096993375 0.15265986250000002 0.6000379 0.1579814625 0.5906205546875001
0 0.21325736874999998 0.6003595015625 0.22731679843750002 0.6160268421875 0.256387334375 0.61708070625 0.2711259515625 0.6063639640625 0.274672334375 0.5889909 0.2705769203125 0.58087294375 0.2607491484375 0.5713751953124999 0.2353632625 0.567642146875 0.21448355624999998 0.5828242 0.21325736874999998 0.6003595015625
0 0.397097596875 0.6053832859375 0.4006439765625 0.5880102265625 0.3987325140625 0.582002878125 0.386720790625 0.5703945187499999 0.3707519203125 0.565362078125 0.358878471875 0.5684475953125 0.3455043140625 0.5763229078125 0.3401827125 0.5857402546875 0.339637740625 0.5935337234375 0.3435969109375 0.60360005 0.3512407375 0.6109871874999999 0.360249025 0.615532896875 0.38003878593749996 0.6159377828125 0.390820259375 0.6117969624999999 0.397097596875 0.6053832859375
0 0.5252531890625 0.6065132203125 0.5260706484375001 0.5948230171875 0.51433140625 0.5793179234375 0.50300293125 0.5746099703125 0.4914019625 0.5737987515625 0.48430514375 0.5752603875 0.47079474218749995 0.58508406875 0.466975875 0.6063538625 0.47885135468750006 0.619910590625 0.49017983750000005 0.6246185453125 0.5006888265625 0.62437445625 0.5113340578125001 0.622182003125 0.5199315859375 0.615930571875 0.5252531890625 0.6065132203125
0 0.640854115625 0.6204705109375 0.6445367390625 0.60114908125 0.6426252765625 0.5951417328125 0.6327975015625 0.585643984375 0.61450844375 0.5804493 0.6003147984375 0.5833725734375 0.5917172703125 0.58962400625 0.5865319125 0.5970929890625001 0.5854419671875 0.6126799265625 0.59172133125 0.6229084921875 0.599501396875 0.6283472640625 0.6063257359375 0.6307823625 0.61915491875 0.6307005203125 0.6298001531249999 0.628508065625 0.640854115625 0.6204705109375
0 0.7631390734375 0.6055267765625 0.75344754375 0.5940806578125 0.7444392578125 0.5895349484375 0.723557515625 0.5880747546875 0.7101833609375 0.5959500656250001 0.7049980031249999 0.603419046875 0.70226908125 0.609101909375 0.7039080578125 0.6190059859375 0.7157835375 0.6325627140625001 0.7271120203125 0.63727066875 0.737621009375 0.6370265796875 0.7482662421875 0.6348341265624999 0.75932020625 0.62679656875 0.7631390734375 0.6055267765625
0 0.8695934421875 0.6002444765625 0.8487117015625 0.5987842828125001 0.8304246734375 0.6102318437500001 0.82674205 0.629553271875 0.840801478125 0.645220609375 0.8521299625 0.6499285625 0.8579985656250001 0.6493599875 0.87096399375 0.647329778125 0.8820179546875 0.6392922203125 0.88733955625 0.629874875 0.8859730640624999 0.61607405625 0.8695934421875 0.6002444765625
0 0.8218149640625001 0.5166298109375 0.8128066781250001 0.5120841015625001 0.7965653296874999 0.510948396875 0.7784145421875001 0.520447590625 0.773229184375 0.527916571875 0.772411725 0.539606775 0.7765071390625 0.5477247328125 0.7908390546875 0.559495334375 0.8152692078125 0.5602247078125 0.8249587078125 0.555028584375 0.830144065625 0.5475596031250001 0.8315064968750001 0.5280759296875 0.8218149640625001 0.5166298109375
0 0.832724565625 0.443971646875 0.8314983781249999 0.46150695468749997 0.835593790625 0.4696249109375 0.8500619546875001 0.479447146875 0.8721719078125 0.4800142796875 0.8893669624999999 0.46751141093750004 0.89072939375 0.4480277390625 0.8886816859375 0.44396876093750004 0.874349765625 0.43219815781250004 0.8463712062500001 0.4321996 0.832724565625 0.443971646875
0 0.7444189531250001 0.4231125109375 0.7325455046875 0.42619802656249994 0.7214915390625001 0.434235584375 0.7176726734375001 0.45550537812499997 0.7317321015625 0.47117271718750003 0.7385564421875 0.473607815625 0.7537058171875 0.473688215625 0.7620308609374999 0.47133351875 0.773084821875 0.4632959609375 0.7769036875 0.4420261671875 0.7650282093749999 0.4284694390625 0.7444189531250001 0.4231125109375
0 0.705943584375 0.5232115046875 0.7041683625 0.5152557921875001 0.689972690625 0.50153681875 0.6738675781250001 0.49845274531249995 0.66199413125 0.5015382609375 0.650940165625 0.509575815625 0.6472575421875 0.5288972453125 0.6589967828125001 0.5444023421875 0.6761938640625 0.548541721875 0.6867028562499999 0.5482976328125 0.6976205734375001 0.5422084453125 0.7055348546875 0.529056603125 0.705943584375 0.5232115046875
0 0.6540696984375 0.43147888125 0.6477903328125 0.42125031562500004 0.6400102671875 0.41581154375 0.6192647671875 0.4124029828125 0.6073913203125 0.4154884984375 0.601250228125 0.41995380625 0.59606486875 0.4274227875 0.59483868125 0.44495809687500004 0.6067141609375 0.45851482343749994 0.6180426437500001 0.4632227765625 0.6285516328125 0.46297869062499997 0.6391968640625 0.460786234375 0.6502508296875 0.45274867968750004 0.6540696984375 0.43147888125
0 0.5260483140625001 0.4117583359375 0.517040028125 0.4072126265625 0.498478484375 0.4059146765625 0.48646879218750005 0.4109485609375 0.47773502187499994 0.419148359375 0.4747336125 0.4287279546875 0.478420296875 0.442691009375 0.49507240625 0.454623859375 0.5148621703125 0.45502874843749996 0.523187209375 0.45267405 0.5343774171875 0.442688125 0.5357398484375 0.4232044515625 0.5260483140625001 0.4117583359375
0 0.5867962765625 0.5266272796875 0.5878862218750001 0.5110403406249999 0.5715065953125 0.49521075625 0.5506248609375 0.4937505640625 0.5386151625 0.49878444687499995 0.53233783125 0.505198121875 0.52879145 0.5225711859375 0.5307029140624999 0.528578528125 0.5405306875 0.5380762796874999 0.549538971875 0.5426219890625 0.5646883515625001 0.5427023875 0.5705569578125 0.542133815625 0.58161091875 0.5340962609375 0.5867962765625 0.5266272796875
0 0.396668565625 0.44480595 0.4019901671875 0.435388603125 0.40253514062500007 0.427595134375 0.39857596875 0.4175288078125 0.3909321421875 0.41014167031250004 0.38192385624999997 0.4055959609375 0.3656825078125 0.40446025468749996 0.3585856828125 0.405921890625 0.345075284375 0.41574557187499994 0.34152890468749997 0.43311863125 0.34344036718750004 0.43912597968749995 0.35763604375 0.45284494999999997 0.3772895625 0.455198203125 0.385614603125 0.4528435078125 0.396668565625 0.44480595
0 0.45754465 0.49115754999999994 0.448536365625 0.486611840625 0.43229500937500004 0.485476134375 0.42274175156249993 0.48872389375 0.4115515453125 0.49870981875 0.408822625 0.5043926734374999 0.41005287187499995 0.52014185625 0.4242485453125 0.5338608296875 0.4439020671875 0.5362140859375 0.457003734375 0.5322355062499999 0.46573750625 0.5240357046875 0.46928388749999994 0.506662646875 0.45754465 0.49115754999999994
0 0.3192948859375 0.53435333125 0.3278924125 0.5281019 0.332941528125 0.5225812828125 0.3360791796875 0.5110533234375 0.3300723015625 0.4969280234375 0.324612425 0.49165149531249996 0.3156041390625 0.4871057859375 0.2947224046875 0.4856455921875 0.278891809375 0.4953070265625 0.2737064515625 0.5027760078125 0.27288899375 0.5144662125 0.2748004578125 0.5204735609375 0.286812184375 0.5320819203125 0.2981406578125 0.536789871875 0.3086496515625 0.536545784375 0.3192948859375 0.53435333125
0 0.22674543749999998 0.40747114375000004 0.221560078125 0.41494012500000005 0.22279032499999998 0.43068930781250003 0.2391699484375 0.4465188875 0.2636001 0.44724826249999994 0.2757460375 0.44026601093749995 0.280931396875 0.4327970296875 0.2820213421875 0.417210090625 0.2679619109375 0.4015427546875 0.24257602656250002 0.39780970625 0.22674543749999998 0.40747114375000004
0 0.119469553125 0.3911591578125 0.1084155875 0.3991967140625 0.10309398593750001 0.40861406093749997 0.1024127703125 0.4183559 0.10855589218749999 0.430532834375 0.12084010468749999 0.438244459375 0.14759044375000002 0.43913607656250003 0.1649217421875 0.42468484375 0.1638277359375 0.40698729843750003 0.149632059375 0.39326832500000003 0.142807728125 0.39083322656249997 0.119469553125 0.3911591578125
0 0.2161103546875 0.49287481718750004 0.1995944828125 0.4789936 0.1787127484375 0.47753340624999996 0.16056196250000002 0.48703259687499995 0.1548316296875 0.5022950484375001 0.1566068515625 0.5102507609375 0.1662983859375 0.5216968796875 0.175306671875 0.5262425890625 0.1950964328125 0.526647478125 0.20096503437500002 0.5260789015625 0.2144754359375 0.516255225 0.21720435781249997 0.5105723625 0.2161103546875 0.49287481718750004
0 0.8631372296875 0.2591194 0.8488073406250001 0.2639910390625 0.8400735734375001 0.2721908375 0.8365271921874999 0.289563903125 0.8482664328125 0.305068996875 0.8572747187499999 0.30961470625 0.8770644796875 0.3100195921875 0.8916668546875 0.3012512203125 0.8998536218750001 0.28420264375 0.8958944515624999 0.27413632187500003 0.88156253125 0.2623657171875 0.8631372296875 0.2591194
0 0.777428359375 0.2678102578125 0.7652803890625 0.258150265625 0.74439865625 0.256690071875 0.7285680609375 0.266351509375 0.723382703125 0.2738204921875 0.7224290015625 0.287459059375 0.7343044812499999 0.3010157890625 0.7456329640625 0.3057237421875 0.7584621453125 0.305641896875 0.76910738125 0.3034494453125 0.77770490625 0.2971980140625 0.7815237734375 0.2759282140625 0.777428359375 0.2678102578125
0 0.8246598281249999 0.3425761484375 0.8036418515625 0.34306432187499997 0.79408859375 0.34631208281250003 0.7828983843749999 0.35629800624999997 0.7801694640625 0.3619808625 0.781535953125 0.3757816796875 0.7912274874999999 0.38722779531249996 0.8002357734375 0.3917735046875 0.8200255359374999 0.392178390625 0.8370843453125 0.38162389375 0.8398132687500001 0.37594103749999996 0.83885550625 0.356295121875 0.8246598281249999 0.3425761484375
0 0.687495953125 0.3369005046875 0.669345165625 0.34639969531250003 0.6641598078125 0.3538686765625 0.66320610625 0.3675072515625 0.6727613921875 0.3809017328125 0.686273821875 0.387720296875 0.6991030078125 0.387638453125 0.704971609375 0.3870698796875 0.7184820109375 0.3772461984375 0.722437121875 0.354028034375 0.7037373015624999 0.338036209375 0.687495953125 0.3369005046875
0 0.62115593125 0.25198789062500004 0.6072368046875 0.26765667031249996 0.6083308093750001 0.2853542234375 0.6225264828125 0.2990731921875 0.644636440625 0.2996403265625 0.6529614828125 0.2972856265625 0.66428793125 0.28535133749999997 0.6633301687500001 0.2657054203125 0.658006534375 0.258480525 0.6468143015625001 0.2518242046875 0.62115593125 0.25198789062500004
0 0.8397929671875 0.20951859687500002 0.8410191546875 0.1919832953125 0.8356955203125 0.1847583984375 0.8223193359375 0.1759914671875 0.803757790625 0.17469351718749998 0.7879271984375 0.18435495468750002 0.782741840625 0.1918239359375 0.7816518953125 0.20741087500000002 0.791343425 0.2188569890625 0.80485585625 0.2256755546875 0.8153648468749999 0.22543146875 0.8260100828124999 0.22323901249999997 0.8346076078125 0.216987578125 0.8397929671875 0.20951859687500002
0 0.6850192171875 0.172264190625 0.6741014937500001 0.1783533765625 0.6689161359375 0.185822359375 0.6661872125 0.1915052203125 0.6676899484375001 0.2033576671875 0.6840695718750001 0.2191872484375 0.7061795281250001 0.21975437812499998 0.7233745828125 0.2072515171875 0.7247370140625 0.18776784375 0.7105413359375 0.1740488703125 0.7037170046875 0.171613771875 0.6850192171875 0.172264190625
0 0.6001318609374999 0.202549334375 0.6008130781250001 0.19280749531250002 0.59685390625 0.182741175 0.5870261343750001 0.17324342343750002 0.5616402484374999 0.169510375 0.5458096578125 0.1791718125 0.54048805625 0.188589159375 0.5398068406250001 0.1983309984375 0.549225884375 0.21367384843749998 0.5673787 0.22081689999999998 0.5732473062500001 0.2202483265625 0.5862127312500001 0.2182181140625 0.5948102609375 0.21196668125 0.6001318609374999 0.202549334375
0 0.49340907031250003 0.24501285468749998 0.4749857984375 0.2584087796875 0.47362336718750003 0.2778924515625 0.49000299375 0.2937220359375 0.514433140625 0.2944514125 0.5291717578124999 0.283734671875 0.5319006796875 0.2780518109375 0.5306704328125 0.262302628125 0.520978903125 0.2508565125 0.5074664734375001 0.2440379484375 0.49340907031250003 0.24501285468749998
0 0.42722559687499995 0.3245743109375 0.4088023234375 0.3379702390625 0.4075761359375 0.3555055421875 0.41945161875 0.36906227187499996 0.43896889375 0.3733638921875 0.45193432343750006 0.3713336828125 0.46053184687500004 0.36508225156249996 0.4658534484375 0.3556649 0.46475944374999995 0.337967353125 0.4504275265625 0.3261967484375 0.42722559687499995 0.3245743109375
0 0.4665123359375 0.162858384375 0.44112644999999995 0.1591253359375 0.4315731921875 0.1623730953125 0.4203829875 0.1723590171875 0.41751782187500003 0.17999024218749998 0.42106826249999996 0.19590166874999998 0.4287120875 0.2032888078125 0.44004056875 0.20799676093750002 0.4575101375 0.20823940625 0.47197626875000004 0.20141939999999997 0.47729787031250004 0.1920020484375 0.478115328125 0.18031184375 0.4665123359375 0.162858384375
0 0.35364641875 0.1931449703125 0.3588317796875 0.1856759890625 0.35978548125 0.172037415625 0.34586229375 0.15442171093749998 0.32279660625 0.15085090625 0.31569977968749996 0.1523125421875 0.30464581874999996 0.160350096875 0.2994604609375 0.16781907812500002 0.2986430015625 0.1795092828125 0.3005544640625 0.18551663125 0.3125661890625 0.197124990625 0.3215744734375 0.20167069999999998 0.334403659375 0.20158885468749999 0.3450488921875 0.1993964015625 0.35364641875 0.1931449703125
0 0.40592497656250004 0.2457479984375 0.39814490625 0.24030922968750001 0.37507921875 0.23673842500000003 0.359384871875 0.24445149531250002 0.351470590625 0.25760333125 0.35106186093749997 0.2634484375 0.35502103125 0.2735147578125 0.36703275468749996 0.2851231203125 0.3890064703125 0.2876386171875 0.3973315109375 0.2852839203125 0.4083854734375 0.2772463625 0.4141158046875 0.26198391249999997 0.40592497656250004 0.2457479984375
0 0.30671179843749996 0.3141892703125 0.2971585390625 0.31743703125 0.28842476875 0.3256368328125 0.2856958453125 0.3313196875 0.2867898515625 0.34901723906250004 0.30330572031249997 0.362898453125 0.325415675 0.3634655859375 0.34261072812500004 0.3509627171875 0.34533965 0.3452798625 0.343973159375 0.3314790453125 0.332097675 0.31792231875 0.30671179843749996 0.3141892703125
0 0.23354947187500003 0.2434838046875 0.23450723281250002 0.2631297203125 0.23983086718750002 0.2703546140625 0.2510231 0.277010934375 0.2731330578125 0.2775780671875 0.2903281109375 0.2650752 0.2916905421875 0.2455915265625 0.28418296249999997 0.236256021875 0.272990721875 0.22959970156249998 0.254429178125 0.22830175156250002 0.23354947187500003 0.2434838046875
0 0.228921265625 0.3430127765625 0.22769101875 0.32726359375 0.21799948750000003 0.3158174796875 0.2089912015625 0.3112717703125 0.20216686250000002 0.308836671875 0.188109459375 0.30981157656249997 0.1747353046875 0.317686890625 0.169549946875 0.325155871875 0.1668210234375 0.3308387265625 0.168187515625 0.3446395453125 0.17351115 0.3518644375 0.1870235796875 0.358683003125 0.2091335328125 0.3592501359375 0.22619234375000002 0.3486956375 0.228921265625 0.3430127765625
0 0.13350665 0.2237618140625 0.1127631875 0.23699549531250003 0.11140075625000001 0.25647916875 0.12778038281249998 0.272308753125 0.15453072343750002 0.27320037343750003 0.1642202265625 0.2680042421875 0.17186201875 0.258749140625 0.172815721875 0.24511056718750002 0.1665363578125 0.2348820015625 0.1543883921875 0.2252220078125 0.13350665 0.2237618140625
0 0.199690125 0.14420035625 0.190136865625 0.1474481171875 0.1764902265625 0.15922016249999998 0.17540028125 0.1748071 0.1816796453125 0.185035671875 0.19164366093750002 0.1925850515625 0.2160738125 0.193314425 0.22439884999999998 0.1909597296875 0.233132621875 0.182759928125 0.23667900312499998 0.16538686875 0.2204356234375 0.1476089171875 0.199690125 0.14420035625
0 0.17770829375 0.075115884375 0.16351261718750001 0.06139691093750001 0.152047896875 0.0586373265625 0.1356702984375 0.0594499875 0.1221599015625 0.06927366562500001 0.118204790625 0.0924918296875 0.1324004640625 0.1062108015625 0.1392248046875 0.1086459 0.159014565625 0.109050790625 0.16979603906250001 0.10490996718750001 0.1762096203125 0.096547921875 0.179074784375 0.088916696875 0.17770829375 0.075115884375
0 0.30190877656250004 0.09946398281249999 0.3006785265625 0.0837148015625 0.29098699687499996 0.0722686828125 0.279658515625 0.0675607296875 0.26573735625 0.0665872671875 0.2538639078125 0.06967278437499999 0.2425374578125 0.0816070734375 0.24131126875 0.09914238125 0.24540668281250003 0.1072603375 0.2598748453125 0.11708257343749999 0.2819848 0.11764970625 0.2903098375 0.11529500625 0.299043609375 0.1070952078125 0.30190877656250004 0.09946398281249999
0 0.42215008750000005 0.11374575468749999 0.4248790109375 0.1080629 0.42364876249999994 0.0923137171875 0.41736939843750004 0.082085146875 0.40958932812500004 0.0766463765625 0.386387396875 0.075023940625 0.37683413906249996 0.0782717 0.3679641265625 0.08841986874999999 0.36509896249999996 0.09605109375000001 0.3672829125 0.09816170156250001 0.36660169531250003 0.1079035421875 0.3807973734375 0.12162251093750001 0.40277108437500003 0.124138009375 0.41587275312500005 0.12015943281250001 0.42215008750000005 0.11374575468749999
0 0.532423325 0.0871936609375 0.520958596875 0.084434075 0.50458100625 0.0852467375 0.4910706046875 0.0950704140625 0.4883416828125 0.1007532765625 0.4894356875 0.118450821875 0.49694327187500004 0.1277863296875 0.5059515578125 0.1323320390625 0.5280615125 0.13289916875000002 0.545256565625 0.12039630625 0.546482753125 0.1028609984375 0.5402033890625 0.09263243437499999 0.532423325 0.0871936609375
0 0.658809784375 0.13029461250000002 0.6615387078125 0.1246117578125 0.6604447015625 0.10691420468749999 0.65512106875 0.0996893125 0.6439288359375 0.0930329921875 0.62304709375 0.0915727984375 0.6134938359375 0.0948205578125 0.6046238234375 0.1049687265625 0.601758659375 0.1125999515625 0.6032613921875 0.12445239999999999 0.6174570703125 0.13817137031249999 0.6242814015625 0.1406064671875 0.641750975 0.14084911093750002 0.6500760171875 0.13849441406250002 0.658809784375 0.13029461250000002
0 0.7308679546875 0.1000913125 0.7255463515625 0.10950866562499999 0.7267766 0.125257846875 0.7387883265624999 0.13686620625 0.753665215625 0.1408433390625 0.768950834375 0.1389753734375 0.782597478125 0.127203325 0.783959909375 0.10771965312500001 0.7675802828125 0.091890071875 0.74192191875 0.0920537578125 0.7308679546875 0.1000913125
0 0.8882303234375 0.10032674374999999 0.8769018484375 0.0956187921875 0.8653008796874999 0.0948075734375 0.8534274312499999 0.09789308906250001 0.8448299015625 0.10414452031250002 0.842100978125 0.10982738125 0.8429224984375001 0.1314216625 0.8595746109375 0.1433545109375 0.8816845656250001 0.14392164375 0.8913740671875001 0.1387255140625 0.901608540625 0.125735921875 0.8980581000000001 0.1098244953125 0.8882303234375 0.10032674374999999
0 0.590871390625 0.3683227953125 0.59605675 0.3608538125 0.59714669375 0.345266875 0.587591403125 0.33187239218750003 0.5785831171875 0.3273266828125 0.560021571875 0.3260287328125 0.552924753125 0.32749036875000004 0.539278109375 0.3392624171875 0.536004215625 0.3527387421875 0.539963384375 0.36280506875 0.5497911609374999 0.37230281718749997 0.563439834375 0.3771730140625 0.5716286296875001 0.376766684375 0.582273865625 0.374574228125 0.590871390625 0.3683227953125