0 0.07519531093750001 0.0832648046875 0.0605468765625 0.095985815625 0.056640625 0.10755036874999999 0.056640625 0.11911492500000001 0.0605468765625 0.13067948125 0.0732421875 0.1434004921875 0.09179687656249999 0.1422440375 0.0986328125 0.13877466875 0.10742187656249999 0.1237407484375 0.10742187656249999 0.10292454843750001 0.10156250156249999 0.0913599921875 0.0947265625 0.0855777140625 0.07519531093750001 0.0832648046875
0 0.11816406406249999 0.113332646875 0.10742187656249999 0.1260536578125 0.103515625 0.1353053046875 0.103515625 0.151495684375 0.10742187656249999 0.1607473265625 0.11621093593750001 0.171155428125 0.1201171875 0.1734683390625 0.1386718765625 0.1723118828125 0.1523437484375 0.1584344171875 0.1542968765625 0.1329923953125 0.1484374984375 0.12142783906250001 0.1396484375 0.113332646875 0.1298828125 0.11101973750000001 0.11816406406249999 0.113332646875
0 0.07519531093750001 0.14571340625 0.0605468765625 0.1584344171875 0.056640625 0.167686059375 0.056640625 0.18618935 0.0673828125 0.203536184375 0.07519531093750001 0.2081620078125 0.08984374843750001 0.207005553125 0.09667968906249999 0.203536184375 0.10546874843750001 0.1908151734375 0.10742187656249999 0.167686059375 0.09667968906249999 0.15033922500000002 0.0888671875 0.14571340625 0.07519531093750001 0.14571340625
0 0.1669921875 0.0832648046875 0.15625 0.0936729015625 0.1523437484375 0.10292454843750001 0.1523437484375 0.12142783906250001 0.1630859359375 0.13877466875 0.1708984375 0.1434004921875 0.1855468765625 0.1422440375 0.1923828125 0.13877466875 0.203125 0.12142783906250001 0.2011718765625 0.098298725 0.1884765625 0.0832648046875 0.1806640640625 0.080951890625 0.1669921875 0.0832648046875
0 0.1865234375 0.15033922500000002 0.1689453109375 0.148026315625 0.1630859359375 0.15033922500000002 0.1523437484375 0.1630602375 0.1484374984375 0.1723118828125 0.1484374984375 0.183876440625 0.15625 0.2023797296875 0.1630859359375 0.2081620078125 0.1689453109375 0.2104749171875 0.181640625 0.20931846250000002 0.1884765625 0.20584909375 0.1953125015625 0.19775390625 0.2011718765625 0.183876440625 0.2011718765625 0.17462479375 0.1953125015625 0.1584344171875 0.1865234375 0.15033922500000002
0 0.1357421875 0.180407071875 0.1201171875 0.180407071875 0.11230468906249999 0.1850328953125 0.103515625 0.19775390625 0.10156250156249999 0.2162571953125 0.10546874843750001 0.2278217515625 0.1142578125 0.238229853125 0.1289062515625 0.24169921875 0.1376953109375 0.2405427625 0.1484374984375 0.23013466093749999 0.1523437484375 0.22088301875 0.1523437484375 0.200066815625 0.1435546890625 0.1850328953125 0.1357421875 0.180407071875
0 0.1650390640625 0.2127878265625 0.1572265625 0.21741364999999999 0.150390625 0.2278217515625 0.1484374984375 0.2509508640625 0.1523437484375 0.2602025078125 0.1611328125 0.270610609375 0.1650390640625 0.27292351875 0.1835937484375 0.2717670640625 0.1953125015625 0.2602025078125 0.1992187484375 0.2509508640625 0.2011718765625 0.24169921875 0.1992187484375 0.232447575 0.1884765625 0.215100740625 0.1650390640625 0.2127878265625
0 0.1337890640625 0.2451685859375 0.1201171875 0.2451685859375 0.11230468906249999 0.24979440625 0.103515625 0.2602025078125 0.10156250156249999 0.26482833125 0.10156250156249999 0.2856445296875 0.11230468906249999 0.3029913640625 0.12207031093750001 0.3076171875 0.130859375 0.3064607328125 0.1376953109375 0.305304278125 0.1484374984375 0.2925832625 0.1523437484375 0.2833316203125 0.1523437484375 0.267141240625 0.1416015625 0.24979440625 0.1337890640625 0.2451685859375
0 0.0947265625 0.215100740625 0.08105468906249999 0.2104749171875 0.07128906406249999 0.2127878265625 0.056640625 0.23013466093749999 0.056640625 0.253263775 0.06933593593750001 0.270610609375 0.0732421875 0.27292351875 0.087890625 0.2717670640625 0.0927734375 0.270610609375 0.103515625 0.2578895984375 0.10742187656249999 0.2486379515625 0.10742187656249999 0.2370733953125 0.103515625 0.2255088421875 0.0947265625 0.215100740625
0 0.0888671875 0.2775493421875 0.07128906406249999 0.2775493421875 0.0585937484375 0.290270353125 0.0546874984375 0.301834909375 0.0546874984375 0.311086553125 0.0585937484375 0.324964021875 0.0673828125 0.3353721203125 0.0771484375 0.33999794375 0.083984375 0.3388414890625 0.0927734375 0.3353721203125 0.10156250156249999 0.324964021875 0.10546874843750001 0.3157123765625 0.10546874843750001 0.299522 0.09667968906249999 0.282175165625 0.0888671875 0.2775493421875
0 0.10156250156249999 0.3272769328125 0.099609375 0.3504060453125 0.103515625 0.3596576875 0.11621093593750001 0.3723787 0.134765625 0.37122224375 0.1484374984375 0.35503186875 0.150390625 0.334215665625 0.1445312515625 0.3203382 0.1357421875 0.3122430109375 0.11621093593750001 0.3122430109375 0.10156250156249999 0.3272769328125
0 0.1591796890625 0.282175165625 0.1523437484375 0.28795744375 0.146484375 0.299522 0.1445312515625 0.3064607328125 0.146484375 0.322651109375 0.1523437484375 0.334215665625 0.1630859359375 0.3423108578125 0.1796874984375 0.3411543984375 0.1875 0.3365285796875 0.197265625 0.3180252890625 0.1953125015625 0.2972090859375 0.1826171875 0.282175165625 0.1767578125 0.2798622515625 0.1591796890625 0.282175165625
0 0.1669921875 0.3446237671875 0.1591796890625 0.3469366765625 0.150390625 0.35503186875 0.1445312515625 0.3642835109375 0.1425781234375 0.3827868 0.1533203109375 0.404759459375 0.1630859359375 0.409385278125 0.1757812515625 0.40822882343750005 0.1826171875 0.404759459375 0.1914062515625 0.3943513578125 0.193359375 0.389725534375 0.193359375 0.3665964203125 0.1826171875 0.349249590625 0.1669921875 0.3446237671875
0 0.1357421875 0.3816303453125 0.11621093593750001 0.3793174359375 0.1083984375 0.38394325625 0.09765625156249999 0.401290090625 0.099609375 0.424419203125 0.11230468906249999 0.4394531234375 0.11816406406249999 0.4417660375 0.130859375 0.44060957968750003 0.1376953109375 0.43714021406250003 0.1445312515625 0.4290450265625 0.1484374984375 0.42210628906250003 0.150390625 0.4059159140625 0.1445312515625 0.392038446875 0.1357421875 0.3816303453125
0 0.07128906406249999 0.3446237671875 0.0546874984375 0.3642835109375 0.0546874984375 0.389725534375 0.0634765625 0.4024465453125 0.07128906406249999 0.40707236875 0.087890625 0.4059159140625 0.099609375 0.3943513578125 0.10546874843750001 0.378160978125 0.10546874843750001 0.37122224375 0.10156250156249999 0.3596576875 0.09082031093750001 0.3469366765625 0.07128906406249999 0.3446237671875
0 0.0888671875 0.4140111015625 0.0791015625 0.41169819218750003 0.0673828125 0.4140111015625 0.056640625 0.424419203125 0.052734375 0.43367084531250005 0.052734375 0.4544870484375 0.056640625 0.46373869218749997 0.06933593593750001 0.47414679375 0.08593749843750001 0.4729903390625 0.0927734375 0.4695209703125 0.10156250156249999 0.4544870484375 0.103515625 0.447548315625 0.10156250156249999 0.4313579359375 0.09765625156249999 0.42210628906250003 0.0888671875 0.4140111015625
0 0.1357421875 0.44870477031249995 0.1142578125 0.4463918578125 0.10644531093750001 0.4510176796875 0.09765625156249999 0.4660516046875 0.09765625156249999 0.4868678046875 0.1083984375 0.5042146390625 0.11816406406249999 0.508840459375 0.1269531234375 0.507684003125 0.1357421875 0.5042146390625 0.1425781234375 0.496119446875 0.1484374984375 0.48224198124999995 0.1484374984375 0.470677425 0.1425781234375 0.45679995937499995 0.1357421875 0.44870477031249995
0 0.1572265625 0.416324015625 0.1445312515625 0.43367084531250005 0.1425781234375 0.44060957968750003 0.1445312515625 0.45679995937499995 0.150390625 0.468364515625 0.1611328125 0.476459703125 0.177734375 0.4753032484375 0.1845703109375 0.4718338796875 0.193359375 0.45679995937499995 0.193359375 0.43367084531250005 0.1806640640625 0.416324015625 0.1748046890625 0.4140111015625 0.1572265625 0.416324015625
0 0.1611328125 0.48108552656250003 0.1552734375 0.4833984359375 0.1445312515625 0.496119446875 0.1425781234375 0.519248559375 0.1533203109375 0.5389083046875001 0.1630859359375 0.543534128125 0.1738281234375 0.5423776734375 0.1826171875 0.5389083046875001 0.1894531234375 0.5308131171875 0.193359375 0.5215614734375 0.193359375 0.5007452703124999 0.1806640640625 0.4833984359375 0.1611328125 0.48108552656250003
0 0.1103515625 0.51346628125 0.09570312343750001 0.5331260265625 0.09765625156249999 0.558568053125 0.1103515625 0.5736019734375 0.130859375 0.57244551875 0.1425781234375 0.5608809625 0.146484375 0.551629315625 0.1445312515625 0.5308131171875 0.1298828125 0.51346628125 0.1240234375 0.511153371875 0.1103515625 0.51346628125
0 0.0888671875 0.48108552656250003 0.08496093593750001 0.47877261718749997 0.0673828125 0.47877261718749997 0.052734375 0.4938065375 0.052734375 0.50537109375 0.0507812515625 0.507684003125 0.052734375 0.5238743828125 0.06542968906249999 0.5389083046875001 0.07128906406249999 0.54122121875 0.08203125156249999 0.5400647625 0.08691406406249999 0.5389083046875001 0.09765625156249999 0.52618729375 0.10156250156249999 0.51693565 0.10156250156249999 0.5007452703124999 0.09765625156249999 0.491493628125 0.0888671875 0.48108552656250003
0 0.08496093593750001 0.5458470375 0.0791015625 0.543534128125 0.0634765625 0.5458470375 0.0507812515625 0.5608809625 0.048828123437499996 0.5678196953125 0.0507812515625 0.5886358953124999 0.0595703109375 0.601356909375 0.0673828125 0.6059827296875 0.08203125156249999 0.604826275 0.08691406406249999 0.6036698203124999 0.09570312343750001 0.59326171875 0.10156250156249999 0.574758428125 0.099609375 0.5655067859375 0.09570312343750001 0.5562551390625 0.08496093593750001 0.5458470375
0 0.11230468906249999 0.578227796875 0.099609375 0.5886358953124999 0.09375 0.604826275 0.09375 0.6140779203125 0.099609375 0.630268296875 0.1044921875 0.636050575 0.11230468906249999 0.6406763984375 0.1269531234375 0.63951994375 0.1337890640625 0.636050575 0.1445312515625 0.6210166546875 0.146484375 0.6117650078125 0.1445312515625 0.597887540625 0.1318359359375 0.58054070625 0.11230468906249999 0.578227796875
0 0.1748046890625 0.5481599515625 0.1591796890625 0.5481599515625 0.1425781234375 0.5678196953125 0.1425781234375 0.5886358953124999 0.1533203109375 0.6059827296875 0.1611328125 0.610608553125 0.1738281234375 0.6094520984375 0.1826171875 0.6059827296875 0.1875 0.6002004515625 0.193359375 0.586322984375 0.193359375 0.57244551875 0.1826171875 0.552785775 0.1748046890625 0.5481599515625
0 0.1591796890625 0.6129214625 0.1445312515625 0.6256424734375 0.140625 0.6372070296875 0.140625 0.6487715859375001 0.146484375 0.664961965625 0.1513671875 0.67074424375 0.1591796890625 0.6753700671875 0.1757812515625 0.674213609375 0.1875 0.664961965625 0.193359375 0.6487715859375001 0.193359375 0.63951994375 0.1855468765625 0.6210166546875 0.1787109359375 0.6152343765625 0.1591796890625 0.6129214625
0 0.1318359359375 0.645302221875 0.1279296890625 0.6429893078125 0.1103515625 0.6429893078125 0.09765625156249999 0.6557103203125 0.09179687656249999 0.676526521875 0.09765625156249999 0.6927168984375001 0.1044921875 0.700812090625 0.1142578125 0.705437909375 0.125 0.7042814546875 0.1337890640625 0.700812090625 0.140625 0.6927168984375001 0.1445312515625 0.68346525625 0.1445312515625 0.664961965625 0.140625 0.6557103203125 0.1318359359375 0.645302221875
0 0.08496093593750001 0.6129214625 0.06542968906249999 0.610608553125 0.0576171875 0.6152343765625 0.048828123437499996 0.6279553875 0.046875 0.6348941203125 0.048828123437499996 0.653397409375 0.0595703109375 0.66843133125 0.06933593593750001 0.6730571546874999 0.08007812343750001 0.6719007 0.08691406406249999 0.66843133125 0.09570312343750001 0.6580232328125 0.099609375 0.6464586765625 0.099609375 0.6372070296875 0.09570312343750001 0.6256424734375 0.08496093593750001 0.6129214625
0 0.1445312515625 0.6904039890625 0.140625 0.7019685453125 0.140625 0.7158460109375 0.1484374984375 0.732036390625 0.1572265625 0.73781866875 0.177734375 0.7366622109375001 0.1894531234375 0.7250976578125 0.1914062515625 0.697342721875 0.1855468765625 0.685778165625 0.1748046890625 0.677682978125 0.1572265625 0.677682978125 0.1445312515625 0.6904039890625
0 0.2333984375 0.11564555937500001 0.2216796890625 0.113332646875 0.2099609359375 0.1179584703125 0.2011718765625 0.128366571875 0.197265625 0.13761821406250002 0.197265625 0.15380859375 0.2060546890625 0.171155428125 0.2177734375 0.1780941609375 0.2265625015625 0.17693770625 0.2353515625 0.1734683390625 0.2460937484375 0.1607473265625 0.2480468765625 0.156121503125 0.2480468765625 0.1353053046875 0.2421874984375 0.1237407484375 0.2333984375 0.11564555937500001
0 0.2460937484375 0.098298725 0.244140625 0.12142783906250001 0.2480468765625 0.13067948125 0.2568359359375 0.1410875828125 0.2607421875 0.1434004921875 0.2792968765625 0.1422440375 0.2949218765625 0.1237407484375 0.2949218765625 0.10292454843750001 0.2783203109375 0.0832648046875 0.2607421875 0.0832648046875 0.2509765625 0.0902035375 0.2460937484375 0.098298725
0 0.2841796890625 0.1526521390625 0.2763671875 0.148026315625 0.2626953109375 0.148026315625 0.25 0.156121503125 0.2421874984375 0.1723118828125 0.2421874984375 0.183876440625 0.2480468765625 0.200066815625 0.2548828125 0.2081620078125 0.2646484375 0.2127878265625 0.271484375 0.21163137187499997 0.2841796890625 0.20584909375 0.2890625015625 0.200066815625 0.2949218765625 0.18618935 0.2949218765625 0.1723118828125 0.291015625 0.1607473265625 0.2841796890625 0.1526521390625
0 0.2099609359375 0.180407071875 0.203125 0.18618935 0.1953125015625 0.200066815625 0.1953125015625 0.21857010468750002 0.1992187484375 0.2278217515625 0.2080078125 0.238229853125 0.2119140640625 0.2405427625 0.2304687484375 0.23938630781249998 0.2460937484375 0.22088301875 0.2480468765625 0.21163137187499997 0.2460937484375 0.200066815625 0.2421874984375 0.1908151734375 0.2314453109375 0.180407071875 0.2099609359375 0.180407071875
0 0.2333984375 0.24979440625 0.2119140640625 0.247481496875 0.2041015625 0.2521073203125 0.1953125015625 0.26482833125 0.193359375 0.2833316203125 0.197265625 0.2948961765625 0.2060546890625 0.305304278125 0.2158203109375 0.3099300984375 0.224609375 0.3087736421875 0.2333984375 0.305304278125 0.240234375 0.2972090859375 0.2460937484375 0.2833316203125 0.2460937484375 0.2717670640625 0.240234375 0.2578895984375 0.2333984375 0.24979440625
0 0.2294921875 0.31686883125 0.2119140640625 0.3145559203125 0.2021484375 0.31918174375 0.193359375 0.3295898421875 0.1914062515625 0.334215665625 0.1914062515625 0.35503186875 0.2021484375 0.3723787 0.2099609359375 0.377004521875 0.224609375 0.3758480671875 0.2314453109375 0.3723787 0.240234375 0.3596576875 0.2421874984375 0.3365285796875 0.2382812515625 0.33190275625 0.2382812515625 0.3272769328125 0.2294921875 0.31686883125
0 0.2041015625 0.3816303453125 0.1914062515625 0.3989771796875 0.1894531234375 0.4059159140625 0.1914062515625 0.42210628906250003 0.1953125015625 0.4313579359375 0.2080078125 0.4417660375 0.224609375 0.44060957968750003 0.2314453109375 0.43714021406250003 0.240234375 0.424419203125 0.2421874984375 0.40360300000000005 0.234375 0.3874126234375 0.2236328125 0.3793174359375 0.2041015625 0.3816303453125
0 0.2236328125 0.4463918578125 0.2080078125 0.4463918578125 0.193359375 0.45911286875 0.1894531234375 0.470677425 0.1894531234375 0.4845548953125 0.2001953109375 0.5042146390625 0.2080078125 0.508840459375 0.224609375 0.507684003125 0.2314453109375 0.5042146390625 0.2382812515625 0.4938065375 0.2421874984375 0.4845548953125 0.2421874984375 0.4729903390625 0.2314453109375 0.4510176796875 0.2236328125 0.4463918578125
0 0.2216796890625 0.5157791953124999 0.2060546890625 0.5157791953124999 0.1962890640625 0.522717928125 0.1894531234375 0.535438940625 0.1894531234375 0.5562551390625 0.193359375 0.5655067859375 0.2021484375 0.5759148828125 0.2080078125 0.578227796875 0.2207031234375 0.5770713421875 0.234375 0.5678196953125 0.240234375 0.5539422296875001 0.240234375 0.5400647625 0.2363281234375 0.52850020625 0.2294921875 0.520405015625 0.2216796890625 0.5157791953124999
0 0.2197265625 0.58054070625 0.2021484375 0.5828536171875001 0.1953125015625 0.5886358953124999 0.1894531234375 0.6002004515625 0.1894531234375 0.6233295640625001 0.193359375 0.6325812109375 0.2060546890625 0.6429893078125 0.2226562515625 0.641832853125 0.2294921875 0.6383634890625001 0.2382812515625 0.6256424734375 0.240234375 0.604826275 0.234375 0.5909488078125 0.2255859359375 0.5828536171875001 0.2197265625 0.58054070625
0 0.2236328125 0.64761513125 0.2041015625 0.64761513125 0.1953125015625 0.6557103203125 0.1894531234375 0.6672748765625001 0.1894531234375 0.685778165625 0.1982421875 0.703125 0.2119140640625 0.7100637328125 0.21875 0.708907278125 0.2294921875 0.705437909375 0.2363281234375 0.697342721875 0.2421874984375 0.6811523421875 0.240234375 0.6672748765625001 0.234375 0.6557103203125 0.2236328125 0.64761513125
0 0.2568359359375 0.215100740625 0.2460937484375 0.2255088421875 0.240234375 0.2370733953125 0.2421874984375 0.255576684375 0.2460937484375 0.26482833125 0.2568359359375 0.2752364328125 0.2773437484375 0.2740799734375 0.291015625 0.2578895984375 0.2929687484375 0.2370733953125 0.2890625015625 0.2278217515625 0.2802734375 0.21741364999999999 0.2763671875 0.215100740625 0.2568359359375 0.215100740625
0 0.2783203109375 0.284488075 0.2744140640625 0.282175165625 0.2568359359375 0.282175165625 0.244140625 0.2925832625 0.2382812515625 0.3064607328125 0.2382812515625 0.3203382 0.2470703109375 0.337685034375 0.2607421875 0.3446237671875 0.271484375 0.3434673125 0.2822265625 0.337685034375 0.287109375 0.3295898421875 0.291015625 0.3203382 0.291015625 0.3064607328125 0.2851562515625 0.2925832625 0.2783203109375 0.284488075
0 0.2607421875 0.3469366765625 0.2490234375 0.3515625 0.2421874984375 0.3596576875 0.2382812515625 0.3665964203125 0.2363281234375 0.378160978125 0.240234375 0.3943513578125 0.2529296890625 0.409385278125 0.2675781234375 0.4105417375 0.2763671875 0.40707236875 0.2890625015625 0.389725534375 0.2890625015625 0.368909334375 0.2832031234375 0.357344778125 0.2744140640625 0.349249590625 0.2607421875 0.3469366765625
0 0.2529296890625 0.4140111015625 0.2382812515625 0.4313579359375 0.2363281234375 0.43829666874999995 0.2382812515625 0.45679995937499995 0.2529296890625 0.47414679375 0.2734374984375 0.4729903390625 0.2851562515625 0.46142578125 0.2890625015625 0.45217413593750005 0.2890625015625 0.435983759375 0.2763671875 0.416324015625 0.2724609359375 0.4140111015625 0.2529296890625 0.4140111015625
0 0.2685546890625 0.4833984359375 0.2490234375 0.48571135 0.2382812515625 0.4984323609375 0.2363281234375 0.5238743828125 0.240234375 0.5331260265625 0.2490234375 0.543534128125 0.2548828125 0.5458470375 0.271484375 0.5446905828124999 0.2832031234375 0.5331260265625 0.2890625015625 0.519248559375 0.2890625015625 0.5099969171875001 0.2832031234375 0.496119446875 0.2763671875 0.48802425937500005 0.2685546890625 0.4833984359375
0 0.2724609359375 0.5504728609375 0.2666015625 0.5481599515625 0.2490234375 0.5504728609375 0.2363281234375 0.5678196953125 0.234375 0.574758428125 0.2363281234375 0.5909488078125 0.240234375 0.6002004515625 0.2529296890625 0.610608553125 0.2695312515625 0.6094520984375 0.2763671875 0.6059827296875 0.2851562515625 0.59326171875 0.287109375 0.5816971609375 0.2851562515625 0.5793842515625001 0.2851562515625 0.5678196953125 0.2724609359375 0.5504728609375
0 0.2509765625 0.6152343765625 0.240234375 0.6256424734375 0.2363281234375 0.6348941203125 0.2363281234375 0.6557103203125 0.2470703109375 0.6730571546874999 0.2548828125 0.677682978125 0.2695312515625 0.676526521875 0.2763671875 0.6730571546874999 0.2851562515625 0.6603361421875 0.287109375 0.653397409375 0.2851562515625 0.6325812109375 0.2705078125 0.6152343765625 0.2509765625 0.6152343765625
0 0.3330078125 0.12027138281250001 0.3212890640625 0.113332646875 0.3134765625 0.113332646875 0.2949218765625 0.1260536578125 0.291015625 0.1353053046875 0.291015625 0.156121503125 0.296875 0.167686059375 0.3056640640625 0.1757812484375 0.3095703109375 0.1780941609375 0.322265625 0.17693770625 0.3291015625 0.1734683390625 0.337890625 0.1630602375 0.3417968765625 0.15380859375 0.3417968765625 0.13761821406250002 0.337890625 0.1260536578125 0.3330078125 0.12027138281250001
0 0.3271484375 0.182719984375 0.3095703109375 0.180407071875 0.3037109359375 0.182719984375 0.2929687484375 0.195440996875 0.2890625015625 0.2046926390625 0.2890625015625 0.21857010468750002 0.2929687484375 0.23013466093749999 0.3017578125 0.2405427625 0.3115234375 0.2451685859375 0.3164062515625 0.24401213125000001 0.3232421875 0.24285567343749997 0.3359374984375 0.232447575 0.3398437484375 0.2255088421875 0.3417968765625 0.207005553125 0.337890625 0.195440996875 0.3271484375 0.182719984375
0 0.2958984375 0.2544202296875 0.287109375 0.267141240625 0.2851562515625 0.2856445296875 0.2890625015625 0.2972090859375 0.2998046890625 0.3099300984375 0.3056640640625 0.3122430109375 0.3164062515625 0.311086553125 0.3291015625 0.305304278125 0.3359374984375 0.2948961765625 0.337890625 0.2717670640625 0.3251953109375 0.2521073203125 0.3056640640625 0.24979440625 0.2958984375 0.2544202296875
0 0.2998046890625 0.31918174375 0.291015625 0.3272769328125 0.2851562515625 0.3411543984375 0.2851562515625 0.35503186875 0.2929687484375 0.37122224375 0.2998046890625 0.377004521875 0.3037109359375 0.3793174359375 0.322265625 0.378160978125 0.333984375 0.3665964203125 0.337890625 0.357344778125 0.3359374984375 0.334215665625 0.3271484375 0.3214946546875 0.3193359359375 0.31686883125 0.2998046890625 0.31918174375
0 0.3173828125 0.3816303453125 0.2998046890625 0.38394325625 0.2929687484375 0.389725534375 0.2851562515625 0.40360300000000005 0.287109375 0.4267321125 0.3017578125 0.44407894687500005 0.3203125015625 0.4429224921875 0.3271484375 0.4394531234375 0.3359374984375 0.4267321125 0.337890625 0.4059159140625 0.333984375 0.3966642671875 0.3232421875 0.38394325625 0.3173828125 0.3816303453125
0 0.3017578125 0.44870477031249995 0.2939453109375 0.45333059374999995 0.2851562515625 0.4660516046875 0.2832031234375 0.48918071406249997 0.287109375 0.4984323609375 0.2998046890625 0.511153371875 0.3203125015625 0.5099969171875001 0.3320312515625 0.4984323609375 0.3359374984375 0.48918071406249997 0.3359374984375 0.4729903390625 0.328125 0.45679995937499995 0.3212890640625 0.4510176796875 0.3017578125 0.44870477031249995
0 0.3154296890625 0.5180921046875 0.2958984375 0.520405015625 0.2832031234375 0.53775185 0.2832031234375 0.558568053125 0.2939453109375 0.5759148828125 0.3017578125 0.58054070625 0.3164062515625 0.5793842515625001 0.3212890640625 0.578227796875 0.3300781234375 0.5678196953125 0.333984375 0.558568053125 0.333984375 0.5400647625 0.3300781234375 0.5308131171875 0.3154296890625 0.5180921046875
0 0.3037109359375 0.5828536171875001 0.2958984375 0.587479440625 0.287109375 0.597887540625 0.2832031234375 0.6140779203125 0.2851562515625 0.6256424734375 0.291015625 0.6372070296875 0.3017578125 0.645302221875 0.3203125015625 0.6441457625 0.333984375 0.630268296875 0.337890625 0.6117650078125 0.3320312515625 0.59557463125 0.3271484375 0.589792353125 0.3154296890625 0.5828536171875001 0.3037109359375 0.5828536171875001
0 0.3115234375 0.64761513125 0.2978515625 0.649928040625 0.2851562515625 0.664961965625 0.2832031234375 0.6719007 0.2851562515625 0.6927168984375001 0.2958984375 0.7077508234375001 0.3056640640625 0.712376646875 0.3164062515625 0.7112201875 0.3232421875 0.7077508234375001 0.333984375 0.6927168984375001 0.3359374984375 0.6719007 0.3320312515625 0.662649053125 0.3193359359375 0.649928040625 0.3115234375 0.64761513125
0 0.3603515625 0.080951890625 0.3466796890625 0.08789062343750001 0.3417968765625 0.0936729015625 0.337890625 0.10292454843750001 0.337890625 0.12142783906250001 0.3486328125 0.13877466875 0.3564453109375 0.1434004921875 0.3710937484375 0.1422440375 0.3759765625 0.1410875828125 0.3867187484375 0.128366571875 0.390625 0.1121761921875 0.3867187484375 0.095985815625 0.3779296890625 0.0855777140625 0.3603515625 0.080951890625
0 0.3740234375 0.15033922500000002 0.3564453109375 0.148026315625 0.3417968765625 0.1584344171875 0.3359374984375 0.1723118828125 0.3359374984375 0.18618935 0.3466796890625 0.20584909375 0.3564453109375 0.2127878265625 0.365234375 0.21163137187499997 0.3779296890625 0.20584909375 0.3828125015625 0.200066815625 0.3886718765625 0.18618935 0.3886718765625 0.1723118828125 0.3828125015625 0.1584344171875 0.3740234375 0.15033922500000002
0 0.3759765625 0.22203947343750002 0.3564453109375 0.21741364999999999 0.3466796890625 0.22203947343750002 0.337890625 0.232447575 0.333984375 0.24169921875 0.333984375 0.255576684375 0.3398437484375 0.2717670640625 0.3447265625 0.2775493421875 0.3564453109375 0.282175165625 0.365234375 0.2810187109375 0.3740234375 0.2775493421875 0.3828125015625 0.267141240625 0.3867187484375 0.2578895984375 0.3867187484375 0.24401213125000001 0.380859375 0.2278217515625 0.3759765625 0.22203947343750002
0 0.3466796890625 0.286800984375 0.333984375 0.3041478203125 0.3359374984375 0.33190275625 0.3466796890625 0.3446237671875 0.3525390640625 0.3469366765625 0.369140625 0.345780221875 0.380859375 0.334215665625 0.384765625 0.324964021875 0.384765625 0.3064607328125 0.380859375 0.2972090859375 0.3662109359375 0.284488075 0.3466796890625 0.286800984375
0 0.3486328125 0.353875409375 0.3359374984375 0.3665964203125 0.333984375 0.392038446875 0.337890625 0.401290090625 0.3466796890625 0.41169819218750003 0.3505859359375 0.4140111015625 0.369140625 0.41285464687499995 0.384765625 0.3943513578125 0.3867187484375 0.3850997109375 0.384765625 0.37122224375 0.3720703109375 0.353875409375 0.3642578125 0.3515625 0.3486328125 0.353875409375
0 0.3525390640625 0.416324015625 0.3447265625 0.420949834375 0.3359374984375 0.4313579359375 0.3320312515625 0.449861225 0.333984375 0.46142578125 0.3447265625 0.476459703125 0.3564453109375 0.48108552656250003 0.3632812515625 0.479929071875 0.3720703109375 0.476459703125 0.3828125015625 0.46373869218749997 0.384765625 0.43829666874999995 0.3789062515625 0.4267321125 0.3701171875 0.41863692500000005 0.3525390640625 0.416324015625
0 0.333984375 0.4984323609375 0.3300781234375 0.507684003125 0.3320312515625 0.52850020625 0.3466796890625 0.5458470375 0.3671874984375 0.5446905828124999 0.3828125015625 0.52618729375 0.3828125015625 0.50537109375 0.3662109359375 0.48571135 0.3603515625 0.4833984359375 0.3466796890625 0.48571135 0.333984375 0.4984323609375
0 0.3623046890625 0.5504728609375 0.3466796890625 0.552785775 0.333984375 0.5678196953125 0.3320312515625 0.574758428125 0.333984375 0.59557463125 0.3486328125 0.6129214625 0.3671874984375 0.6117650078125 0.3740234375 0.6082956421875 0.3828125015625 0.59557463125 0.384765625 0.5886358953124999 0.3828125015625 0.5701326046874999 0.3701171875 0.552785775 0.3623046890625 0.5504728609375
0 0.3701171875 0.6175472859375 0.3642578125 0.6152343765625 0.3447265625 0.6175472859375 0.3359374984375 0.6279553875 0.3320312515625 0.6372070296875 0.3320312515625 0.6557103203125 0.3427734375 0.6730571546874999 0.3505859359375 0.677682978125 0.3671874984375 0.676526521875 0.3740234375 0.6730571546874999 0.380859375 0.662649053125 0.384765625 0.653397409375 0.384765625 0.63951994375 0.380859375 0.630268296875 0.3701171875 0.6175472859375
0 0.3486328125 0.6823088 0.333984375 0.697342721875 0.3300781234375 0.70659436875 0.3320312515625 0.7250976578125 0.337890625 0.7366622109375001 0.3486328125 0.7447574015625 0.3671874984375 0.743600946875 0.3789062515625 0.732036390625 0.3828125015625 0.72278474375 0.3828125015625 0.7042814546875 0.3720703109375 0.6869346203125 0.3642578125 0.6823088 0.3486328125 0.6823088
0 0.4169921875 0.113332646875 0.4052734375 0.113332646875 0.3974609359375 0.1179584703125 0.3886718765625 0.128366571875 0.384765625 0.13761821406250002 0.384765625 0.15380859375 0.3886718765625 0.1630602375 0.3974609359375 0.1734683390625 0.4072265625 0.1780941609375 0.416015625 0.17693770625 0.4208984375 0.1757812484375 0.431640625 0.16537315 0.4375 0.151495684375 0.4375 0.139931128125 0.4287109359375 0.12027138281250001 0.4169921875 0.113332646875
0 0.4130859359375 0.2521073203125 0.4033203109375 0.2521073203125 0.3935546890625 0.2567331421875 0.384765625 0.267141240625 0.380859375 0.278705796875 0.380859375 0.28795744375 0.3896484375 0.3076171875 0.4052734375 0.31686883125 0.412109375 0.3157123765625 0.4208984375 0.3122430109375 0.431640625 0.299522 0.4335937484375 0.2763928875 0.4296874984375 0.26482833125 0.4228515625 0.2567331421875 0.4130859359375 0.2521073203125
0 0.4111328125 0.31918174375 0.3955078125 0.3214946546875 0.3828125015625 0.3365285796875 0.380859375 0.357344778125 0.3867187484375 0.37122224375 0.3935546890625 0.3793174359375 0.3974609359375 0.3816303453125 0.4179687484375 0.380473890625 0.431640625 0.3642835109375 0.4335937484375 0.3527189546875 0.431640625 0.3388414890625 0.4257812515625 0.3272769328125 0.4169921875 0.3214946546875 0.4111328125 0.31918174375
0 0.384765625 0.3989771796875 0.380859375 0.40822882343750005 0.380859375 0.4267321125 0.3935546890625 0.4463918578125 0.3994140640625 0.44870477031249995 0.416015625 0.447548315625 0.431640625 0.4290450265625 0.431640625 0.40822882343750005 0.4296874984375 0.401290090625 0.4189453109375 0.3885690796875 0.3994140640625 0.38625616875 0.384765625 0.3989771796875
0 0.4111328125 0.4510176796875 0.3994140640625 0.4510176796875 0.3916015625 0.455643503125 0.380859375 0.470677425 0.380859375 0.4938065375 0.3896484375 0.508840459375 0.4013671875 0.5157791953124999 0.4101562515625 0.5146227375 0.4228515625 0.508840459375 0.4296874984375 0.4984323609375 0.431640625 0.4938065375 0.431640625 0.4729903390625 0.4208984375 0.455643503125 0.4111328125 0.4510176796875
0 0.4130859359375 0.5180921046875 0.3974609359375 0.5180921046875 0.3896484375 0.522717928125 0.380859375 0.53775185 0.380859375 0.558568053125 0.3916015625 0.5759148828125 0.3994140640625 0.58054070625 0.4140625015625 0.5793842515625001 0.4208984375 0.5759148828125 0.427734375 0.5678196953125 0.431640625 0.558568053125 0.431640625 0.5400647625 0.4208984375 0.522717928125 0.4130859359375 0.5180921046875
0 0.4111328125 0.5828536171875001 0.3935546890625 0.5851665296874999 0.3867187484375 0.5909488078125 0.380859375 0.6025133640625 0.3789062515625 0.6094520984375 0.380859375 0.6256424734375 0.384765625 0.6348941203125 0.3955078125 0.645302221875 0.416015625 0.6441457625 0.427734375 0.6325812109375 0.431640625 0.6210166546875 0.431640625 0.607139184375 0.427734375 0.597887540625 0.4189453109375 0.587479440625 0.4111328125 0.5828536171875001
0 0.4189453109375 0.6522409546875 0.4091796890625 0.64761513125 0.3994140640625 0.64761513125 0.3896484375 0.6522409546875 0.3828125015625 0.6603361421875 0.3789062515625 0.6719007 0.3789062515625 0.6880910796874999 0.3828125015625 0.697342721875 0.3916015625 0.7077508234375001 0.4013671875 0.712376646875 0.412109375 0.7112201875 0.4189453109375 0.7077508234375001 0.427734375 0.697342721875 0.431640625 0.6880910796874999 0.431640625 0.6719007 0.427734375 0.662649053125 0.4189453109375 0.6522409546875
0 0.4697265625 0.0855777140625 0.4462890640625 0.0855777140625 0.4355468765625 0.098298725 0.431640625 0.10755036874999999 0.4335937484375 0.1237407484375 0.4375 0.1329923953125 0.4462890640625 0.1434004921875 0.4521484375 0.14571340625 0.4667968765625 0.144556946875 0.4736328125 0.1410875828125 0.4804687484375 0.1329923953125 0.484375 0.1237407484375 0.484375 0.105237459375 0.4804687484375 0.095985815625 0.4697265625 0.0855777140625
0 0.4482421875 0.15033922500000002 0.431640625 0.16999897343749998 0.431640625 0.1908151734375 0.4423828125 0.2081620078125 0.4501953109375 0.2127878265625 0.4648437484375 0.21163137187499997 0.4697265625 0.2104749171875 0.4824218765625 0.1931280828125 0.484375 0.17462479375 0.478515625 0.1607473265625 0.4677734375 0.15033922500000002 0.4482421875 0.15033922500000002
0 0.4697265625 0.22203947343750002 0.4521484375 0.21741364999999999 0.4423828125 0.22203947343750002 0.431640625 0.23476048437500002 0.4296874984375 0.2578895984375 0.4375 0.2740799734375 0.4443359359375 0.2798622515625 0.4482421875 0.282175165625 0.462890625 0.2810187109375 0.4697265625 0.2775493421875 0.478515625 0.267141240625 0.4824218765625 0.2578895984375 0.4824218765625 0.24169921875 0.478515625 0.232447575 0.4697265625 0.22203947343750002
0 0.4443359359375 0.2891138984375 0.431640625 0.3041478203125 0.427734375 0.313399465625 0.427734375 0.322651109375 0.4335937484375 0.3388414890625 0.4404296890625 0.3469366765625 0.4501953109375 0.3515625 0.458984375 0.3504060453125 0.4716796890625 0.3446237671875 0.478515625 0.334215665625 0.4804687484375 0.3087736421875 0.474609375 0.2972090859375 0.4658203109375 0.2891138984375 0.4443359359375 0.2891138984375
0 0.4443359359375 0.3561883234375 0.431640625 0.368909334375 0.427734375 0.380473890625 0.427734375 0.3943513578125 0.4384765625 0.4140111015625 0.4462890640625 0.41863692500000005 0.462890625 0.4174804703125 0.478515625 0.3989771796875 0.4804687484375 0.389725534375 0.478515625 0.3758480671875 0.474609375 0.3665964203125 0.4619140640625 0.3561883234375 0.4443359359375 0.3561883234375
0 0.4638671875 0.420949834375 0.4443359359375 0.420949834375 0.431640625 0.43367084531250005 0.427734375 0.4429224921875 0.427734375 0.45911286875 0.431640625 0.468364515625 0.4404296890625 0.47877261718749997 0.4501953109375 0.4833984359375 0.458984375 0.48224198124999995 0.4677734375 0.47877261718749997 0.4765625015625 0.468364515625 0.4804687484375 0.44523540156249997 0.474609375 0.4313579359375 0.4677734375 0.42326274843749995 0.4638671875 0.420949834375
0 0.4560546890625 0.4833984359375 0.4423828125 0.48571135 0.4335937484375 0.4938065375 0.427734375 0.507684003125 0.4296874984375 0.52850020625 0.4384765625 0.54122121875 0.4462890640625 0.5458470375 0.462890625 0.5446905828124999 0.4677734375 0.543534128125 0.478515625 0.52618729375 0.4804687484375 0.519248559375 0.478515625 0.503058184375 0.4638671875 0.48571135 0.4560546890625 0.4833984359375
0 0.4482421875 0.5481599515625 0.4384765625 0.552785775 0.4296874984375 0.5655067859375 0.427734375 0.5701326046874999 0.427734375 0.5909488078125 0.4384765625 0.6082956421875 0.4482421875 0.6129214625 0.4609374984375 0.6117650078125 0.4677734375 0.6082956421875 0.474609375 0.6002004515625 0.478515625 0.5909488078125 0.478515625 0.5701326046874999 0.4677734375 0.552785775 0.4482421875 0.5481599515625
0 0.4580078125 0.6152343765625 0.4462890640625 0.6152343765625 0.431640625 0.6279553875 0.427734375 0.6372070296875 0.427734375 0.6557103203125 0.431640625 0.664961965625 0.4404296890625 0.6753700671875 0.4443359359375 0.677682978125 0.462890625 0.676526521875 0.4697265625 0.6730571546874999 0.478515625 0.6580232328125 0.4804687484375 0.6487715859375001 0.478515625 0.6348941203125 0.4677734375 0.6198601953125 0.4580078125 0.6152343765625
0 0.4345703109375 0.689247534375 0.427734375 0.7019685453125 0.4257812515625 0.7135331015624999 0.427734375 0.7250976578125 0.4443359359375 0.7447574015625 0.462890625 0.743600946875 0.478515625 0.7250976578125 0.478515625 0.7042814546875 0.4677734375 0.6869346203125 0.4599609359375 0.6823088 0.4443359359375 0.6823088 0.4345703109375 0.689247534375
0 0.5166015625 0.1179584703125 0.5009765625 0.11564555937500001 0.484375 0.128366571875 0.478515625 0.1422440375 0.478515625 0.151495684375 0.484375 0.167686059375 0.4892578125 0.1734683390625 0.4951171875 0.1780941609375 0.505859375 0.1792506171875 0.5185546890625 0.1757812484375 0.5273437484375 0.16537315 0.53125 0.156121503125 0.53125 0.13761821406250002 0.5273437484375 0.128366571875 0.5166015625 0.1179584703125
0 0.5126953109375 0.1850328953125 0.4951171875 0.1850328953125 0.4804687484375 0.200066815625 0.4765625015625 0.21163137187499997 0.4765625015625 0.22088301875 0.4824218765625 0.23476048437500002 0.4912109359375 0.2451685859375 0.4970703109375 0.247481496875 0.5117187484375 0.246325040625 0.5185546890625 0.24285567343749997 0.525390625 0.23476048437500002 0.5292968765625 0.2255088421875 0.5292968765625 0.2046926390625 0.5234374984375 0.1931280828125 0.5126953109375 0.1850328953125
0 0.5107421875 0.2544202296875 0.4931640640625 0.2544202296875 0.478515625 0.2694541546875 0.474609375 0.28795744375 0.4804687484375 0.3041478203125 0.4873046890625 0.3122430109375 0.4951171875 0.31686883125 0.509765625 0.3157123765625 0.5146484375 0.3145559203125 0.5273437484375 0.2972090859375 0.5292968765625 0.28795744375 0.5273437484375 0.2740799734375 0.521484375 0.2625154203125 0.5107421875 0.2544202296875
0 0.4892578125 0.3238075640625 0.4824218765625 0.3295898421875 0.474609375 0.345780221875 0.4765625015625 0.3665964203125 0.4853515625 0.3793174359375 0.4931640640625 0.38394325625 0.5117187484375 0.3827868 0.525390625 0.3665964203125 0.5273437484375 0.3596576875 0.525390625 0.3388414890625 0.5126953109375 0.3238075640625 0.5048828125 0.3214946546875 0.4892578125 0.3238075640625
0 0.5087890640625 0.3885690796875 0.4931640640625 0.3885690796875 0.4853515625 0.3931949015625 0.474609375 0.41285464687499995 0.4765625015625 0.4313579359375 0.4912109359375 0.44870477031249995 0.5136718765625 0.447548315625 0.5195312515625 0.4429224921875 0.5273437484375 0.4267321125 0.5273437484375 0.4105417375 0.5234374984375 0.401290090625 0.5146484375 0.3908819890625 0.5087890640625 0.3885690796875
0 0.4931640640625 0.45333059374999995 0.4853515625 0.4579564140625 0.4765625015625 0.470677425 0.474609375 0.48918071406249997 0.478515625 0.5007452703124999 0.4892578125 0.51346628125 0.4951171875 0.5157791953124999 0.509765625 0.5146227375 0.5234374984375 0.5007452703124999 0.5273437484375 0.491493628125 0.5273437484375 0.47761615781250005 0.5166015625 0.4579564140625 0.5087890640625 0.45333059374999995 0.4931640640625 0.45333059374999995
0 0.4912109359375 0.5180921046875 0.4804687484375 0.52618729375 0.474609375 0.5400647625 0.474609375 0.5562551390625 0.478515625 0.5655067859375 0.4873046890625 0.5759148828125 0.4970703109375 0.58054070625 0.505859375 0.5793842515625001 0.5146484375 0.5759148828125 0.5234374984375 0.5655067859375 0.5273437484375 0.5562551390625 0.525390625 0.535438940625 0.5107421875 0.5180921046875 0.4912109359375 0.5180921046875
0 0.478515625 0.59557463125 0.474609375 0.604826275 0.474609375 0.6233295640625001 0.478515625 0.6325812109375 0.4912109359375 0.645302221875 0.5117187484375 0.6441457625 0.525390625 0.6279553875 0.5273437484375 0.607139184375 0.5166015625 0.587479440625 0.5087890640625 0.5828536171875001 0.4931640640625 0.5828536171875001 0.478515625 0.59557463125
0 0.4912109359375 0.649928040625 0.474609375 0.6695877890624999 0.4726562515625 0.6811523421875 0.474609375 0.6927168984375001 0.4873046890625 0.7100637328125 0.4970703109375 0.71468955625 0.5039062515625 0.7135331015624999 0.5195312515625 0.7042814546875 0.5273437484375 0.6880910796874999 0.5273437484375 0.676526521875 0.5234374984375 0.664961965625 0.5126953109375 0.6522409546875 0.4912109359375 0.649928040625
0 0.5292968765625 0.10292454843750001 0.5273437484375 0.10986328125 0.5292968765625 0.1260536578125 0.5458984375 0.14571340625 0.5644531234375 0.144556946875 0.578125 0.13067948125 0.5800781234375 0.105237459375 0.5761718765625 0.095985815625 0.5654296890625 0.0855777140625 0.5439453109375 0.0855777140625 0.5292968765625 0.10292454843750001
0 0.5693359359375 0.15727796249999998 0.5556640640625 0.15033922500000002 0.5498046890625 0.15033922500000002 0.5380859359375 0.1549650484375 0.53125 0.1630602375 0.5273437484375 0.16999897343749998 0.525390625 0.18618935 0.5273437484375 0.195440996875 0.5380859359375 0.2104749171875 0.5458984375 0.215100740625 0.5585937484375 0.21394428593749998 0.5634765625 0.2127878265625 0.5742187484375 0.2023797296875 0.5800781234375 0.18618935 0.5800781234375 0.1792506171875 0.5742187484375 0.1630602375 0.5693359359375 0.15727796249999998
0 0.5634765625 0.22435238281249997 0.5595703109375 0.22203947343750002 0.5419921875 0.22203947343750002 0.5273437484375 0.2370733953125 0.5234374984375 0.2486379515625 0.5234374984375 0.2578895984375 0.5292968765625 0.2717670640625 0.5380859359375 0.282175165625 0.5439453109375 0.284488075 0.5585937484375 0.2833316203125 0.5654296890625 0.2798622515625 0.572265625 0.2717670640625 0.578125 0.255576684375 0.578125 0.246325040625 0.5742187484375 0.2370733953125 0.5634765625 0.22435238281249997
0 0.5595703109375 0.2891138984375 0.5380859359375 0.2891138984375 0.525390625 0.3041478203125 0.521484375 0.313399465625 0.521484375 0.322651109375 0.5273437484375 0.3388414890625 0.5322265625 0.3446237671875 0.5439453109375 0.3515625 0.5546874984375 0.3504060453125 0.5634765625 0.3469366765625 0.572265625 0.3365285796875 0.5761718765625 0.313399465625 0.5703125015625 0.299522 0.5634765625 0.2914268078125 0.5595703109375 0.2891138984375
0 0.5634765625 0.3585012328125 0.5537109359375 0.353875409375 0.5458984375 0.353875409375 0.5341796890625 0.3585012328125 0.525390625 0.37122224375 0.5234374984375 0.3758480671875 0.5234374984375 0.3966642671875 0.5292968765625 0.40822882343750005 0.5380859359375 0.416324015625 0.5439453109375 0.41863692500000005 0.5546874984375 0.4174804703125 0.5634765625 0.4140111015625 0.5703125015625 0.4059159140625 0.5761718765625 0.389725534375 0.5761718765625 0.380473890625 0.572265625 0.368909334375 0.5634765625 0.3585012328125
0 0.5400390640625 0.420949834375 0.5234374984375 0.44060957968750003 0.521484375 0.447548315625 0.5234374984375 0.46373869218749997 0.5341796890625 0.47877261718749997 0.5419921875 0.4833984359375 0.556640625 0.48224198124999995 0.5615234375 0.48108552656250003 0.5703125015625 0.470677425 0.5742187484375 0.46142578125 0.5742187484375 0.44060957968750003 0.5576171875 0.420949834375 0.5400390640625 0.420949834375
0 0.5517578125 0.48571135 0.5400390640625 0.48571135 0.5341796890625 0.48802425937500005 0.525390625 0.4984323609375 0.521484375 0.50537109375 0.5195312515625 0.519248559375 0.525390625 0.535438940625 0.5322265625 0.543534128125 0.5400390640625 0.5481599515625 0.552734375 0.547003496875 0.5615234375 0.543534128125 0.5703125015625 0.5331260265625 0.5742187484375 0.5123098265625 0.5703125015625 0.5007452703124999 0.5615234375 0.4903371734375 0.5517578125 0.48571135
0 0.5537109359375 0.5504728609375 0.5341796890625 0.552785775 0.525390625 0.563193871875 0.521484375 0.57244551875 0.521484375 0.5909488078125 0.5292968765625 0.604826275 0.5400390640625 0.6129214625 0.5585937484375 0.6117650078125 0.5703125015625 0.6002004515625 0.5742187484375 0.5909488078125 0.5742187484375 0.57244551875 0.5703125015625 0.563193871875 0.5615234375 0.552785775 0.5537109359375 0.5504728609375
0 0.5576171875 0.6175472859375 0.5400390640625 0.6175472859375 0.5302734375 0.62448601875 0.5234374984375 0.6372070296875 0.521484375 0.6510845 0.525390625 0.664961965625 0.5400390640625 0.6799958875 0.5585937484375 0.6788394328125 0.5654296890625 0.6753700671875 0.5742187484375 0.6603361421875 0.5761718765625 0.653397409375 0.5742187484375 0.6372070296875 0.5703125015625 0.6279553875 0.5576171875 0.6175472859375
0 0.6162109359375 0.12027138281250001 0.6064453109375 0.11564555937500001 0.5966796890625 0.11564555937500001 0.5820312515625 0.1260536578125 0.5761718765625 0.13761821406250002 0.5742187484375 0.151495684375 0.578125 0.1630602375 0.5869140640625 0.1757812484375 0.5966796890625 0.180407071875 0.609375 0.1792506171875 0.6162109359375 0.1757812484375 0.625 0.16537315 0.6289062515625 0.156121503125 0.6289062515625 0.139931128125 0.625 0.13067948125 0.6162109359375 0.12027138281250001
0 0.5927734375 0.1873458046875 0.5849609359375 0.191971628125 0.5761718765625 0.2023797296875 0.572265625 0.21163137187499997 0.572265625 0.2255088421875 0.578125 0.23938630781249998 0.5849609359375 0.247481496875 0.6015625015625 0.2509508640625 0.6123046890625 0.247481496875 0.625 0.23013466093749999 0.625 0.207005553125 0.6142578125 0.191971628125 0.6064453109375 0.1873458046875 0.5927734375 0.1873458046875
0 0.6142578125 0.259046053125 0.6064453109375 0.2544202296875 0.5927734375 0.2544202296875 0.5849609359375 0.259046053125 0.5761718765625 0.2694541546875 0.572265625 0.2810187109375 0.572265625 0.2925832625 0.5830078125 0.3122430109375 0.5966796890625 0.31918174375 0.603515625 0.3180252890625 0.6123046890625 0.3145559203125 0.6210937484375 0.3041478203125 0.625 0.2972090859375 0.6269531234375 0.2833316203125 0.6210937484375 0.267141240625 0.6142578125 0.259046053125
0 0.5869140640625 0.3238075640625 0.572265625 0.3411543984375 0.5703125015625 0.34809313125 0.572265625 0.3642835109375 0.578125 0.3758480671875 0.5888671875 0.38394325625 0.609375 0.3827868 0.6230468765625 0.3665964203125 0.625 0.357344778125 0.6230468765625 0.3411543984375 0.6083984375 0.3238075640625 0.6025390640625 0.3214946546875 0.5869140640625 0.3238075640625
0 0.5927734375 0.38625616875 0.5830078125 0.3908819890625 0.5742187484375 0.401290090625 0.5703125015625 0.4105417375 0.5703125015625 0.4267321125 0.5849609359375 0.44870477031249995 0.6015625015625 0.449861225 0.6142578125 0.44407894687500005 0.6210937484375 0.43367084531250005 0.6230468765625 0.40822882343750005 0.6171874984375 0.3966642671875 0.6103515625 0.3908819890625 0.5927734375 0.38625616875
0 0.6103515625 0.4579564140625 0.6005859359375 0.45333059374999995 0.5888671875 0.45333059374999995 0.5810546890625 0.4579564140625 0.5703125015625 0.4729903390625 0.568359375 0.491493628125 0.572265625 0.5007452703124999 0.5830078125 0.51346628125 0.5869140640625 0.5157791953124999 0.6054687484375 0.5146227375 0.6123046890625 0.511153371875 0.619140625 0.503058184375 0.6230468765625 0.491493628125 0.6230468765625 0.47761615781250005 0.619140625 0.468364515625 0.6103515625 0.4579564140625
0 0.5742187484375 0.5331260265625 0.5703125015625 0.5423776734375 0.5703125015625 0.558568053125 0.578125 0.574758428125 0.5849609359375 0.58054070625 0.5888671875 0.5828536171875001 0.6054687484375 0.5816971609375 0.6123046890625 0.578227796875 0.6230468765625 0.5608809625 0.6210937484375 0.535438940625 0.6064453109375 0.520405015625 0.5869140640625 0.520405015625 0.5742187484375 0.5331260265625
0 0.6103515625 0.589792353125 0.6064453109375 0.587479440625 0.5888671875 0.587479440625 0.5810546890625 0.5921052625 0.572265625 0.604826275 0.5703125015625 0.6210166546875 0.5761718765625 0.6372070296875 0.5849609359375 0.64761513125 0.5966796890625 0.6522409546875 0.6015625015625 0.6510845 0.6083984375 0.649928040625 0.6210937484375 0.6372070296875 0.625 0.6256424734375 0.625 0.6117650078125 0.6210937484375 0.6025133640625 0.6103515625 0.589792353125
0 0.6025390640625 0.6545538640624999 0.5869140640625 0.6545538640624999 0.5742187484375 0.664961965625 0.568359375 0.6788394328125 0.568359375 0.6927168984375001 0.572265625 0.7019685453125 0.5830078125 0.71468955625 0.5927734375 0.7193153796875 0.599609375 0.7181589203125001 0.6064453109375 0.717002465625 0.6171874984375 0.70659436875 0.6230468765625 0.6927168984375001 0.6230468765625 0.6811523421875 0.6142578125 0.6614925984375 0.6025390640625 0.6545538640624999
0 0.6435546890625 0.0855777140625 0.6337890640625 0.0902035375 0.625 0.10292454843750001 0.6230468765625 0.1237407484375 0.6337890640625 0.1434004921875 0.6416015625 0.148026315625 0.65625 0.1468698609375 0.6669921875 0.1410875828125 0.6738281234375 0.13067948125 0.6757812515625 0.10755036874999999 0.6650390640625 0.0902035375 0.6572265625 0.0855777140625 0.6435546890625 0.0855777140625
0 0.6230468765625 0.17462479375 0.6210937484375 0.18156352656250002 0.6230468765625 0.19775390625 0.6269531234375 0.207005553125 0.6396484375 0.21741364999999999 0.6582031234375 0.2162571953125 0.6738281234375 0.19775390625 0.6738281234375 0.17462479375 0.6591796890625 0.15727796249999998 0.6533203109375 0.1549650484375 0.6376953109375 0.15727796249999998 0.6230468765625 0.17462479375
0 0.6552734375 0.22203947343750002 0.6376953109375 0.22203947343750002 0.6230468765625 0.2370733953125 0.619140625 0.255576684375 0.6230468765625 0.267141240625 0.6318359359375 0.2798622515625 0.6396484375 0.284488075 0.6542968765625 0.2833316203125 0.6591796890625 0.282175165625 0.6699218765625 0.2694541546875 0.6738281234375 0.2602025078125 0.6738281234375 0.24401213125000001 0.6630859359375 0.22666529687499998 0.6552734375 0.22203947343750002
0 0.6376953109375 0.2891138984375 0.6230468765625 0.3041478203125 0.619140625 0.313399465625 0.619140625 0.3272769328125 0.6298828125 0.3469366765625 0.6376953109375 0.3515625 0.65625 0.3504060453125 0.6679687484375 0.3388414890625 0.671875 0.3295898421875 0.6738281234375 0.322651109375 0.671875 0.3087736421875 0.6552734375 0.2891138984375 0.6376953109375 0.2891138984375
0 0.6552734375 0.3561883234375 0.6357421875 0.3561883234375 0.625 0.3642835109375 0.619140625 0.378160978125 0.619140625 0.3943513578125 0.6298828125 0.4140111015625 0.6396484375 0.41863692500000005 0.6542968765625 0.4174804703125 0.6611328125 0.4140111015625 0.6679687484375 0.4059159140625 0.671875 0.3966642671875 0.671875 0.3758480671875 0.666015625 0.3642835109375 0.6552734375 0.3561883234375
0 0.6513671875 0.420949834375 0.6376953109375 0.420949834375 0.6279296890625 0.4278885671875 0.6210937484375 0.43829666874999995 0.619140625 0.46142578125 0.6230468765625 0.470677425 0.6318359359375 0.48108552656250003 0.6396484375 0.48571135 0.6523437484375 0.4845548953125 0.6591796890625 0.48108552656250003 0.671875 0.46373869218749997 0.6738281234375 0.4544870484375 0.671875 0.4429224921875 0.6630859359375 0.4278885671875 0.6513671875 0.420949834375
0 0.6337890640625 0.4903371734375 0.6230468765625 0.503058184375 0.619140625 0.5123098265625 0.6210937484375 0.52850020625 0.625 0.53775185 0.6337890640625 0.5481599515625 0.6376953109375 0.5504728609375 0.65625 0.54931640625 0.6630859359375 0.5458470375 0.6738281234375 0.52850020625 0.671875 0.50537109375 0.6591796890625 0.4903371734375 0.6533203109375 0.48802425937500005 0.6337890640625 0.4903371734375
0 0.6591796890625 0.55741159375 0.6416015625 0.555098684375 0.6337890640625 0.55741159375 0.6230468765625 0.5701326046874999 0.619140625 0.5816971609375 0.619140625 0.5909488078125 0.6298828125 0.6129214625 0.6376953109375 0.6175472859375 0.6484374984375 0.618703740625 0.6630859359375 0.6129214625 0.6699218765625 0.604826275 0.6738281234375 0.59326171875 0.6738281234375 0.5793842515625001 0.6699218765625 0.5701326046874999 0.6591796890625 0.55741159375
0 0.6591796890625 0.6267989328125 0.6552734375 0.62448601875 0.6376953109375 0.62448601875 0.6230468765625 0.63951994375 0.619140625 0.6510845 0.619140625 0.6603361421875 0.6230468765625 0.6719007 0.6337890640625 0.6846217109375 0.6416015625 0.689247534375 0.6523437484375 0.6880910796874999 0.6611328125 0.6846217109375 0.6699218765625 0.674213609375 0.6738281234375 0.664961965625 0.6738281234375 0.6487715859375001 0.6699218765625 0.63951994375 0.6591796890625 0.6267989328125
0 0.6865234375 0.12258429374999999 0.6699218765625 0.1422440375 0.6699218765625 0.1630602375 0.6738281234375 0.1723118828125 0.6865234375 0.1850328953125 0.7070312515625 0.183876440625 0.7167968765625 0.17462479375 0.7226562515625 0.1607473265625 0.7226562515625 0.144556946875 0.71875 0.1353053046875 0.7099609359375 0.124897203125 0.6865234375 0.12258429374999999
0 0.7041015625 0.18965871875 0.6826171875 0.191971628125 0.6699218765625 0.20931846250000002 0.6699218765625 0.23013466093749999 0.6738281234375 0.23938630781249998 0.6826171875 0.24979440625 0.6865234375 0.2521073203125 0.7050781234375 0.2509508640625 0.7138671875 0.2451685859375 0.71875 0.2370733953125 0.7226562515625 0.2278217515625 0.7226562515625 0.21163137187499997 0.71875 0.2023797296875 0.7041015625 0.18965871875
0 0.6865234375 0.2567331421875 0.6767578125 0.2636718765625 0.671875 0.2717670640625 0.6679687484375 0.2810187109375 0.6679687484375 0.2948961765625 0.671875 0.3041478203125 0.6826171875 0.31686883125 0.6865234375 0.31918174375 0.7050781234375 0.3180252890625 0.7207031234375 0.299522 0.7226562515625 0.2925832625 0.7207031234375 0.2740799734375 0.7138671875 0.2636718765625 0.7041015625 0.2567331421875 0.6865234375 0.2567331421875
0 0.7080078125 0.3238075640625 0.6865234375 0.3214946546875 0.671875 0.334215665625 0.6679687484375 0.3434673125 0.6679687484375 0.3619706015625 0.671875 0.37122224375 0.6806640640625 0.3816303453125 0.6845703109375 0.38394325625 0.703125 0.3827868 0.7080078125 0.3816303453125 0.71875 0.368909334375 0.7207031234375 0.3642835109375 0.7207031234375 0.3434673125 0.7167968765625 0.334215665625 0.7080078125 0.3238075640625
0 0.7021484375 0.3885690796875 0.6904296890625 0.3885690796875 0.6806640640625 0.3931949015625 0.6738281234375 0.401290090625 0.6699218765625 0.4105417375 0.6699218765625 0.4290450265625 0.6738281234375 0.43829666874999995 0.6826171875 0.44870477031249995 0.6923828125 0.45333059374999995 0.703125 0.45217413593750005 0.7167968765625 0.4429224921875 0.7226562515625 0.4313579359375 0.724609375 0.4174804703125 0.7226562515625 0.40822882343750005 0.7119140640625 0.3931949015625 0.7021484375 0.3885690796875
0 0.6943359359375 0.45333059374999995 0.6826171875 0.4579564140625 0.671875 0.470677425 0.6699218765625 0.4753032484375 0.6699218765625 0.496119446875 0.6806640640625 0.51346628125 0.6943359359375 0.520405015625 0.7011718765625 0.519248559375 0.7099609359375 0.5157791953124999 0.71875 0.50537109375 0.724609375 0.4868678046875 0.71875 0.468364515625 0.7099609359375 0.4579564140625 0.6943359359375 0.45333059374999995
0 0.7021484375 0.522717928125 0.6904296890625 0.522717928125 0.6806640640625 0.5273437515625 0.671875 0.53775185 0.6699218765625 0.5423776734375 0.6699218765625 0.5655067859375 0.6738281234375 0.574758428125 0.6845703109375 0.5851665296874999 0.6904296890625 0.587479440625 0.703125 0.586322984375 0.7138671875 0.58054070625 0.7207031234375 0.5701326046874999 0.7226562515625 0.547003496875 0.71875 0.53775185 0.7099609359375 0.5273437515625 0.7021484375 0.522717928125
0 0.7021484375 0.589792353125 0.6865234375 0.589792353125 0.6767578125 0.5967310859375 0.6699218765625 0.607139184375 0.6679687484375 0.6279553875 0.671875 0.63951994375 0.6806640640625 0.649928040625 0.6884765625 0.6545538640624999 0.703125 0.653397409375 0.7099609359375 0.649928040625 0.7207031234375 0.6348941203125 0.7226562515625 0.6233295640625001 0.7207031234375 0.6094520984375 0.7099609359375 0.5944181734375 0.7021484375 0.589792353125
0 0.6845703109375 0.6614925984375 0.671875 0.674213609375 0.6679687484375 0.68346525625 0.6679687484375 0.69965563125 0.6767578125 0.717002465625 0.6923828125 0.7262541125 0.6992187484375 0.7250976578125 0.7119140640625 0.7193153796875 0.7167968765625 0.7135331015624999 0.7207031234375 0.7042814546875 0.7207031234375 0.6811523421875 0.7041015625 0.6614925984375 0.6845703109375 0.6614925984375
0 0.7353515625 0.08789062343750001 0.7275390640625 0.092516446875 0.71875 0.105237459375 0.7167968765625 0.1260536578125 0.7207031234375 0.1353053046875 0.7314453109375 0.148026315625 0.7373046890625 0.15033922500000002 0.7539062515625 0.1491827703125 0.7695312515625 0.13067948125 0.771484375 0.1237407484375 0.7695312515625 0.105237459375 0.7607421875 0.092516446875 0.7529296890625 0.08789062343750001 0.7353515625 0.08789062343750001
0 0.7529296890625 0.1549650484375 0.7333984375 0.15727796249999998 0.7226562515625 0.167686059375 0.71875 0.17693770625 0.7167968765625 0.183876440625 0.71875 0.195440996875 0.7226562515625 0.2046926390625 0.7353515625 0.21741364999999999 0.755859375 0.2162571953125 0.7675781234375 0.2046926390625 0.771484375 0.195440996875 0.7734374984375 0.1885022625 0.771484375 0.17462479375 0.7607421875 0.159590871875 0.7529296890625 0.1549650484375
0 0.7373046890625 0.22203947343750002 0.7294921875 0.22666529687499998 0.7207031234375 0.2370733953125 0.7167968765625 0.246325040625 0.7167968765625 0.2602025078125 0.7207031234375 0.2694541546875 0.7314453109375 0.282175165625 0.7412109359375 0.286800984375 0.7519531234375 0.2856445296875 0.7587890640625 0.282175165625 0.7695312515625 0.267141240625 0.771484375 0.24401213125000001 0.7636718765625 0.23013466093749999 0.7568359359375 0.22435238281249997 0.7373046890625 0.22203947343750002
0 0.7333984375 0.2891138984375 0.724609375 0.2972090859375 0.71875 0.3087736421875 0.7167968765625 0.3157123765625 0.71875 0.33190275625 0.7314453109375 0.349249590625 0.7373046890625 0.3515625 0.7519531234375 0.3504060453125 0.7607421875 0.3469366765625 0.7695312515625 0.334215665625 0.771484375 0.311086553125 0.7675781234375 0.301834909375 0.7548828125 0.2891138984375 0.7333984375 0.2891138984375
0 0.7353515625 0.3561883234375 0.7226562515625 0.368909334375 0.71875 0.378160978125 0.71875 0.3943513578125 0.7314453109375 0.416324015625 0.7373046890625 0.41863692500000005 0.755859375 0.4174804703125 0.7626953109375 0.4140111015625 0.771484375 0.401290090625 0.7734374984375 0.378160978125 0.765625 0.3619706015625 0.7568359359375 0.3561883234375 0.7353515625 0.3561883234375
0 0.7509765625 0.420949834375 0.7392578125 0.420949834375 0.724609375 0.4313579359375 0.71875 0.44523540156249997 0.71875 0.46142578125 0.7226562515625 0.470677425 0.7333984375 0.4833984359375 0.7392578125 0.48571135 0.7539062515625 0.4845548953125 0.7587890640625 0.4833984359375 0.7695312515625 0.470677425 0.7734374984375 0.46142578125 0.7734374984375 0.44523540156249997 0.7626953109375 0.4278885671875 0.7509765625 0.420949834375
0 0.7607421875 0.4949629921875 0.7509765625 0.4903371734375 0.7373046890625 0.4903371734375 0.7226562515625 0.503058184375 0.71875 0.5123098265625 0.71875 0.5308131171875 0.7226562515625 0.5400647625 0.7314453109375 0.5504728609375 0.7480468765625 0.5539422296875001 0.7568359359375 0.552785775 0.7675781234375 0.5423776734375 0.771484375 0.535438940625 0.7734374984375 0.5215614734375 0.771484375 0.5099969171875001 0.7607421875 0.4949629921875
0 0.7529296890625 0.55741159375 0.7373046890625 0.55741159375 0.7226562515625 0.5701326046874999 0.7167968765625 0.5909488078125 0.7226562515625 0.607139184375 0.7314453109375 0.6175472859375 0.7412109359375 0.622173109375 0.7539062515625 0.6210166546875 0.7607421875 0.6175472859375 0.771484375 0.6025133640625 0.7734374984375 0.584010075 0.7695312515625 0.57244551875 0.7607421875 0.5620374171875 0.7529296890625 0.55741159375
0 0.7529296890625 0.6267989328125 0.7333984375 0.6267989328125 0.7226562515625 0.6372070296875 0.7167968765625 0.6487715859375001 0.7167968765625 0.6672748765625001 0.7275390640625 0.6846217109375 0.7392578125 0.69156044375 0.75 0.6904039890625 0.7587890640625 0.6869346203125 0.7675781234375 0.676526521875 0.771484375 0.6672748765625001 0.771484375 0.6510845 0.7568359359375 0.6291118421874999 0.7529296890625 0.6267989328125
0 0.8037109359375 0.12027138281250001 0.7822265625 0.12027138281250001 0.7695312515625 0.1329923953125 0.765625 0.1422440375 0.765625 0.156121503125 0.771484375 0.16999897343749998 0.7783203109375 0.1780941609375 0.7900390640625 0.182719984375 0.796875 0.18156352656250002 0.8037109359375 0.180407071875 0.8144531234375 0.16999897343749998 0.8203125015625 0.156121503125 0.8203125015625 0.1422440375 0.8164062515625 0.1329923953125 0.8037109359375 0.12027138281250001
0 0.8330078125 0.0902035375 0.8251953109375 0.0948293578125 0.818359375 0.105237459375 0.8144531234375 0.1237407484375 0.8203125015625 0.139931128125 0.8271484375 0.148026315625 0.8369140640625 0.1526521390625 0.8476562515625 0.151495684375 0.8564453109375 0.148026315625 0.8671874984375 0.1353053046875 0.869140625 0.13067948125 0.869140625 0.10986328125 0.8525390640625 0.0902035375 0.8330078125 0.0902035375
0 0.8427734375 0.1526521390625 0.8271484375 0.159590871875 0.8203125015625 0.167686059375 0.8164062515625 0.1792506171875 0.8164062515625 0.1908151734375 0.8203125015625 0.2023797296875 0.8291015625 0.2127878265625 0.8369140640625 0.21741364999999999 0.8515625015625 0.2162571953125 0.8671874984375 0.2046926390625 0.8710937484375 0.1931280828125 0.8710937484375 0.17693770625 0.8642578125 0.16190378125 0.8544921875 0.1549650484375 0.8427734375 0.1526521390625
0 0.7998046890625 0.1873458046875 0.7880859359375 0.1873458046875 0.7783203109375 0.191971628125 0.771484375 0.200066815625 0.7675781234375 0.20931846250000002 0.7675781234375 0.23013466093749999 0.7822265625 0.24979440625 0.8007812515625 0.2509508640625 0.8056640640625 0.24979440625 0.818359375 0.23476048437500002 0.822265625 0.2162571953125 0.8203125015625 0.207005553125 0.8115234375 0.194284540625 0.7998046890625 0.1873458046875
0 0.7861328125 0.2544202296875 0.7783203109375 0.259046053125 0.7695312515625 0.2717670640625 0.7675781234375 0.2948961765625 0.7734374984375 0.3064607328125 0.7841796890625 0.31686883125 0.8046874984375 0.3157123765625 0.8115234375 0.3122430109375 0.8203125015625 0.2972090859375 0.822265625 0.290270353125 0.8203125015625 0.2717670640625 0.8076171875 0.2567331421875 0.7861328125 0.2544202296875
0 0.8330078125 0.22203947343750002 0.8203125015625 0.23476048437500002 0.8164062515625 0.246325040625 0.8164062515625 0.2578895984375 0.822265625 0.2717670640625 0.8330078125 0.282175165625 0.849609375 0.2833316203125 0.8583984375 0.2798622515625 0.869140625 0.267141240625 0.8710937484375 0.24169921875 0.865234375 0.23013466093749999 0.8544921875 0.22203947343750002 0.8330078125 0.22203947343750002
0 0.8486328125 0.286800984375 0.8271484375 0.2914268078125 0.818359375 0.3087736421875 0.818359375 0.3272769328125 0.822265625 0.3388414890625 0.8349609359375 0.349249590625 0.8554687484375 0.34809313125 0.8642578125 0.3423108578125 0.8710937484375 0.3295898421875 0.8710937484375 0.3087736421875 0.8671874984375 0.299522 0.8603515625 0.2914268078125 0.8486328125 0.286800984375
0 0.7861328125 0.3214946546875 0.7783203109375 0.326120478125 0.7695312515625 0.3411543984375 0.7675781234375 0.34809313125 0.7695312515625 0.3619706015625 0.7734374984375 0.37122224375 0.7822265625 0.3816303453125 0.7880859359375 0.38394325625 0.8046874984375 0.3827868 0.8115234375 0.3793174359375 0.8203125015625 0.368909334375 0.822265625 0.3411543984375 0.8164062515625 0.3295898421875 0.8095703109375 0.3238075640625 0.7861328125 0.3214946546875
0 0.7900390640625 0.3885690796875 0.7802734375 0.3931949015625 0.7734374984375 0.401290090625 0.7695312515625 0.41285464687499995 0.7695312515625 0.4267321125 0.7734374984375 0.43829666874999995 0.7822265625 0.44870477031249995 0.7939453109375 0.45333059374999995 0.8007812515625 0.45217413593750005 0.8134765625 0.4463918578125 0.818359375 0.44060957968750003 0.822265625 0.4313579359375 0.822265625 0.40822882343750005 0.8095703109375 0.3908819890625 0.7900390640625 0.3885690796875
0 0.7861328125 0.4579564140625 0.771484375 0.4729903390625 0.7675781234375 0.48224198124999995 0.7675781234375 0.4938065375 0.771484375 0.50537109375 0.7841796890625 0.520405015625 0.8007812515625 0.5215614734375 0.8095703109375 0.5180921046875 0.8203125015625 0.50537109375 0.822265625 0.5007452703124999 0.822265625 0.47761615781250005 0.8056640640625 0.4579564140625 0.7861328125 0.4579564140625
0 0.8037109359375 0.5250308390625 0.7841796890625 0.5273437515625 0.771484375 0.5423776734375 0.7695312515625 0.54931640625 0.771484375 0.5701326046874999 0.7861328125 0.587479440625 0.7919921875 0.589792353125 0.806640625 0.5886358953124999 0.8154296890625 0.5828536171875001 0.822265625 0.57244551875 0.8242187484375 0.5655067859375 0.822265625 0.5423776734375 0.8095703109375 0.5273437515625 0.8037109359375 0.5250308390625
0 0.8076171875 0.5967310859375 0.8017578125 0.5944181734375 0.7802734375 0.5967310859375 0.7675781234375 0.6140779203125 0.765625 0.6233295640625001 0.7675781234375 0.6372070296875 0.7734374984375 0.6487715859375001 0.7822265625 0.656866775 0.7880859359375 0.6591796875 0.802734375 0.6580232328125 0.8095703109375 0.6545538640624999 0.8203125015625 0.63951994375 0.822265625 0.630268296875 0.8203125015625 0.6140779203125 0.8164062515625 0.604826275 0.8076171875 0.5967310859375
0 0.7675781234375 0.68346525625 0.765625 0.70659436875 0.7763671875 0.7262541125 0.7900390640625 0.7331928453125001 0.8007812515625 0.732036390625 0.8076171875 0.728567021875 0.8203125015625 0.7112201875 0.8203125015625 0.6904039890625 0.8017578125 0.66843133125 0.7822265625 0.66843133125 0.7675781234375 0.68346525625
0 0.8369140640625 0.3561883234375 0.8271484375 0.3608141421875 0.818359375 0.380473890625 0.818359375 0.392038446875 0.8242187484375 0.40822882343750005 0.8310546890625 0.416324015625 0.8369140640625 0.41863692500000005 0.8554687484375 0.4174804703125 0.8603515625 0.416324015625 0.8710937484375 0.401290090625 0.8730468765625 0.378160978125 0.869140625 0.368909334375 0.8544921875 0.3561883234375 0.8369140640625 0.3561883234375
0 0.8505859359375 0.42326274843749995 0.8388671875 0.42326274843749995 0.8291015625 0.4278885671875 0.822265625 0.435983759375 0.818359375 0.447548315625 0.818359375 0.46142578125 0.8261718765625 0.479929071875 0.8330078125 0.48571135 0.8515625015625 0.4868678046875 0.8603515625 0.4833984359375 0.8710937484375 0.468364515625 0.8730468765625 0.447548315625 0.869140625 0.43829666874999995 0.8603515625 0.4278885671875 0.8505859359375 0.42326274843749995
0 0.8564453109375 0.49265008281249995 0.8369140640625 0.49265008281249995 0.8291015625 0.49727590624999995 0.8203125015625 0.5099969171875001 0.818359375 0.51693565 0.8203125015625 0.535438940625 0.8330078125 0.552785775 0.8427734375 0.55741159375 0.8515625015625 0.5562551390625 0.8603515625 0.552785775 0.8730468765625 0.535438940625 0.8730468765625 0.5146227375 0.869140625 0.50537109375 0.8603515625 0.4949629921875 0.8564453109375 0.49265008281249995
0 0.8583984375 0.566663240625 0.8486328125 0.5620374171875 0.8388671875 0.5620374171875 0.8291015625 0.566663240625 0.818359375 0.5816971609375 0.818359375 0.604826275 0.8291015625 0.622173109375 0.8369140640625 0.6267989328125 0.853515625 0.6256424734375 0.8583984375 0.62448601875 0.869140625 0.6117650078125 0.8730468765625 0.6002004515625 0.8730468765625 0.5909488078125 0.869140625 0.5793842515625001 0.8583984375 0.566663240625
0 0.8486328125 0.633737665625 0.8330078125 0.633737665625 0.818359375 0.6464586765625 0.8144531234375 0.6557103203125 0.8144531234375 0.674213609375 0.818359375 0.68346525625 0.8271484375 0.693873353125 0.8349609359375 0.6984991765624999 0.849609375 0.697342721875 0.8603515625 0.69156044375 0.8671874984375 0.6788394328125 0.869140625 0.6719007 0.8671874984375 0.653397409375 0.8564453109375 0.6383634890625001 0.8486328125 0.633737665625
0 0.9091796890625 0.3238075640625 0.8876953109375 0.3214946546875 0.8730468765625 0.33190275625 0.8671874984375 0.345780221875 0.8671874984375 0.3596576875 0.8730468765625 0.3735351578125 0.8798828125 0.3816303453125 0.8916015625 0.38625616875 0.900390625 0.3850997109375 0.9072265625 0.38394325625 0.916015625 0.3758480671875 0.921875 0.3642835109375 0.9238281234375 0.3504060453125 0.9199218765625 0.3365285796875 0.9091796890625 0.3238075640625
0 0.8730468765625 0.401290090625 0.869140625 0.4105417375 0.869140625 0.43367084531250005 0.875 0.44523540156249997 0.8857421875 0.45333059374999995 0.90625 0.45217413593750005 0.9199218765625 0.43829666874999995 0.9238281234375 0.4290450265625 0.9238281234375 0.41285464687499995 0.9052734375 0.3908819890625 0.8837890640625 0.3908819890625 0.8730468765625 0.401290090625
0 0.9033203109375 0.4579564140625 0.8857421875 0.4579564140625 0.8730468765625 0.468364515625 0.8671874984375 0.48224198124999995 0.8671874984375 0.4984323609375 0.8798828125 0.5180921046875 0.8876953109375 0.522717928125 0.9023437484375 0.5215614734375 0.9072265625 0.520405015625 0.9179687484375 0.5099969171875001 0.9238281234375 0.4938065375 0.921875 0.47761615781250005 0.9130859359375 0.464895146875 0.9033203109375 0.4579564140625
0 0.8974609359375 0.5273437515625 0.8896484375 0.5273437515625 0.8798828125 0.531969571875 0.869140625 0.5446905828124999 0.8671874984375 0.54931640625 0.8671874984375 0.5701326046874999 0.8710937484375 0.5793842515625001 0.8798828125 0.589792353125 0.8916015625 0.5944181734375 0.900390625 0.59326171875 0.9091796890625 0.589792353125 0.9179687484375 0.5793842515625001 0.921875 0.5701326046874999 0.921875 0.551629315625 0.9111328125 0.534282484375 0.8974609359375 0.5273437515625
0 0.8994140640625 0.601356909375 0.8818359359375 0.6036698203124999 0.8671874984375 0.6210166546875 0.869140625 0.6510845 0.8818359359375 0.6638055109375001 0.8876953109375 0.6661184203125 0.9042968765625 0.664961965625 0.9111328125 0.6614925984375 0.9199218765625 0.6487715859375001 0.921875 0.641832853125 0.9199218765625 0.6210166546875 0.9052734375 0.6036698203124999 0.8994140640625 0.601356909375
0 0.8876953109375 0.66843133125 0.8759765625 0.6730571546874999 0.8671874984375 0.68346525625 0.8632812515625 0.6927168984375001 0.8632812515625 0.708907278125 0.8671874984375 0.7181589203125001 0.8779296890625 0.7308799328125 0.8945312515625 0.7343493 0.9033203109375 0.7331928453125001 0.9140625015625 0.72278474375 0.9179687484375 0.7135331015624999 0.9179687484375 0.6904039890625 0.9052734375 0.6730571546874999 0.8876953109375 0.66843133125
0 0.0791015625 0.6753700671875 0.0595703109375 0.677682978125 0.0507812515625 0.6880910796874999 0.046875 0.69965563125 0.048828123437499996 0.720471834375 0.0576171875 0.7331928453125001 0.06542968906249999 0.73781866875 0.08007812343750001 0.7366622109375001 0.08496093593750001 0.73550575625 0.09570312343750001 0.72278474375 0.099609375 0.7112201875 0.09765625156249999 0.6950298125 0.08496093593750001 0.677682978125 0.0791015625 0.6753700671875
0 0.0556640640625 0.7447574015625 0.046875 0.7551655 0.044921876562500004 0.7597913234375 0.044921876562500004 0.7829204359374999 0.0615234375 0.8025801796875 0.08007812343750001 0.801423725 0.09570312343750001 0.7829204359374999 0.09570312343750001 0.7597913234375 0.08496093593750001 0.7447574015625 0.0771484375 0.7401315796875 0.0634765625 0.7401315796875 0.0556640640625 0.7447574015625
0 0.1318359359375 0.712376646875 0.1142578125 0.7100637328125 0.1044921875 0.71468955625 0.09570312343750001 0.729723478125 0.09375 0.7389751234374999 0.09570312343750001 0.7551655 0.1044921875 0.7678865109374999 0.11230468906249999 0.772512334375 0.1269531234375 0.7713558796875 0.1318359359375 0.770199425 0.1425781234375 0.7574784140624999 0.146484375 0.7459138578125 0.146484375 0.7366622109375001 0.1425781234375 0.7250976578125 0.1318359359375 0.712376646875
0 0.1103515625 0.7748252484375 0.09765625156249999 0.7852333453125 0.09179687656249999 0.801423725 0.09179687656249999 0.8106753687499999 0.09570312343750001 0.8222399250000001 0.10644531093750001 0.8349609359375 0.1103515625 0.8372738500000001 0.1269531234375 0.8361173953125001 0.140625 0.8245528390624999 0.146484375 0.8083624593750001 0.1445312515625 0.7967979015625 0.140625 0.787546259375 0.1279296890625 0.7748252484375 0.1103515625 0.7748252484375
0 0.1259765625 0.8395867593749999 0.10644531093750001 0.84189966875 0.09570312343750001 0.8546206843749999 0.09179687656249999 0.86849815 0.09375 0.8823756171875001 0.09765625156249999 0.8916272624999999 0.1103515625 0.9020353609375 0.1289062515625 0.90087890625 0.1357421875 0.8974095406249999 0.1445312515625 0.8846885265625 0.146484375 0.8754368828124999 0.1445312515625 0.8592465031250001 0.1318359359375 0.84189966875 0.1259765625 0.8395867593749999
0 0.1708984375 0.7424444890624999 0.1630859359375 0.7424444890624999 0.1494140640625 0.749383225 0.1425781234375 0.7621042375 0.1425781234375 0.7852333453125 0.146484375 0.7944849921875 0.1533203109375 0.8025801796875 0.1591796890625 0.804893090625 0.177734375 0.8037366359375 0.1875 0.7944849921875 0.193359375 0.7806075265625 0.193359375 0.7690429703125 0.1875 0.752852590625 0.1787109359375 0.7447574015625 0.1708984375 0.7424444890624999
0 0.1787109359375 0.8118318265625 0.1591796890625 0.8095189140624999 0.1494140640625 0.8164576468750001 0.1425781234375 0.8268657484374999 0.140625 0.8453690375 0.146484375 0.8615594171875 0.1533203109375 0.8696546046875 0.1630859359375 0.8742804281250001 0.171875 0.8731239734375 0.1767578125 0.871967515625 0.1894531234375 0.8592465031250001 0.193359375 0.8499948609375 0.193359375 0.83380448125 0.1894531234375 0.8245528390624999 0.1787109359375 0.8118318265625
0 0.2275390640625 0.71468955625 0.2216796890625 0.712376646875 0.2021484375 0.71468955625 0.1914062515625 0.7274105671875 0.1894531234375 0.7343493 0.1914062515625 0.7574784140624999 0.2001953109375 0.770199425 0.2080078125 0.7748252484375 0.2226562515625 0.7736687890625 0.2294921875 0.770199425 0.240234375 0.7551655 0.2421874984375 0.7459138578125 0.240234375 0.732036390625 0.234375 0.720471834375 0.2275390640625 0.71468955625
0 0.2744140640625 0.6823088 0.2548828125 0.6799958875 0.240234375 0.6927168984375001 0.2363281234375 0.7019685453125 0.2363281234375 0.7181589203125001 0.2470703109375 0.73781866875 0.2548828125 0.7424444890624999 0.2695312515625 0.741288034375 0.2744140640625 0.7401315796875 0.2851562515625 0.7274105671875 0.2890625015625 0.7158460109375 0.2890625015625 0.70659436875 0.2832031234375 0.6927168984375001 0.2744140640625 0.6823088
0 0.2646484375 0.7470703125 0.2490234375 0.749383225 0.2421874984375 0.7551655 0.2363281234375 0.76673005625 0.234375 0.7736687890625 0.2363281234375 0.78985916875 0.240234375 0.799110815625 0.2529296890625 0.8095189140624999 0.2695312515625 0.8083624593750001 0.2744140640625 0.807206003125 0.2851562515625 0.7921720796875 0.287109375 0.7852333453125 0.2851562515625 0.764417146875 0.2724609359375 0.749383225 0.2646484375 0.7470703125
0 0.2119140640625 0.7771381578125001 0.2001953109375 0.78176398125 0.1894531234375 0.7944849921875 0.1875 0.8176141046875 0.1982421875 0.8372738500000001 0.2060546890625 0.84189966875 0.2207031234375 0.8407432140625 0.2275390640625 0.8372738500000001 0.2363281234375 0.8268657484374999 0.2382812515625 0.8222399250000001 0.2382812515625 0.799110815625 0.2294921875 0.784076890625 0.2119140640625 0.7771381578125001
0 0.2197265625 0.8442125828125 0.2060546890625 0.8442125828125 0.1914062515625 0.85693359375 0.1875 0.8661852375000001 0.1875 0.8846885265625 0.193359375 0.8985659968749999 0.2001953109375 0.904348275 0.2099609359375 0.90897409375 0.2167968765625 0.9078176390625 0.2275390640625 0.904348275 0.2382812515625 0.8916272624999999 0.240234375 0.870811059375 0.2363281234375 0.8592465031250001 0.2275390640625 0.84883840625 0.2197265625 0.8442125828125
0 0.2666015625 0.8118318265625 0.2548828125 0.8118318265625 0.2470703109375 0.8164576468750001 0.2382812515625 0.8268657484374999 0.234375 0.8361173953125001 0.234375 0.8499948609375 0.240234375 0.8638723265625 0.2529296890625 0.8765933390624999 0.2695312515625 0.8754368828124999 0.2763671875 0.871967515625 0.2851562515625 0.8592465031250001 0.287109375 0.8361173953125001 0.28125 0.8222399250000001 0.2744140640625 0.8164576468750001 0.2666015625 0.8118318265625
0 0.2998046890625 0.84883840625 0.2919921875 0.853464225 0.28125 0.86849815 0.2792968765625 0.8754368828124999 0.28125 0.8916272624999999 0.2978515625 0.9112870078125 0.318359375 0.910130553125 0.3300781234375 0.8985659968749999 0.333984375 0.88931435 0.333984375 0.8731239734375 0.3300781234375 0.8638723265625 0.3193359359375 0.851151315625 0.2998046890625 0.84883840625
0 0.3017578125 0.71468955625 0.287109375 0.7274105671875 0.2832031234375 0.7366622109375001 0.2832031234375 0.7551655 0.2939453109375 0.772512334375 0.3017578125 0.7771381578125001 0.318359375 0.775981703125 0.3300781234375 0.76673005625 0.3359374984375 0.752852590625 0.3359374984375 0.7389751234374999 0.3320312515625 0.729723478125 0.3212890640625 0.717002465625 0.3017578125 0.71468955625
0 0.3173828125 0.78176398125 0.2978515625 0.78176398125 0.287109375 0.7921720796875 0.2832031234375 0.801423725 0.28125 0.8083624593750001 0.2832031234375 0.8222399250000001 0.287109375 0.8314915718749999 0.2958984375 0.84189966875 0.2998046890625 0.8442125828125 0.318359375 0.843056128125 0.3300781234375 0.8314915718749999 0.3359374984375 0.8153011921875001 0.3359374984375 0.8083624593750001 0.328125 0.78985916875 0.3212890640625 0.784076890625 0.3173828125 0.78176398125
0 0.3466796890625 0.749383225 0.333984375 0.7621042375 0.3300781234375 0.7713558796875 0.3300781234375 0.787546259375 0.3359374984375 0.801423725 0.3447265625 0.8095189140624999 0.3486328125 0.8118318265625 0.365234375 0.8106753687499999 0.3740234375 0.804893090625 0.380859375 0.7944849921875 0.3828125015625 0.7713558796875 0.3720703109375 0.7540090453125 0.3642578125 0.749383225 0.3466796890625 0.749383225
0 0.3447265625 0.818770559375 0.333984375 0.8291786578125 0.3300781234375 0.8384303046875001 0.3300781234375 0.8592465031250001 0.333984375 0.86849815 0.3427734375 0.8789062484375 0.3466796890625 0.8812191609375001 0.365234375 0.88006270625 0.3740234375 0.8742804281250001 0.380859375 0.8615594171875 0.3828125015625 0.8546206843749999 0.380859375 0.8384303046875001 0.3642578125 0.818770559375 0.3447265625 0.818770559375
0 0.4111328125 0.717002465625 0.3955078125 0.717002465625 0.3789062515625 0.7366622109375001 0.3769531234375 0.7482267671875 0.3789062515625 0.7574784140624999 0.3828125015625 0.76673005625 0.3935546890625 0.7794510671875 0.3994140640625 0.78176398125 0.4101562515625 0.7806075265625 0.4208984375 0.7748252484375 0.427734375 0.764417146875 0.431640625 0.752852590625 0.4296874984375 0.7366622109375001 0.4189453109375 0.7216282890625 0.4111328125 0.717002465625
0 0.4111328125 0.7863898046875 0.4033203109375 0.784076890625 0.3916015625 0.7863898046875 0.380859375 0.7967979015625 0.375 0.8106753687499999 0.375 0.8222399250000001 0.380859375 0.8361173953125001 0.3876953109375 0.8442125828125 0.3955078125 0.84883840625 0.4101562515625 0.847681946875 0.4169921875 0.8442125828125 0.4257812515625 0.83380448125 0.4296874984375 0.81298828125 0.427734375 0.8060495484375 0.421875 0.7944849921875 0.4111328125 0.7863898046875
0 0.3935546890625 0.853464225 0.3837890640625 0.8604029625 0.3769531234375 0.8731239734375 0.375 0.8846885265625 0.3769531234375 0.8962530828125 0.3896484375 0.9135999171875 0.3955078125 0.9159128265625001 0.412109375 0.914756371875 0.4189453109375 0.9112870078125 0.4296874984375 0.8939401734375 0.427734375 0.870811059375 0.4208984375 0.8604029625 0.4111328125 0.853464225 0.3935546890625 0.853464225
0 0.4423828125 0.7540090453125 0.4257812515625 0.7736687890625 0.4238281234375 0.7806075265625 0.4257812515625 0.799110815625 0.4365234375 0.8141447375 0.4462890640625 0.818770559375 0.4570312515625 0.8176141046875 0.4697265625 0.8095189140624999 0.474609375 0.801423725 0.4765625015625 0.7967979015625 0.4765625015625 0.775981703125 0.4619140640625 0.756321959375 0.4423828125 0.7540090453125
0 0.4365234375 0.8233963828125 0.4257812515625 0.8384303046875001 0.4238281234375 0.847681946875 0.4257812515625 0.8638723265625 0.4296874984375 0.8731239734375 0.4423828125 0.8835320718749999 0.4609374984375 0.8823756171875001 0.4677734375 0.8789062484375 0.4765625015625 0.8638723265625 0.4765625015625 0.8407432140625 0.4638671875 0.8233963828125 0.4580078125 0.8210834703125001 0.4365234375 0.8233963828125
0 0.5126953109375 0.7262541125 0.5048828125 0.7216282890625 0.4912109359375 0.7216282890625 0.4765625015625 0.7343493 0.4726562515625 0.743600946875 0.4726562515625 0.7597913234375 0.478515625 0.7736687890625 0.4853515625 0.78176398125 0.4931640640625 0.7863898046875 0.505859375 0.7852333453125 0.5126953109375 0.78176398125 0.521484375 0.7713558796875 0.525390625 0.7621042375 0.525390625 0.7482267671875 0.521484375 0.7366622109375001 0.5126953109375 0.7262541125
0 0.5029296890625 0.7887027140625 0.4951171875 0.7887027140625 0.4853515625 0.7933285375 0.4765625015625 0.8037366359375 0.4726562515625 0.81298828125 0.4726562515625 0.8268657484374999 0.4765625015625 0.8384303046875001 0.4873046890625 0.851151315625 0.5019531234375 0.8546206843749999 0.5126953109375 0.851151315625 0.5234374984375 0.8384303046875001 0.5273437484375 0.8176141046875 0.5234374984375 0.8060495484375 0.5126953109375 0.7933285375 0.5029296890625 0.7887027140625
0 0.5087890640625 0.8604029625 0.5029296890625 0.8580900484375 0.4833984375 0.8604029625 0.474609375 0.870811059375 0.4707031234375 0.88006270625 0.4707031234375 0.90087890625 0.474609375 0.910130553125 0.4853515625 0.9205386499999999 0.4912109359375 0.9228515640625 0.505859375 0.9216951046874999 0.5126953109375 0.9182257406250001 0.521484375 0.9078176390625 0.525390625 0.8939401734375 0.5234374984375 0.88006270625 0.5175781234375 0.86849815 0.5087890640625 0.8604029625
0 0.5537109359375 0.689247534375 0.5380859359375 0.689247534375 0.5302734375 0.693873353125 0.521484375 0.708907278125 0.5195312515625 0.7158460109375 0.521484375 0.732036390625 0.5380859359375 0.7516961359375001 0.5585937484375 0.7505396796875 0.568359375 0.741288034375 0.572265625 0.732036390625 0.5742187484375 0.7250976578125 0.572265625 0.708907278125 0.5615234375 0.693873353125 0.5537109359375 0.689247534375
0 0.5302734375 0.7632606921875 0.5234374984375 0.7736687890625 0.521484375 0.7967979015625 0.525390625 0.8060495484375 0.5361328125 0.818770559375 0.5400390640625 0.8210834703125001 0.5585937484375 0.819927015625 0.5742187484375 0.801423725 0.5742187484375 0.7782946125 0.5654296890625 0.7632606921875 0.5537109359375 0.756321959375 0.5419921875 0.756321959375 0.5302734375 0.7632606921875
0 0.5498046890625 0.8257092937499999 0.5419921875 0.8257092937499999 0.5322265625 0.8303351171875001 0.521484375 0.8453690375 0.5195312515625 0.8661852375000001 0.5234374984375 0.87774979375 0.5361328125 0.8904708046875 0.552734375 0.8916272624999999 0.5615234375 0.8881578953125 0.568359375 0.88006270625 0.572265625 0.870811059375 0.572265625 0.847681946875 0.5595703109375 0.8303351171875001 0.5498046890625 0.8257092937499999
0 0.6103515625 0.728567021875 0.6005859359375 0.7239412 0.5888671875 0.7239412 0.5830078125 0.7262541125 0.572265625 0.7389751234374999 0.568359375 0.7482267671875 0.568359375 0.7621042375 0.5742187484375 0.775981703125 0.5849609359375 0.7863898046875 0.5888671875 0.7887027140625 0.603515625 0.787546259375 0.6083984375 0.7863898046875 0.619140625 0.7736687890625 0.6230468765625 0.7621042375 0.6230468765625 0.7482267671875 0.619140625 0.7389751234374999 0.6103515625 0.728567021875
0 0.5849609359375 0.862715871875 0.5751953109375 0.8696546046875 0.568359375 0.88006270625 0.5644531234375 0.8939401734375 0.5664062515625 0.9055047296875 0.5810546890625 0.9251644734375001 0.5869140640625 0.9274773828124999 0.6015625015625 0.9263209281250001 0.6064453109375 0.9251644734375001 0.619140625 0.910130553125 0.6210937484375 0.88931435 0.615234375 0.8754368828124999 0.6044921875 0.86502878125 0.5849609359375 0.862715871875
0 0.6064453109375 0.7979543578125 0.5869140640625 0.795641446875 0.5810546890625 0.7979543578125 0.5703125015625 0.8106753687499999 0.568359375 0.8153011921875001 0.568359375 0.8384303046875001 0.5810546890625 0.8557771390625 0.5908203109375 0.8604029625 0.6015625015625 0.8592465031250001 0.6103515625 0.8557771390625 0.619140625 0.843056128125 0.6230468765625 0.8291786578125 0.6210937484375 0.8176141046875 0.6171874984375 0.8083624593750001 0.6064453109375 0.7979543578125
0 0.6513671875 0.69156044375 0.6376953109375 0.69156044375 0.6230468765625 0.7042814546875 0.619140625 0.7135331015624999 0.619140625 0.732036390625 0.6230468765625 0.741288034375 0.6318359359375 0.7516961359375001 0.6416015625 0.756321959375 0.6523437484375 0.7551655 0.6572265625 0.7540090453125 0.6679687484375 0.743600946875 0.6738281234375 0.7250976578125 0.671875 0.7135331015624999 0.6611328125 0.6961862671875 0.6513671875 0.69156044375
0 0.6513671875 0.7632606921875 0.6337890640625 0.7632606921875 0.6210937484375 0.775981703125 0.6171874984375 0.7852333453125 0.615234375 0.7921720796875 0.6171874984375 0.8037366359375 0.6298828125 0.8233963828125 0.6396484375 0.828022203125 0.650390625 0.8268657484374999 0.6552734375 0.8257092937499999 0.666015625 0.8153011921875001 0.671875 0.7967979015625 0.6699218765625 0.7829204359374999 0.6591796890625 0.7678865109374999 0.6513671875 0.7632606921875
0 0.6572265625 0.8372738500000001 0.6396484375 0.8326480265624999 0.6279296890625 0.8372738500000001 0.619140625 0.847681946875 0.615234375 0.8592465031250001 0.615234375 0.870811059375 0.6240234375 0.8904708046875 0.6396484375 0.8997224515625 0.6484374984375 0.8985659968749999 0.6572265625 0.895096628125 0.666015625 0.8846885265625 0.6699218765625 0.8754368828124999 0.6699218765625 0.85693359375 0.6679687484375 0.8499948609375 0.6572265625 0.8372738500000001
0 0.6982421875 0.7308799328125 0.6865234375 0.7308799328125 0.6767578125 0.73550575625 0.6699218765625 0.743600946875 0.666015625 0.752852590625 0.666015625 0.7690429703125 0.671875 0.7852333453125 0.6806640640625 0.7933285375 0.6865234375 0.795641446875 0.7011718765625 0.7944849921875 0.7080078125 0.7910156234375 0.7167968765625 0.7806075265625 0.7207031234375 0.7690429703125 0.7207031234375 0.7597913234375 0.7099609359375 0.73781866875 0.6982421875 0.7308799328125
0 0.7041015625 0.8025801796875 0.6982421875 0.8002672703125 0.6787109359375 0.8025801796875 0.6679687484375 0.8153011921875001 0.666015625 0.843056128125 0.671875 0.8546206843749999 0.6806640640625 0.862715871875 0.6865234375 0.86502878125 0.7011718765625 0.8638723265625 0.7080078125 0.8604029625 0.7148437484375 0.8523077703125 0.7207031234375 0.83380448125 0.71875 0.8222399250000001 0.7148437484375 0.81298828125 0.7041015625 0.8025801796875
0 0.6982421875 0.8673416953125 0.6845703109375 0.8673416953125 0.6787109359375 0.8696546046875 0.666015625 0.887001440625 0.6640625015625 0.8962530828125 0.666015625 0.9124434625 0.6767578125 0.9274773828124999 0.697265625 0.9309467515625001 0.7060546890625 0.929790296875 0.7167968765625 0.9170692859375 0.71875 0.9124434625 0.71875 0.88931435 0.7060546890625 0.871967515625 0.6982421875 0.8673416953125
0 0.7509765625 0.700812090625 0.7353515625 0.700812090625 0.7207031234375 0.7135331015624999 0.7167968765625 0.72278474375 0.7167968765625 0.741288034375 0.7207031234375 0.7505396796875 0.7294921875 0.760947778125 0.7392578125 0.7655736015625 0.7519531234375 0.764417146875 0.7568359359375 0.7632606921875 0.7675781234375 0.7505396796875 0.771484375 0.741288034375 0.771484375 0.7250976578125 0.7587890640625 0.705437909375 0.7509765625 0.700812090625
0 0.7333984375 0.7678865109374999 0.7255859359375 0.772512334375 0.7167968765625 0.7852333453125 0.712890625 0.7967979015625 0.7148437484375 0.8106753687499999 0.7207031234375 0.8222399250000001 0.7294921875 0.8303351171875001 0.7353515625 0.8326480265624999 0.75 0.8314915718749999 0.7617187484375 0.8245528390624999 0.7695312515625 0.8083624593750001 0.7695312515625 0.7967979015625 0.765625 0.7852333453125 0.7548828125 0.770199425 0.7333984375 0.7678865109374999
0 0.7294921875 0.8372738500000001 0.7255859359375 0.8395867593749999 0.7148437484375 0.8546206843749999 0.712890625 0.8638723265625 0.7167968765625 0.8846885265625 0.7314453109375 0.8997224515625 0.7539062515625 0.8985659968749999 0.7617187484375 0.8916272624999999 0.7675781234375 0.88006270625 0.7695312515625 0.8661852375000001 0.7636718765625 0.8499948609375 0.7509765625 0.8372738500000001 0.7294921875 0.8372738500000001
0 0.7958984375 0.73781866875 0.7802734375 0.7401315796875 0.7695312515625 0.7505396796875 0.765625 0.7597913234375 0.7636718765625 0.76673005625 0.765625 0.7806075265625 0.771484375 0.7921720796875 0.7841796890625 0.8025801796875 0.802734375 0.801423725 0.8164062515625 0.787546259375 0.8203125015625 0.7782946125 0.8203125015625 0.764417146875 0.8164062515625 0.7551655 0.8056640640625 0.7424444890624999 0.7958984375 0.73781866875
0 0.7802734375 0.804893090625 0.7695312515625 0.8153011921875001 0.7636718765625 0.8268657484374999 0.7636718765625 0.8453690375 0.7675781234375 0.8546206843749999 0.7763671875 0.86502878125 0.7841796890625 0.8696546046875 0.8007812515625 0.86849815 0.8056640640625 0.8673416953125 0.8144531234375 0.85693359375 0.8203125015625 0.8407432140625 0.818359375 0.8268657484374999 0.8037109359375 0.807206003125 0.7802734375 0.804893090625
0 0.8017578125 0.8742804281250001 0.7802734375 0.871967515625 0.7724609359375 0.8765933390624999 0.7636718765625 0.88931435 0.7617187484375 0.9124434625 0.765625 0.9216951046874999 0.7744140640625 0.9321032062500001 0.7822265625 0.9367290296874999 0.8007812515625 0.9355725749999999 0.8095703109375 0.929790296875 0.8164062515625 0.9170692859375 0.818359375 0.910130553125 0.8164062515625 0.8939401734375 0.8105468765625 0.8823756171875001 0.8017578125 0.8742804281250001
0 0.8291015625 0.84189966875 0.8203125015625 0.8499948609375 0.8144531234375 0.8615594171875 0.8125 0.86849815 0.8144531234375 0.8846885265625 0.818359375 0.8939401734375 0.8291015625 0.904348275 0.8349609359375 0.906661184375 0.8515625015625 0.9055047296875 0.8671874984375 0.887001440625 0.869140625 0.87774979375 0.8671874984375 0.8638723265625 0.8632812515625 0.8546206843749999 0.8486328125 0.84189966875 0.8291015625 0.84189966875
0 0.8330078125 0.7748252484375 0.8164062515625 0.7944849921875 0.8144531234375 0.8037366359375 0.8164062515625 0.8176141046875 0.8291015625 0.8349609359375 0.8369140640625 0.8395867593749999 0.8515625015625 0.8384303046875001 0.8583984375 0.8349609359375 0.869140625 0.819927015625 0.8710937484375 0.81298828125 0.869140625 0.7944849921875 0.8525390640625 0.7748252484375 0.8330078125 0.7748252484375
0 0.8291015625 0.705437909375 0.8164062515625 0.72278474375 0.8144531234375 0.732036390625 0.8164062515625 0.7482267671875 0.8251953109375 0.760947778125 0.8349609359375 0.7678865109374999 0.8515625015625 0.76673005625 0.8583984375 0.7632606921875 0.869140625 0.7459138578125 0.8671874984375 0.720471834375 0.8525390640625 0.705437909375 0.8466796890625 0.703125 0.8291015625 0.705437909375
0 0.8798828125 0.7401315796875 0.865234375 0.7574784140624999 0.8632812515625 0.764417146875 0.865234375 0.7829204359374999 0.8740234375 0.7979543578125 0.8857421875 0.804893090625 0.9023437484375 0.8037366359375 0.9111328125 0.7979543578125 0.9179687484375 0.7852333453125 0.9179687484375 0.7597913234375 0.9013671875 0.7401315796875 0.8935546890625 0.73781866875 0.8798828125 0.7401315796875