0 0.87109375 0.1578125 0.05625 0.0625
0 0.69375 0.15 0.059375 0.0625
0 0.77734375 0.20859375 0.05625 0.0609375
0 0.86484375 0.27109375 0.05625 0.0640625
0 0.771875 0.3234375 0.053125 0.0625
0 0.6875 0.26328125 0.05625 0.065625
0 0.6046875 0.203125 0.0578125 0.065625
0 0.51328125 0.25546875 0.0578125 0.0609375
0 0.51875 0.1421875 0.059375 0.0625
0 0.43203125 0.196875 0.0625 0.065625
0 0.35 0.13671875 0.05625 0.0609375
0 0.259375 0.18828125 0.0609375 0.0625
0 0.3453125 0.24921875 0.05625 0.0625
0 0.42734375 0.3125 0.053125 0.0625
0 0.59609375 0.3171875 0.059375 0.065625
0 0.2546875 0.3015625 0.059375 0.0625
0 0.3390625 0.36015625 0.05625 0.059375
0 0.68359375 0.375 0.059375 0.065625
0 0.85859375 0.384375 0.0578125 0.0625
0 0.76875 0.43359375 0.0546875 0.059375
0 0.59609375 0.4296875 0.05625 0.0625
0 0.51171875 0.371875 0.053125 0.0578125
0 0.42265625 0.41875 0.05625 0.0625
0 0.178125 0.12734375 0.0625 0.0640625
0 0.08671875 0.18125 0.05625 0.06875
0 0.0828125 0.29140625 0.059375 0.065625
0 0.16796875 0.35234375 0.05625 0.0625
0 0.08046875 0.40546875 0.0578125 0.0578125
0 0.25234375 0.4109375 0.059375 0.0625
0 0.16328125 0.46875 0.0546875 0.0625
0 0.07734375 0.51953125 0.0578125 0.0625
0 0.16015625 0.57890625 0.0546875 0.0625
0 0.2484375 0.52578125 0.05625 0.0609375
0 0.3359375 0.46953125 0.059375 0.0625
0 0.421875 0.534375 0.059375 0.0625
0 0.509375 0.484375 0.05625 0.0640625
0 0.3328125 0.58515625 0.05625 0.065625
0 0.24453125 0.64140625 0.059375 0.065625
0 0.15234375 0.6921875 0.0546875 0.059375
0 0.07109375 0.63203125 0.059375 0.065625
0 0.06484375 0.74609375 0.059375 0.0625
0 0.05859375 0.85703125 0.0625 0.0640625
0 0.15078125 0.80703125 0.059375 0.0625
0 0.24296875 0.75546875 0.059375 0.0640625
0 0.23671875 0.8671875 0.05625 0.0640625
0 0.32890625 0.8171875 0.059375 0.065625
0 0.33125 0.69765625 0.059375 0.06875
0 0.41796875 0.6453125 0.0609375 0.0625
0 0.4140625 0.75859375 0.059375 0.065625
0 0.41015625 0.87734375 0.0625 0.0640625
0 0.49609375 0.81953125 0.05625 0.0625
0 0.5015625 0.70546875 0.059375 0.0625
0 0.50703125 0.596875 0.05625 0.065625
0 0.590625 0.5390625 0.059375 0.059375
0 0.59140625 0.65234375 0.0546875 0.0625
0 0.678125 0.6015625 0.05625 0.0625
0 0.584375 0.765625 0.0546875 0.0625
0 0.58125 0.88515625 0.059375 0.06875
0 0.6703125 0.83046875 0.0625 0.0671875
0 0.76015625 0.7828125 0.05625 0.065625
0 0.7515625 0.89609375 0.05625 0.0625
0 0.84609375 0.846875 0.0484375 0.0625
0 0.84921875 0.7234375 0.0625 0.0625
0 0.765625 0.65703125 0.05625 0.0640625
0 0.85390625 0.60859375 0.059375 0.065625
0 0.7640625 0.54453125 0.059375 0.0609375
0 0.85390625 0.496875 0.05625 0.059375
0 0.68046875 0.48828125 0.0578125 0.059375