0 0.46484375 0.5801097203125 0.4677734375 0.58418543125 0.4755859375 0.58418543125 0.48046875 0.577392578125 0.48046875 0.569241153125 0.4775390625 0.5624483 0.4677734375 0.5624483 0.46484375 0.5665240125000001 0.46484375 0.5801097203125
0 0.455078125 0.60456399375 0.4599609375 0.6113568468749999 0.4638671875 0.6113568468749999 0.466796875 0.607281134375 0.466796875 0.59641256875 0.4638671875 0.59233685625 0.4599609375 0.59233685625 0.455078125 0.5991297109375 0.455078125 0.60456399375
0 0.4794921875 0.60863970625 0.4853515625 0.60863970625 0.48828125 0.60456399375 0.48828125 0.59641256875 0.4853515625 0.59233685625 0.4775390625 0.5950539984375001 0.4765625 0.60456399375 0.4794921875 0.60863970625
0 0.5 0.607281134375 0.5029296875 0.6113568468749999 0.5087890625 0.6113568468749999 0.51171875 0.607281134375 0.51171875 0.59641256875 0.5087890625 0.59233685625 0.5048828125 0.59233685625 0.5 0.5991297109375 0.5 0.607281134375
0 0.51953125 0.60456399375 0.5244140625 0.6113568468749999 0.5302734375 0.6113568468749999 0.5341796875 0.60863970625 0.53515625 0.59641256875 0.5322265625 0.59233685625 0.5244140625 0.59233685625 0.51953125 0.5991297109375 0.51953125 0.60456399375
0 0.5478515625 0.6113568468749999 0.5537109375 0.6113568468749999 0.556640625 0.607281134375 0.556640625 0.5991297109375 0.5537109375 0.5950539984375001 0.5498046875 0.59233685625 0.544921875 0.59641256875 0.54296875 0.6018468515625 0.5478515625 0.6113568468749999
0 0.5751953125 0.6113568468749999 0.578125 0.607281134375 0.5771484375 0.5977711390625 0.5732421875 0.5950539984375001 0.5712890625 0.5977711390625 0.5673828125 0.5977711390625 0.5673828125 0.60863970625 0.5751953125 0.6113568468749999
0 0.58984375 0.607281134375 0.5927734375 0.6113568468749999 0.5986328125 0.6113568468749999 0.6015625 0.607281134375 0.6015625 0.5991297109375 0.5986328125 0.5950539984375001 0.5927734375 0.5950539984375001 0.58984375 0.5991297109375 0.58984375 0.607281134375
0 0.5830078125 0.5869025734375 0.591796875 0.5828268609375 0.591796875 0.5719582953125 0.5888671875 0.5678825828125 0.5849609375 0.565165440625 0.5791015625 0.5678825828125 0.578125 0.5801097203125 0.5830078125 0.5869025734375
0 0.5595703125 0.58418543125 0.572265625 0.5828268609375 0.572265625 0.577392578125 0.5673828125 0.570599725 0.556640625 0.5719582953125 0.5546875 0.577392578125 0.5595703125 0.58418543125
0 0.533203125 0.5801097203125 0.5400390625 0.5869025734375 0.546875 0.5801097203125 0.546875 0.5719582953125 0.5439453125 0.5678825828125 0.5361328125 0.5678825828125 0.533203125 0.5719582953125 0.533203125 0.5801097203125
0 0.5078125 0.577392578125 0.5126953125 0.58418543125 0.5205078125 0.5814682906249999 0.521484375 0.5719582953125 0.5185546875 0.5678825828125 0.5126953125 0.5678825828125 0.5078125 0.5746754359375 0.5078125 0.577392578125
0 0.490234375 0.5801097203125 0.4970703125 0.58418543125 0.5 0.5801097203125 0.5 0.5719582953125 0.4970703125 0.5678825828125 0.4931640625 0.5678825828125 0.490234375 0.5719582953125 0.490234375 0.5801097203125
0 0.4453125 0.5828268609375 0.4541015625 0.58418543125 0.45703125 0.5801097203125 0.45703125 0.5719582953125 0.4541015625 0.5678825828125 0.4482421875 0.5678825828125 0.4453125 0.5719582953125 0.4453125 0.5828268609375
0 0.4228515625 0.58418543125 0.4326171875 0.58418543125 0.435546875 0.5801097203125 0.435546875 0.5746754359375 0.4326171875 0.570599725 0.4248046875 0.570599725 0.421875 0.5746754359375 0.4228515625 0.58418543125
0 0.43359375 0.607281134375 0.4365234375 0.6113568468749999 0.4423828125 0.6113568468749999 0.447265625 0.6018468515625 0.4453125 0.59641256875 0.4423828125 0.59233685625 0.43359375 0.593695428125 0.431640625 0.5991297109375 0.43359375 0.607281134375
0 0.41015625 0.60456399375 0.4130859375 0.60863970625 0.4208984375 0.60863970625 0.423828125 0.60456399375 0.423828125 0.59641256875 0.4208984375 0.59233685625 0.4150390625 0.59233685625 0.41015625 0.5991297109375 0.41015625 0.60456399375
0 0.400390625 0.5801097203125 0.4033203125 0.58418543125 0.4091796875 0.58418543125 0.4140625 0.577392578125 0.4140625 0.5719582953125 0.4091796875 0.565165440625 0.4052734375 0.565165440625 0.400390625 0.5719582953125 0.400390625 0.5801097203125
0 0.38671875 0.607281134375 0.3916015625 0.6113568468749999 0.3955078125 0.6113568468749999 0.400390625 0.60456399375 0.400390625 0.59641256875 0.3974609375 0.59233685625 0.3896484375 0.59233685625 0.38671875 0.59641256875 0.38671875 0.607281134375
0 0.3984375 0.6290182671875 0.4033203125 0.635811121875 0.4091796875 0.635811121875 0.4140625 0.6290182671875 0.4140625 0.6263011265625 0.4091796875 0.619508271875 0.4013671875 0.619508271875 0.3984375 0.623583984375 0.3984375 0.6290182671875
0 0.41796875 0.6290182671875 0.4228515625 0.635811121875 0.4287109375 0.635811121875 0.43359375 0.631735409375 0.4326171875 0.619508271875 0.4287109375 0.6167911312500001 0.4208984375 0.619508271875 0.41796875 0.623583984375 0.41796875 0.6290182671875
0 0.443359375 0.6290182671875 0.4462890625 0.6330939796874999 0.4541015625 0.6330939796874999 0.455078125 0.6208668421875 0.4521484375 0.6167911312500001 0.4482421875 0.6167911312500001 0.443359375 0.623583984375 0.443359375 0.6290182671875
0 0.466796875 0.631735409375 0.4697265625 0.635811121875 0.4755859375 0.635811121875 0.48046875 0.6263011265625 0.4775390625 0.619508271875 0.4697265625 0.6167911312500001 0.466796875 0.6208668421875 0.466796875 0.631735409375
0 0.48828125 0.631735409375 0.4912109375 0.635811121875 0.4990234375 0.635811121875 0.501953125 0.6290182671875 0.501953125 0.623583984375 0.4970703125 0.6167911312500001 0.4912109375 0.619508271875 0.48828125 0.623583984375 0.48828125 0.631735409375
0 0.509765625 0.6290182671875 0.5146484375 0.635811121875 0.5185546875 0.635811121875 0.5234375 0.631735409375 0.5234375 0.623583984375 0.5205078125 0.619508271875 0.5126953125 0.619508271875 0.509765625 0.623583984375 0.509765625 0.6290182671875
0 0.5361328125 0.635811121875 0.5419921875 0.635811121875 0.546875 0.6290182671875 0.5439453125 0.619508271875 0.533203125 0.6208668421875 0.53125 0.6290182671875 0.5361328125 0.635811121875
0 0.5595703125 0.635811121875 0.5654296875 0.635811121875 0.5703125 0.6290182671875 0.5703125 0.6263011265625 0.5654296875 0.619508271875 0.5576171875 0.619508271875 0.5537109375 0.6222254140625 0.552734375 0.6290182671875 0.5595703125 0.635811121875
0 0.578125 0.631735409375 0.5830078125 0.635811121875 0.5888671875 0.6330939796874999 0.58984375 0.623583984375 0.5869140625 0.619508271875 0.5810546875 0.619508271875 0.578125 0.623583984375 0.578125 0.631735409375
0 0.587890625 0.6561896828125 0.5908203125 0.6629825375 0.5966796875 0.6629825375 0.599609375 0.6589068250000001 0.599609375 0.6480382578125 0.5908203125 0.6466796875 0.587890625 0.6507554 0.587890625 0.6561896828125
0 0.564453125 0.6589068250000001 0.5693359375 0.665699678125 0.5751953125 0.665699678125 0.580078125 0.661623965625 0.580078125 0.6507554 0.5771484375 0.6466796875 0.5673828125 0.6466796875 0.564453125 0.6507554 0.564453125 0.6589068250000001
0 0.5478515625 0.665699678125 0.5537109375 0.665699678125 0.556640625 0.661623965625 0.556640625 0.6507554 0.5537109375 0.6466796875 0.544921875 0.6480382578125 0.54296875 0.6589068250000001 0.5478515625 0.665699678125
0 0.51953125 0.661623965625 0.5224609375 0.665699678125 0.5361328125 0.665699678125 0.5390625 0.661623965625 0.5390625 0.6534725406249999 0.5341796875 0.6466796875 0.5224609375 0.6466796875 0.51953125 0.6507554 0.51953125 0.661623965625
0 0.5087890625 0.6629825375 0.51171875 0.6589068250000001 0.51171875 0.6480382578125 0.5068359375 0.6439625453125 0.5009765625 0.6466796875 0.5 0.661623965625 0.5087890625 0.6629825375
0 0.4765625 0.6561896828125 0.4794921875 0.6629825375 0.4853515625 0.6629825375 0.48828125 0.6589068250000001 0.48828125 0.6480382578125 0.4814453125 0.6439625453125 0.4765625 0.6507554 0.4765625 0.6561896828125
0 0.4580078125 0.6629825375 0.4619140625 0.6629825375 0.466796875 0.6561896828125 0.4658203125 0.6466796875 0.455078125 0.6480382578125 0.453125 0.6561896828125 0.4580078125 0.6629825375
0 0.431640625 0.6589068250000001 0.4345703125 0.6629825375 0.4404296875 0.6629825375 0.4453125 0.6561896828125 0.4453125 0.6507554 0.4423828125 0.6439625453125 0.4345703125 0.6439625453125 0.431640625 0.6480382578125 0.431640625 0.6589068250000001
0 0.41015625 0.6561896828125 0.4150390625 0.6629825375 0.4169921875 0.6629825375 0.421875 0.6589068250000001 0.423828125 0.6507554 0.4189453125 0.6439625453125 0.4130859375 0.6439625453125 0.41015625 0.6480382578125 0.41015625 0.6561896828125
0 0.38671875 0.6589068250000001 0.3935546875 0.6629825375 0.400390625 0.6561896828125 0.400390625 0.6480382578125 0.3974609375 0.6439625453125 0.3916015625 0.6412454046875 0.38671875 0.6480382578125 0.38671875 0.6589068250000001
0 0.375 0.6887953812500001 0.3798828125 0.69287109375 0.3837890625 0.69287109375 0.390625 0.686078240625 0.390625 0.6752096734374999 0.3857421875 0.6684168203125 0.3779296875 0.6684168203125 0.375 0.6724925328125 0.375 0.6887953812500001
0 0.3994140625 0.6874368109375 0.4072265625 0.6901539515625 0.412109375 0.6833610984375 0.412109375 0.6752096734374999 0.4091796875 0.6684168203125 0.4013671875 0.6684168203125 0.3984375 0.6724925328125 0.396484375 0.6833610984375 0.3994140625 0.6874368109375
0 0.41796875 0.6833610984375 0.4228515625 0.6901539515625 0.4306640625 0.6901539515625 0.43359375 0.686078240625 0.43359375 0.6724925328125 0.4306640625 0.6684168203125 0.419921875 0.669775390625 0.41796875 0.6752096734374999 0.41796875 0.6833610984375
0 0.4482421875 0.6901539515625 0.453125 0.686078240625 0.455078125 0.677926815625 0.4521484375 0.6711339609375 0.4443359375 0.6711339609375 0.443359375 0.686078240625 0.4482421875 0.6901539515625
0 0.46484375 0.686078240625 0.4736328125 0.6874368109375 0.4765625 0.6833610984375 0.4765625 0.6724925328125 0.4736328125 0.6684168203125 0.4677734375 0.6684168203125 0.46484375 0.6724925328125 0.46484375 0.686078240625
0 0.4892578125 0.6874368109375 0.4990234375 0.6874368109375 0.501953125 0.6833610984375 0.501953125 0.6752096734374999 0.4970703125 0.6684168203125 0.4931640625 0.6684168203125 0.48828125 0.6724925328125 0.486328125 0.68064395625 0.4892578125 0.6874368109375
0 0.5126953125 0.6901539515625 0.5205078125 0.6901539515625 0.525390625 0.6833610984375 0.525390625 0.6752096734374999 0.5205078125 0.6684168203125 0.5126953125 0.6684168203125 0.509765625 0.6724925328125 0.5078125 0.6833610984375 0.5126953125 0.6901539515625
0 0.533203125 0.6833610984375 0.5380859375 0.6901539515625 0.5419921875 0.6901539515625 0.546875 0.6833610984375 0.546875 0.677926815625 0.5419921875 0.6711339609375 0.5380859375 0.6711339609375 0.533203125 0.677926815625 0.533203125 0.6833610984375
0 0.5546875 0.686078240625 0.5576171875 0.6901539515625 0.5673828125 0.6901539515625 0.5703125 0.686078240625 0.5703125 0.6752096734374999 0.5673828125 0.6711339609375 0.5576171875 0.6711339609375 0.5546875 0.6752096734374999 0.5546875 0.686078240625
0 0.5830078125 0.6901539515625 0.58984375 0.686078240625 0.5888671875 0.673851103125 0.5849609375 0.6711339609375 0.5791015625 0.673851103125 0.578125 0.6833610984375 0.5830078125 0.6901539515625
0 0.5888671875 0.7173253671875 0.5986328125 0.7173253671875 0.6015625 0.7132496546875 0.6005859375 0.6983053765625 0.5908203125 0.6983053765625 0.587890625 0.7023810890625 0.5859375 0.7105325140625001 0.5888671875 0.7173253671875
0 0.564453125 0.7105325140625001 0.5693359375 0.7173253671875 0.5751953125 0.7173253671875 0.580078125 0.7105325140625001 0.580078125 0.699663946875 0.5771484375 0.6955882359375 0.5693359375 0.6955882359375 0.564453125 0.7023810890625 0.564453125 0.7105325140625001
0 0.5458984375 0.7146082265625 0.5517578125 0.7173253671875 0.556640625 0.7132496546875 0.55859375 0.70509823125 0.5537109375 0.6983053765625 0.544921875 0.699663946875 0.54296875 0.7105325140625001 0.5458984375 0.7146082265625
0 0.5205078125 0.7146082265625 0.5244140625 0.7173253671875 0.5302734375 0.7173253671875 0.53515625 0.7132496546875 0.53515625 0.7023810890625 0.5302734375 0.6955882359375 0.5224609375 0.6983053765625 0.51953125 0.7023810890625 0.5205078125 0.7146082265625
0 0.5029296875 0.7146082265625 0.5087890625 0.7146082265625 0.51171875 0.7105325140625001 0.51171875 0.699663946875 0.5068359375 0.6955882359375 0.5009765625 0.6983053765625 0.5 0.7105325140625001 0.5029296875 0.7146082265625
0 0.474609375 0.7105325140625001 0.4794921875 0.7173253671875 0.4814453125 0.7173253671875 0.4833984375 0.7146082265625 0.4873046875 0.7146082265625 0.490234375 0.7105325140625001 0.490234375 0.7023810890625 0.4853515625 0.6955882359375 0.4794921875 0.6955882359375 0.474609375 0.7023810890625 0.474609375 0.7105325140625001
0 0.4580078125 0.7146082265625 0.4638671875 0.7146082265625 0.466796875 0.7105325140625001 0.466796875 0.7023810890625 0.4619140625 0.6955882359375 0.4580078125 0.6955882359375 0.455078125 0.699663946875 0.453125 0.70509823125 0.4580078125 0.7146082265625
0 0.4296875 0.7105325140625001 0.4345703125 0.7146082265625 0.4384765625 0.7146082265625 0.443359375 0.7105325140625001 0.443359375 0.699663946875 0.4404296875 0.6955882359375 0.4345703125 0.6955882359375 0.4296875 0.7023810890625 0.4296875 0.7105325140625001
0 0.4111328125 0.7146082265625 0.4189453125 0.7146082265625 0.421875 0.7105325140625001 0.4208984375 0.6983053765625 0.4150390625 0.6955882359375 0.41015625 0.699663946875 0.408203125 0.707815371875 0.4111328125 0.7146082265625
0 0.3876953125 0.7146082265625 0.3955078125 0.7146082265625 0.400390625 0.707815371875 0.400390625 0.7023810890625 0.3955078125 0.69287109375 0.3916015625 0.69287109375 0.38671875 0.6969468062499999 0.384765625 0.707815371875 0.3876953125 0.7146082265625
0 0.3759765625 0.7417796421875 0.3818359375 0.7417796421875 0.38671875 0.7349867875 0.38671875 0.724118221875 0.3837890625 0.720042509375 0.3779296875 0.720042509375 0.3740234375 0.72275965 0.373046875 0.7377039296875 0.3759765625 0.7417796421875
0 0.3994140625 0.7390625 0.4072265625 0.7390625 0.412109375 0.7322696468750001 0.412109375 0.7268353624999999 0.4072265625 0.720042509375 0.4033203125 0.720042509375 0.3984375 0.724118221875 0.396484375 0.7349867875 0.3994140625 0.7390625
0 0.41796875 0.7377039296875 0.4208984375 0.7417796421875 0.4306640625 0.7417796421875 0.435546875 0.7322696468750001 0.43359375 0.7268353624999999 0.4306640625 0.72275965 0.4208984375 0.72275965 0.41796875 0.7268353624999999 0.41796875 0.7377039296875
0 0.44140625 0.7349867875 0.4462890625 0.7417796421875 0.4501953125 0.7417796421875 0.455078125 0.7349867875 0.455078125 0.7268353624999999 0.4521484375 0.72275965 0.4443359375 0.72275965 0.44140625 0.7268353624999999 0.44140625 0.7349867875
0 0.462890625 0.7349867875 0.46484375 0.7404210703125 0.4755859375 0.7417796421875 0.478515625 0.7377039296875 0.478515625 0.724118221875 0.4736328125 0.720042509375 0.4658203125 0.72275965 0.462890625 0.7268353624999999 0.462890625 0.7349867875
0 0.4892578125 0.7390625 0.4970703125 0.7390625 0.5 0.7349867875 0.5 0.7268353624999999 0.4970703125 0.72275965 0.4912109375 0.72275965 0.4873046875 0.728193934375 0.4853515625 0.728193934375 0.484375 0.7322696468750001 0.4892578125 0.7390625
0 0.5078125 0.7322696468750001 0.5107421875 0.7390625 0.5185546875 0.7417796421875 0.5234375 0.7377039296875 0.525390625 0.7268353624999999 0.5224609375 0.72275965 0.5185546875 0.72275965 0.5166015625 0.720042509375 0.5107421875 0.72275965 0.5078125 0.7268353624999999 0.5078125 0.7322696468750001
0 0.5400390625 0.7417796421875 0.544921875 0.7377039296875 0.5439453125 0.7254767921874999 0.5400390625 0.72275965 0.5341796875 0.7254767921874999 0.5341796875 0.7390625 0.5400390625 0.7417796421875
0 0.5556640625 0.7390625 0.56640625 0.7377039296875 0.568359375 0.7268353624999999 0.5634765625 0.720042509375 0.5537109375 0.72275965 0.552734375 0.7349867875 0.5556640625 0.7390625
0 0.5888671875 0.7417796421875 0.58984375 0.7268353624999999 0.5849609375 0.72275965 0.5791015625 0.7254767921874999 0.578125 0.7404210703125 0.5888671875 0.7417796421875
0 0.58984375 0.762158203125 0.5947265625 0.7689510562499999 0.5986328125 0.766233915625 0.6015625 0.7594410609375 0.599609375 0.7567239203125 0.599609375 0.7512896375 0.58984375 0.7512896375 0.587890625 0.7567239203125 0.58984375 0.762158203125
0 0.56640625 0.7648753453125 0.5751953125 0.766233915625 0.578125 0.762158203125 0.578125 0.754006778125 0.5751953125 0.749931065625 0.5693359375 0.749931065625 0.56640625 0.754006778125 0.56640625 0.7648753453125
0 0.54296875 0.762158203125 0.5478515625 0.7689510562499999 0.5537109375 0.7689510562499999 0.556640625 0.7648753453125 0.55859375 0.7567239203125 0.5556640625 0.749931065625 0.5478515625 0.747213925 0.54296875 0.754006778125 0.54296875 0.762158203125
0 0.51953125 0.762158203125 0.5244140625 0.7689510562499999 0.5302734375 0.7689510562499999 0.533203125 0.7648753453125 0.53515625 0.7567239203125 0.5322265625 0.749931065625 0.5244140625 0.749931065625 0.51953125 0.7567239203125 0.51953125 0.762158203125
0 0.498046875 0.762158203125 0.5009765625 0.766233915625 0.5068359375 0.766233915625 0.51171875 0.7594410609375 0.51171875 0.754006778125 0.5068359375 0.747213925 0.5009765625 0.747213925 0.498046875 0.7512896375 0.498046875 0.762158203125
0 0.47265625 0.762158203125 0.4775390625 0.7689510562499999 0.4853515625 0.7689510562499999 0.490234375 0.762158203125 0.490234375 0.754006778125 0.4873046875 0.747213925 0.4775390625 0.747213925 0.47265625 0.754006778125 0.47265625 0.762158203125
0 0.453125 0.7594410609375 0.4580078125 0.766233915625 0.4638671875 0.766233915625 0.466796875 0.762158203125 0.466796875 0.7512896375 0.4638671875 0.747213925 0.4580078125 0.747213925 0.453125 0.754006778125 0.453125 0.7594410609375
0 0.4296875 0.762158203125 0.4326171875 0.766233915625 0.4423828125 0.766233915625 0.4453125 0.762158203125 0.4453125 0.754006778125 0.4423828125 0.749931065625 0.4326171875 0.749931065625 0.4296875 0.754006778125 0.4296875 0.762158203125
0 0.408203125 0.7594410609375 0.4111328125 0.7635167734375 0.4150390625 0.766233915625 0.421875 0.7594410609375 0.4208984375 0.749931065625 0.4169921875 0.747213925 0.4111328125 0.749931065625 0.408203125 0.754006778125 0.408203125 0.7594410609375
0 0.3876953125 0.7635167734375 0.3955078125 0.7635167734375 0.3984375 0.7594410609375 0.3984375 0.7512896375 0.3935546875 0.747213925 0.3876953125 0.747213925 0.384765625 0.7512896375 0.3828125 0.7567239203125 0.3876953125 0.7635167734375
0 0.37109375 0.7866124765625 0.3759765625 0.79340533125 0.3837890625 0.79340533125 0.38671875 0.78932961875 0.38671875 0.778461053125 0.3818359375 0.7743853406250001 0.3759765625 0.7743853406250001 0.37109375 0.78117819375 0.37109375 0.7866124765625
0 0.3974609375 0.7906881890624999 0.4052734375 0.79340533125 0.412109375 0.7866124765625 0.412109375 0.778461053125 0.4091796875 0.7743853406250001 0.3994140625 0.7743853406250001 0.396484375 0.778461053125 0.3974609375 0.7906881890624999
0 0.41796875 0.7838953359375 0.4208984375 0.7879710484375 0.4267578125 0.7906881890624999 0.431640625 0.7866124765625 0.4306640625 0.7743853406250001 0.4267578125 0.7716681984375 0.4248046875 0.7743853406250001 0.4208984375 0.7743853406250001 0.41796875 0.778461053125 0.41796875 0.7838953359375
0 0.44140625 0.7866124765625 0.4462890625 0.79340533125 0.4501953125 0.79340533125 0.455078125 0.7866124765625 0.455078125 0.778461053125 0.4521484375 0.7743853406250001 0.4462890625 0.7743853406250001 0.44140625 0.78117819375 0.44140625 0.7866124765625
0 0.46484375 0.78932961875 0.4755859375 0.7906881890624999 0.478515625 0.78117819375 0.4736328125 0.7743853406250001 0.4677734375 0.7743853406250001 0.46484375 0.778461053125 0.46484375 0.78932961875
0 0.48828125 0.7838953359375 0.48828125 0.78932961875 0.4912109375 0.79340533125 0.4970703125 0.79340533125 0.501953125 0.7866124765625 0.501953125 0.778461053125 0.4990234375 0.7743853406250001 0.48828125 0.7757439109375001 0.486328125 0.78117819375 0.48828125 0.7838953359375
0 0.5126953125 0.79340533125 0.5185546875 0.796122471875 0.5234375 0.78932961875 0.5234375 0.778461053125 0.5205078125 0.7743853406250001 0.5146484375 0.7743853406250001 0.5107421875 0.77710248125 0.509765625 0.78932961875 0.5126953125 0.79340533125
0 0.53125 0.7866124765625 0.5361328125 0.79340533125 0.5400390625 0.79340533125 0.544921875 0.78932961875 0.544921875 0.778461053125 0.5400390625 0.7743853406250001 0.5361328125 0.7743853406250001 0.53125 0.78117819375 0.53125 0.7866124765625
0 0.552734375 0.7866124765625 0.5576171875 0.796122471875 0.5654296875 0.796122471875 0.5703125 0.78932961875 0.5703125 0.7838953359375 0.5654296875 0.7743853406250001 0.5546875 0.778461053125 0.5546875 0.7838953359375 0.552734375 0.7866124765625
0 0.576171875 0.78932961875 0.5810546875 0.796122471875 0.5849609375 0.796122471875 0.58984375 0.792046759375 0.591796875 0.7838953359375 0.5869140625 0.7743853406250001 0.5810546875 0.7743853406250001 0.576171875 0.78117819375 0.576171875 0.78932961875
0 0.587890625 0.8192181749999999 0.5908203125 0.8232938875 0.5986328125 0.8232938875 0.6015625 0.8192181749999999 0.6015625 0.8056324671875 0.5966796875 0.8015567562499999 0.5927734375 0.8015567562499999 0.587890625 0.808349609375 0.587890625 0.8192181749999999
0 0.5625 0.816501034375 0.5693359375 0.8232938875 0.5771484375 0.8232938875 0.58203125 0.816501034375 0.580078125 0.8056324671875 0.5771484375 0.8015567562499999 0.5673828125 0.8015567562499999 0.5625 0.808349609375 0.5625 0.816501034375
0 0.576171875 0.84367245 0.5791015625 0.8477481625 0.5849609375 0.8504653031249999 0.58984375 0.84367245 0.58984375 0.8328038828125001 0.5830078125 0.8260110296875001 0.5791015625 0.8287281703125 0.576171875 0.8328038828125001 0.576171875 0.84367245
0 0.541015625 0.816501034375 0.5478515625 0.8232938875 0.5537109375 0.820576746875 0.556640625 0.816501034375 0.556640625 0.8056324671875 0.5537109375 0.8015567562499999 0.5439453125 0.8015567562499999 0.541015625 0.8056324671875 0.541015625 0.816501034375
0 0.5546875 0.84367245 0.5595703125 0.8477481625 0.56640625 0.8409553078125 0.56640625 0.8328038828125001 0.5615234375 0.8260110296875001 0.5576171875 0.8260110296875001 0.5546875 0.8300867421874999 0.5546875 0.84367245
0 0.5361328125 0.8477481625 0.5400390625 0.8477481625 0.544921875 0.8409553078125 0.544921875 0.835521025 0.5419921875 0.8287281703125 0.5341796875 0.8287281703125 0.53125 0.8328038828125001 0.529296875 0.8409553078125 0.5361328125 0.8477481625
0 0.5205078125 0.820576746875 0.5322265625 0.820576746875 0.53515625 0.816501034375 0.53515625 0.808349609375 0.5322265625 0.8015567562499999 0.5205078125 0.8015567562499999 0.5166015625 0.804273896875 0.515625 0.8137838921875 0.5205078125 0.820576746875
0 0.498046875 0.816501034375 0.5009765625 0.820576746875 0.5068359375 0.820576746875 0.51171875 0.8137838921875 0.51171875 0.8056324671875 0.5087890625 0.8015567562499999 0.5009765625 0.8015567562499999 0.498046875 0.8056324671875 0.498046875 0.816501034375
0 0.4775390625 0.8151424625000001 0.4853515625 0.8151424625000001 0.48828125 0.8110667515625 0.48828125 0.8056324671875 0.4853515625 0.8015567562499999 0.4775390625 0.8015567562499999 0.474609375 0.8056324671875 0.4775390625 0.8151424625000001
0 0.453125 0.8137838921875 0.4560546875 0.8178596046875001 0.4638671875 0.8178596046875001 0.46484375 0.8056324671875 0.4619140625 0.8015567562499999 0.4560546875 0.8015567562499999 0.453125 0.8056324671875 0.453125 0.8137838921875
0 0.4697265625 0.8477481625 0.4736328125 0.8477481625 0.478515625 0.8409553078125 0.4765625 0.8300867421874999 0.4658203125 0.8287281703125 0.46484375 0.84367245 0.4697265625 0.8477481625
0 0.486328125 0.8382381656250001 0.4892578125 0.8423138781249999 0.4970703125 0.8423138781249999 0.498046875 0.8300867421874999 0.4951171875 0.8260110296875001 0.4892578125 0.8287281703125 0.486328125 0.8328038828125001 0.486328125 0.8382381656250001
0 0.5087890625 0.8423138781249999 0.5166015625 0.8450310203125 0.5234375 0.8382381656250001 0.5205078125 0.8287281703125 0.5166015625 0.8260110296875001 0.5107421875 0.8287281703125 0.5078125 0.8328038828125001 0.5087890625 0.8423138781249999
0 0.4296875 0.816501034375 0.4345703125 0.820576746875 0.4384765625 0.820576746875 0.443359375 0.8137838921875 0.443359375 0.8029153265625 0.4404296875 0.7988396140625 0.4326171875 0.7988396140625 0.4296875 0.8029153265625 0.4296875 0.816501034375
0 0.44140625 0.8409553078125 0.443359375 0.8463895906250001 0.4521484375 0.8477481625 0.45703125 0.8409553078125 0.45703125 0.835521025 0.4521484375 0.8287281703125 0.4443359375 0.8287281703125 0.44140625 0.8328038828125001 0.44140625 0.8409553078125
0 0.40625 0.8137838921875 0.4091796875 0.8178596046875001 0.4169921875 0.8178596046875001 0.419921875 0.8137838921875 0.419921875 0.8029153265625 0.4169921875 0.7988396140625 0.4111328125 0.7988396140625 0.40625 0.8056324671875 0.40625 0.8137838921875
0 0.419921875 0.8409553078125 0.4228515625 0.8450310203125 0.4287109375 0.8450310203125 0.43359375 0.8382381656250001 0.43359375 0.8328038828125001 0.4287109375 0.8260110296875001 0.4228515625 0.8260110296875001 0.419921875 0.8300867421874999 0.419921875 0.8409553078125
0 0.384765625 0.8137838921875 0.3935546875 0.8151424625000001 0.396484375 0.8110667515625 0.396484375 0.8029153265625 0.3876953125 0.8015567562499999 0.384765625 0.8056324671875 0.384765625 0.8137838921875
0 0.396484375 0.8409553078125 0.3994140625 0.8450310203125 0.4091796875 0.8450310203125 0.412109375 0.8409553078125 0.41015625 0.8300867421874999 0.4072265625 0.8260110296875001 0.3994140625 0.8260110296875001 0.396484375 0.8300867421874999 0.396484375 0.8409553078125
0 0.37109375 0.8382381656250001 0.3740234375 0.8423138781249999 0.3837890625 0.8423138781249999 0.38671875 0.835521025 0.38671875 0.8300867421874999 0.3798828125 0.8232938875 0.3740234375 0.8260110296875001 0.37109375 0.8300867421874999 0.37109375 0.8382381656250001
0 0.384765625 0.86540958125 0.3916015625 0.86948529375 0.3935546875 0.866768153125 0.3974609375 0.866768153125 0.400390625 0.8572581578125 0.3955078125 0.8504653031249999 0.3896484375 0.8504653031249999 0.384765625 0.8572581578125 0.384765625 0.86540958125
0 0.40625 0.86540958125 0.4111328125 0.8722024359375 0.4169921875 0.8722024359375 0.421875 0.862692440625 0.421875 0.8572581578125 0.4189453125 0.8531824453124999 0.4111328125 0.8531824453124999 0.40625 0.8599752984375 0.40625 0.86540958125
0 0.4296875 0.86540958125 0.4326171875 0.86948529375 0.4404296875 0.86948529375 0.443359375 0.86540958125 0.443359375 0.8572581578125 0.4404296875 0.8531824453124999 0.4345703125 0.8531824453124999 0.4296875 0.8599752984375 0.4296875 0.86540958125
0 0.4560546875 0.8722024359375 0.4599609375 0.8749195765625 0.466796875 0.8681267234375 0.466796875 0.8599752984375 0.4638671875 0.8558995859375 0.4580078125 0.8531824453124999 0.453125 0.8572581578125 0.451171875 0.862692440625 0.4560546875 0.8722024359375
0 0.47265625 0.86540958125 0.4755859375 0.86948529375 0.4814453125 0.8722024359375 0.48828125 0.86540958125 0.48828125 0.8572581578125 0.4833984375 0.8504653031249999 0.4775390625 0.8504653031249999 0.47265625 0.8572581578125 0.47265625 0.86540958125
0 0.4990234375 0.8722024359375 0.5087890625 0.8722024359375 0.51171875 0.8681267234375 0.51171875 0.8572581578125 0.5087890625 0.8531824453124999 0.5009765625 0.8531824453124999 0.498046875 0.8572581578125 0.49609375 0.86540958125 0.4990234375 0.8722024359375
0 0.51953125 0.8681267234375 0.5224609375 0.8722024359375 0.5302734375 0.8722024359375 0.533203125 0.8681267234375 0.533203125 0.854541015625 0.5224609375 0.8531824453124999 0.51953125 0.8572581578125 0.51953125 0.8681267234375
0 0.54296875 0.8681267234375 0.5478515625 0.8722024359375 0.5537109375 0.8722024359375 0.556640625 0.8681267234375 0.556640625 0.8572581578125 0.5537109375 0.8531824453124999 0.5458984375 0.8531824453124999 0.54296875 0.8572581578125 0.54296875 0.8681267234375
0 0.5673828125 0.8722024359375 0.5751953125 0.8722024359375 0.58203125 0.86540958125 0.58203125 0.862692440625 0.5771484375 0.8558995859375 0.5693359375 0.8558995859375 0.564453125 0.862692440625 0.5673828125 0.8722024359375
0 0.5888671875 0.8722024359375 0.5966796875 0.8722024359375 0.6015625 0.862692440625 0.5966796875 0.8531824453124999 0.5908203125 0.8531824453124999 0.587890625 0.8572581578125 0.5859375 0.86540958125 0.5888671875 0.8722024359375
0 0.576171875 0.8952981390625 0.5791015625 0.8993738515624999 0.5849609375 0.8993738515624999 0.58984375 0.892580996875 0.58984375 0.8871467140625 0.5869140625 0.8803538609375 0.5791015625 0.8803538609375 0.576171875 0.884429571875 0.576171875 0.8952981390625
0 0.552734375 0.892580996875 0.5576171875 0.8993738515624999 0.5634765625 0.8993738515624999 0.56640625 0.8952981390625 0.56640625 0.884429571875 0.5634765625 0.8803538609375 0.5576171875 0.8803538609375 0.552734375 0.8871467140625 0.552734375 0.892580996875
0 0.53125 0.8952981390625 0.5341796875 0.8993738515624999 0.5419921875 0.8993738515624999 0.544921875 0.892580996875 0.54296875 0.8817124312500001 0.5341796875 0.8803538609375 0.53125 0.884429571875 0.53125 0.8952981390625
0 0.5078125 0.892580996875 0.5146484375 0.8993738515624999 0.5205078125 0.896656709375 0.5234375 0.8871467140625 0.5185546875 0.8803538609375 0.5107421875 0.8803538609375 0.5078125 0.884429571875 0.5078125 0.892580996875
0 0.484375 0.892580996875 0.4892578125 0.8993738515624999 0.4951171875 0.8993738515624999 0.5 0.892580996875 0.5 0.884429571875 0.4970703125 0.8803538609375 0.4892578125 0.8803538609375 0.484375 0.8871467140625 0.484375 0.892580996875
0 0.462890625 0.892580996875 0.4677734375 0.8993738515624999 0.4736328125 0.8993738515624999 0.478515625 0.892580996875 0.478515625 0.8871467140625 0.4716796875 0.87763671875 0.4658203125 0.8803538609375 0.462890625 0.884429571875 0.462890625 0.892580996875
0 0.44140625 0.8952981390625 0.4443359375 0.8993738515624999 0.4501953125 0.8993738515624999 0.455078125 0.892580996875 0.455078125 0.8817124312500001 0.4501953125 0.87763671875 0.4462890625 0.87763671875 0.44140625 0.884429571875 0.44140625 0.8952981390625
0 0.41796875 0.8898638562500001 0.4208984375 0.8939395687499999 0.4287109375 0.8939395687499999 0.431640625 0.8898638562500001 0.431640625 0.884429571875 0.4267578125 0.87763671875 0.4228515625 0.87763671875 0.41796875 0.884429571875 0.41796875 0.8898638562500001
0 0.3974609375 0.896656709375 0.4072265625 0.896656709375 0.412109375 0.8871467140625 0.412109375 0.884429571875 0.4052734375 0.87763671875 0.3994140625 0.87763671875 0.396484375 0.8817124312500001 0.39453125 0.8898638562500001 0.3974609375 0.896656709375
0 0.37109375 0.8898638562500001 0.3740234375 0.8939395687499999 0.3818359375 0.8939395687499999 0.384765625 0.8898638562500001 0.384765625 0.8817124312500001 0.3818359375 0.87763671875 0.3740234375 0.87763671875 0.37109375 0.8817124312500001 0.37109375 0.8898638562500001
0 0.3857421875 0.923828125 0.3935546875 0.923828125 0.3984375 0.9170352718749999 0.3984375 0.908883846875 0.3955078125 0.9048081343750001 0.3876953125 0.9048081343750001 0.3837890625 0.907525275 0.3828125 0.9170352718749999 0.3857421875 0.923828125
0 0.4091796875 0.923828125 0.4169921875 0.923828125 0.419921875 0.9170352718749999 0.419921875 0.908883846875 0.4169921875 0.9048081343750001 0.4072265625 0.9048081343750001 0.40625 0.9197524125 0.4091796875 0.923828125
0 0.427734375 0.9170352718749999 0.4326171875 0.923828125 0.4384765625 0.923828125 0.443359375 0.9197524125 0.4423828125 0.907525275 0.4384765625 0.9048081343750001 0.4306640625 0.907525275 0.427734375 0.9116009875 0.427734375 0.9170352718749999
0 0.451171875 0.9197524125 0.4560546875 0.9265452671875 0.4619140625 0.9265452671875 0.466796875 0.9197524125 0.466796875 0.9116009875 0.4599609375 0.9048081343750001 0.4560546875 0.9048081343750001 0.451171875 0.9116009875 0.451171875 0.9197524125
0 0.474609375 0.9197524125 0.4775390625 0.923828125 0.4853515625 0.923828125 0.4921875 0.9170352718749999 0.4921875 0.9116009875 0.4873046875 0.9048081343750001 0.4814453125 0.9048081343750001 0.4775390625 0.907525275 0.474609375 0.9116009875 0.474609375 0.9197524125
0 0.5009765625 0.923828125 0.5068359375 0.923828125 0.51171875 0.9143181296874999 0.509765625 0.908883846875 0.5048828125 0.9048081343750001 0.4990234375 0.907525275 0.498046875 0.9197524125 0.5009765625 0.923828125
0 0.51953125 0.9170352718749999 0.5244140625 0.923828125 0.5322265625 0.923828125 0.537109375 0.9143181296874999 0.537109375 0.908883846875 0.5322265625 0.9020909921875001 0.5244140625 0.9020909921875001 0.51953125 0.908883846875 0.51953125 0.9170352718749999
0 0.5537109375 0.923828125 0.556640625 0.9170352718749999 0.5546875 0.908883846875 0.5439453125 0.907525275 0.54296875 0.9224695546874999 0.5537109375 0.923828125
0 0.5625 0.9197524125 0.5693359375 0.9265452671875 0.5732421875 0.9265452671875 0.576171875 0.9224695546874999 0.576171875 0.908883846875 0.5673828125 0.907525275 0.5625 0.9143181296874999 0.5625 0.9197524125
0 0.587890625 0.9224695546874999 0.5927734375 0.9265452671875 0.5966796875 0.9265452671875 0.599609375 0.9224695546874999 0.6015625 0.9143181296874999 0.5966796875 0.9048081343750001 0.5908203125 0.9048081343750001 0.587890625 0.908883846875 0.587890625 0.9224695546874999
0 0.5771484375 0.950999540625 0.5869140625 0.950999540625 0.58984375 0.946923828125 0.58984375 0.938772403125 0.5869140625 0.9346966906249999 0.576171875 0.9360552625 0.57421875 0.946923828125 0.5771484375 0.950999540625
0 0.552734375 0.9496409703124999 0.5595703125 0.959150965625 0.5615234375 0.959150965625 0.568359375 0.9496409703124999 0.568359375 0.9442066859375 0.5654296875 0.9346966906249999 0.5576171875 0.9346966906249999 0.552734375 0.9414895453125001 0.552734375 0.9496409703124999
0 0.5859375 0.9713781015625 0.5908203125 0.97817095625 0.5927734375 0.97817095625 0.595703125 0.9740952437500001 0.595703125 0.963226678125 0.5908203125 0.959150965625 0.5859375 0.9659438187499999 0.5859375 0.9713781015625
0 0.564453125 0.9795295265625 0.5673828125 0.9836052390625 0.5751953125 0.9836052390625 0.580078125 0.9768123843750001 0.580078125 0.9659438187499999 0.5732421875 0.9618681062500001 0.5673828125 0.9645852484375 0.5625 0.9713781015625 0.564453125 0.9795295265625
0 0.541015625 0.9740952437500001 0.5458984375 0.980888096875 0.5517578125 0.980888096875 0.5556640625 0.97817095625 0.55859375 0.9713781015625 0.556640625 0.963226678125 0.5537109375 0.959150965625 0.5439453125 0.959150965625 0.541015625 0.963226678125 0.541015625 0.9740952437500001
0 0.529296875 0.9442066859375 0.5341796875 0.950999540625 0.5400390625 0.950999540625 0.54296875 0.946923828125 0.54296875 0.938772403125 0.5361328125 0.93197955 0.5322265625 0.9346966906249999 0.529296875 0.938772403125 0.529296875 0.9442066859375
0 0.5078125 0.9496409703124999 0.5126953125 0.9537166812500001 0.5185546875 0.9537166812500001 0.521484375 0.9496409703124999 0.521484375 0.9360552625 0.5166015625 0.9292624078125 0.509765625 0.9333381203125001 0.5078125 0.938772403125 0.5078125 0.9496409703124999
0 0.51953125 0.9713781015625 0.5224609375 0.9754538140625 0.5263671875 0.9754538140625 0.53125 0.9686609609374999 0.53125 0.963226678125 0.5283203125 0.959150965625 0.5224609375 0.959150965625 0.51953125 0.963226678125 0.51953125 0.9713781015625
0 0.4892578125 0.950999540625 0.4951171875 0.950999540625 0.5 0.9442066859375 0.5 0.9360552625 0.4951171875 0.9292624078125 0.4892578125 0.9292624078125 0.486328125 0.9333381203125001 0.484375 0.9442066859375 0.4892578125 0.950999540625
0 0.4990234375 0.97817095625 0.509765625 0.9768123843750001 0.5087890625 0.9645852484375 0.5048828125 0.9618681062500001 0.4970703125 0.9645852484375 0.49609375 0.9740952437500001 0.4990234375 0.97817095625
0 0.4609375 0.9442066859375 0.4658203125 0.950999540625 0.4716796875 0.950999540625 0.474609375 0.946923828125 0.474609375 0.9360552625 0.4716796875 0.93197955 0.4658203125 0.93197955 0.4609375 0.938772403125 0.4609375 0.9442066859375
0 0.4755859375 0.97817095625 0.4833984375 0.97817095625 0.48828125 0.9713781015625 0.4853515625 0.9618681062500001 0.474609375 0.963226678125 0.47265625 0.9740952437500001 0.4755859375 0.97817095625
0 0.439453125 0.946923828125 0.4443359375 0.9537166812500001 0.4501953125 0.9537166812500001 0.455078125 0.9496409703124999 0.455078125 0.9360552625 0.4501953125 0.9292624078125 0.4462890625 0.9292624078125 0.44140625 0.9333381203125001 0.439453125 0.938772403125 0.439453125 0.946923828125
0 0.451171875 0.9740952437500001 0.4541015625 0.97817095625 0.4619140625 0.97817095625 0.46484375 0.9740952437500001 0.466796875 0.9659438187499999 0.4638671875 0.959150965625 0.4560546875 0.9564338234375 0.451171875 0.963226678125 0.451171875 0.9740952437500001
0 0.416015625 0.9442066859375 0.4228515625 0.9482823984375001 0.4306640625 0.9455652578124999 0.431640625 0.9360552625 0.4267578125 0.9292624078125 0.4208984375 0.9292624078125 0.416015625 0.9360552625 0.416015625 0.9442066859375
0 0.427734375 0.9740952437500001 0.4306640625 0.97817095625 0.4365234375 0.97817095625 0.4384765625 0.980888096875 0.4453125 0.9713781015625 0.4453125 0.9659438187499999 0.443359375 0.9605095359375 0.4384765625 0.9564338234375 0.4326171875 0.959150965625 0.427734375 0.9659438187499999 0.427734375 0.9740952437500001
0 0.3974609375 0.950999540625 0.4072265625 0.950999540625 0.412109375 0.9442066859375 0.41015625 0.9360552625 0.4072265625 0.93197955 0.3994140625 0.93197955 0.3955078125 0.9346966906249999 0.39453125 0.946923828125 0.3974609375 0.950999540625
0 0.4091796875 0.97817095625 0.4150390625 0.97817095625 0.419921875 0.9713781015625 0.419921875 0.9659438187499999 0.4169921875 0.959150965625 0.4091796875 0.959150965625 0.40625 0.963226678125 0.404296875 0.9686609609374999 0.4091796875 0.97817095625
0 0.3740234375 0.9482823984375001 0.3818359375 0.9482823984375001 0.38671875 0.9414895453125001 0.384765625 0.9333381203125001 0.3798828125 0.9292624078125 0.3720703125 0.93197955 0.37109375 0.9442066859375 0.3740234375 0.9482823984375001
0 0.3857421875 0.9727366734375 0.3896484375 0.9754538140625 0.3984375 0.9740952437500001 0.400390625 0.9659438187499999 0.3935546875 0.9564338234375 0.3876953125 0.9564338234375 0.384765625 0.9605095359375 0.3828125 0.9686609609374999 0.3857421875 0.9727366734375