0 0.1125 0.11953125 0.0296875 0.03359375
0 0.1453125 0.13984375 0.02890625 0.03671875
0 0.17734375 0.11796875 0.02890625 0.0328125
0 0.2078125 0.14140625 0.02734375 0.0359375
0 0.23984375 0.11875 0.0296875 0.034375
0 0.27265625 0.1375 0.028125 0.034375
0 0.3015625 0.1203125 0.028125 0.03828125
0 0.334375 0.1375 0.0265625 0.034375
0 0.36484375 0.1171875 0.0265625 0.034375
0 0.39609375 0.1359375 0.02734375 0.034375
0 0.42890625 0.1171875 0.02890625 0.03515625
0 0.459375 0.13515625 0.0296875 0.0359375
0 0.490625 0.1140625 0.028125 0.034375
0 0.52109375 0.134375 0.02890625 0.03359375
0 0.5546875 0.11328125 0.0296875 0.03671875
0 0.584375 0.134375 0.028125 0.03671875
0 0.61640625 0.1109375 0.03359375 0.0390625
0 0.115625 0.1640625 0.0328125 0.034375
0 0.175 0.16015625 0.028125 0.0328125
0 0.20859375 0.184375 0.028125 0.0328125
0 0.23984375 0.1625 0.028125 0.03359375
0 0.26953125 0.18203125 0.02890625 0.03359375
0 0.3 0.2046875 0.028125 0.0328125
0 0.33203125 0.2265625 0.03046875 0.03359375
0 0.36484375 0.246875 0.02890625 0.0328125
0 0.30234375 0.1609375 0.028125 0.03515625
0 0.3328125 0.18125 0.028125 0.03359375
0 0.365625 0.159375 0.0296875 0.03515625
0 0.36484375 0.203125 0.03046875 0.034375
0 0.396875 0.1796875 0.02890625 0.034375
0 0.42734375 0.16015625 0.02890625 0.0328125
0 0.4265625 0.203125 0.0265625 0.03203125
0 0.39609375 0.2234375 0.0296875 0.0390625
0 0.2390625 0.20703125 0.02734375 0.034375
0 0.2703125 0.22578125 0.028125 0.0359375
0 0.30078125 0.2484375 0.0296875 0.034375
0 0.3328125 0.26953125 0.0296875 0.0359375
0 0.146875 0.18515625 0.028125 0.03671875
0 0.1765625 0.20546875 0.02734375 0.03671875
0 0.2078125 0.22734375 0.0265625 0.0375
0 0.4609375 0.17890625 0.03046875 0.034375
0 0.1140625 0.2078125 0.02890625 0.034375
0 0.146875 0.2265625 0.0296875 0.03515625
0 0.178125 0.24921875 0.0265625 0.034375
0 0.209375 0.26953125 0.03046875 0.034375
0 0.2390625 0.2484375 0.02734375 0.0328125
0 0.2703125 0.26875 0.02890625 0.03359375
0 0.2390625 0.290625 0.0265625 0.03515625
0 0.115625 0.25078125 0.02890625 0.0359375
0 0.1484375 0.27265625 0.03046875 0.03515625
0 0.17890625 0.29296875 0.0265625 0.0328125
0 0.2078125 0.31484375 0.02734375 0.03359375
0 0.2390625 0.33671875 0.0296875 0.03359375
0 0.26953125 0.35859375 0.02890625 0.03359375
0 0.26953125 0.315625 0.028125 0.034375
0 0.30078125 0.334375 0.02890625 0.034375
0 0.30078125 0.290625 0.028125 0.03359375
0 0.33203125 0.31171875 0.02890625 0.034375
0 0.33125 0.35703125 0.02890625 0.03359375
0 0.3625 0.290625 0.0296875 0.0359375
0 0.3625 0.33515625 0.02734375 0.034375
0 0.39375 0.26875 0.028125 0.034375
0 0.42578125 0.2453125 0.03046875 0.03515625
0 0.4578125 0.2671875 0.028125 0.0328125
0 0.48671875 0.2890625 0.0296875 0.03515625
0 0.51875 0.309375 0.03046875 0.03515625
0 0.5515625 0.3328125 0.02890625 0.0375
0 0.58203125 0.353125 0.02890625 0.03671875
0 0.61171875 0.37734375 0.02578125 0.0359375
0 0.45703125 0.22265625 0.02734375 0.03359375
0 0.48828125 0.2453125 0.0296875 0.0359375
0 0.5203125 0.26640625 0.0296875 0.0375
0 0.55078125 0.2875 0.028125 0.03671875
0 0.5828125 0.30859375 0.0296875 0.0375
0 0.61484375 0.33125 0.03046875 0.0390625
0 0.490625 0.2015625 0.0296875 0.03515625
0 0.52265625 0.221875 0.03046875 0.0375
0 0.55390625 0.24375 0.0296875 0.03984375
0 0.5859375 0.265625 0.0296875 0.0390625
0 0.61640625 0.2875 0.03046875 0.03515625
0 0.42578125 0.28984375 0.028125 0.03671875
0 0.45546875 0.3109375 0.0265625 0.0375
0 0.4875 0.3328125 0.0296875 0.034375
0 0.51953125 0.35390625 0.028125 0.03671875
0 0.55078125 0.3765625 0.0265625 0.0390625
0 0.39375 0.3109375 0.02734375 0.0375
0 0.42421875 0.334375 0.02734375 0.03515625
0 0.45625 0.35546875 0.02890625 0.034375
0 0.4875 0.37734375 0.0296875 0.03671875
0 0.48984375 0.15703125 0.0265625 0.03515625
0 0.52265625 0.17734375 0.0265625 0.03203125
0 0.55234375 0.15546875 0.02734375 0.0359375
0 0.5546875 0.2 0.0265625 0.03359375
0 0.58515625 0.17734375 0.0296875 0.034375
0 0.5859375 0.221875 0.02890625 0.034375
0 0.615625 0.15546875 0.028125 0.03203125
0 0.6171875 0.19921875 0.03046875 0.03515625
0 0.61796875 0.2421875 0.03046875 0.03515625
0 0.6484375 0.13203125 0.03046875 0.0375
0 0.64765625 0.1765625 0.03046875 0.0328125
0 0.646875 0.21953125 0.0265625 0.03515625
0 0.67890625 0.1125 0.0296875 0.03515625
0 0.6796875 0.15546875 0.02734375 0.03359375
0 0.709375 0.13203125 0.028125 0.03359375
0 0.740625 0.1546875 0.028125 0.0328125
0 0.77109375 0.175 0.0296875 0.0328125
0 0.803125 0.196875 0.02578125 0.03515625
0 0.83515625 0.21953125 0.02890625 0.0359375
0 0.86796875 0.24296875 0.03125 0.03671875
0 0.740625 0.11171875 0.0296875 0.034375
0 0.771875 0.13125 0.028125 0.0375
0 0.8046875 0.15234375 0.02890625 0.03671875
0 0.8359375 0.17578125 0.02890625 0.03515625
0 0.80390625 0.11015625 0.02890625 0.03515625
0 0.83359375 0.13203125 0.02890625 0.03515625
0 0.86640625 0.11171875 0.0296875 0.03515625
0 0.87265625 0.15390625 0.0296875 0.03671875
0 0.8671875 0.2 0.03046875 0.0375
0 0.709375 0.17578125 0.02890625 0.0359375
0 0.740625 0.1984375 0.02734375 0.0359375
0 0.77265625 0.21875 0.0265625 0.03671875
0 0.803125 0.24140625 0.02734375 0.0359375
0 0.83515625 0.26328125 0.028125 0.03671875
0 0.8703125 0.28828125 0.0328125 0.03828125
0 0.678125 0.1984375 0.028125 0.03359375
0 0.71015625 0.22109375 0.0296875 0.034375
0 0.74140625 0.240625 0.0265625 0.0359375
0 0.77265625 0.26171875 0.028125 0.03515625
0 0.803125 0.2875 0.02734375 0.0359375
0 0.83515625 0.3109375 0.028125 0.03671875
0 0.8671875 0.33046875 0.0296875 0.03671875
0 0.67734375 0.24140625 0.03046875 0.0359375
0 0.7109375 0.2640625 0.02890625 0.0359375
0 0.64765625 0.26484375 0.02734375 0.034375
0 0.67890625 0.2875 0.028125 0.0359375
0 0.7109375 0.3078125 0.03125 0.03828125
0 0.740625 0.28515625 0.02890625 0.03671875
0 0.77265625 0.3078125 0.0296875 0.03515625
0 0.74140625 0.33046875 0.028125 0.034375
0 0.64453125 0.30703125 0.02734375 0.03359375
0 0.678125 0.33046875 0.028125 0.0328125
0 0.709375 0.353125 0.0265625 0.03671875
0 0.903125 0.109375 0.0296875 0.03359375
0 0.91484375 0.15078125 0.03046875 0.034375
0 0.90390625 0.1921875 0.028125 0.03671875
0 0.903125 0.23828125 0.03203125 0.0359375
0 0.91328125 0.2828125 0.0296875 0.03515625
0 0.9015625 0.32265625 0.02734375 0.03125
0 0.9125 0.36796875 0.03046875 0.03125
0 0.6453125 0.3546875 0.028125 0.0328125
0 0.6765625 0.37421875 0.0265625 0.0328125
0 0.70859375 0.396875 0.02578125 0.03359375
0 0.73515625 0.4171875 0.02734375 0.03515625
0 0.76953125 0.44453125 0.0265625 0.03125
0 0.80078125 0.41796875 0.0265625 0.034375
0 0.834375 0.39921875 0.028125 0.034375
0 0.86796875 0.37578125 0.0296875 0.03515625
0 0.83359375 0.35546875 0.0265625 0.03828125
0 0.80390625 0.33203125 0.028125 0.034375
0 0.77265625 0.35234375 0.0296875 0.0328125
0 0.73984375 0.37578125 0.0265625 0.03671875
0 0.771875 0.396875 0.03046875 0.034375
0 0.80390625 0.37578125 0.02734375 0.03671875
0 0.86640625 0.421875 0.0296875 0.03671875
0 0.909375 0.41015625 0.0328125 0.03359375
0 0.90078125 0.4546875 0.03046875 0.0328125
0 0.86484375 0.465625 0.0296875 0.03671875
0 0.8328125 0.44296875 0.0296875 0.034375
0 0.8015625 0.4640625 0.028125 0.0328125
0 0.6765625 0.41875 0.02734375 0.03515625
0 0.64375 0.3984375 0.02890625 0.03515625
0 0.70546875 0.43984375 0.0265625 0.034375
0 0.7375 0.46328125 0.0296875 0.0375
0 0.76875 0.48515625 0.03125 0.0359375
0 0.8 0.50859375 0.028125 0.03359375
0 0.115625 0.29375 0.0296875 0.03359375
0 0.14765625 0.315625 0.02734375 0.03671875
0 0.178125 0.33671875 0.0296875 0.03203125
0 0.2078125 0.359375 0.0265625 0.034375
0 0.11640625 0.3390625 0.0265625 0.03515625
0 0.146875 0.359375 0.02734375 0.03203125
0 0.17734375 0.38125 0.02734375 0.03046875
0 0.20859375 0.40078125 0.02578125 0.03515625
0 0.2390625 0.37890625 0.0265625 0.034375
0 0.2375 0.42578125 0.0296875 0.03515625
0 0.26875 0.403125 0.028125 0.034375
0 0.3015625 0.37890625 0.028125 0.03671875
0 0.30078125 0.42578125 0.028125 0.0390625
0 0.33125 0.4 0.02890625 0.03984375
0 0.3640625 0.37890625 0.028125 0.03515625
0 0.39453125 0.35625 0.028125 0.0375
0 0.39453125 0.4015625 0.0265625 0.0359375
0 0.11796875 0.38203125 0.028125 0.03515625
0 0.14765625 0.403125 0.02734375 0.03671875
0 0.178125 0.4234375 0.028125 0.0328125
0 0.11484375 0.42578125 0.02890625 0.03515625
0 0.14765625 0.44765625 0.02734375 0.034375
0 0.178125 0.46796875 0.02734375 0.0359375
0 0.20859375 0.4453125 0.02734375 0.03359375
0 0.2390625 0.46796875 0.0265625 0.03515625
0 0.2703125 0.446875 0.02734375 0.034375
0 0.26953125 0.4890625 0.02734375 0.0359375
0 0.30078125 0.4671875 0.0265625 0.03515625
0 0.3015625 0.5125 0.028125 0.0375
0 0.3328125 0.44453125 0.028125 0.0359375
0 0.33203125 0.48984375 0.02890625 0.0375
0 0.33203125 0.534375 0.03046875 0.03203125
0 0.3640625 0.42265625 0.0265625 0.03515625
0 0.36328125 0.46796875 0.02890625 0.034375
0 0.36328125 0.51171875 0.0296875 0.034375
0 0.3640625 0.5578125 0.028125 0.0359375
0 0.39453125 0.44453125 0.0296875 0.03359375
0 0.39375 0.48984375 0.02734375 0.0359375
0 0.39453125 0.53359375 0.0296875 0.03515625
0 0.11796875 0.4703125 0.03046875 0.0375
0 0.1484375 0.49140625 0.028125 0.0375
0 0.1796875 0.5125 0.02734375 0.0359375
0 0.21015625 0.49140625 0.028125 0.03515625
0 0.23984375 0.51484375 0.0265625 0.03984375
0 0.209375 0.5359375 0.02890625 0.03515625
0 0.23984375 0.55625 0.02734375 0.0328125
0 0.27109375 0.534375 0.028125 0.0390625
0 0.30234375 0.55703125 0.03046875 0.0359375
0 0.11875 0.515625 0.02890625 0.03828125
0 0.14921875 0.5359375 0.028125 0.03671875
0 0.17890625 0.5578125 0.0265625 0.0359375
0 0.209375 0.5796875 0.0296875 0.0359375
0 0.240625 0.60078125 0.0296875 0.03671875
0 0.271875 0.5796875 0.028125 0.034375
0 0.30234375 0.60078125 0.0296875 0.034375
0 0.271875 0.62265625 0.02890625 0.034375
0 0.3328125 0.5796875 0.028125 0.0359375
0 0.33359375 0.62265625 0.02734375 0.034375
0 0.30234375 0.64609375 0.02734375 0.0359375
0 0.39453125 0.5765625 0.025 0.0359375
0 0.36328125 0.6015625 0.028125 0.0359375
0 0.3953125 0.62109375 0.02890625 0.0359375
0 0.36484375 0.64609375 0.02734375 0.03515625
0 0.3359375 0.66796875 0.028125 0.03359375
0 0.11875 0.5609375 0.028125 0.03359375
0 0.15 0.58046875 0.02890625 0.03125
0 0.1796875 0.60078125 0.0265625 0.0359375
0 0.21015625 0.6234375 0.02734375 0.03203125
0 0.2390625 0.64453125 0.02578125 0.03125
0 0.271875 0.66640625 0.028125 0.0328125
0 0.11875 0.603125 0.02890625 0.03359375
0 0.15 0.62421875 0.02734375 0.03203125
0 0.1796875 0.646875 0.0265625 0.0328125
0 0.2109375 0.66640625 0.02734375 0.034375
0 0.11796875 0.646875 0.0265625 0.03515625
0 0.15 0.66875 0.02578125 0.034375
0 0.18125 0.6890625 0.02890625 0.0328125
0 0.21171875 0.709375 0.025 0.03203125
0 0.2421875 0.68828125 0.02734375 0.0328125
0 0.30390625 0.68828125 0.02734375 0.03359375
0 0.2734375 0.71015625 0.0265625 0.034375
0 0.24296875 0.73359375 0.0296875 0.0359375
0 0.11953125 0.690625 0.028125 0.03828125
0 0.1515625 0.7109375 0.028125 0.03359375
0 0.1828125 0.7328125 0.02890625 0.0328125
0 0.21328125 0.75546875 0.02890625 0.03515625
0 0.1203125 0.7359375 0.028125 0.03515625
0 0.153125 0.75703125 0.02890625 0.0359375
0 0.18359375 0.778125 0.02734375 0.0328125
0 0.21484375 0.8 0.0296875 0.034375
0 0.24453125 0.82109375 0.0265625 0.034375
0 0.12109375 0.78046875 0.03203125 0.034375
0 0.15234375 0.8 0.02734375 0.034375
0 0.184375 0.82265625 0.02734375 0.03515625
0 0.2140625 0.84375 0.02890625 0.034375
0 0.121875 0.82265625 0.02890625 0.0359375
0 0.153125 0.84453125 0.02734375 0.03515625
0 0.18515625 0.86484375 0.02890625 0.034375
0 0.21484375 0.88828125 0.028125 0.034375
0 0.12265625 0.8671875 0.028125 0.034375
0 0.153125 0.8890625 0.028125 0.03359375
0 0.121875 0.91328125 0.028125 0.0359375
0 0.18515625 0.9109375 0.02734375 0.03515625
0 0.2453125 0.865625 0.02578125 0.034375
0 0.24609375 0.909375 0.0265625 0.03671875
0 0.24375 0.77578125 0.0265625 0.03359375
0 0.27421875 0.75546875 0.02734375 0.0359375
0 0.27578125 0.79921875 0.028125 0.034375
0 0.2765625 0.84296875 0.03125 0.03359375
0 0.27734375 0.8875 0.02578125 0.034375
0 0.30390625 0.73203125 0.02734375 0.03359375
0 0.30546875 0.7765625 0.0265625 0.034375
0 0.3046875 0.8203125 0.02734375 0.03359375
0 0.30703125 0.865625 0.02578125 0.0296875
0 0.30859375 0.91328125 0.02734375 0.03828125
0 0.33515625 0.71015625 0.02734375 0.0359375
0 0.365625 0.7328125 0.0265625 0.0359375
0 0.396875 0.7546875 0.0296875 0.0359375
0 0.4296875 0.778125 0.02890625 0.034375
0 0.4609375 0.7984375 0.02890625 0.034375
0 0.49140625 0.8203125 0.025 0.034375
0 0.5203125 0.84140625 0.028125 0.034375
0 0.334375 0.7546875 0.025 0.03203125
0 0.36484375 0.775 0.02734375 0.03359375
0 0.3984375 0.79765625 0.02578125 0.034375
0 0.43046875 0.82109375 0.028125 0.03515625
0 0.4609375 0.84375 0.028125 0.03203125
0 0.3359375 0.7984375 0.0265625 0.03515625
0 0.36796875 0.82265625 0.02734375 0.0359375
0 0.39765625 0.84375 0.02734375 0.03671875
0 0.36484375 0.68828125 0.02734375 0.03515625
0 0.396875 0.71015625 0.03046875 0.034375
0 0.42734375 0.73203125 0.02890625 0.0375
0 0.46015625 0.7546875 0.02890625 0.03671875
0 0.490625 0.7765625 0.02734375 0.0359375
0 0.52109375 0.8 0.0265625 0.03359375
0 0.55 0.821875 0.02578125 0.03515625
0 0.58125 0.84296875 0.02890625 0.0359375
0 0.3375 0.84375 0.02890625 0.03359375
0 0.33828125 0.88828125 0.028125 0.0375
0 0.3703125 0.9109375 0.0296875 0.03515625
0 0.36953125 0.86484375 0.028125 0.03203125
0 0.4 0.8859375 0.02734375 0.03515625
0 0.43046875 0.86328125 0.028125 0.0359375
0 0.428125 0.91015625 0.03046875 0.03828125
0 0.459375 0.88671875 0.028125 0.03515625
0 0.48828125 0.9109375 0.028125 0.03671875
0 0.48984375 0.86640625 0.028125 0.0359375
0 0.52109375 0.8875 0.02890625 0.0390625
0 0.55 0.91015625 0.02734375 0.03671875
0 0.55078125 0.8671875 0.0265625 0.034375
0 0.58046875 0.88828125 0.0296875 0.0359375
0 0.61328125 0.91015625 0.028125 0.03359375
0 0.61328125 0.8671875 0.028125 0.03515625
0 0.6109375 0.8234375 0.0265625 0.034375
0 0.64296875 0.8875 0.028125 0.03515625
0 0.6421875 0.84453125 0.025 0.034375
0 0.64375 0.8015625 0.02578125 0.034375
0 0.67421875 0.821875 0.028125 0.03125
0 0.675 0.86484375 0.02734375 0.03359375
0 0.675 0.90859375 0.02890625 0.03671875
0 0.5203125 0.75234375 0.028125 0.03125
0 0.55234375 0.77578125 0.0296875 0.03671875
0 0.58203125 0.80078125 0.0265625 0.034375
0 0.61328125 0.77578125 0.02734375 0.03671875
0 0.64375 0.7546875 0.02734375 0.034375
0 0.6734375 0.77890625 0.028125 0.03515625
0 0.70625 0.79921875 0.02890625 0.0359375
0 0.70546875 0.8453125 0.03125 0.034375
0 0.70390625 0.8890625 0.0265625 0.03828125
0 0.7359375 0.90859375 0.0296875 0.03984375
0 0.7359375 0.86640625 0.02734375 0.0375
0 0.73671875 0.8234375 0.02890625 0.0359375
0 0.73671875 0.77890625 0.028125 0.03828125
0 0.76796875 0.75859375 0.0296875 0.0375
0 0.7671875 0.8015625 0.0296875 0.0359375
0 0.76796875 0.84375 0.03046875 0.03359375
0 0.7671875 0.8890625 0.028125 0.0375
0 0.79921875 0.8234375 0.028125 0.03671875
0 0.8296875 0.84375 0.0296875 0.0359375
0 0.86015625 0.86484375 0.02734375 0.03515625
0 0.8921875 0.8890625 0.03203125 0.03828125
0 0.925 0.9109375 0.03203125 0.03671875
0 0.79921875 0.865625 0.0296875 0.03359375
0 0.8296875 0.8890625 0.028125 0.03671875
0 0.86171875 0.909375 0.0296875 0.03984375
0 0.79921875 0.91015625 0.03046875 0.03828125
0 0.89453125 0.84765625 0.02890625 0.0390625
0 0.9328125 0.86640625 0.03359375 0.03515625
0 0.9296875 0.82421875 0.03203125 0.034375
0 0.93203125 0.7796875 0.03203125 0.0359375
0 0.90078125 0.75625 0.0328125 0.0375
0 0.89609375 0.79921875 0.0296875 0.03828125
0 0.8640625 0.778125 0.02890625 0.0359375
0 0.8609375 0.821875 0.03046875 0.0375
0 0.83046875 0.80078125 0.02890625 0.0359375
0 0.79921875 0.7796875 0.02890625 0.03984375
0 0.83046875 0.75703125 0.03125 0.03828125
0 0.95390625 0.7359375 0.03203125 0.03828125
0 0.9484375 0.6890625 0.03125 0.03828125
0 0.94375 0.63203125 0.0328125 0.03984375
0 0.9 0.66328125 0.03359375 0.03359375
0 0.89921875 0.71015625 0.03203125 0.0375
0 0.86484375 0.734375 0.03046875 0.03671875
0 0.83046875 0.7125 0.03125 0.03671875
0 0.79921875 0.734375 0.0296875 0.03671875
0 0.765625 0.7109375 0.02890625 0.03828125
0 0.79765625 0.68828125 0.03046875 0.0359375
0 0.82890625 0.66875 0.03125 0.03828125
0 0.86171875 0.6421875 0.03046875 0.03359375
0 0.8640625 0.68828125 0.0296875 0.0390625
0 0.73515625 0.68671875 0.02734375 0.03359375
0 0.7359375 0.7328125 0.028125 0.0359375
0 0.70546875 0.7578125 0.02890625 0.034375
0 0.675 0.73125 0.02890625 0.03671875
0 0.70546875 0.7109375 0.0296875 0.0359375
0 0.6734375 0.68515625 0.02578125 0.0359375
0 0.70546875 0.66484375 0.025 0.03671875
0 0.73671875 0.6421875 0.0265625 0.0375
0 0.76640625 0.665625 0.02890625 0.0359375
0 0.79921875 0.64296875 0.02890625 0.03515625
0 0.7671875 0.61796875 0.02890625 0.034375
0 0.64375 0.7078125 0.02890625 0.03515625
0 0.6125 0.73046875 0.02890625 0.0359375
0 0.5828125 0.7546875 0.02734375 0.03359375
0 0.55234375 0.73203125 0.03046875 0.03671875
0 0.5828125 0.7109375 0.03046875 0.03671875
0 0.6140625 0.6859375 0.02578125 0.0328125
0 0.64453125 0.66484375 0.028125 0.034375
0 0.675 0.64140625 0.028125 0.034375
0 0.42421875 0.378125 0.028125 0.03359375
0 0.45625 0.4 0.028125 0.03515625
0 0.4875 0.42109375 0.02734375 0.03359375
0 0.51796875 0.39765625 0.0265625 0.03515625
0 0.54921875 0.42109375 0.028125 0.0328125
0 0.5828125 0.396875 0.02890625 0.0375
0 0.6125 0.4203125 0.02578125 0.0375
0 0.646875 0.440625 0.03359375 0.0375
0 0.6125 0.4640625 0.03046875 0.0328125
0 0.5796875 0.4421875 0.0296875 0.03828125
0 0.51875 0.44453125 0.0265625 0.0359375
0 0.48671875 0.46640625 0.02734375 0.03515625
0 0.45546875 0.44296875 0.02578125 0.0328125
0 0.42578125 0.421875 0.028125 0.03125
0 0.42578125 0.46640625 0.02578125 0.0359375
0 0.45703125 0.4875 0.02890625 0.0375
0 0.4890625 0.5109375 0.03203125 0.03515625
0 0.5171875 0.48671875 0.02421875 0.03359375
0 0.51875 0.53203125 0.02578125 0.03125
0 0.55 0.465625 0.02890625 0.03125
0 0.54921875 0.50859375 0.02734375 0.03125
0 0.58046875 0.4875 0.02734375 0.034375
0 0.45625 0.53203125 0.02890625 0.03203125
0 0.425 0.51015625 0.02734375 0.034375
0 0.42578125 0.55390625 0.03125 0.034375
0 0.425 0.6 0.02890625 0.03671875
0 0.396875 0.66484375 0.02890625 0.034375
0 0.42734375 0.64375 0.0328125 0.03671875
0 0.42734375 0.6890625 0.02890625 0.0359375
0 0.4578125 0.66484375 0.028125 0.0359375
0 0.46015625 0.709375 0.0296875 0.03671875
0 0.48984375 0.690625 0.0296875 0.03984375
0 0.490625 0.73125 0.02890625 0.034375
0 0.5203125 0.70859375 0.02734375 0.03828125
0 0.55078125 0.68828125 0.02578125 0.03359375
0 0.51875 0.665625 0.03125 0.03828125
0 0.4890625 0.64375 0.02890625 0.03515625
0 0.4578125 0.62109375 0.0296875 0.034375
0 0.4578125 0.57734375 0.03046875 0.034375
0 0.4875 0.55390625 0.0296875 0.034375
0 0.4890625 0.60078125 0.0265625 0.03828125
0 0.51875 0.578125 0.02890625 0.0359375
0 0.51953125 0.621875 0.03046875 0.0375
0 0.5515625 0.55234375 0.03046875 0.03671875
0 0.5515625 0.59765625 0.0296875 0.03828125
0 0.5515625 0.64140625 0.03046875 0.0390625
0 0.58203125 0.57734375 0.02890625 0.0375
0 0.58203125 0.6203125 0.02890625 0.03671875
0 0.58125 0.66328125 0.028125 0.03671875
0 0.61328125 0.6421875 0.03046875 0.03984375
0 0.58203125 0.53125 0.0265625 0.03359375
0 0.61328125 0.509375 0.0296875 0.0359375
0 0.64609375 0.48671875 0.03046875 0.03671875
0 0.61171875 0.55390625 0.0296875 0.0375
0 0.64296875 0.53046875 0.0296875 0.03515625
0 0.64375 0.575 0.03125 0.03671875
0 0.61484375 0.5984375 0.0296875 0.034375
0 0.64453125 0.6203125 0.02734375 0.03671875
0 0.675 0.553125 0.028125 0.0359375
0 0.67421875 0.59453125 0.025 0.0328125
0 0.7390625 0.50859375 0.02578125 0.03671875
0 0.675 0.5078125 0.02578125 0.0328125
0 0.67421875 0.4640625 0.02734375 0.03203125
0 0.70625 0.48515625 0.0265625 0.034375
0 0.70625 0.52890625 0.02578125 0.0390625
0 0.70546875 0.57421875 0.02578125 0.0390625
0 0.70703125 0.6203125 0.02734375 0.0359375
0 0.7375 0.55234375 0.02734375 0.03515625
0 0.73671875 0.596875 0.028125 0.0375
0 0.76953125 0.5296875 0.0265625 0.03671875
0 0.76796875 0.57421875 0.0296875 0.0375
0 0.8 0.55234375 0.02890625 0.0390625
0 0.8 0.59765625 0.02890625 0.03828125
0 0.83203125 0.48515625 0.028125 0.03515625
0 0.83046875 0.53203125 0.028125 0.03359375
0 0.83046875 0.575 0.02578125 0.034375
0 0.8609375 0.5109375 0.028125 0.03359375
0 0.8625 0.553125 0.02734375 0.0359375
0 0.86015625 0.5984375 0.0296875 0.0359375
0 0.8296875 0.6203125 0.028125 0.03671875
0 0.8984375 0.5265625 0.02890625 0.03671875
0 0.89921875 0.57265625 0.03046875 0.0390625
0 0.89765625 0.61640625 0.03125 0.0359375
0 0.921875 0.490625 0.028125 0.0359375
0 0.93984375 0.54296875 0.0328125 0.03984375
0 0.94375 0.5875 0.03203125 0.034375