0 0.130859375 0.0977623984375 0.125 0.08212041406250001 0.1162109375 0.0703889265625 0.0947265625 0.06778192968749999 0.0849609375 0.07560292187499999 0.078125 0.08994140625 0.080078125 0.12383237031250001 0.0966796875 0.13817085625 0.11328125 0.13686735781249998 0.126953125 0.12122537343749999 0.130859375 0.0977623984375
0 0.126953125 0.212470278125 0.130859375 0.2020422890625 0.130859375 0.18118631093749998 0.1142578125 0.159026834375 0.0947265625 0.159026834375 0.08203125 0.17336531875 0.078125 0.18640030624999998 0.078125 0.1994352921875 0.083984375 0.21507727656250003 0.0947265625 0.2294157609375 0.0986328125 0.23202275781249998 0.109375 0.23071925937499999 0.1162109375 0.2268087640625 0.126953125 0.212470278125
0 0.126953125 0.308929178125 0.1328125 0.2958941921875 0.134765625 0.2802522078125 0.130859375 0.26461022343749996 0.1220703125 0.2528787359375 0.1142578125 0.2476647421875 0.1005859375 0.2476647421875 0.0859375 0.26200322656249997 0.08203125 0.272431215625 0.08203125 0.2958941921875 0.0966796875 0.31805366875 0.109375 0.3193571671875 0.1220703125 0.31544667187500003 0.126953125 0.308929178125
0 0.1328125 0.392353090625 0.134765625 0.3584621265625 0.1201171875 0.338909646875 0.1083984375 0.33630265000000004 0.0966796875 0.34151664375 0.0859375 0.3558551296875 0.083984375 0.3793181046875 0.08984375 0.3975670859375 0.0966796875 0.4066915765625 0.115234375 0.407995075 0.1240234375 0.404084578125 0.1328125 0.392353090625
0 0.13671875 0.47577700468749995 0.138671875 0.4627420171875 0.13671875 0.447100034375 0.1298828125 0.43536854687500004 0.1201171875 0.42754755468749994 0.0986328125 0.43015455156250004 0.09375 0.43406504687499997 0.087890625 0.447100034375 0.0859375 0.4627420171875 0.08984375 0.48359799531250003 0.1025390625 0.49793648125 0.119140625 0.49663298281249996 0.1279296875 0.4927224859375 0.13671875 0.47577700468749995
0 0.134765625 0.5800568953125 0.140625 0.5592009171875 0.140625 0.5409519359375 0.1318359375 0.5240064531249999 0.1201171875 0.5161854625 0.1044921875 0.5161854625 0.091796875 0.53313094375 0.08984375 0.5618079140625001 0.091796875 0.572235903125 0.1005859375 0.583967390625 0.1103515625 0.5891813859374999 0.115234375 0.5878778875 0.1318359375 0.583967390625 0.134765625 0.5800568953125
0 0.1875 0.152509340625 0.1875 0.134260359375 0.1767578125 0.1147078796875 0.1689453125 0.10949388593750001 0.1533203125 0.10949388593750001 0.13671875 0.13165336249999998 0.13671875 0.15772333593750001 0.1474609375 0.1746688171875 0.1552734375 0.1798828125 0.169921875 0.1785793140625 0.18359375 0.165544328125 0.1875 0.152509340625
0 0.189453125 0.24375424531249998 0.189453125 0.2228982671875 0.185546875 0.212470278125 0.1748046875 0.200738790625 0.1689453125 0.19813179375 0.1513671875 0.200738790625 0.142578125 0.212470278125 0.138671875 0.2228982671875 0.13671875 0.23332625624999997 0.138671875 0.24636124375000001 0.1552734375 0.2685207203125 0.173828125 0.267217221875 0.185546875 0.254182234375 0.189453125 0.24375424531249998
0 0.1875 0.345427140625 0.19140625 0.33499915156250004 0.19140625 0.31414317187499996 0.1806640625 0.2945906921875 0.1630859375 0.28676970156250003 0.1533203125 0.2919836953125 0.142578125 0.30632218125 0.140625 0.33499915156250004 0.14453125 0.345427140625 0.1533203125 0.357158628125 0.1630859375 0.36237262187499997 0.16796875 0.3610691234375 0.1748046875 0.359765625 0.1875 0.345427140625
0 0.19140625 0.43406504687499997 0.193359375 0.428851053125 0.193359375 0.40017408281250005 0.1865234375 0.3884425953125 0.1767578125 0.380621603125 0.1591796875 0.380621603125 0.146484375 0.3949600890625 0.142578125 0.407995075 0.142578125 0.42363705781250005 0.150390625 0.4418860390625 0.1572265625 0.44840353281249995 0.173828125 0.44970703125 0.1806640625 0.44840353281249995 0.19140625 0.43406504687499997
0 0.193359375 0.5253099531250001 0.197265625 0.50966796875 0.1953125 0.494025984375 0.1787109375 0.47186650781250006 0.1611328125 0.47186650781250006 0.1484375 0.48620499375000004 0.14453125 0.49663298281249996 0.14453125 0.5174889609375 0.1552734375 0.537041440625 0.1630859375 0.542255434375 0.17578125 0.5409519359375 0.1845703125 0.537041440625 0.193359375 0.5253099531250001
0 0.19921875 0.6035198703125 0.19921875 0.590484884375 0.1953125 0.5774498984374999 0.1865234375 0.5657184109375 0.1767578125 0.560504415625 0.1591796875 0.5657184109375 0.146484375 0.585270890625 0.146484375 0.60612686875 0.150390625 0.6165548578125 0.1591796875 0.6282863453124999 0.171875 0.632196840625 0.1904296875 0.6256793484375 0.19921875 0.6035198703125
0 0.2421875 0.110797384375 0.244140625 0.0977623984375 0.2421875 0.08212041406250001 0.2314453125 0.0651749328125 0.2216796875 0.0599609375 0.2119140625 0.0599609375 0.1982421875 0.0703889265625 0.193359375 0.0795134171875 0.19140625 0.10819038750000001 0.193359375 0.1160113796875 0.2001953125 0.1251358703125 0.2119140625 0.1329568609375 0.228515625 0.13165336249999998 0.236328125 0.12643936875 0.2421875 0.110797384375
0 0.2421875 0.20725628437500002 0.24609375 0.194221296875 0.24609375 0.1785793140625 0.2421875 0.165544328125 0.2353515625 0.1564198375 0.2275390625 0.1512058421875 0.2138671875 0.1512058421875 0.2060546875 0.1564198375 0.197265625 0.16815132500000002 0.193359375 0.189007303125 0.197265625 0.20464928593749998 0.2080078125 0.21898777187500001 0.2177734375 0.224201765625 0.224609375 0.2228982671875 0.2333984375 0.21898777187500001 0.2421875 0.20725628437500002
0 0.24609375 0.2958941921875 0.25 0.2776452109375 0.248046875 0.26200322656249997 0.2392578125 0.2476647421875 0.2314453125 0.24245074687499998 0.2138671875 0.24245074687499998 0.197265625 0.26461022343749996 0.1953125 0.2750382140625 0.197265625 0.28807320000000003 0.2158203125 0.31283967343749997 0.234375 0.31153617499999997 0.2412109375 0.3076256796875 0.24609375 0.2958941921875
0 0.25 0.3793181046875 0.251953125 0.3714971125 0.25 0.35324813125 0.2392578125 0.33630265000000004 0.2314453125 0.3310886546875 0.2158203125 0.3310886546875 0.203125 0.345427140625 0.19921875 0.3558551296875 0.19921875 0.3767111078125 0.205078125 0.38974609375 0.2177734375 0.40147758125 0.236328125 0.40017408281250005 0.244140625 0.3949600890625 0.25 0.3793181046875
0 0.25390625 0.4575280234375 0.251953125 0.4418860390625 0.2373046875 0.42494055781249995 0.2314453125 0.422333559375 0.2158203125 0.42494055781249995 0.201171875 0.4444930359375 0.19921875 0.4549210265625 0.201171875 0.470563009375 0.2177734375 0.4927224859375 0.236328125 0.4914189875 0.251953125 0.470563009375 0.25390625 0.4575280234375
0 0.251953125 0.56962890625 0.255859375 0.5565939203125 0.255859375 0.5409519359375 0.25390625 0.53313094375 0.2431640625 0.518792459375 0.2333984375 0.5135784640625001 0.2216796875 0.5135784640625001 0.205078125 0.53313094375 0.203125 0.5592009171875 0.2138671875 0.578753396875 0.2216796875 0.583967390625 0.23828125 0.5826638921875 0.2431640625 0.58136039375 0.251953125 0.56962890625
0 0.302734375 0.1551163390625 0.3046875 0.12383237031250001 0.2900390625 0.10427989062500001 0.2841796875 0.10167289374999999 0.2666015625 0.10427989062500001 0.25390625 0.12383237031250001 0.251953125 0.147295346875 0.2666015625 0.1694548234375 0.2744140625 0.1746688171875 0.28515625 0.17336531875 0.2958984375 0.1668478265625 0.302734375 0.1551163390625
0 0.298828125 0.2567892328125 0.3046875 0.2385402515625 0.3046875 0.212470278125 0.2900390625 0.1929177984375 0.2744140625 0.1903108015625 0.2578125 0.20464928593749998 0.25390625 0.21507727656250003 0.251953125 0.23332625624999997 0.2578125 0.248968240625 0.2646484375 0.25809273125 0.2724609375 0.26330672499999996 0.283203125 0.26461022343749996 0.2919921875 0.26330672499999996 0.298828125 0.2567892328125
0 0.302734375 0.3402131453125 0.30859375 0.31414317187499996 0.3017578125 0.2919836953125 0.2861328125 0.28155570625 0.2744140625 0.28155570625 0.2646484375 0.2893766984375 0.2578125 0.3011081859375 0.255859375 0.32978515625 0.2685546875 0.3493376359375 0.2783203125 0.3545516296875 0.287109375 0.35324813125 0.2958984375 0.3493376359375 0.302734375 0.3402131453125
0 0.3046875 0.4366720453125 0.310546875 0.41842306406249996 0.310546875 0.3975670859375 0.2978515625 0.37801460625 0.2900390625 0.3728006109375 0.2783203125 0.3728006109375 0.2685546875 0.37801460625 0.263671875 0.38453209843749997 0.255859375 0.405388078125 0.255859375 0.41320906874999996 0.2578125 0.42103006093750006 0.2705078125 0.440582540625 0.2783203125 0.44579653593749996 0.2890625 0.4444930359375 0.2978515625 0.4431895375 0.3046875 0.4366720453125
0 0.3125 0.5148819640625 0.314453125 0.49923997968749995 0.310546875 0.48359799531250003 0.2998046875 0.46925951093749996 0.2783203125 0.46665251406249997 0.259765625 0.4914189875 0.259765625 0.50966796875 0.2705078125 0.5318274453125 0.2822265625 0.5396484375 0.2890625 0.5383449390624999 0.3046875 0.530523946875 0.3125 0.5148819640625
0 0.314453125 0.613947859375 0.318359375 0.6035198703125 0.318359375 0.5878778875 0.3056640625 0.5631114125 0.2958984375 0.55789741875 0.2841796875 0.55789741875 0.2783203125 0.560504415625 0.265625 0.5774498984374999 0.263671875 0.60612686875 0.2763671875 0.6282863453124999 0.294921875 0.62958984375 0.3056640625 0.6256793484375 0.314453125 0.613947859375
0 0.365234375 0.09515540156249999 0.361328125 0.071692425 0.3525390625 0.0599609375 0.3447265625 0.0547469421875 0.3271484375 0.0547469421875 0.3193359375 0.0599609375 0.310546875 0.07429942187500001 0.30859375 0.087334409375 0.310546875 0.10819038750000001 0.3193359375 0.119921875 0.3271484375 0.1251358703125 0.3330078125 0.1277428671875 0.349609375 0.12643936875 0.359375 0.11340438125 0.365234375 0.09515540156249999
0 0.365234375 0.165544328125 0.3564453125 0.1512058421875 0.3447265625 0.14338485 0.3310546875 0.14338485 0.314453125 0.165544328125 0.314453125 0.194221296875 0.3203125 0.20725628437500002 0.3291015625 0.21638077500000003 0.353515625 0.21507727656250003 0.3671875 0.19682829531249998 0.365234375 0.165544328125
0 0.36328125 0.29328719375 0.3671875 0.2828592046875 0.3671875 0.2593962296875 0.3583984375 0.24245074687499998 0.3447265625 0.23462975468749997 0.3330078125 0.23462975468749997 0.3232421875 0.23984375 0.31640625 0.2515752375 0.3125 0.26461022343749996 0.3125 0.2828592046875 0.3291015625 0.3050186828125 0.3349609375 0.3076256796875 0.34765625 0.30632218125 0.3564453125 0.302411684375 0.36328125 0.29328719375
0 0.369140625 0.36367612031249996 0.3671875 0.345427140625 0.3603515625 0.3336956515625 0.3505859375 0.3258746609375 0.3330078125 0.3232676625 0.31640625 0.345427140625 0.314453125 0.3714971125 0.3291015625 0.3936565890625 0.3349609375 0.3962635875 0.3515625 0.3949600890625 0.3671875 0.374104109375 0.369140625 0.36367612031249996
0 0.37109375 0.46534901562500003 0.37109375 0.4418860390625 0.3671875 0.43145805 0.3544921875 0.4197265625 0.3466796875 0.417119565625 0.3271484375 0.42494055781249995 0.31640625 0.4444930359375 0.318359375 0.4679560125 0.3271484375 0.482294496875 0.3349609375 0.4875084921875 0.357421875 0.48620499375000004 0.365234375 0.47838400156249994 0.37109375 0.46534901562500003
0 0.37109375 0.5644149109375001 0.373046875 0.53313094375 0.3623046875 0.5135784640625001 0.3544921875 0.5083644703125 0.3369140625 0.5083644703125 0.322265625 0.52791695 0.318359375 0.5383449390624999 0.318359375 0.553986921875 0.328125 0.572235903125 0.3369140625 0.58136039375 0.353515625 0.5800568953125 0.3623046875 0.5761464000000001 0.37109375 0.5644149109375001
0 0.431640625 0.21768427343750002 0.4296875 0.18640030624999998 0.4150390625 0.1694548234375 0.3955078125 0.1694548234375 0.380859375 0.189007303125 0.37890625 0.19682829531249998 0.380859375 0.225505265625 0.3935546875 0.24245074687499998 0.416015625 0.2411472484375 0.4296875 0.225505265625 0.431640625 0.21768427343750002
0 0.42578125 0.332392153125 0.427734375 0.3037151828125 0.4208984375 0.28676970156250003 0.4072265625 0.2763417125 0.3974609375 0.2763417125 0.37890625 0.290680196875 0.375 0.3011081859375 0.375 0.3245711609375 0.376953125 0.332392153125 0.3876953125 0.344123640625 0.3955078125 0.3493376359375 0.408203125 0.3480341375 0.4169921875 0.344123640625 0.42578125 0.332392153125
0 0.4296875 0.42103006093750006 0.431640625 0.41320906874999996 0.4296875 0.38974609375 0.4189453125 0.3728006109375 0.4091796875 0.3675866171875 0.3935546875 0.3675866171875 0.380859375 0.3819251015625 0.376953125 0.392353090625 0.37890625 0.41842306406249996 0.3896484375 0.43536854687500004 0.3974609375 0.440582540625 0.4140625 0.43927904218749997 0.4208984375 0.43536854687500004 0.4296875 0.42103006093750006
0 0.435546875 0.49923997968749995 0.43359375 0.48099099843750004 0.4189453125 0.46143851874999997 0.4013671875 0.458831521875 0.3896484375 0.46665251406249997 0.3828125 0.47577700468749995 0.37890625 0.48620499375000004 0.37890625 0.49923997968749995 0.384765625 0.5174889609375 0.3955078125 0.5292204484374999 0.3994140625 0.5318274453125 0.41796875 0.530523946875 0.43359375 0.50966796875 0.435546875 0.49923997968749995
0 0.142578125 0.6556598171875 0.142578125 0.6374108359374999 0.138671875 0.626982846875 0.1298828125 0.615251359375 0.1083984375 0.6100373640625001 0.091796875 0.632196840625 0.091796875 0.6634808078125001 0.1005859375 0.67781929375 0.1083984375 0.6830332875 0.123046875 0.6817297890625 0.13671875 0.6739087968749999 0.142578125 0.6556598171875
0 0.140625 0.7599397078125001 0.146484375 0.7416907265625 0.146484375 0.733869734375 0.14453125 0.7234417453125 0.1337890625 0.7064962640625 0.1240234375 0.70128226875 0.1103515625 0.70128226875 0.1015625 0.7077997625 0.09375 0.7260487437500001 0.09375 0.74951171875 0.1044921875 0.7690641984375 0.1142578125 0.7742781921875 0.123046875 0.7729746937499999 0.1318359375 0.7690641984375 0.140625 0.7599397078125001
0 0.1484375 0.830328634375 0.146484375 0.8146866515625 0.1318359375 0.795134171875 0.1103515625 0.7925271734375 0.103515625 0.7990446671875 0.095703125 0.8172936484375001 0.095703125 0.8433636203124999 0.1123046875 0.8655230984375001 0.12890625 0.8642195984375001 0.146484375 0.8407566234375 0.1484375 0.830328634375
0 0.146484375 0.9476435125 0.1484375 0.9189665421875001 0.14453125 0.9085385531249999 0.1337890625 0.8968070656249999 0.1181640625 0.8942000671875 0.1083984375 0.8994140625 0.099609375 0.91114555 0.095703125 0.9241805359375 0.095703125 0.9398225203124999 0.09765625 0.9476435125 0.1083984375 0.9619819968750001 0.1142578125 0.9645889953125 0.130859375 0.9632854953125 0.1357421875 0.9619819968750001 0.146484375 0.9476435125
0 0.201171875 0.6973717734375 0.201171875 0.6843367859375 0.1904296875 0.662177309375 0.1767578125 0.6543563171875 0.1669921875 0.6543563171875 0.150390625 0.6765157953125 0.1484375 0.6999787703125 0.154296875 0.7156207546875 0.1630859375 0.7247452453125 0.1669921875 0.7273522421874999 0.181640625 0.7260487437500001 0.1953125 0.7182277515625 0.201171875 0.6973717734375
0 0.203125 0.7964376703125 0.205078125 0.7755816921875 0.203125 0.7677607 0.1904296875 0.7508152171875 0.1689453125 0.7482082203125 0.154296875 0.765153703125 0.150390625 0.7781886890624999 0.150390625 0.788616678125 0.154296875 0.8016516640625 0.1650390625 0.81599015 0.1689453125 0.818597146875 0.185546875 0.8172936484375001 0.1923828125 0.8133831515625 0.203125 0.7964376703125
0 0.205078125 0.8824685796875 0.203125 0.866826596875 0.1923828125 0.8472741171875 0.1826171875 0.8420601218750001 0.1708984375 0.8420601218750001 0.154296875 0.8616126015625 0.150390625 0.8720405906250001 0.15234375 0.89289656875 0.1669921875 0.9124490484375001 0.189453125 0.91114555 0.203125 0.89289656875 0.205078125 0.8824685796875
0 0.2578125 0.7547257140625 0.26171875 0.7312627375 0.2509765625 0.7064962640625 0.2392578125 0.698675271875 0.2275390625 0.698675271875 0.2177734375 0.7064962640625 0.208984375 0.7208347484375001 0.20703125 0.7312627375 0.208984375 0.74951171875 0.2216796875 0.7690641984375 0.2275390625 0.7716711953125001 0.240234375 0.770367696875 0.2490234375 0.7664572015625 0.2578125 0.7547257140625
0 0.251953125 0.66608780625 0.255859375 0.6556598171875 0.255859375 0.62958984375 0.2451171875 0.6126443609375001 0.2373046875 0.6074303671875 0.2197265625 0.6074303671875 0.21484375 0.6113408625 0.205078125 0.62958984375 0.205078125 0.6556598171875 0.2197265625 0.67781929375 0.232421875 0.6791227921874999 0.2431640625 0.6752122968750001 0.251953125 0.66608780625
0 0.26171875 0.8433636203124999 0.26171875 0.8199006453125 0.2529296875 0.8029551625 0.2412109375 0.795134171875 0.2294921875 0.795134171875 0.2177734375 0.8029551625 0.212890625 0.8120796531250001 0.208984375 0.825114640625 0.208984375 0.8407566234375 0.2197265625 0.8629161 0.2275390625 0.8681300953125 0.244140625 0.866826596875 0.2509765625 0.8629161 0.26171875 0.8433636203124999
0 0.26171875 0.9372155234375 0.26171875 0.91114555 0.2509765625 0.8942000671875 0.2431640625 0.8889860734375 0.2314453125 0.8889860734375 0.2197265625 0.8968070656249999 0.212890625 0.90593155625 0.208984375 0.9189665421875001 0.208984375 0.9346085265624999 0.2197265625 0.9541610046875 0.2275390625 0.959375 0.244140625 0.9580715015625 0.2578125 0.9476435125 0.26171875 0.9372155234375
0 0.310546875 0.71301375625 0.318359375 0.692157778125 0.318359375 0.6791227921874999 0.314453125 0.66608780625 0.3056640625 0.6543563171875 0.2978515625 0.6491423234375 0.2822265625 0.6491423234375 0.267578125 0.66608780625 0.263671875 0.6765157953125 0.263671875 0.692157778125 0.267578125 0.705192765625 0.2783203125 0.722138246875 0.29296875 0.7234417453125 0.3037109375 0.71953125 0.310546875 0.71301375625
0 0.31640625 0.8016516640625 0.318359375 0.7729746937499999 0.310546875 0.7573327109375 0.3017578125 0.7482082203125 0.2861328125 0.7482082203125 0.2802734375 0.7508152171875 0.267578125 0.7677607 0.265625 0.793830671875 0.2734375 0.8120796531250001 0.2802734375 0.818597146875 0.2841796875 0.82120414375 0.298828125 0.8199006453125 0.3076171875 0.81599015 0.31640625 0.8016516640625
0 0.31640625 0.8981105640625 0.3203125 0.887682575 0.3203125 0.866826596875 0.3095703125 0.8472741171875 0.2998046875 0.8420601218750001 0.2861328125 0.8420601218750001 0.2783203125 0.8472741171875 0.26953125 0.8616126015625 0.267578125 0.887682575 0.2734375 0.9033245578125 0.2802734375 0.9098420515625 0.2841796875 0.9124490484375001 0.302734375 0.91114555 0.3076171875 0.9098420515625 0.31640625 0.8981105640625
0 0.376953125 0.65305281875 0.37890625 0.6217688515625001 0.3681640625 0.6048233703125 0.3505859375 0.597002378125 0.3427734375 0.599609375 0.330078125 0.613947859375 0.326171875 0.6243758484375 0.326171875 0.6426248296875 0.330078125 0.6634808078125001 0.3369140625 0.6726052984375 0.3427734375 0.6752122968750001 0.357421875 0.6739087968749999 0.3681640625 0.6673913046875 0.376953125 0.65305281875
0 0.375 0.752118715625 0.376953125 0.7260487437500001 0.3662109375 0.7064962640625 0.3583984375 0.70128226875 0.3408203125 0.70128226875 0.3330078125 0.7064962640625 0.322265625 0.7234417453125 0.322265625 0.746904721875 0.3330078125 0.7664572015625 0.3447265625 0.7742781921875 0.3515625 0.7729746937499999 0.3623046875 0.7690641984375 0.375 0.752118715625
0 0.376953125 0.8485776156249999 0.380859375 0.8225076421875 0.37890625 0.80947265625 0.3740234375 0.8029551625 0.3583984375 0.7925271734375 0.3486328125 0.7925271734375 0.3369140625 0.8003481656250001 0.330078125 0.80947265625 0.326171875 0.8199006453125 0.326171875 0.83293563125 0.330078125 0.8511846125 0.3369140625 0.8629161 0.3408203125 0.8655230984375001 0.359375 0.8642195984375001 0.3642578125 0.8629161 0.376953125 0.8485776156249999
0 0.376953125 0.9398225203124999 0.37890625 0.91114555 0.3681640625 0.8915930703124999 0.3623046875 0.8863790765624999 0.3505859375 0.883772078125 0.330078125 0.9007175609375 0.326171875 0.91114555 0.326171875 0.9372155234375 0.3427734375 0.9567680031249999 0.361328125 0.9554645046875001 0.3681640625 0.9515540078125 0.376953125 0.9398225203124999
0 0.439453125 0.7077997625 0.443359375 0.692157778125 0.443359375 0.6817297890625 0.439453125 0.668694803125 0.4345703125 0.662177309375 0.4189453125 0.6543563171875 0.4013671875 0.656963315625 0.38671875 0.6791227921874999 0.38671875 0.6973717734375 0.390625 0.71301375625 0.4033203125 0.7247452453125 0.412109375 0.7260487437500001 0.4287109375 0.722138246875 0.439453125 0.7077997625