0 0.95 0.803125 0.053125 0.0640625
0 0.95 0.871875 0.05 0.065625
0 0.89375 0.8671875 0.05 0.059375
0 0.89453125 0.80078125 0.046875 0.0609375
0 0.890625 0.73671875 0.05 0.05625
0 0.88828125 0.66796875 0.0515625 0.05625
0 0.88515625 0.60234375 0.05 0.0578125
0 0.8390625 0.56484375 0.0453125 0.053125
0 0.83984375 0.63359375 0.046875 0.0625
0 0.8421875 0.70625 0.0453125 0.05625
0 0.8421875 0.76953125 0.0453125 0.05625
0 0.8453125 0.83828125 0.04375 0.05625
0 0.7921875 0.6015625 0.0453125 0.0609375
0 0.79453125 0.66875 0.0453125 0.0546875
0 0.7953125 0.74296875 0.04375 0.05625
0 0.796875 0.80625 0.0421875 0.05625
0 0.79765625 0.86953125 0.0453125 0.053125
0 0.75078125 0.840625 0.040625 0.0546875
0 0.74765625 0.77578125 0.0453125 0.05625
0 0.7515625 0.70625 0.0453125 0.05625
0 0.7484375 0.634375 0.0484375 0.059375
0 0.74609375 0.57109375 0.046875 0.0546875
0 0.740625 0.50234375 0.04375 0.0546875
0 0.696875 0.471875 0.0484375 0.053125
0 0.696875 0.53671875 0.0453125 0.0546875
0 0.7 0.6046875 0.0453125 0.0609375
0 0.70234375 0.6734375 0.0453125 0.0578125
0 0.7046875 0.7390625 0.046875 0.05625
0 0.7046875 0.8046875 0.040625 0.05
0 0.70703125 0.871875 0.0453125 0.053125
0 0.66015625 0.83671875 0.0484375 0.05625
0 0.65703125 0.76953125 0.0453125 0.05625
0 0.6578125 0.70390625 0.05 0.053125
0 0.65625 0.640625 0.0484375 0.0625
0 0.653125 0.5703125 0.04375 0.053125
0 0.64765625 0.5046875 0.0421875 0.053125
0 0.603125 0.471875 0.04375 0.0515625
0 0.60703125 0.540625 0.046875 0.0546875
0 0.6078125 0.6078125 0.0453125 0.053125
0 0.61015625 0.6734375 0.0453125 0.053125
0 0.6109375 0.7375 0.0453125 0.05625
0 0.6125 0.803125 0.0453125 0.0546875
0 0.6125 0.875 0.04375 0.059375
0 0.56015625 0.51171875 0.0421875 0.05625
0 0.5640625 0.575 0.046875 0.0546875
0 0.5640625 0.64296875 0.046875 0.0515625
0 0.5640625 0.703125 0.0390625 0.0546875
0 0.5671875 0.77265625 0.0453125 0.0625
0 0.5703125 0.8359375 0.046875 0.053125
0 0.5140625 0.4796875 0.0421875 0.0546875
0 0.515625 0.5453125 0.046875 0.05625
0 0.5171875 0.60859375 0.0484375 0.0578125
0 0.51875 0.6734375 0.0421875 0.0515625
0 0.5203125 0.7375 0.0484375 0.053125
0 0.52265625 0.80546875 0.0453125 0.0546875
0 0.52265625 0.87578125 0.040625 0.0578125
0 0.46640625 0.4484375 0.04375 0.0484375
0 0.64765625 0.43828125 0.0421875 0.0515625
0 0.740625 0.4375 0.04375 0.0546875
0 0.78828125 0.471875 0.0421875 0.0546875
0 0.8375 0.4984375 0.046875 0.0546875
0 0.88203125 0.4640625 0.046875 0.0515625
0 0.88671875 0.53125 0.05 0.053125
0 0.4703125 0.51328125 0.0421875 0.05625
0 0.47265625 0.575 0.0421875 0.0484375
0 0.47421875 0.6390625 0.0453125 0.0515625
0 0.47578125 0.70546875 0.04375 0.05625
0 0.478125 0.771875 0.0453125 0.053125
0 0.4765625 0.8390625 0.0421875 0.0546875
0 0.42734375 0.4796875 0.04375 0.0546875
0 0.4265625 0.54765625 0.04375 0.05625
0 0.42734375 0.61171875 0.04375 0.0515625
0 0.4265625 0.67421875 0.0421875 0.0453125
0 0.43046875 0.73828125 0.0484375 0.0578125
0 0.43203125 0.80625 0.040625 0.0515625
0 0.434375 0.8640625 0.0453125 0.0453125
0 0.37890625 0.44921875 0.04375 0.053125
0 0.3796875 0.51484375 0.046875 0.053125
0 0.38046875 0.58046875 0.0484375 0.0546875
0 0.38203125 0.64453125 0.0453125 0.0578125
0 0.3859375 0.709375 0.05 0.05625
0 0.38671875 0.77265625 0.046875 0.05
0 0.3859375 0.83515625 0.0421875 0.0546875
0 0.33359375 0.484375 0.0421875 0.053125
0 0.3359375 0.54921875 0.0421875 0.0484375
0 0.33515625 0.6109375 0.04375 0.053125
0 0.33828125 0.67578125 0.0421875 0.05625
0 0.33828125 0.740625 0.0453125 0.053125
0 0.340625 0.8046875 0.046875 0.05625
0 0.34296875 0.875 0.0453125 0.05625
0 0.2890625 0.45234375 0.0453125 0.053125
0 0.2875 0.51640625 0.0453125 0.0578125
0 0.28984375 0.58203125 0.04375 0.0515625
0 0.29140625 0.64453125 0.0421875 0.0578125
0 0.29375 0.71015625 0.04375 0.05
0 0.29453125 0.775 0.040625 0.053125
0 0.29921875 0.8421875 0.0421875 0.0515625
0 0.24296875 0.4828125 0.0421875 0.05625
0 0.24453125 0.55234375 0.0421875 0.05
0 0.246875 0.615625 0.04375 0.0515625
0 0.24609375 0.6765625 0.0421875 0.0484375
0 0.24765625 0.7421875 0.04375 0.0515625
0 0.25078125 0.81015625 0.046875 0.05625
0 0.2546875 0.87421875 0.0484375 0.0609375
0 0.19765625 0.45234375 0.04375 0.0515625
0 0.19765625 0.51953125 0.0453125 0.0515625
0 0.19921875 0.5828125 0.0390625 0.046875
0 0.203125 0.6484375 0.04375 0.0515625
0 0.2046875 0.7109375 0.040625 0.05
0 0.20703125 0.77734375 0.0421875 0.053125
0 0.20703125 0.83984375 0.04375 0.0515625
0 0.1625 0.87109375 0.0421875 0.046875
0 0.1625 0.80859375 0.04375 0.046875
0 0.1609375 0.74453125 0.0453125 0.059375
0 0.159375 0.67734375 0.0453125 0.0546875
0 0.15859375 0.615625 0.046875 0.053125
0 0.15390625 0.55078125 0.04375 0.05
0 0.1546875 0.48828125 0.04375 0.0515625
0 0.10703125 0.45859375 0.0484375 0.0546875
0 0.109375 0.52265625 0.0453125 0.05
0 0.11171875 0.584375 0.0421875 0.053125
0 0.11328125 0.64453125 0.0421875 0.059375
0 0.11484375 0.71015625 0.0453125 0.059375
0 0.11484375 0.7765625 0.0421875 0.05625
0 0.11640625 0.840625 0.0421875 0.0546875
0 0.09609375 0.13046875 0.046875 0.0625
0 0.1875 0.12265625 0.0453125 0.0578125
0 0.2734375 0.121875 0.040625 0.053125
0 0.14296875 0.16171875 0.0421875 0.053125
0 0.14765625 0.23046875 0.040625 0.0546875
0 0.1484375 0.2953125 0.0453125 0.05625
0 0.15078125 0.3625 0.0453125 0.05625
0 0.1515625 0.421875 0.0453125 0.0578125
0 0.103125 0.39140625 0.04375 0.0578125
0 0.10546875 0.32734375 0.0453125 0.0578125
0 0.10234375 0.26640625 0.046875 0.0578125
0 0.10078125 0.19921875 0.046875 0.0609375
0 0.18984375 0.1921875 0.0421875 0.05625
0 0.1921875 0.26015625 0.0421875 0.0546875
0 0.1953125 0.32890625 0.0421875 0.0578125
0 0.1953125 0.3921875 0.040625 0.059375
0 0.2390625 0.4203125 0.040625 0.053125
0 0.2421875 0.35703125 0.04375 0.0625
0 0.23828125 0.29140625 0.0390625 0.05625
0 0.2359375 0.22578125 0.04375 0.05625
0 0.23203125 0.15625 0.040625 0.0546875
0 0.278125 0.190625 0.04375 0.059375
0 0.2796875 0.25546875 0.040625 0.059375
0 0.28515625 0.3234375 0.0453125 0.059375
0 0.28515625 0.3875 0.0453125 0.0546875
0 0.33046875 0.353125 0.0453125 0.05625
0 0.33203125 0.41953125 0.0421875 0.0546875
0 0.32265625 0.1515625 0.0453125 0.0546875
0 0.32421875 0.21875 0.0453125 0.0515625
0 0.3265625 0.28515625 0.04375 0.0515625
0 0.3671875 0.11953125 0.04375 0.0578125
0 0.36953125 0.18515625 0.0453125 0.0515625
0 0.371875 0.2515625 0.0453125 0.059375
0 0.3734375 0.31875 0.0453125 0.0578125
0 0.3765625 0.384375 0.0421875 0.05625
0 0.41484375 0.1515625 0.0421875 0.05625
0 0.41484375 0.21875 0.0421875 0.0546875
0 0.4171875 0.28359375 0.0421875 0.053125
0 0.4203125 0.34921875 0.0453125 0.05625
0 0.42265625 0.41796875 0.04375 0.0578125
0 0.45703125 0.11640625 0.0484375 0.059375
0 0.46015625 0.18515625 0.04375 0.05625
0 0.4609375 0.25 0.0421875 0.0546875
0 0.46328125 0.31328125 0.0453125 0.0578125
0 0.4640625 0.38359375 0.0453125 0.059375
0 0.50546875 0.1484375 0.0453125 0.0578125
0 0.50546875 0.21484375 0.0421875 0.0546875
0 0.50859375 0.2796875 0.0453125 0.0546875
0 0.5125 0.346875 0.0453125 0.0578125
0 0.5125 0.4109375 0.046875 0.053125
0 0.55 0.11171875 0.0484375 0.05625
0 0.5515625 0.17890625 0.0453125 0.05625
0 0.55234375 0.24609375 0.0453125 0.0578125
0 0.55546875 0.3140625 0.0453125 0.0609375
0 0.55703125 0.38046875 0.04375 0.059375
0 0.5578125 0.44453125 0.0421875 0.0578125
0 0.640625 0.109375 0.0453125 0.0546875
0 0.7375 0.1046875 0.0484375 0.0609375
0 0.7828125 0.1375 0.0421875 0.053125
0 0.8296875 0.10703125 0.046875 0.05625
0 0.8796875 0.13828125 0.0484375 0.0515625
0 0.82734375 0.16875 0.046875 0.059375
0 0.88046875 0.2 0.05 0.059375
0 0.83125 0.23828125 0.0453125 0.0546875
0 0.878125 0.26640625 0.0453125 0.0484375
0 0.73671875 0.17265625 0.04375 0.0546875
0 0.690625 0.1421875 0.0421875 0.0546875
0 0.6421875 0.18046875 0.0484375 0.053125
0 0.596875 0.14140625 0.046875 0.05625
0 0.59765625 0.21171875 0.04375 0.0546875
0 0.69296875 0.2078125 0.04375 0.0546875
0 0.6453125 0.24296875 0.046875 0.0546875
0 0.6 0.27890625 0.0484375 0.059375
0 0.6453125 0.30703125 0.04375 0.05625
0 0.69140625 0.275 0.04375 0.0546875
0 0.7390625 0.24140625 0.04375 0.0546875
0 0.78515625 0.20546875 0.04375 0.0578125
0 0.69140625 0.3390625 0.0421875 0.0609375
0 0.7375 0.31015625 0.05 0.059375
0 0.7859375 0.27109375 0.0453125 0.05
0 0.78671875 0.3390625 0.046875 0.053125
0 0.83359375 0.3015625 0.0453125 0.05625
0 0.83515625 0.36875 0.04375 0.05625
0 0.88125 0.33359375 0.046875 0.059375
0 0.88359375 0.40078125 0.0515625 0.0546875
0 0.834375 0.43515625 0.046875 0.05625
0 0.7859375 0.403125 0.046875 0.0546875
0 0.7390625 0.36953125 0.0453125 0.053125
0 0.69453125 0.40625 0.0453125 0.053125
0 0.6453125 0.37421875 0.04375 0.059375
0 0.60234375 0.34140625 0.0484375 0.0546875
0 0.6015625 0.40703125 0.0421875 0.0546875
0 0.790625 0.53515625 0.0453125 0.0578125