0 0.945600753125 0.9185045984375 0.9539555671875 0.9232549203125 0.9664350531249999 0.9205361625 0.9727947109375 0.9156463984375 0.977984146875 0.89962273125 0.9765213718749999 0.8857053515625 0.9742863921874999 0.8831260328124999 0.9737012828125 0.87755908125 0.9689387625 0.8696169671874999 0.9614088859375001 0.8633728312500001 0.9575240359375 0.8637811453124999 0.9552890546875 0.8612018234375001 0.9455769249999999 0.862222609375 0.9383923359375 0.8686061921875 0.9342676593749999 0.876075275 0.93291034375 0.8818463828124999 0.9349582296875001 0.9013307125000001 0.9400133015625001 0.9120563015625001 0.945600753125 0.9185045984375
0 0.8929154374999999 0.9310776109375001 0.8956827984375 0.9293796359375 0.9044645296875 0.9101641796875001 0.9030017546875 0.8962467984375 0.9007667734375 0.89366748125 0.9001816640625 0.8881005296875 0.8943016578125 0.8788687562499999 0.8837118625 0.8715391171875 0.8701148859375 0.8729682171875 0.860748040625 0.8866167234375 0.8613331515624999 0.892183671875 0.85968328125 0.8951713046875 0.8614386125 0.9118721609374999 0.8664936828125 0.9225977484375001 0.8720811359375 0.9290460453125 0.8804359484375001 0.93379636875 0.8929154374999999 0.9310776109375001
0 0.095039428125 0.8418629453124999 0.10576358749999999 0.8224433281250001 0.1062432375 0.80832179375 0.10089561250000001 0.7948127281249999 0.093073178125 0.7857851124999999 0.0888957703125 0.7834099515624999 0.0714139421875 0.785247365625 0.06422934999999999 0.791630946875 0.0587473578125 0.8048711359375 0.061380354687500006 0.8299224187500001 0.06390789062499999 0.835285215625 0.0736727484375 0.8441086734375001 0.0795000234375 0.8434962031250001 0.08173500781250001 0.8460755203125 0.08838721875 0.84396923125 0.095039428125 0.8418629453124999
0 0.13548 0.9276676578125 0.1426118625 0.91143983125 0.1405639765625 0.891955503125 0.138036440625 0.8865927062500001 0.1302140078125 0.877565090625 0.12185919687499999 0.8728147671875 0.11020464375000001 0.874039709375 0.1085547734375 0.8770273421875 0.10466992187499999 0.8774356578125 0.09942775468750001 0.8836150828125 0.093945765625 0.8968552734375 0.0959936515625 0.9163396015625 0.101048721875 0.9270651921875 0.11469843125000001 0.9354803359374999 0.13106277187499998 0.9323532609375 0.13548 0.9276676578125
0 0.1480700296875 0.8419176531250001 0.1611346296875 0.8447658468749999 0.1697292671875 0.8424554000000001 0.174971434375 0.836275978125 0.182103296875 0.820048153125 0.17976285625 0.797780346875 0.167470459375 0.7835940906250001 0.161643184375 0.7842065625 0.15940820312499998 0.7816272453125 0.153580928125 0.7822397171875 0.15193105468749998 0.7852273484375 0.14251148281249998 0.7890316125 0.135087065625 0.8024759609375 0.1356721765625 0.8080429125 0.1340223078125 0.8110305453125 0.1354850828125 0.824947925 0.1380126171875 0.8303107187500001 0.1480700296875 0.8419176531250001
0 0.2010428234375 0.9348478484375 0.20963746093750002 0.93253740625 0.2159971171875 0.9276476390624999 0.22342153437499998 0.9142032906249999 0.22283642499999998 0.9086363421874999 0.22448629375 0.9056487093750001 0.22273096250000002 0.8889478531250001 0.2143234203125 0.8743532859375 0.20402618125 0.86980711875 0.1923716265625 0.8710320609375 0.1907217578125 0.874019696875 0.18683690625 0.8744280109375 0.18106235937499998 0.8848847234375 0.17834772968749998 0.8964269437500001 0.17981050468749998 0.9103443234374999 0.18515813125 0.9238533859375 0.1907455828125 0.9303016828124999 0.2010428234375 0.9348478484375
0 0.277651259375 0.878954159375 0.2847831203125 0.8627263359375 0.282150125 0.837675053125 0.27403513749999997 0.8258639625 0.2656803234375 0.821113640625 0.254025771875 0.8223385828125 0.252375903125 0.8253262156250001 0.24849105 0.8257345296875 0.2427165015625 0.8361912453125001 0.24000187187500002 0.8477334624999999 0.2420497578125 0.8672177937500001 0.25463470625 0.8841875203124999 0.258519559375 0.8837792062500001 0.2607545390625 0.886358525 0.2693491765625 0.8840480812499999 0.277651259375 0.878954159375
0 0.35236999999999996 0.8331088718749999 0.3397850515625 0.8161391437500001 0.32589551875 0.81478476875 0.3187109265625 0.8211683484375 0.3129363796875 0.8316250640625 0.311099415625 0.8515177093749999 0.31333439375 0.8540970281250001 0.3167395953125 0.867810246875 0.322327046875 0.8742585437500001 0.330681859375 0.8790088671875 0.34316135000000003 0.876290109375 0.349521003125 0.8714003437500001 0.354710440625 0.855376678125 0.35236999999999996 0.8331088718749999
0 0.3633527296875 0.9656302078125 0.3675301359375 0.9680053671875 0.38195204843749997 0.9650824531250001 0.3847194109375 0.9633844796875 0.39350114375 0.9441690218750001 0.391160703125 0.921901215625 0.38610563125 0.9111756296875001 0.3763407734375 0.9023521703125 0.3705134984375 0.9029646421875 0.3682785140625 0.9003853234375001 0.3666286453125 0.9033729562499999 0.35885894375 0.904189584375 0.3552666484375 0.9073813749999999 0.34978465625 0.9206215640625001 0.3503697671875 0.926188515625 0.348719896875 0.9291761484375 0.3504752265625 0.9458770046874999 0.355530296875 0.9566025921874999 0.3633527296875 0.9656302078125
0 0.4009017359375 0.8744426843750001 0.4094963734375 0.8721322421875 0.4142061609375 0.870230109375 0.421630578125 0.8567857609375 0.4234675421875 0.8368931156249999 0.41559237812500005 0.8180212593749999 0.41223990937500005 0.8141522796875 0.403885096875 0.8094019578125 0.39223054375 0.8106268999999999 0.38504594999999997 0.8170104796875 0.3812138296875 0.8272630390625 0.3798565140625 0.833034146875 0.3819044 0.8525184781249999 0.3841393796875 0.8550977953125001 0.38472449062499997 0.8606647468749999 0.394781903125 0.87227168125 0.39866675625000003 0.8718633656250001 0.4009017359375 0.8744426843750001
0 0.44134230781249995 0.9602473953124999 0.4518793703125 0.9577327953125 0.45823902812500006 0.9528430312499999 0.46372101875 0.939602840625 0.46313590937500004 0.9340358890625 0.4647857796875 0.9310482562500001 0.4633230046875 0.9171308765624999 0.4610880234375 0.9145515578125 0.4605029125 0.90898460625 0.4504455 0.8973776750000001 0.4462680921875 0.8950025125 0.4326711171875 0.8964316125 0.42301171562500006 0.90729664375 0.42029708593750004 0.9188388578125 0.42234497187500003 0.9383231890625 0.4274000421875 0.949048778125 0.43298749531249997 0.955497075 0.44134230781249995 0.9602473953124999
0 0.49020058281249995 0.8552072140625 0.4929152125 0.8436649953125 0.49115988125000004 0.8269641390625001 0.478282378125 0.8072109375000001 0.474104971875 0.8048357749999999 0.46050799375 0.8062648749999999 0.45114115000000005 0.8199133812499999 0.44842651718750004 0.8314555968749999 0.4501818484375 0.8481564515625 0.455236921875 0.8588820437500001 0.46082437499999995 0.8653303375 0.4711216109375 0.86987650625 0.4797162484375 0.8675660593750001 0.48442603437500004 0.8656639265624999 0.49020058281249995 0.8552072140625
0 0.526516478125 0.94848100625 0.5322910249999999 0.938024290625 0.5350056546874999 0.926482075 0.5338354328125 0.9153481703124999 0.5284878078124999 0.90183910625 0.5206653765625 0.892811490625 0.5167805249999999 0.8932198046875 0.51454554375 0.8906404875 0.502890990625 0.89186543125 0.49323159375000003 0.9027304609375 0.4905169640625 0.9142726765625 0.49256485000000005 0.9337570078124999 0.5009723921875 0.9483515734375001 0.513504609375 0.9554770593749999 0.5182143953125 0.953574928125 0.526516478125 0.94848100625
0 0.583139375 0.9453439234375001 0.58537435625 0.9479232453125 0.5881417171875001 0.9462252703124999 0.5964437984375001 0.94113135 0.602218346875 0.930674634375 0.6035756609375 0.9249035250000001 0.6012352203125 0.90263571875 0.5886502734375 0.885665990625 0.5847654203125 0.8860743046874999 0.5825304390625 0.8834949875 0.5728183140625001 0.8845157734375 0.5711684390625 0.8875034046874999 0.567283590625 0.8879117187500001 0.5631589124999999 0.895380803125 0.5604442828125 0.90692301875 0.56249216875 0.9264073500000001 0.5675472390625 0.9371329421875 0.5731346921875 0.9435812359375 0.583139375 0.9453439234375001
0 0.5443248484375001 0.8002695937500001 0.52878544375 0.8019028515625 0.525193146875 0.805094640625 0.518061284375 0.8213224640625001 0.5206942812500001 0.8463737453125001 0.5371640796875 0.8629351625 0.54964356875 0.8602164015625 0.5598353484375 0.8450740781249999 0.5611926640625 0.8393029703125 0.559437334375 0.8226021140625001 0.554382259375 0.8118765281250001 0.5443248484375001 0.8002695937500001
0 0.627422228125 0.8154566140625 0.614837278125 0.7984868859375001 0.6106598734375 0.7961117265625 0.59900531875 0.7973366687500001 0.5893459234375 0.8082016984375 0.5866312890625001 0.8197439140625 0.58838661875 0.8364447703125 0.59344169375 0.8471703609375 0.5990291421875 0.8536186546875 0.60738395625 0.8583689812499999 0.6198634453125 0.8556502187499999 0.628405353125 0.8434955328125 0.6311199843749999 0.8319533124999999 0.627422228125 0.8154566140625
0 0.67350298125 0.9175538671875 0.6695126703125001 0.89827369375 0.6549852953124999 0.8815081234375001 0.639445890625 0.8831413796875 0.635853596875 0.8863331703125 0.6303716046875001 0.8995733609375 0.630956715625 0.9051403125 0.6293068453124999 0.9081279484375001 0.6307696203125001 0.922045325 0.635824690625 0.932770915625 0.6436471234375001 0.9417985312500001 0.6478245296875 0.9441736921875 0.6622464421875 0.941250775 0.6707883515625 0.9290960859374999 0.67350298125 0.9175538671875
0 0.6786447671875 0.788966225 0.668932640625 0.7899870109375 0.6579159265625 0.8066231484375 0.6565586109375 0.81239425625 0.6580213859375 0.8263116359374999 0.662783903125 0.83425375 0.6633690140625 0.8398207031249999 0.6734264265625 0.8514276375 0.689790765625 0.8483005609375001 0.6999825421875 0.8331582421875 0.6973495468750001 0.80810695625 0.686999578125 0.793716546875 0.6786447671875 0.788966225
0 0.7180444031250001 0.9396075093749999 0.7222218109375 0.9419826718750001 0.7327588734375 0.9394680671875 0.7374686609375 0.9375659390625 0.7448930781249999 0.924121590625 0.74625039375 0.9183504828125001 0.7444950625 0.9016496265624999 0.7422600828125 0.899070309375 0.741674971875 0.8935033546875 0.731617559375 0.8818964203125 0.7232627468749999 0.8771460984375 0.7135506203124999 0.8781668843749999 0.7099583218750001 0.8813586734375001 0.7028264609375 0.8975864984375 0.703704125 0.9059369265624999 0.7020542546875 0.908924559375 0.7042892359375 0.911503878125 0.7054594562500001 0.9226377828125001 0.7180444031250001 0.9396075093749999
0 0.8021538156249999 0.9363957031249999 0.8068636031249999 0.934493575 0.8115733859375001 0.9325914421875 0.8206476765625 0.9161594609374999 0.8200625671875 0.9105925109375 0.8217124359374999 0.907604875 0.8177221265625001 0.8883247046875 0.8054297296874999 0.8741384484375001 0.8015448796875001 0.8745467625 0.7993098984375 0.8719674453125 0.7876553453125 0.8731923875 0.778288503125 0.88684089375 0.7788736125 0.8924078468750001 0.7772237421875 0.8953954796874999 0.7789790734375 0.9120963328125 0.7840341453125 0.922821921875 0.7918565765625 0.9318495375 0.8021538156249999 0.9363957031249999
0 0.758360771875 0.8467220125000001 0.76855255 0.8315796921875 0.7679674390625 0.8260127421875 0.769617309375 0.82302510625 0.7656269984375 0.8037449343749999 0.7630994624999999 0.7983821375 0.7510996249999999 0.7869793609375 0.7355602203125 0.7886126171875001 0.730318053125 0.794792040625 0.7264859296874999 0.8050446000000001 0.7276561515625 0.8161785046875 0.72600628125 0.8191661359375001 0.72941148125 0.8328793609374999 0.7417038781249999 0.8470656125 0.745588728125 0.8466572984375 0.7478237078125 0.849236615625 0.758360771875 0.8467220125000001
0 0.84789944375 0.8204257734375 0.8495493140624999 0.817438140625 0.8477939828125001 0.8007372859374999 0.832974053125 0.7811882359375 0.8287966484375 0.778813075 0.81519966875 0.7802421749999999 0.8058328265625001 0.7938906796875 0.8064179375 0.7994576343750001 0.8047680640625 0.8024452671875 0.8068159500000001 0.8219295984375 0.8093434890625 0.8272923921875 0.82357830625 0.8412744859375 0.83994264375 0.8381474125 0.848484553125 0.8259927250000001 0.84789944375 0.8204257734375
0 0.9154046875 0.8274018078125 0.9181720484375001 0.8257038359375001 0.9253039109375001 0.8094760125 0.923256025 0.78999168125 0.9207284890625 0.784628884375 0.906493671875 0.7706467875 0.9006663937500001 0.7712592593750001 0.8984314124999999 0.768679940625 0.8967815421875001 0.7716675734375 0.8873619703125 0.7754718359375 0.8818799765625001 0.7887120265625 0.8824650875 0.79427898125 0.8808152171874999 0.7972666140625 0.884512971875 0.8137633125000001 0.8892754921874999 0.821705425 0.8990403484374999 0.8305288828125 0.9154046875 0.8274018078125
0 1 0.7710536515624999 0.999782828125 0.7706914890625 0.9900179703124999 0.76186803125 0.98613311875 0.7622763453125 0.9838981390624999 0.7596970265625 0.9741860109375 0.7607178125 0.9628767437500001 0.774570475 0.961519428125 0.7803415828125 0.9635673140625001 0.7998259140624999 0.9783872421875 0.8193749640625001 0.98227209375 0.8189666499999999 0.9845070734375 0.82154596875 0.9911592859375 0.819439678125 0.9994613687499999 0.814345759375 1 0.813370390625 1 0.7710536515624999
0 0.65624223125 0.7533287953125 0.658956859375 0.741786575 0.6552591046875 0.7252898796875 0.64267415625 0.70832015 0.6384967500000001 0.7059449890625 0.624899771875 0.7073740890625 0.6171827984375 0.7180349609375 0.61446816875 0.7295771796875 0.6162234984375 0.7462780328124999 0.6184584796875 0.7488573515625 0.619043590625 0.7544243046875 0.633278409375 0.7684064 0.6457578984375 0.7656876390625 0.652117553125 0.760797878125 0.65624223125 0.7533287953125
0 0.9613135859374999 0.6382448796875 0.973793075 0.6355261171875 0.9801527312499999 0.630636353125 0.985927278125 0.6201796374999999 0.9853421687499999 0.6146126859375001 0.9869920390625 0.611625053125 0.9830017265625 0.5923448796875 0.9687669078125 0.578362784375 0.9648820578124999 0.5787710984375 0.9626470749999999 0.57619178125 0.9529349484375 0.5772125671875 0.9419182359375 0.593848703125 0.9425033468749999 0.5994156546875 0.9408534734374999 0.6024032874999999 0.944258678125 0.6161165109375 0.9493137484374999 0.6268421015625 0.9571361796875 0.6358697140625 0.9613135859374999 0.6382448796875
0 0.9479802578125 0.688895196875 0.93598041875 0.6774924203125 0.9320955671875 0.677900734375 0.9298605875 0.675321415625 0.9165561625 0.679533990625 0.9077744328125 0.69874945 0.9092372078125001 0.7126668281249999 0.9114721859375001 0.7152461453125001 0.912057296875 0.7208131 0.928527096875 0.7373745125 0.9410065843750001 0.7346557515625001 0.9528482328125 0.7165258 0.9505077921874999 0.6942579921875 0.9479802578125 0.688895196875
0 0.870283234375 0.6970614828125 0.8582833953125 0.68565870625 0.8427439906249999 0.6872919625 0.8410941203125001 0.6902795953124999 0.83720926875 0.6906879109374999 0.8314347234374999 0.7011446265625 0.83260494375 0.7122785296874999 0.830955075 0.7152661625000001 0.8343602734375001 0.7289793859375 0.8508300734375001 0.7455408 0.8671944140625 0.7424137234375 0.875151209375 0.7246920859375 0.87281076875 0.702424278125 0.870283234375 0.6970614828125
0 0.7958043171875 0.7358460046874999 0.793171321875 0.7107947218749999 0.780878928125 0.6966084671874999 0.7769940765625 0.6970167828125 0.7747590953125 0.6944374640625 0.7650469671875 0.69545825 0.763397096875 0.6984458828125 0.759512246875 0.6988541968749999 0.75208783125 0.71229854375 0.7550133812500001 0.7401333046875 0.76507079375 0.7517402390625 0.77342560625 0.7564905609375 0.7839626671875 0.7539759562499999 0.7903223265625 0.7490861953125 0.7958043171875 0.7358460046874999
0 0.7255844421875 0.7404121859374999 0.72353655625 0.7209278546875 0.7210090218749999 0.7155650578125 0.7151290125 0.7063332859375 0.7067742 0.7015829640625 0.6931772203125 0.7030120640625 0.689584925 0.7062038546875 0.6854602484375001 0.7136729374999999 0.6849806 0.7277944734374999 0.683330728125 0.7307821062500001 0.6858582640625001 0.7361449015625 0.6870284843750001 0.7472788046875001 0.691791 0.7552209171875 0.6993208765625 0.7614650578125 0.71762764375 0.758133825 0.7255844421875 0.7404121859374999
0 0.7627405125 0.52403296875 0.7452586812499999 0.5258703828125 0.73618439375 0.5423023640625 0.7385248343749999 0.5645701703125 0.7410523703125 0.5699329625 0.7552871890625 0.5839150578125001 0.76970910625 0.58099214375 0.7724764640624999 0.57929416875 0.779608325 0.563066346875 0.7772678843749999 0.5407985390625 0.7725053703125 0.5328564265625 0.7627405125 0.52403296875
0 0.0682501390625 0.19459272968750002 0.07048512031250001 0.1971720484375 0.07907975625 0.1948616 0.0818471171875 0.1931636296875 0.09062885000000001 0.17394816875000002 0.089166075 0.1600307921875 0.08693109375 0.1574514734375 0.08634598437499999 0.1518845203125 0.0804659765625 0.142652746875 0.0659913328125 0.13573142031250002 0.056279204687499994 0.13675220625 0.0546293359375 0.1397398390625 0.050744482812500005 0.140148153125 0.043320065625 0.15359250156249998 0.045660506249999996 0.1758603078125 0.048188040625 0.18122310625 0.056010475000000004 0.1902507171875 0.0643652875 0.19500104375 0.0682501390625 0.19459272968750002
0 0.15880084218749999 0.149897659375 0.150685853125 0.13808656875 0.142331040625 0.1333362421875 0.12484921093750001 0.13517365625 0.116067478125 0.15438911718749998 0.11782280781250001 0.17108996875 0.1304077578125 0.1880597 0.1407049953125 0.1926058640625 0.1492996328125 0.19029541875 0.1540094203125 0.18839329062500001 0.16007651875 0.1807200484375 0.16249859687499998 0.1663943546875 0.15880084218749999 0.149897659375
0 0.055660109375 0.28034272968749996 0.061434659375 0.26988601874999996 0.06279197187499999 0.26411490625 0.061036642187500004 0.24741405468750002 0.048451693750000004 0.2304443234375 0.0381544546875 0.22589815781249997 0.0264999015625 0.22712310000000002 0.017133059375000002 0.24077160625 0.01771816875 0.2463385578125 0.0160682984375 0.249326190625 0.017823629687500002 0.2660270453125 0.030408578125000002 0.282996771875 0.0404132609375 0.284759465625 0.042648242187500005 0.28733878281249997 0.049300453125 0.2852324953125 0.055660109375 0.28034272968749996
0 0.1045133046875 0.2780222796875 0.1109256921875 0.282976759375 0.12146275312499999 0.28046215625 0.12947228125000002 0.27258475781249997 0.1330118484375 0.25954872500000004 0.1315490734375 0.245631346875 0.1262014453125 0.23212228124999998 0.11643658750000001 0.223298821875 0.1125517375 0.22370713750000001 0.11031675781250001 0.22112781875 0.098662203125 0.2223527609375 0.0970123328125 0.22534039374999998 0.0931274796875 0.2257487078125 0.0859956171875 0.2419765328125 0.0877509484375 0.2586773875 0.08998593125 0.26125670625 0.09057104218749999 0.2668236609375 0.1006284546875 0.27843059375 0.1045133046875 0.2780222796875
0 0.228353971875 0.1763580234375 0.23077604687500003 0.1620323328125 0.2296058265625 0.15089842656250002 0.2273708453125 0.1483191109375 0.2267857359375 0.14275215937500002 0.2167283234375 0.131145225 0.20837350781250003 0.1263949 0.2006038078125 0.127211528125 0.191476790625 0.1337992671875 0.185994796875 0.14703945937500001 0.1880426828125 0.166523790625 0.20062763437500003 0.18349351875 0.210632315625 0.18525620625 0.212867296875 0.187835525 0.2156346578125 0.18613755468749998 0.228353971875 0.1763580234375
0 0.1992414140625 0.23570237187499998 0.19112642500000002 0.22389128125000002 0.1827716125 0.2191409546875 0.1652897828125 0.22097836875 0.160047615625 0.2271577953125 0.1562154953125 0.23741035312499997 0.15826338125 0.25689468125000003 0.1686133484375 0.27128509218749997 0.17473318124999998 0.273456096875 0.17920314375 0.278614734375 0.1897402046875 0.2761001296875 0.19444999375 0.27419800156249996 0.2018744109375 0.260753653125 0.1992414140625 0.23570237187499998
0 0.26661229375 0.2694276625 0.2737441546875 0.2531998375 0.27169626875 0.23371550624999998 0.269168734375 0.2283527140625 0.2591113203125 0.2167457796875 0.2552264703125 0.21715409531250002 0.2529914890625 0.2145747734375 0.2432793609375 0.215595559375 0.241629490625 0.2185831953125 0.23774463906249999 0.21899150937499998 0.23061277812499997 0.23521933125 0.23266066406250002 0.2547036625 0.2351881984375 0.26006645625 0.24942301718749998 0.2740485515625 0.26384493125 0.2711256359375 0.26661229375 0.2694276625
0 0.055947584375000005 0.385845940625 0.062307240625 0.38095617656249997 0.07108897656249999 0.36174071875 0.06991875625 0.350606815625 0.06486368125 0.3398812265625 0.05704125 0.3308536109375 0.0467440125 0.32630744218749996 0.035089459375 0.3275323859375 0.033439589062500004 0.330520021875 0.0295547375 0.33092833593750004 0.0243653015625 0.346952003125 0.0267057421875 0.369219809375 0.029233278125 0.374582603125 0.041233115625 0.3859853796875 0.0470603921875 0.3853729078125 0.049295375 0.3879522265625 0.055947584375000005 0.385845940625
0 0.15831103124999998 0.36945865625 0.16661311406249998 0.3643647390625 0.17403753125000002 0.35092039062499997 0.17315986562500002 0.342569959375 0.174809734375 0.3395823296875 0.1725747546875 0.3370030109375 0.171697090625 0.3286525828125 0.159112140625 0.3116828515625 0.15522729062500001 0.312091165625 0.152992309375 0.30951185 0.13939532968749999 0.31094095 0.129735934375 0.3218059796875 0.1270213 0.3333481984375 0.128484075 0.347265575 0.14330400625 0.366814625 0.1536012453125 0.371360790625 0.15831103124999998 0.36945865625
0 0.20054091875000002 0.32280675 0.202881359375 0.34507455781249996 0.2054088953125 0.3504373515625 0.219643715625 0.364419446875 0.23406562812499998 0.361496528125 0.2426075375 0.349341840625 0.24532216718750002 0.3377996203125 0.2416244109375 0.321302925 0.2251546109375 0.304741509375 0.2115576296875 0.30617060937499996 0.20054091875000002 0.32280675
0 0.3125348578125 0.3419921828125 0.311949746875 0.33642523281250003 0.3135996171875 0.3334376 0.31213684218750004 0.31952021875000003 0.30960930625 0.314157425 0.3037293 0.30492565312500003 0.2953744859375 0.3001753265625 0.2817775078125 0.3016044265625 0.2801276375 0.3045920625 0.27624278750000003 0.3050003765625 0.272118109375 0.31246945625 0.2696960328125 0.326795153125 0.2759213265625 0.3486546453125 0.289863590625 0.3598532625 0.302343078125 0.35713450625 0.3125348578125 0.3419921828125
0 0.34202160625 0.2488378125 0.3402662765625 0.23213695781250002 0.3299163078125 0.2177465484375 0.32156149375 0.212996225 0.309906940625 0.21422116875000002 0.30631464531249997 0.2174129578125 0.2991827828125 0.2336407828125 0.2997678921875 0.239207734375 0.298118021875 0.24219536718749998 0.3015232234375 0.2559085890625 0.30516825000000003 0.26256104375 0.317993021875 0.2724700015625 0.3324149375 0.2695470875 0.3393069734375 0.260380028125 0.34202160625 0.2488378125
0 0.27755245 0.18666529062499998 0.2861470875 0.1843548484375 0.290856875 0.18245271406250002 0.29692397656249997 0.174779475 0.29934605468750003 0.160453784375 0.29817583281250004 0.149319878125 0.29594085 0.146740559375 0.2953557390625 0.141173609375 0.283063346875 0.12698735781249998 0.2691738140625 0.12563298125 0.26752394218750003 0.1286206140625 0.2636390921875 0.129028928125 0.256214675 0.1424732765625 0.254857359375 0.148244384375 0.2566126890625 0.164945240625 0.2616677609375 0.17567082812499998 0.2691976390625 0.1819149671875 0.27755245 0.18666529062499998
0 0.3491823703125 0.18617224375000002 0.3558345828125 0.184065959375 0.3638441140625 0.1761885609375 0.366851296875 0.1674298171875 0.3642183015625 0.142378534375 0.3561033140625 0.13056744375 0.34774850156250003 0.125817121875 0.334151521875 0.1272462234375 0.33055922656250003 0.13043801093750002 0.325077234375 0.1436782015625 0.32371991875 0.1494493109375 0.324890140625 0.160583215625 0.32712512031249996 0.16316253281249998 0.32771023125 0.168729484375 0.34223760625 0.1854950578125 0.3464150109375 0.1878702203125 0.3491823703125 0.18617224375000002
0 0.3706205296875 0.35277248125 0.3769801859375 0.34788271718749997 0.382169625 0.33185905 0.38070684843749997 0.3179416703125 0.37847186875 0.31536235156250003 0.3778867578125 0.3097954 0.37200675 0.30056362812500004 0.3636519375 0.2958133046875 0.3481125328125 0.2974465625 0.3390382453125 0.31387854375 0.3396233546875 0.3194454953125 0.337973484375 0.322433128125 0.341671240625 0.3389298265625 0.3500787828125 0.35352439062499996 0.355906059375 0.3529119203125 0.3581410390625 0.3554912390625 0.3706205296875 0.35277248125
0 0.3361314375 0.4450455046875 0.3388988 0.44334753281249994 0.3472008828125 0.43825360937499996 0.3529754296875 0.42779689374999996 0.3543327453125 0.42202578749999997 0.352284859375 0.40254145625 0.3438773171875 0.3879468890625 0.333580078125 0.3834007203125 0.32386795 0.38442150625 0.3222180796875 0.38740913906249996 0.318333228125 0.387817453125 0.3109088140625 0.40126180468749995 0.31042915937500004 0.41538333906249997 0.31266414375 0.4179626578125 0.31606934375 0.4316758796875 0.323891775 0.44070349531249997 0.333896459375 0.4424661859375 0.3361314375 0.4450455046875
0 0.2764486265625 0.4470970828125 0.2866404046875 0.4319547640625 0.28799772031250004 0.4261836546875 0.2862423890625 0.4094828 0.283714853125 0.40412000625 0.2694800359375 0.39013790625 0.26365275781249997 0.390750378125 0.2614177765625 0.38817105937499996 0.25976790625 0.3911586921875 0.25394063125 0.3917711640625 0.24457378593749998 0.40541967031250004 0.243216471875 0.41119078125 0.24497180156249998 0.427891634375 0.250026871875 0.4386172234375 0.255614325 0.445065521875 0.2639691375 0.44981584375 0.2764486265625 0.4470970828125
0 0.216127971875 0.4337374703125 0.2143726421875 0.41703661406250003 0.1995527140625 0.3974875640625 0.18566317968749999 0.3961331890625 0.17653616249999998 0.4027209265625 0.1724114859375 0.41019000937500005 0.171054171875 0.41596112031250004 0.1733946125 0.4382289265625 0.1837445796875 0.4526193375 0.1940418171875 0.45716550156249997 0.202636453125 0.4548550546875 0.207346240625 0.45295292500000006 0.21477065781250002 0.439508578125 0.216127971875 0.4337374703125
0 0.14755796875 0.43531601562500005 0.1463877484375 0.42418211406250006 0.14104012187499998 0.4106730484375 0.12709785468749998 0.399474428125 0.1115584515625 0.40110768593749996 0.10796615624999999 0.404299475 0.102191609375 0.414756190625 0.1027767203125 0.42032314218750005 0.10112684999999999 0.423310778125 0.10288217968749999 0.44001162968749996 0.10540971562499998 0.44537442812499994 0.12158696093750002 0.45915236562499995 0.136008875 0.456229446875 0.1387762359375 0.45453147656250004 0.14755796875 0.43531601562500005
0 0.078215759375 0.448232628125 0.0731606859375 0.4375070359375 0.059218421875 0.42630841718749996 0.05144871875 0.4271250453125 0.0492137390625 0.424545728125 0.039794165625 0.42834998750000003 0.03236975 0.4417943359375 0.03558785625 0.4724125703125 0.0434102890625 0.4814401859375 0.051765099999999994 0.4861905109375 0.0661870125 0.48326759375000006 0.07254667031249999 0.478377828125 0.079678534375 0.4621500046875 0.078215759375 0.448232628125
0 0.4055127140625 0.1802516875 0.4108076109375 0.1839165078125 0.4232870984375 0.1811977484375 0.42964675625000004 0.1763079875 0.433478878125 0.16605542812500002 0.4328937671875 0.1604884734375 0.4345436375 0.157500840625 0.43308086250000005 0.1435834640625 0.428025790625 0.1328578734375 0.42243833906250006 0.12640957656250001 0.41826093281250004 0.1240344140625 0.402721528125 0.125667671875 0.3991292328125 0.1288594609375 0.3936472421875 0.142099653125 0.3942323515625 0.14766660781250002 0.39258248125 0.150654240625 0.39628023749999997 0.1671509390625 0.40522015937500006 0.1774682109375 0.4055127140625 0.1802516875
0 0.40345974843750004 0.2634870859375 0.40758442500000003 0.25601800625000004 0.408941740625 0.250246896875 0.40630874375000003 0.2251956140625 0.4015462296875 0.21725350156249998 0.39401635 0.21100936250000002 0.3820692421875 0.2094508296875 0.37294222499999996 0.21603856562499998 0.36881755 0.22350764843749998 0.3669805828125 0.2434002953125 0.3723282109375 0.25690935625 0.382385625 0.2685162953125 0.3862704734375 0.26810798125 0.38850545468750003 0.2706872984375 0.395157665625 0.26858100937499996 0.40345974843750004 0.2634870859375
0 0.4474398875 0.336255765625 0.448797203125 0.33048465781249997 0.4464567625 0.3082168515625 0.4439292265625 0.30285405781249997 0.43192938906249995 0.2914512796875 0.4183324078125 0.29288038125 0.40731569375000004 0.30951651875 0.4059583796875 0.315287628125 0.40712859999999995 0.32642153125 0.4093635796875 0.32900085 0.40994868906250004 0.3345678015625 0.42029865781250003 0.348958209375 0.4333632578125 0.351806403125 0.4400154703125 0.3497001140625 0.4474398875 0.336255765625
0 0.422610196875 0.4176637625 0.42026975625 0.39539595625 0.4177422203125 0.39003316093749996 0.4057423796875 0.37863038125 0.390202975 0.3802636390625 0.3866106796875 0.3834554328125 0.3794788171875 0.39968325625 0.381526703125 0.41916758749999994 0.38376168437499997 0.42174690625 0.38434679374999997 0.42731385624999996 0.3899342453125 0.433762153125 0.39828905625 0.438512475 0.412710971875 0.43558956093749995 0.41547833437500004 0.433891584375 0.422610196875 0.4176637625
0 0.48797225156249996 0.1800275171875 0.494624465625 0.1779212265625 0.50204888125 0.164476878125 0.5014637703125 0.158909928125 0.5031136421875 0.1559222953125 0.5010657562499999 0.1364379640625 0.4985382203125 0.1310751671875 0.4865383828125 0.11967239062499999 0.470998978125 0.121305646875 0.46328200624999993 0.1319665203125 0.460567375 0.14350874062500002 0.46203015000000003 0.1574261171875 0.46426513125 0.16000543750000001 0.46485024218750004 0.1655723890625 0.4749076546875 0.17717932187500002 0.4852048921875 0.1817254875 0.48797225156249996 0.1800275171875
0 0.46814490312499996 0.2623168546875 0.47556932031250004 0.24887250625 0.47498420937499997 0.243305553125 0.47663407968750005 0.24031792031250002 0.47487874999999996 0.223617065625 0.46229380156250005 0.20664733750000003 0.45840895000000004 0.2070556515625 0.45617396875000005 0.20447633281250002 0.44646184062499994 0.20549711875 0.435445128125 0.2221332578125 0.43555058906250005 0.2418217453125 0.43778556875 0.2444010640625 0.438663234375 0.2527514921875 0.4506630734375 0.26415426875 0.461492690625 0.26442314218749996 0.46814490312499996 0.2623168546875
0 0.4846674328125 0.28872251250000003 0.4769504609375 0.2993833859375 0.47423583125 0.31092560156250004 0.478226140625 0.330205775 0.486341128125 0.342016865625 0.49469594062500005 0.3467671921875 0.5071754312500001 0.34404843125 0.509942790625 0.34235045625 0.517074653125 0.32612263124999996 0.51444165625 0.3010713515625 0.5002068375000001 0.28708925625 0.4846674328125 0.28872251250000003
0 0.5531897875 0.17457998749999998 0.557899575 0.172677859375 0.56620165625 0.1675839359375 0.570033778125 0.1573313765625 0.57139109375 0.1515602703125 0.5690506531249999 0.1292924640625 0.560935665625 0.117481371875 0.5525808515625 0.11273104687499999 0.54481115 0.113547675 0.5356841328125 0.120135415625 0.5315594546875 0.1276044953125 0.5310798046875 0.1417260328125 0.5294299359375 0.14471366562500002 0.5316649140624999 0.1472929828125 0.5325425796875 0.15564341406249999 0.54706995625 0.1724089828125 0.5509548078125001 0.17200066875 0.5531897875 0.17457998749999998
0 0.5250603546875 0.26196324843749996 0.5297701421875 0.26006111718749997 0.538072225 0.25496719687499997 0.5421968984375 0.24749811406250002 0.5446189765625 0.2331724203125 0.54344875625 0.22203851718749998 0.5412137734375 0.2194592015625 0.5406286625 0.21389224687500002 0.53057125 0.2022853125 0.5186241421875 0.2007267796875 0.509497125 0.2073145171875 0.503722578125 0.21777123281250002 0.5043076890625 0.2233381875 0.50265781875 0.22632581875 0.50412059375 0.240243196875 0.5189405234375 0.2597922453125 0.5228253765625 0.2593839296875 0.5250603546875 0.26196324843749996
0 0.5853521046875 0.32176060624999997 0.5830116640624999 0.2994928 0.580484125 0.2941300078125 0.5684842875 0.28272723125 0.5529448828125 0.2843604875 0.5438705953125 0.30079246875 0.5462110359375 0.323060275 0.5587959859375 0.34003000625 0.5626808375000001 0.339621690625 0.5649158171875001 0.342201009375 0.5735104546875001 0.3398905625 0.5798701109375 0.33500079843749997 0.5839947859375 0.32753171875 0.5853521046875 0.32176060624999997
0 0.5578077796875001 0.41471082031249995 0.5593521890625001 0.3920346984375 0.5540045640625 0.3785256359375 0.5461821312499999 0.369498021875 0.542004725 0.367122859375 0.5284077468749999 0.368551959375 0.5173910328125 0.3851880984375 0.5160337171875 0.3909592046875 0.5174964937500001 0.4048765859375 0.5250791 0.4209649671875 0.5326089781250001 0.42720910781250004 0.536786384375 0.42958426875000005 0.5473234484375 0.4270696671875 0.5520332328124999 0.42516753593749995 0.5578077796875001 0.41471082031249995
0 0.4885472046875 0.3910339296875 0.47596225625 0.374064203125 0.462072721875 0.372709825 0.4504709 0.3837790109375 0.447756265625 0.3953212296875 0.44951159687500003 0.4120220875 0.45174657968750004 0.4146014046875 0.452331690625 0.42016835468749997 0.46015412031249997 0.4291959703125 0.46850893437499996 0.43394629374999993 0.47904599687499994 0.43143169375 0.487880459375 0.42206047812499997 0.490595090625 0.4105182625 0.4885472046875 0.3910339296875
0 0.1706221703125 0.54264663125 0.18086667812499999 0.5373485515625 0.186641225 0.5268918390625 0.18712087500000002 0.5127703015625 0.1887707453125 0.50978266875 0.18342311875 0.496273603125 0.17336570625 0.48466666875 0.16948085625 0.4850749828125 0.1672458734375 0.482495665625 0.1555913203125 0.4837206078125 0.1539414515625 0.48670824062499995 0.1500566 0.4871165546875 0.1426321828125 0.500560903125 0.1424450875 0.517465915625 0.14779271249999998 0.53097498125 0.1556151453125 0.5400025937499999 0.1706221703125 0.54264663125
0 0.2147944828125 0.49579056406250005 0.21343716875 0.5015616765625001 0.21489994375000002 0.515479053125 0.219955015625 0.5262046421875 0.227777446875 0.5352322578125001 0.23195485312500003 0.5376074187500001 0.24831919375 0.5344803453125 0.25851097031250003 0.5193380234375 0.25587797343749996 0.49428674062500005 0.23940817499999997 0.4777253265625 0.225811196875 0.4791544265625 0.2147944828125 0.49579056406250005
0 0.2957385171875 0.47180476875000005 0.288553925 0.4781883484375 0.283071934375 0.49142853906250006 0.285412375 0.5136963453125001 0.287939909375 0.5190591421875 0.29993975 0.53046191875 0.31824651406250004 0.5271306874999999 0.3264958671875 0.5121925234375 0.3238628703125 0.4871412390625 0.321335334375 0.4817784453125 0.30933549843749997 0.47037566875000003 0.2957385171875 0.47180476875000005
0 0.3856990296875 0.5242624796875 0.3947733171875 0.5078304984375 0.3924328765625 0.48556269218750003 0.379847928125 0.4685929625 0.3759630765625 0.4690012765625 0.3737280953125 0.46642195781250007 0.36401596718749996 0.46744274375000006 0.362366096875 0.47043037656250003 0.358481246875 0.47083869062500006 0.35105683125 0.48428303906250003 0.3511622875 0.503971528125 0.3562173609375 0.5146971171875 0.36403979375 0.5237247328125 0.37239460625 0.5284750546875 0.3790468171875 0.526368765625 0.3856990296875 0.5242624796875
0 0.463822971875 0.4921304125 0.4604177734375 0.478417190625 0.45565525312500005 0.4704750765625 0.445890396875 0.46165161875000005 0.43035099218750006 0.4632848765625 0.426758696875 0.46647666406250005 0.419626834375 0.4827044921875 0.42167472031250003 0.5021888234375 0.42420225624999996 0.5075516171875 0.43649465000000004 0.5217378687500001 0.45480141406249996 0.5184066359374999 0.46305076874999995 0.5034684734375 0.46217310312500004 0.49511804374999996 0.463822971875 0.4921304125
0 0.5022445656250001 0.51201305 0.5105993765625 0.5167633734375 0.5172515890625 0.5146570859375 0.5255536703125 0.5095631640625 0.529678346875 0.50209408125 0.5323929781250001 0.49055186562499997 0.5309302031249999 0.476634484375 0.5258751312500001 0.4659088953125 0.5180526984375 0.456881278125 0.5141678468750001 0.45728959218750004 0.51193286875 0.45471027499999994 0.5022207390625 0.45573106093750004 0.50057086875 0.45871869218750005 0.49668601875 0.45912700624999997 0.49091147187499995 0.46958372343750004 0.4887819484375 0.48669289375 0.4910169328125 0.48927221249999997 0.49442213281249997 0.502985434375 0.5022445656250001 0.51201305
0 0.5938311203125 0.505201140625 0.5996056671875001 0.49474442500000004 0.59902055625 0.48917747343749995 0.6006704265625 0.486189840625 0.5992076515625 0.47227246093749997 0.59415258125 0.4615468734375 0.5863301484375001 0.4525192578125 0.5724406125 0.451164878125 0.563313596875 0.45775261875 0.5591889203125 0.46522170156250003 0.55783160625 0.47099280937500004 0.560172046875 0.493260615625 0.5705220140625 0.507651025 0.578876825 0.5124013484375001 0.587471465625 0.5100909046875 0.5938311203125 0.505201140625
0 0.6028288546875 0.422642925 0.605063834375 0.42522224687500004 0.613658471875 0.42291179999999995 0.6183682593750001 0.4210096671875 0.6257926765625 0.40756531875 0.6252075671874999 0.40199836875 0.6268574359375 0.3990107359375 0.625394659375 0.38509335624999996 0.6203395875 0.37436776875 0.6147521375 0.3679194703125 0.6044548984375 0.36337330625 0.598627621875 0.363985778125 0.596977753125 0.3669734109375 0.5930929 0.367381725 0.5840186125 0.3838137046875 0.5860664984375 0.4032980359375 0.59112156875 0.414023625 0.598944003125 0.4230512390625 0.6028288546875 0.422642925
0 0.1582192390625 0.6114916218750001 0.1595765546875 0.6057205140625 0.1572361140625 0.5834527078125 0.14912112500000002 0.5716416171875001 0.1407663125 0.56689129375 0.12328448125 0.5687287078125001 0.112852878125 0.5909317984375 0.114608209375 0.607632653125 0.1271931578125 0.6246023796875 0.1313705640625 0.626977540625 0.1391402671875 0.6261609124999999 0.141375246875 0.62874023125 0.14414260625 0.627042259375 0.1524446921875 0.6219483375 0.1582192390625 0.6114916218750001
0 0.2281465578125 0.6041419640625 0.2275614484375 0.5985750140625 0.22921131875 0.59558738125 0.22774854218749999 0.58167 0.2252210078125 0.5763072078125 0.2109861875 0.5623251125000001 0.1954467828125 0.56395836875 0.1918544859375 0.567150159375 0.1847226234375 0.5833779828125001 0.1853077328125 0.5889449328125 0.1836578640625 0.591932565625 0.1870630640625 0.605645790625 0.189590603125 0.6110085828125 0.20159044062499998 0.622411359375 0.21795477968750002 0.6192842875 0.2281465578125 0.6041419640625
0 0.297781321875 0.5940088328125 0.2994311953125 0.5910211984375 0.298260975 0.5798872937499999 0.2932059 0.56916170625 0.2812060640625 0.5577589296875 0.267609084375 0.5591880296875 0.2659592140625 0.5621756625 0.2620743625 0.5625839765625 0.25494249999999996 0.5788118 0.2572829421875 0.60107960625 0.2598104765625 0.6064423999999999 0.271810315625 0.617845178125 0.28817465625 0.61471810625 0.2983664328125 0.59957578125 0.297781321875 0.5940088328125
0 0.35142593906249997 0.5531927484375 0.3339441109375 0.5550301625 0.32351250625 0.57723325 0.32808792656249997 0.6020803796875 0.3336753796875 0.6085286734375 0.3420301921875 0.6132789984375 0.35839453125 0.610151921875 0.36528656875 0.60098486875 0.36800120000000003 0.5894426484374999 0.36624586875 0.57274179375 0.35895581875000004 0.5594368875 0.35142593906249997 0.5531927484375
0 0.42307968437500004 0.6089816875 0.4294393421875 0.6040919265625 0.43356401875 0.59662284375 0.43598609374999997 0.5822971484374999 0.43481587343749994 0.5711632468750001 0.42976080312500003 0.56043765625 0.41999594531250006 0.551614196875 0.41581853906250005 0.5492390375 0.4061064109375 0.5502598234375 0.39892181875 0.5566434015625 0.393147271875 0.5671001171875 0.3932527328125 0.5867886046875 0.4008353390625 0.602876990625 0.4083652171875 0.60912113125 0.41419249375 0.608508659375 0.41642747187499995 0.611087978125 0.42307968437500004 0.6089816875
0 0.490215821875 0.5470480156249999 0.48603841406250003 0.5446728546874999 0.472441434375 0.5461019546875 0.4688491390625 0.5492937437500001 0.46171727812499996 0.565521571875 0.46405771875 0.587789378125 0.46882023281249996 0.595731490625 0.47858509062500004 0.60455495 0.4949494328125 0.6014278734375 0.4993666640625 0.59674226875 0.5048486546875 0.583502078125 0.5028007703124999 0.5640177468750001 0.490215821875 0.5470480156249999
0 0.5423687562499999 0.538752296875 0.5351841625 0.5451358765625 0.5299947296874999 0.561159546875 0.532042615625 0.580643878125 0.53457015 0.586006671875 0.5465699875000001 0.5974094484375 0.5648767546875 0.594078215625 0.5731261062499999 0.5791400531249999 0.5707856640625 0.556872246875 0.5634956125 0.5435673375000001 0.554023309375 0.537527353125 0.5423687562499999 0.538752296875
0 0.6410055421874999 0.5523060640625 0.638478003125 0.5469432703125 0.626478165625 0.5355404906250001 0.6109387609375 0.537173746875 0.60157191875 0.55082225625 0.601677378125 0.570510740625 0.6064398953125 0.5784528578125 0.6070250046875 0.5840198062499999 0.6126124578125001 0.5904681046875 0.620967271875 0.5952184265625 0.6315043328125001 0.5927038265625 0.641696109375 0.5775615046875 0.6441181859375 0.5632358078124999 0.6410055421874999 0.5523060640625
0 0.669240434375 0.484611290625 0.6671925484375001 0.46512695937500004 0.6546075984375 0.44815723125 0.6504301921875 0.44578207187499996 0.6387756390625 0.44700701406250004 0.6291162406249999 0.45787204531250003 0.6264016109375 0.469414259375 0.6281569421875 0.486115115625 0.636564484375 0.5007096828125001 0.642976871875 0.5056641625 0.651864065625 0.50613719375 0.6621085718749999 0.500839115625 0.6678831187500001 0.4903824 0.669240434375 0.484611290625
0 0.6370355484375 0.12214696249999998 0.6266855796875 0.10775655312500002 0.622800728125 0.1081648671875 0.620565746875 0.10558554687499999 0.60891119375 0.10681048906249999 0.599251796875 0.11767551875 0.5965371671875 0.1292177390625 0.5982924984375 0.14591859375 0.6108774453125 0.162888321875 0.6150548515625001 0.1652634828125 0.6275343390625 0.162544721875 0.633893996875 0.1576549609375 0.6393759890624999 0.1444147703125 0.6370355484375 0.12214696249999998
0 0.7070683296875 0.13448579375 0.7087181984375001 0.13149815781250002 0.7047278890625 0.1122179875 0.6946704765625 0.100611053125 0.6907856234375 0.1010193671875 0.6885506421875001 0.0984400453125 0.6768960875000001 0.0996649890625 0.6658793765625 0.11630112968749999 0.6645220609375 0.1220722390625 0.6662773921875 0.13877309375 0.6713324625 0.14949868125000002 0.6810973203125 0.15832213906249998 0.6974616609375001 0.1551950640625 0.707653440625 0.1400527453125 0.7070683296875 0.13448579375
0 0.776117984375 0.11878570625 0.7721276718750001 0.09950553281249999 0.7665402218749999 0.09305723906249999 0.7581854078125 0.0883069125 0.7445884296874999 0.08973601249999999 0.740996134375 0.092927803125 0.7338642734375 0.1091556296875 0.7362047140625 0.1314234359375 0.7420847187499999 0.140655209375 0.75043953125 0.14540553125 0.7648614453125 0.1424826125 0.7750532234375 0.12734029375 0.7744681140624999 0.12177333906250001 0.776117984375 0.11878570625
0 0.8347887671875001 0.13513295625 0.8411484234375 0.13024319374999999 0.8446879875000001 0.11720715781249999 0.8426401015625 0.0977228296875 0.840112565625 0.09236003125 0.8345251171875001 0.0859117375 0.8261703031250001 0.0811614125 0.8164581734375 0.08218219843749999 0.8148083046875 0.08516983125000001 0.8109234546874999 0.08557814531249999 0.8034990375 0.09902249375 0.804084146875 0.1045894484375 0.8024342765625001 0.10757708125000001 0.8038970515624999 0.12149445781249998 0.8064245874999999 0.1268572546875 0.8164820015625001 0.1384641890625 0.8347887671875001 0.13513295625
0 0.9153875156250001 0.0985194390625 0.9131525343750001 0.0959401234375 0.912567425 0.090373171875 0.9005675859375 0.0789703953125 0.88502818125 0.0806036515625 0.8814358875 0.0837954421875 0.874304021875 0.100023265625 0.8763519078125 0.11950759687500001 0.878879446875 0.1248703890625 0.8908792828125 0.1362731671875 0.9053011968750001 0.13335025 0.913310725 0.1254728546875 0.916850290625 0.112436821875 0.9153875156250001 0.0985194390625
0 0.88882631875 0.21950856718749998 0.8918335031250001 0.2107498265625 0.892313153125 0.19662828906250002 0.886965528125 0.183119228125 0.881378075 0.17667092812500002 0.8730232609374999 0.17192060781250001 0.861368709375 0.17314555 0.8517093093750001 0.184010578125 0.84899468125 0.1955527953125 0.85045745625 0.209470175 0.8526924359375 0.21204949375 0.8532775453125 0.21761644531250002 0.8633349593749999 0.2292233796875 0.8675123671874999 0.231598540625 0.8799918546875001 0.2288797828125 0.88882631875 0.21950856718749998
0 0.8105969140625 0.23195214687500001 0.81802133125 0.21850779843749998 0.817436221875 0.21294084687499998 0.8190860921875001 0.20995321093750002 0.8173307609375 0.19325235937500002 0.814803225 0.1878895640625 0.8028033875 0.1764867859375 0.7872639828125 0.17812004374999998 0.7836716859374999 0.1813118375 0.7765398265625 0.197539659375 0.7788802671874999 0.21980746562500003 0.791172659375 0.23399371875 0.7950575093750001 0.23358540468750003 0.7972924906250001 0.2361647234375 0.8039447031250001 0.2340584328125 0.8105969140625 0.23195214687500001
0 0.7451684625 0.1980227 0.7328760640625 0.18383644375 0.728991215625 0.1842447578125 0.726756234375 0.181665440625 0.7134518109375 0.185878015625 0.70820964375 0.1920574421875 0.7043775234375 0.20231 0.7052551890625 0.210660425 0.7036053171875001 0.21364805781250001 0.7067179640625 0.2245778046875 0.7092455 0.2299406 0.7212453375 0.2413433765625 0.737609678125 0.2382163015625 0.7472163468749999 0.2175070265625 0.7451684625 0.1980227
0 0.6746560296874999 0.199805403125 0.664891171875 0.19098194375 0.647409340625 0.192819359375 0.6438170453125001 0.19601115156249999 0.63969236875 0.20348023125 0.6372702953125 0.217805925 0.6397978281250001 0.22316872031249999 0.64096805 0.2343026234375 0.647965546875 0.24482405468750001 0.65326044375 0.24848887656250002 0.671567209375 0.2451576453125 0.67952400625 0.2274360046875 0.677183565625 0.2051682 0.6746560296874999 0.199805403125
0 0.6063496734375 0.25060517187500003 0.6115391109375 0.23458150625 0.6091986703125001 0.2123137 0.6010836828125 0.20050260937500003 0.59272886875 0.195752284375 0.5830167421875 0.19677306875 0.581366871875 0.1997607015625 0.5774820187499999 0.2001690171875 0.5700576015625 0.21361336562500002 0.5687002875 0.21938447499999997 0.57045561875 0.23608532656249998 0.5833331203125 0.255838534375 0.5872179734375 0.25543022031249996 0.5894529546875 0.2580095390625 0.5999900171875 0.25549493437500004 0.6063496734375 0.25060517187500003
0 0.6522722375 0.32316969375000004 0.653629553125 0.3173985828125 0.6512891125 0.29513077499999996 0.6487615765625 0.2897679828125 0.6367617375 0.27836520625 0.6212223328124999 0.2799984640625 0.6118554890625 0.29364696874999996 0.6124406 0.29921391875 0.6107907296875 0.3022015546875 0.612546059375 0.3189024078125 0.620953603125 0.3334969765625 0.629308415625 0.33824730000000003 0.6417879046875 0.3355285375 0.6464976921875001 0.333626409375 0.6522722375 0.32316969375000004
0 0.71613245625 0.3234932765625 0.719964578125 0.3132407171875 0.7193794671875 0.3076737640625 0.7210293359375 0.30468613125 0.7170390265625 0.28540595625 0.7092165953125 0.276378340625 0.7008617828125 0.2716280203125 0.6875573578124999 0.27584059375000003 0.6839650625 0.279032384375 0.6784830703125 0.29227257500000003 0.6793607359375 0.30062300625 0.6777108671875001 0.3036106375 0.6811160671875001 0.3173238609375 0.6953508859374999 0.33130595625 0.7097727984375 0.3283830375 0.71613245625 0.3234932765625
0 0.69436268125 0.40598677343749995 0.69678475625 0.391661078125 0.695907090625 0.383310653125 0.6908520203124999 0.3725850609375 0.6830295875 0.3635574453125 0.67885218125 0.361182284375 0.6633127765625 0.3628155421875 0.65972048125 0.36600733124999996 0.6525886171875 0.38223515625000004 0.654636503125 0.4017194875 0.6649864734375 0.416109896875 0.6752837109375001 0.42065606562499996 0.681935921875 0.41854977499999996 0.6902380046875 0.413455853125 0.69436268125 0.40598677343749995
0 0.7637048921875 0.39307016093749997 0.7619495625 0.376369309375 0.7493646125 0.359399578125 0.7454797609375 0.3598078921875 0.7432447796874999 0.3572285734375 0.7335326515625 0.358249359375 0.726348059375 0.3646329390625 0.72086606875 0.37787313125 0.7217437343750001 0.3862235609375 0.7200938640625 0.3892111921875 0.7234990640625 0.402924415625 0.7357914578125 0.4171106671875 0.7540982234375 0.41377943593750005 0.7609902609375 0.4046123796875 0.7637048921875 0.39307016093749997
0 0.7917288640625 0.285998415625 0.779143915625 0.26902868281250003 0.7749665109375 0.266653521875 0.7613695296875 0.268082621875 0.7541849375 0.2744662046875 0.7500602609375 0.2819352859375 0.748702946875 0.287706396875 0.7507508328125 0.307190725 0.7580408859375 0.32049563281250004 0.7655707640625 0.3267397734375 0.7819351015625 0.32361269843749996 0.790477009375 0.3114580109375 0.792899084375 0.297132315625 0.7917288640625 0.285998415625
0 0.8642891796875001 0.303700040625 0.8656464984375001 0.29792893125000003 0.8633060578125 0.275661125 0.851013659375 0.26147486875000003 0.8471288109374999 0.2618831828125 0.8448938296874999 0.2593038640625 0.83158940625 0.263516440625 0.823872434375 0.2741773125 0.8214503578125001 0.288503009375 0.8223280234375 0.296853434375 0.8371479531249999 0.316402484375 0.8413253578125 0.3187776453125 0.8538048484375 0.31605888437499996 0.8601645046874999 0.311169121875 0.8642891796875001 0.303700040625
0 0.9506097453125 0.2467855640625 0.9363749265625 0.23280346562499998 0.9227779484375 0.234232565625 0.921128078125 0.2372202015625 0.9172432265625 0.23762851562499998 0.9101113640625 0.253856340625 0.91215925 0.273340671875 0.9247441984375 0.29031039999999997 0.92862905 0.289902084375 0.93086403125 0.2924814015625 0.9394586671875 0.29017095937500004 0.9441684546875001 0.288268828125 0.9535352953125 0.27462032187499996 0.9506097453125 0.2467855640625
0 0.9071518296875001 0.37517905625000003 0.9088017 0.3721914234375 0.9053964984375 0.3584782015625 0.891161678125 0.34449610625 0.8756222734374999 0.34612936250000004 0.8646055609375001 0.3627655015625 0.8669460015625001 0.3850333078125 0.8795309515625 0.4020030375 0.883415803125 0.4015947234375 0.8856507828125 0.40417404218749997 0.8942454203124999 0.401863596875 0.9041973734375001 0.3937820453125 0.90802949375 0.38352948593749997 0.9071518296875001 0.37517905625000003
0 0.8121311656250001 0.4147154890625 0.8226682296875 0.4122008859375 0.827378015625 0.41029875625 0.8348024328125 0.3968544078125 0.8361597484375001 0.39108330156250004 0.8341118625 0.3715989703125 0.8259968750000001 0.3597878796875 0.8176420625 0.35503755312499996 0.8040450828125 0.356466653125 0.8023952124999999 0.3594542890625 0.7985103609374999 0.35986260312499996 0.7927358156250001 0.370319315625 0.7933209265625 0.3758862703125 0.791671053125 0.378873903125 0.793133828125 0.3927912796875 0.798188903125 0.40351687031249994 0.8037763515625 0.4099651671875 0.8121311656250001 0.4147154890625
0 0.7329424625 0.45540214062500006 0.7209426234375 0.44399936406249996 0.7034607937499999 0.445836778125 0.6998684984375 0.44902856875 0.6943865078125 0.462268759375 0.697019503125 0.48732004218749997 0.7028995078125 0.496551815625 0.715431728125 0.5036773 0.724026365625 0.5013668546875001 0.7287361515625 0.499464721875 0.7378104390625 0.48303274218750003 0.7354699984375 0.46076493437500005 0.7329424625 0.45540214062500006
0 0.799248584375 0.49768201875000007 0.8050231312499999 0.48722530312499995 0.808030315625 0.478466559375 0.806274984375 0.46176570625 0.8012199140625 0.451040115625 0.7956324609375 0.44459181875000003 0.781450371875 0.44045396718749996 0.7798005015625 0.4434416 0.770380928125 0.4472458625 0.766256253125 0.4547149453125 0.7648989375 0.460486053125 0.767239378125 0.4827538609375 0.7775893453125 0.497144271875 0.787886584375 0.5016904375 0.792596371875 0.49978830468749996 0.799248584375 0.49768201875000007
0 0.8747106234375 0.4869364140625 0.8804851703125 0.4764796984375 0.8799000593749999 0.47091274531250005 0.8815499296875 0.4679251125 0.8800871546875 0.454007734375 0.8652672265625 0.43445868593750003 0.8477853968750001 0.4362961 0.8384185531250001 0.44994460625 0.8370612375 0.4557157125 0.8385240140624999 0.46963309375 0.8435790859375001 0.48035868437499996 0.85140151875 0.48938629999999994 0.8552863687500001 0.4889779859375 0.8616987578125 0.49393246562500004 0.8664085406250001 0.492030334375 0.8747106234375 0.4869364140625
0 0.9674963078125 0.4448206625 0.9660335312500001 0.4309032828125 0.9637985515624999 0.4283239640625 0.9632134406249999 0.4227570140625 0.948978621875 0.408774915625 0.9314967921875 0.41061232968750006 0.9237798203124999 0.421273203125 0.9210651890625 0.432815421875 0.922235409375 0.4439493234375 0.92729048125 0.4546749140625 0.9373478953125 0.466281846875 0.9415253 0.46865700937500004 0.9540047875000001 0.46593824687499996 0.963956740625 0.45785669687499997 0.9674963078125 0.4448206625
0 0.9169881625 0.5528484812500001 0.91922314375 0.5554278 0.9219905031250001 0.5537298234375 0.9286427140625 0.5516235375 0.9377170046875 0.535191553125 0.93907431875 0.5294204453125 0.9376115437499999 0.51550306875 0.9353765640624999 0.5129237468750001 0.9347914546875 0.5073567953125 0.9269690203125001 0.4983291796875 0.9186142078125 0.493578859375 0.9069596531249999 0.49480380156250003 0.8997750625000001 0.5011873796875 0.8956503859374999 0.5086564640625 0.8942930703125 0.514427571875 0.8963409562500001 0.533911903125 0.901396028125 0.54463749375 0.9069834796875 0.5510857875 0.9169881625 0.5528484812500001
0 0.8151570984375001 0.5649584671875 0.8271569359375001 0.57636124375 0.84157885 0.5734383296875001 0.8517706281249999 0.5582960046875 0.85118551875 0.55272905625 0.8528353890625 0.5497414234375 0.85166516875 0.5386075171875 0.846610096875 0.5278819296874999 0.8387876640625 0.5188543140624999 0.8349028125 0.5192626296875 0.832667834375 0.5166833109375 0.8210132796874999 0.517908253125 0.8193634078124999 0.5208958859374999 0.8154785562500001 0.5213042015625 0.8097040124999999 0.5317609156249999 0.8102891218750001 0.5373278671875 0.8086392484375 0.5403155 0.8098094687499999 0.5514494046875 0.8151570984375001 0.5649584671875
0 0.7113308765624999 0.5674283703125 0.709282990625 0.5479440390625 0.7067554546875 0.5425812453125001 0.6947556171875 0.5311784687500001 0.6792162125 0.5328117265625 0.6698493671875 0.54646023125 0.670434478125 0.5520271828125 0.6687846078125 0.555014815625 0.6702473828125 0.5689321953124999 0.6753024578125 0.57965778125 0.6831248890625 0.588685396875 0.68730229375 0.591060559375 0.6997817828125 0.5883418015624999 0.7099735609375 0.573199478125 0.7113308765624999 0.5674283703125
0 0.9114245375 0.6026821703125 0.9063694640625 0.5919565828125 0.8943696265625001 0.58055380625 0.8768877953124999 0.5823912203125 0.8732955 0.5855830109375 0.8678135078125001 0.5988232 0.8698613937499999 0.6183075328125 0.8723889296875 0.623670325 0.8805039171875 0.6354814171875 0.8888587296875 0.6402317390625 0.9013382203125 0.63751298125 0.9098801249999999 0.625358290625 0.9123022031250001 0.6110325999999999 0.9114245375 0.6026821703125
0 0.825291065625 0.6426916359375 0.8232431796874999 0.6232073046875 0.8181881093750001 0.6124817124999999 0.8064808250000001 0.6038624125000001 0.7909414203125 0.6054956687499999 0.7873491234375 0.608687459375 0.7818671328125 0.621927653125 0.784500128125 0.6469789359375 0.7948500968750001 0.66136934375 0.8051473343750001 0.665915509375 0.8098571234374999 0.66401338125 0.816509334375 0.661907090625 0.8239337515624999 0.6484627421875 0.825291065625 0.6426916359375
0 0.7534213203125 0.65024545 0.7516659890625 0.63354459375 0.7466109171875 0.6228190031249999 0.738788484375 0.6137913875 0.734611078125 0.6114162265624999 0.7210141 0.6128453265625 0.7174218046874999 0.6160371171875 0.710289940625 0.63226494375 0.71263038125 0.6545327515625 0.717685453125 0.6652583375 0.72521533125 0.6715024765625001 0.7293927375 0.6738776390625 0.7418722265625 0.67115888125 0.7520640046875 0.6560165578125 0.7534213203125 0.65024545
0 0.6824292375 0.666149690625 0.68514386875 0.6546074749999999 0.6833885390625001 0.6379066203125 0.6708035906250001 0.6209368890625 0.6666261828125 0.6185617265625 0.653029203125 0.619990828125 0.6494369078125 0.6231826171875 0.642305046875 0.63941044375 0.6443529328125 0.658894775 0.6494080015625 0.6696203625 0.6549954546875 0.676068659375 0.66529269375 0.6806148249999999 0.67000248125 0.678712696875 0.6747122640625001 0.6768105640625001 0.6824292375 0.666149690625
0 0.610348571875 0.634326528125 0.5983487328125 0.6229237515625 0.582809328125 0.6245570093749999 0.5792170328124999 0.6277487984375 0.57509235625 0.63521788125 0.5723777265625001 0.6467601015625 0.573840503125 0.660677478125 0.57607548125 0.663256796875 0.5766605921875 0.6688237515625 0.5908954109375 0.6828058453125 0.6072597531249999 0.6796787703125 0.615509103125 0.6647406078125 0.6128761078125 0.6396893265625 0.610348571875 0.634326528125
0 0.5451837671875001 0.6496183015625 0.540128696875 0.6388927109375 0.53454124375 0.6324444140625001 0.52618643125 0.627694090625 0.5184167296875 0.6285107203125 0.5092897109375001 0.6350984562499999 0.505165034375 0.6425675390625 0.5038077203125 0.6483386484375 0.5064407156249999 0.6733899328125 0.522910515625 0.6899513453125 0.5353900046875 0.6872325859374999 0.5455817828125 0.672090265625 0.5469390984375 0.6663191546875 0.5451837671875001 0.6496183015625
0 0.46711255625000003 0.6915946109375 0.47152978437500004 0.686909003125 0.47866164843750003 0.6706811796875 0.4771988734375 0.6567638031249999 0.47496389062500005 0.654184484375 0.4743787796875 0.6486175296875001 0.46402881249999994 0.6342271203125 0.4601439625 0.634635434375 0.45790898125 0.632056115625 0.44625442812499994 0.633281059375 0.43906983593750004 0.6396646390625 0.43494515937499995 0.647133721875 0.43358784375 0.6529048296875 0.435928284375 0.6751726359375 0.43845582031249997 0.6805354343750001 0.45269064062500003 0.694517528125 0.46711255625000003 0.6915946109375
0 0.41009164218749994 0.672259728125 0.4063938859375 0.6557630296875 0.40386635000000004 0.6504002359375 0.3918665125 0.638997459375 0.3763271078125 0.640630715625 0.36861013593749997 0.6512915890625 0.365895503125 0.66283380625 0.3676508328125 0.6795346609374999 0.372413353125 0.6874767765625001 0.384413190625 0.6988795546875 0.3988351046875 0.6959566359375 0.40902688125 0.6808143125 0.408441771875 0.6752473609375 0.41009164218749994 0.672259728125
0 0.320020590625 0.7028332609375 0.3266728046875 0.7007269734375 0.3330324609375 0.695837209375 0.33880700468749997 0.6853804953125 0.33822189375 0.67981354375 0.33987176875 0.676825909375 0.3381164375 0.6601250546874999 0.32970889375 0.6455304875000001 0.32135408125 0.6407801671875 0.30775710156249997 0.6422092671875 0.2980977046875 0.6530742968750001 0.29567562812500003 0.6673999875 0.2968458484375 0.67853389375 0.2990808296875 0.6811132109375 0.2996659390625 0.6866801625 0.3077809265625 0.698491253125 0.3177856109375 0.7002539421875 0.320020590625 0.7028332609375
0 0.264755009375 0.700199234375 0.27052955624999997 0.6897425187499999 0.269651890625 0.68139209375 0.2713017609375 0.6784044609375 0.26731145 0.6591242875 0.25307663125 0.6451421921875 0.2394796515625 0.6465712921875 0.23782978125 0.649558925 0.23394493125000002 0.6499672390625 0.22817038437499998 0.6604239546875 0.22574830625 0.6747496453124999 0.229446065625 0.6912463437499999 0.23756105 0.703057434375 0.24591586406250002 0.7078077578124999 0.258395353125 0.7050889984375 0.264755009375 0.700199234375
0 0.1881754765625 0.7096551828125001 0.1928852640625 0.70775305 0.20195955 0.69132106875 0.201854090625 0.6716325796875 0.19679902031250002 0.6609069937500001 0.19121156718750001 0.654458696875 0.1828567546875 0.6497083734375 0.169259775 0.6511374734375 0.1676099046875 0.65412510625 0.1637250546875 0.6545334203125 0.15494332187499998 0.6737488765624999 0.1566986515625 0.6904497328125 0.1617537234375 0.7011753203125 0.17151858125 0.709998778125 0.17540343125 0.7095904640625 0.177638415625 0.7121697828125 0.1881754765625 0.7096551828125001
0 0.08890593125 0.5779704890625 0.096622903125 0.5673096156249999 0.09798021875 0.5615385078124999 0.09563977812499999 0.5392707 0.087524790625 0.5274596093749999 0.0791699796875 0.5227092843750001 0.059745721875000005 0.5247508562500001 0.0503788796875 0.5383993609375 0.0490215640625 0.544170471875 0.0507768953125 0.560871325 0.0558319671875 0.571596915625 0.065596825 0.5804203734375 0.0714241015625 0.5798079031250001 0.07365908125000001 0.582387221875 0.08225371875000001 0.5800767734375001 0.08890593125 0.5779704890625
0 0.090790546875 0.67064181875 0.09597998437500001 0.654618153125 0.0945172078125 0.640700771875 0.0919896734375 0.635337978125 0.08193225937500001 0.6237310453125 0.0780474078125 0.624139359375 0.075812428125 0.621560040625 0.0563881703125 0.6236016125 0.052795876562499996 0.6267934015625001 0.0470213296875 0.6372501171875 0.0502394359375 0.66786835 0.060296848437499995 0.679475284375 0.0641817015625 0.67906696875 0.06641667968750001 0.6816462875 0.0827810203125 0.6785192171875 0.090790546875 0.67064181875
0 0.115691715625 0.7580797875 0.11792669375 0.76065910625 0.12263648281249999 0.758756978125 0.12928869375000002 0.7566506875 0.1386555359375 0.7430021828125 0.141662725 0.7342434421874999 0.1401999484375 0.7203260609375 0.13796496875 0.7177467421875 0.1373798578125 0.7121797921875 0.1273224421875 0.700572859375 0.12314503750000001 0.69819769375 0.10566320625 0.700035109375 0.10401333593749999 0.7030227453125 0.10012848593749998 0.703431059375 0.0927040703125 0.7168754078124999 0.0913467515625 0.7226465140625 0.09310208125 0.739347371875 0.1056870328125 0.7563170984375 0.115691715625 0.7580797875
0 0.24452964375000003 0.7600166109375001 0.2391820171875 0.7465075484375 0.22718217968749999 0.735104771875 0.21358519999999998 0.7365338718750001 0.20445818125 0.7431216078125 0.198976190625 0.7563617984375 0.20131663125000002 0.7786296046875 0.20384416718749998 0.7839924 0.2097241734375 0.793224171875 0.2180789875 0.7979744953125001 0.23444332499999998 0.794847421875 0.2372106859375 0.7931494484375 0.2443425484375 0.7769216234375 0.24452964375000003 0.7600166109375001
0 0.3119294265625 0.7473041593749999 0.3071669125 0.7393620484375 0.2974020546875 0.7305385906249999 0.28186265 0.732171846875 0.2708459359375 0.748807984375 0.2709513984375 0.768496471875 0.28188647499999997 0.7884538328125 0.2921837125 0.792999996875 0.3007783484375 0.7906895546875 0.3071380078125 0.7857997906249999 0.312912553125 0.775343075 0.3142698671875 0.769571965625 0.3119294265625 0.7473041593749999
0 0.38119000625 0.7709810484374999 0.3825473203125 0.7652099406249999 0.380499434375 0.7457256109375 0.37209189062500003 0.73113104375 0.365679503125 0.7261765640625 0.359852228125 0.7267890343750001 0.35761724687499996 0.72420971875 0.3559673765625 0.72719735 0.346547803125 0.7310016109374999 0.3424231265625 0.73847069375 0.3394159421875 0.747229434375 0.34146382656249996 0.766713765625 0.35016392500000004 0.7840918078125 0.3585187390625 0.7888421296875 0.3709982265625 0.786123371875 0.38119000625 0.7709810484374999
0 0.44204303749999996 0.7800633718750001 0.45111732499999996 0.763631390625 0.451596975 0.74950985625 0.44936199375 0.7469305390625001 0.44595679375 0.7332173156249999 0.43813436093749997 0.7241896999999999 0.423952271875 0.7200518484375 0.41482525625 0.7266395859375 0.40905070937500004 0.7370963015625 0.407693390625 0.7428674109375 0.41003383125 0.7651352171875 0.42261878125 0.7821049437500001 0.42650363281250003 0.7816966296875 0.4287386140625 0.7842759499999999 0.435390825 0.7821696625000001 0.44204303749999996 0.7800633718750001
0 0.49895849062500003 0.77970976875 0.5056107 0.7776034796875 0.5103204875 0.7757013500000001 0.5163875890625 0.7680281109375 0.5207520921875 0.7534982593749999 0.5192893171875 0.73958088125 0.5142342421875 0.728855290625 0.50417683125 0.71724835625 0.4922297234375 0.7156898234375 0.49057985000000004 0.7186774578125 0.484752575 0.719289928125 0.47732815781250004 0.7327342765625 0.47597084218749997 0.7385053859374999 0.478018728125 0.7579897156250001 0.4802537078125 0.7605690328125 0.48083881875 0.7661359875 0.4886612515625 0.7751636000000001 0.49895849062500003 0.77970976875
0 0.5870871156249999 0.7493403890625 0.5887369859375 0.7463527578125 0.5850392296875 0.7298560593750001 0.57245428125 0.7128863328125 0.568569428125 0.713294646875 0.5663344484375 0.7107153281249999 0.5530300234375 0.714927903125 0.54560560625 0.7283722515625 0.546483271875 0.7367226812500001 0.544833403125 0.7397103140625 0.5488237125000001 0.7589904875 0.5630585328125 0.7729725828125 0.577480446875 0.770049665625 0.587672225 0.75490734375 0.5870871156249999 0.7493403890625