0 0.1756846859375 0.7976547140625 0.17496915468750002 0.784001578125 0.161422503125 0.7700429859375 0.15192350937500002 0.7666291968750001 0.137981678125 0.7673598578124999 0.1243465 0.7739418609375 0.11657153125 0.78119465 0.11547451718749999 0.8047218062500001 0.1313448078125 0.8185586203125 0.13841794375 0.8201437374999999 0.1488232078125 0.8186205187500001 0.1614498921875 0.815025075 0.171446284375 0.8057000593750001 0.1756846859375 0.7976547140625
0 0.2274654890625 0.718664590625 0.231601675 0.7086687921875 0.23098836406249998 0.6969661046875 0.22835807031250002 0.6912365359375 0.215015853125 0.6811788421875 0.19167724375 0.6804461609375 0.182587128125 0.6848341671875 0.1725907375 0.6941591781249999 0.168352334375 0.702204525 0.1689656453125 0.713907215625 0.1800864421875 0.7260371328125 0.1943349296875 0.7311578187500001 0.209387471875 0.72939104375 0.21969051875 0.7259173765625 0.2274654890625 0.718664590625
0 0.3516131421875 0.686732815625 0.34655698749999997 0.679174575 0.33574285000000004 0.672896003125 0.31705152187499996 0.67191976875 0.3056377625 0.6764295484375 0.295641375 0.6857545625 0.29352216875 0.6897772343749999 0.29444213750000003 0.707331271875 0.3055629359375 0.7194611890625 0.3150619265625 0.722874978125 0.3324381078125 0.7209864296874999 0.3381960984375 0.7197067625 0.3504139046875 0.708309525 0.3516131421875 0.686732815625
0 0.4728512328125 0.6882022171875 0.470220940625 0.6824726515624999 0.4593045796875 0.6742436281249999 0.4405110328125 0.671316946875 0.42222857812500003 0.6781425046875 0.41667502812499996 0.683323065625 0.41455582812499997 0.687345740625 0.4156802328125 0.7088006734375 0.4314483046875 0.7206870375000001 0.4385214390625 0.7222721562500001 0.45125034218750004 0.7206271578125001 0.4615533890625 0.7171534937499999 0.4715497828125 0.7078284781249999 0.4728512328125 0.6882022171875
0 0.4034149828125 0.8082116375 0.4157350125 0.7987648484375 0.4199734171875 0.7907195015624999 0.4191556671875 0.7751159140625 0.4140995125 0.767557675 0.403285371875 0.7612791015625 0.3822704046875 0.7604246421874999 0.3708566484375 0.7649344234375001 0.3630816796875 0.7721872109375 0.35894549531250003 0.7821830078125 0.3594565875 0.7919352484375 0.36208688125 0.7976648187500001 0.373105459375 0.8078442859375 0.38725172812499997 0.8110145234375 0.3953333578125 0.809613078125 0.4034149828125 0.8082116375
0 0.29449692031249997 0.7972954453125001 0.296002809375 0.7815700828125001 0.284779796875 0.767489715625 0.2776044421875 0.7639541484375 0.2589131140625 0.7629779140624999 0.2474993578125 0.7674876937499999 0.237502965625 0.7768127078125 0.233264565625 0.7848580546874999 0.233775659375 0.7946102953125 0.238934028125 0.8041189859375001 0.2498503875 0.81234800625 0.25459988125 0.8140549 0.2766233421875 0.8119227984374999 0.2846027484375 0.8085709062499999 0.29449692031249997 0.7972954453125001
0 0.6034860984375 0.6911349640625 0.60509420625 0.677360046875 0.60236169375 0.66968003125 0.5865936203125 0.6577936656250001 0.56557865 0.65693920625 0.5487135640624999 0.6685799984374999 0.5444751609375 0.6766253453125 0.5451906921874999 0.6902784843750001 0.5478209875 0.696008053125 0.561163203125 0.706065746875 0.5764201828125 0.708199871875 0.5845018078125 0.7067984265625 0.599145475 0.6972298593749999 0.6034860984375 0.6911349640625
0 0.9139684593749999 0.880222834375 0.9182068609374999 0.8721774874999999 0.9174913296874999 0.85852435 0.9124351796875001 0.850966109375 0.8990929640624999 0.840908415625 0.889696190625 0.8394450750000001 0.8712092984375 0.8423697375 0.8589914875 0.8537669749999999 0.8547530859375 0.861812321875 0.8551619609375001 0.869614115625 0.865376484375 0.886681040625 0.8737647656249999 0.89113094375 0.8865958875000001 0.8914363968749999 0.9038698500000001 0.8875973984375 0.9139684593749999 0.880222834375
0 0.9034873734375 0.59131293125 0.9026696234375 0.5757093453125 0.8891229734375001 0.561750753125 0.8796239828125 0.5583369640625 0.863358509375 0.5591894015625 0.8464934187500001 0.57083019375 0.8422550171875001 0.578875540625 0.8429705484375001 0.5925286796875 0.850452559375 0.6019155890625 0.861266696875 0.6081941640624999 0.8787451000000001 0.6082560625 0.891371784375 0.6046606171875 0.901368171875 0.595335603125 0.9034873734375 0.59131293125
0 0.7705425671875 0.6109930078125 0.7828625984375 0.6015462171875 0.7871009984375 0.5935008703125 0.78638546875 0.5798477359375 0.783755175 0.5741181656250001 0.7704129578125001 0.564060471875 0.7539430484375 0.5610120140625 0.7402056546875 0.5656435703125 0.7302092640625 0.574968584375 0.7260730796875 0.584964378125 0.7265841734375 0.5947166187499999 0.73174254375 0.60422530625 0.7449825406249999 0.612332553125 0.749732034375 0.614039446875 0.76478458125 0.612272675 0.7705425671875 0.6109930078125
0 0.657972021875 0.5748427656249999 0.64483424375 0.56868596875 0.6239214953125 0.569781959375 0.6072608453125 0.5853236468749999 0.605346078125 0.5932472171875001 0.6082830312499999 0.60482813125 0.6217274671874999 0.616836271875 0.6288006 0.618421390625 0.6485004203125 0.6164110625 0.6641525828125 0.6038559359375 0.6662717828125 0.5998332609375 0.6654540328125 0.584229675 0.657972021875 0.5748427656249999
0 0.5274667671875 0.6188425578125 0.5295859671875001 0.6148198828125 0.52856378125 0.5953154015625 0.5199710625 0.5869646015625001 0.503398934375 0.58196569375 0.494104378125 0.5824528 0.48269062500000004 0.58696258125 0.47269423125000004 0.596287596875 0.47139278124999995 0.6159138546875 0.474023075 0.6216434234375 0.4873652921875 0.6317011156250001 0.4944384265625 0.633286234375 0.50949096875 0.631519459375 0.517470375 0.62816756875 0.5274667671875 0.6188425578125
0 0.4050020515625 0.5939677750000001 0.3940856921875 0.585738753125 0.3845867 0.5823249640625 0.37064486875 0.583055625 0.36155475 0.5874436281250001 0.351558359375 0.596768640625 0.34742217656249996 0.6067644359375 0.3478310515625 0.6145662296875 0.3614799234375 0.6304752671875 0.37097891562499996 0.6338890578124999 0.390678734375 0.6318787328125001 0.40633089531250005 0.619323603125 0.41016042500000005 0.6034764640625 0.4050020515625 0.5939677750000001
0 0.27560750624999997 0.6369314562499999 0.285603896875 0.6276064406249999 0.28984229687499996 0.6195610953124999 0.2893312046875 0.6098088546875 0.2865986921875 0.6021288375 0.27568233593749997 0.5938998140625 0.2661833421875 0.5904860265625 0.2499178703125 0.5913384640625 0.240827753125 0.595726465625 0.23083136093749998 0.6050514796875001 0.22871216093750002 0.6090741546875 0.2296321296875 0.6266281874999999 0.24307656406249997 0.6386363296875001 0.25489919375 0.641928340625 0.26530446093750004 0.6404051234375 0.27560750624999997 0.6369314562499999
0 0.168399771875 0.614190796875 0.1609177625 0.6048038874999999 0.1407068484375 0.5970619703125 0.1268672359375 0.5997430796875001 0.1110106390625 0.608397309375 0.10576374375 0.6194292171875 0.10900734999999999 0.6368614734375 0.12234956562499999 0.64691916875 0.1399301828125 0.648931515625 0.1548805078125 0.6452142953125 0.1648768984375 0.6358892828125 0.169115303125 0.6278439375 0.168399771875 0.614190796875
0 0.21857246406250003 0.5489755859375001 0.2227086515625 0.5389797921875 0.2220953390625 0.5272771015625 0.2194650453125 0.52154753125 0.20854868437500002 0.5133185109375 0.19904969374999998 0.509904721875 0.1851078578125 0.51063538125 0.165816915625 0.5204475015625001 0.1636977140625 0.5244701734375 0.1649243375 0.547875553125 0.1806924109375 0.5597619218750001 0.18776554375 0.5613470375 0.20049444843750003 0.5597020421875001 0.21079749531249997 0.5562283734375 0.21857246406250003 0.5489755859375001
0 0.3402942578125 0.515215140625 0.3268498265625 0.503207 0.317350834375 0.4997932109375 0.3080562796875 0.5002803171875 0.2920974640625 0.5069841015625001 0.2843224890625 0.5142368875 0.2800840890625 0.522282234375 0.2807996203125 0.5359353734375001 0.29424405625 0.5479435140625 0.303743046875 0.551357303125 0.323442865625 0.549346978125 0.33364369374999997 0.5439228593750001 0.341214225 0.532769178125 0.3402942578125 0.515215140625
0 0.4641489484375 0.49992306875 0.4546499578125 0.4965092796875 0.43606084687499996 0.4974834921875 0.42141717968750003 0.5070520593750001 0.4171787765625 0.51509740625 0.4179965265625 0.5307009921875 0.420626821875 0.5364305625 0.43154318125 0.5446595828125 0.4491237984375 0.5466719296875 0.46407412187499997 0.5429547078125 0.4740705140625 0.5336296968750001 0.475269746875 0.5120529875 0.4641489484375 0.49992306875
0 0.5849033375 0.5366223171875 0.5926783125 0.5293695296875 0.59681449375 0.5193737359374999 0.5963034 0.5096214906250001 0.5935708890625 0.501941475 0.582654528125 0.4937124546875 0.5708318984375 0.490420440625 0.5592137046875 0.49102932499999996 0.5501235875 0.495417328125 0.5379057765625 0.5068145687500001 0.5389279640625 0.52631905 0.5464099703125 0.535705959375 0.5547982546875 0.5401558640624999 0.5595477484375 0.5418627578125 0.57460029375 0.540095984375 0.5849033375 0.5366223171875
0 0.7135075234375 0.5230371390624999 0.7198651296875 0.5109691171875 0.7192518171875 0.499266428125 0.7057051640625 0.485307840625 0.6938825343749999 0.48201582500000006 0.682264340625 0.482624709375 0.6753956421875 0.4849404875 0.6630756124999999 0.4943872765625 0.6593483046874999 0.512184865625 0.6620808171875 0.5198648828125 0.6706735359375 0.5282156812500001 0.6849220265625 0.5333363671875 0.6976509296875 0.53169136875 0.707953975 0.5282177015625 0.7135075234375 0.5230371390624999
0 0.8375529593750001 0.489154915625 0.8217848859375 0.47726855312499994 0.8030935578125 0.47629231875 0.7894583796875 0.4828743234375 0.781785628125 0.4920775578125 0.780381959375 0.5097533734375 0.7939286125 0.5237119609375 0.8034276046875 0.527125753125 0.8208037859375 0.5252372015625 0.8287831921875 0.5218853109375 0.8386773640625 0.5106098484375 0.8405921281250001 0.5026862796875 0.8375529593750001 0.489154915625
0 0.8940832562500001 0.41187168593749995 0.8910440875000001 0.398340325 0.88356208125 0.3889534140625 0.877599653125 0.38633218281250004 0.8520396281249999 0.387671728125 0.8407280874999999 0.39413195624999997 0.83315755625 0.4052856421875 0.834077525 0.42283967499999997 0.8475219609375 0.4348478171875 0.8593445890625 0.438139828125 0.86974985625 0.43661661093750004 0.8822743234375 0.4310707171875 0.8899470734375001 0.42186748124999995 0.8940832562500001 0.41187168593749995
0 0.7751688062500001 0.4102805078125 0.7545490171875 0.3947367984375 0.73363626875 0.395832790625 0.71697561875 0.4113744796875 0.7149586343750001 0.4173475984375 0.7178955859375 0.4289285125 0.72901638125 0.44105843125 0.7385153734375 0.44447221875 0.75589155625 0.44258367187500003 0.76164954375 0.44130400468750003 0.7716459328124999 0.43197899375000004 0.7758843375 0.423933646875 0.7751688062500001 0.4102805078125
0 0.6572765406250001 0.428193809375 0.656663228125 0.41649112187500004 0.654032934375 0.41076155312499996 0.6359412203125 0.398996965625 0.615028471875 0.40009295624999996 0.6003848046875 0.4096615234375 0.5961463984375001 0.41770687031250003 0.5969641484375 0.43331045625 0.6105108031250001 0.4472690453125 0.6223334359375 0.45056105625000004 0.6350623375 0.44891606250000005 0.643041746875 0.4455641703125 0.653038134375 0.43623915625 0.6572765406250001 0.428193809375
0 0.5278682984375 0.448666446875 0.532106703125 0.4406211015625 0.531493390625 0.4289184125 0.5264372374999999 0.4213601734375 0.515520878125 0.41313115 0.5107713828125 0.41142425468750005 0.4898586359375 0.4125202453125 0.47531718593749994 0.4240392609375 0.47107878124999997 0.4320846078125 0.4743223875 0.44951686406249997 0.485238746875 0.45774588437499997 0.4947377390625 0.4611596765625 0.5121139203125 0.459271125 0.5200933296875 0.45591923437500004 0.5278682984375 0.448666446875
0 0.3666035578125 0.41702396249999996 0.357513440625 0.42141196875000003 0.347619271875 0.4326874296875 0.3456022890625 0.43866055312499996 0.3487436765625 0.4541423625 0.3668353859375 0.4659069484375 0.38885884531250003 0.4637748453125 0.4044087890625 0.44926926875 0.4063235515625 0.44134569843750004 0.4032843828125 0.427814340625 0.389942165625 0.4177566453125 0.3666035578125 0.41702396249999996
0 0.2786256359375 0.449993871875 0.27780788749999996 0.43439028437499994 0.27275173750000004 0.42683204531249996 0.2595117375 0.41872479843750005 0.2339517109375 0.4200643421875 0.21718884374999997 0.43365558281250005 0.2156829546875 0.44938094531250006 0.22084132343750001 0.45888963125000004 0.2293318234375 0.465289984375 0.24590395156249997 0.470288890625 0.2539855796875 0.46888744843749997 0.2620672046875 0.46748600625 0.2765064359375 0.45401654375 0.2786256359375 0.449993871875
0 0.16172816875 0.44242956875 0.1435342359375 0.42871453125 0.13646110312499998 0.4271294140625 0.12029785 0.4299322984375 0.10353498125 0.44352354062500005 0.10213130781249999 0.46119935156249997 0.1156779609375 0.47515794062500005 0.1275005921875 0.47844995468749996 0.1425531375 0.47668318125000003 0.15053254375 0.473331290625 0.1605289359375 0.464006278125 0.1626481375 0.459983603125 0.16172816875 0.44242956875
0 0.20735580312500002 0.379408359375 0.213713409375 0.367340340625 0.213100096875 0.35563764999999997 0.210469803125 0.3499080796875 0.1971275859375 0.3398503890625 0.1783340390625 0.3369237046875 0.162375221875 0.3436274875 0.1568216734375 0.34880805000000004 0.1507707234375 0.366727415625 0.1531965796875 0.3685560859375 0.1536054546875 0.376357878125 0.16694767187499998 0.3864155734375 0.1868519296875 0.38830614375 0.19493355625 0.386904703125 0.20735580312500002 0.379408359375
0 0.3410024484375 0.350890375 0.3359462953125 0.3433321359375 0.320280440625 0.333396221875 0.30169133124999997 0.33437043593750004 0.29260121250000004 0.3387584375 0.282604821875 0.3480834515625 0.2804856203125 0.3521061234375 0.28130337031249997 0.3677097109375 0.2863595234375 0.37526795 0.30192315937499997 0.38325341874999996 0.32394661875 0.381121315625 0.33737735625 0.3706384140625 0.3416157609375 0.3625930671875 0.3410024484375 0.350890375
0 0.4626494109375 0.36016157031249996 0.46193388124999996 0.3465084359375 0.4568777296875 0.338950196875 0.4436377328125 0.33084294999999997 0.420401346875 0.33206071718749997 0.40374069375 0.347602403125 0.40182592968749997 0.3555259734375 0.4047628796875 0.3671068875 0.420530953125 0.378993253125 0.42760408906249997 0.38057837031249997 0.44265663125000004 0.3788116 0.45063604062499996 0.37545970624999997 0.4584110109375 0.3682069171875 0.4626494109375 0.36016157031249996
0 0.5456734015625 0.3215838765625 0.535574790625 0.328958440625 0.529114971875 0.33907601249999997 0.5299327203125 0.3546795984375 0.5349888703125 0.3622378375 0.5505525062500001 0.37022330625 0.572575965625 0.368091203125 0.5860067078125 0.3576083015625 0.5872059390625 0.33603159374999997 0.5821497890625 0.32847335312500003 0.56658615 0.3204878859375 0.5456734015625 0.3215838765625
0 0.6990609515624999 0.3585286984375 0.7068359234375 0.3512759109375 0.711074325 0.3432305640625 0.71035879375 0.329577425 0.696812140625 0.3156188359375 0.6873131484375 0.3122050453125 0.6733713171875 0.31293570625 0.6619575609374999 0.3174454859375 0.6541825890624999 0.324698275 0.65004640625 0.3346940671875 0.6505575 0.3444463125 0.65571586875 0.3539549984375 0.664206371875 0.36035534999999996 0.6760290015625 0.36364736249999996 0.6910815453125 0.3618805890625 0.6990609515624999 0.3585286984375
0 0.8214845796875 0.3159303484375 0.8082445828125 0.3078231046875 0.782684559375 0.30916264843749997 0.7682453296875 0.3226321109375 0.7662283421875 0.3286052296875 0.769369734375 0.344087040625 0.7803883093749999 0.3542665125 0.7898873 0.35768030156249997 0.8095871234375001 0.35566997499999997 0.8231200781249999 0.347137521875 0.8273584843749999 0.339092175 0.8265407343750001 0.3234885875 0.8214845796875 0.3159303484375
0 0.87760600625 0.230845325 0.866689646875 0.2226163015625 0.8571906546875001 0.21920251093749998 0.8363801265624999 0.2222489515625 0.8219408953125 0.2357184140625 0.8199239125 0.2416915375 0.82316751875 0.25912379375 0.8412592296874999 0.2708883828125 0.8632826890624999 0.268756278125 0.8789348499999999 0.2562011515625 0.8831732499999999 0.2481558046875 0.88266215625 0.238403565625 0.87760600625 0.230845325
0 0.7410087171875 0.2252913484375 0.72241960625 0.2262655625 0.703537534375 0.2438794765625 0.704355284375 0.25948306250000003 0.7118372953125001 0.2688699734375 0.7249750734375 0.275026771875 0.7469985328125001 0.27289466875 0.7604292703125 0.262411765625 0.7646676765625 0.25436641875 0.761424065625 0.23693416250000002 0.750507709375 0.22870513906249998 0.7410087171875 0.2252913484375
0 0.617855859375 0.23174551562499998 0.608561303125 0.2322326234375 0.5971475484375001 0.23674240468750002 0.5849297375 0.2481396421875 0.5828105375 0.2521623140625 0.5836282859375 0.2677659015625 0.5886844359375 0.275324140625 0.601924434375 0.28343138749999996 0.62627153125 0.28117750625000004 0.6418214734375 0.26667193437500003 0.6407992859375 0.2471674484375 0.6273548515625 0.2351593078125 0.617855859375 0.23174551562499998
0 0.5180553078125001 0.26142340937499997 0.5067300734375 0.245392596875 0.49015794843749994 0.24039368749999998 0.48318703125000007 0.24075901718749998 0.471773275 0.24526879687499997 0.46177688281249996 0.2545938109375 0.4596576828125 0.25861648125 0.4606798703125 0.2781209671875 0.47169844375 0.2883004375 0.48119743593750003 0.2917142265625 0.49857362031249997 0.28982567812500004 0.5065530265625 0.2864737859375 0.5143279953125 0.279220996875 0.5180553078125001 0.26142340937499997
0 0.391863284375 0.2543462140625 0.3809469234375 0.24611719375000002 0.37155015156250004 0.2446538515625 0.35538689687499997 0.2474567390625 0.3387262484375 0.2629984265625 0.339646215625 0.280552459375 0.344702365625 0.28811069843750003 0.36026600000000003 0.29609616875 0.379965821875 0.294085840625 0.387945228125 0.29073395 0.3957202015625 0.2834811640625 0.396919434375 0.2619044546875 0.391863284375 0.2543462140625
0 0.27923160468749997 0.2837186546875 0.27841385625 0.26811506875 0.26729306249999996 0.2559851515625 0.2577940703125 0.2525713609375 0.239204959375 0.253545575 0.23011484218749997 0.2579335796875 0.22022066875 0.269209040625 0.2182036859375 0.2751821625 0.22124285625 0.288713525 0.239436784375 0.30242856093750003 0.26146024375 0.3002964546875 0.2716610734375 0.294872340625 0.2771124046875 0.2877413296875 0.27923160468749997 0.2837186546875
0 0.14941448906250002 0.2963895 0.15365289531249998 0.288344153125 0.1528351453125 0.27274056562500004 0.147778990625 0.2651823265625 0.13453899375 0.2570750796875 0.11817130625000001 0.2559770703125 0.1067575453125 0.26048685 0.09453973906249999 0.2718840890625 0.092420534375 0.2759067609375 0.09323828437500001 0.2915103484375 0.09971180156250001 0.3038838203125 0.11153443593750001 0.3071758328125 0.1266891953125 0.30735950624999997 0.1370944609375 0.30583628906250004 0.14941448906250002 0.2963895
0 0.1905582 0.1700396078125 0.17671858437500002 0.17272071718749998 0.159955715625 0.18631195625000002 0.1557173125 0.194357303125 0.1564328421875 0.20801044218750003 0.1769504140625 0.2216037015625 0.2012975109375 0.21934982343749998 0.21472825156250003 0.2088669171875 0.218966653125 0.200821571875 0.2183533421875 0.1891188828125 0.20470446875 0.17320984374999998 0.1905582 0.1700396078125
0 0.3375744515625 0.1965614078125 0.33696113906249997 0.1848587171875 0.3319049875 0.1773004765625 0.320988628125 0.169071453125 0.31623913125 0.16736456093750002 0.29532638125 0.1684605515625 0.2764443125 0.1860744640625 0.27736428125 0.2036284984375 0.2955582109375 0.217343534375 0.30263134687500004 0.218928653125 0.313036609375 0.21740543437499998 0.32333965781249996 0.213931765625 0.3333360484375 0.20460675468749998 0.3375744515625 0.1965614078125
0 0.09261762968750001 0.1018297546875 0.0883792265625 0.1098751015625 0.0892991953125 0.1274291359375 0.10981676250000001 0.1410223984375 0.134163859375 0.1387685171875 0.1497138015625 0.12426294062500001 0.148691615625 0.10475845937499999 0.1328213234375 0.09092164375 0.1280718296875 0.08921475 0.10948272031249999 0.0901889640625 0.09261762968750001 0.1018297546875
0 0.275190296875 0.11768699687499999 0.27447476718749997 0.10403385624999999 0.2695208328125 0.09842606875 0.2692141765625 0.092574721875 0.2655753890625 0.0898317140625 0.24910548281249997 0.08678325625 0.2306185921875 0.0897079171875 0.21829856093750002 0.09915470625 0.2140601578125 0.10720005156250001 0.21740598437499997 0.12658275937500002 0.22832234062499998 0.13481178437500002 0.23782133437500003 0.138225571875 0.25752115625 0.13621524375 0.27095189375 0.12573234375 0.275190296875 0.11768699687499999
0 0.387236053125 0.12159395312500001 0.391474453125 0.11354860625 0.3907589234375 0.0998954703125 0.3857027734375 0.09233723125 0.37003691875 0.0824013125 0.35144780781249996 0.0833755265625 0.342357690625 0.0877635296875 0.3324635171875 0.099038990625 0.3305487546875 0.1069625609375 0.3334857046875 0.1185434765625 0.3493559953125 0.1323802875 0.35642913125 0.13396540625 0.3714816734375 0.13219863437499998 0.3794610796875 0.1288467421875 0.387236053125 0.12159395312500001
0 0.45536449843750004 0.1766976546875 0.437068346875 0.1610321703125 0.423024296875 0.15981238125 0.4092869 0.1644439375 0.3992905109375 0.1737689515625 0.3950521078125 0.18181429843750002 0.3955632 0.1915665390625 0.400721571875 0.20107522968749997 0.4116379296875 0.20930425000000003 0.42346056406250004 0.21259626250000002 0.4338658265625 0.21107304375 0.4519438421875 0.20034658749999998 0.4561822484375 0.192301240625 0.45536449843750004 0.1766976546875
0 0.5747900453125 0.188041075 0.573972296875 0.1724374890625 0.5628514984375 0.1603075703125 0.5462793703125 0.1553086625 0.5393084531250001 0.1556739921875 0.5278946984374999 0.1601837734375 0.5178983078125 0.169508784375 0.5137621234374999 0.17950458281249998 0.5141709984375 0.187306375 0.521755228125 0.1986437328125 0.532569365625 0.20492230625 0.5373188625 0.20662920156250003 0.557018684375 0.20461887499999998 0.5726708406250001 0.19206375 0.5747900453125 0.188041075
0 0.500290296875 0.12251435156249998 0.50806526875 0.1152615609375 0.5123036703125 0.10721621562500001 0.5115881390625 0.0935630796875 0.504003909375 0.08222571875 0.49561562812500004 0.0777758171875 0.49086613437500004 0.076068921875 0.472277025 0.07704313593749999 0.46318690625 0.0814311390625 0.45319051562499996 0.0907561515625 0.451275753125 0.098679721875 0.4543149203125 0.112211084375 0.4677593546875 0.124219225 0.4795819859375 0.1275112390625 0.49231089062500005 0.12586624375 0.500290296875 0.12251435156249998
0 0.5860331046875 0.069125628125 0.5737130765625 0.078572415625 0.569474675 0.0866177625 0.5705990796875 0.10807269374999999 0.5816176546875 0.11825216406250001 0.591116646875 0.12166595468750001 0.6108164703125001 0.11965562968750001 0.624349425 0.1111231765625 0.63050259375 0.09515425937500001 0.62988928125 0.08345156718749999 0.6093717109375001 0.06985830781249999 0.5860331046875 0.069125628125
0 0.6576095937499999 0.14556248125 0.6406422890625 0.1552528234375 0.636506103125 0.165248621875 0.6373238515625 0.1808522078125 0.65087050625 0.194810796875 0.665016778125 0.19798103125 0.673098403125 0.196579590625 0.6912786375 0.1878035828125 0.6955170390625 0.1797582359375 0.6943926328125001 0.1583033046875 0.6786245609375 0.1464169390625 0.6576095937499999 0.14556248125
0 0.8018796375000001 0.1419132203125 0.7923806453125 0.1384994296875 0.776115171875 0.13935186718749998 0.76702505625 0.14373987187499998 0.7572331 0.1569657796875 0.75815306875 0.1745198171875 0.7607833671875001 0.18024938125 0.7787728578124999 0.1900635234375 0.7984726796875 0.18805319843749999 0.8042306671875 0.18677353125 0.8142270546875 0.17744851718750002 0.8153240734375 0.1539213609375 0.8018796375000001 0.1419132203125
0 0.7516384656249999 0.094673209375 0.750718496875 0.0771191765625 0.7348482062499999 0.0632823625 0.7277750703125 0.061697246875 0.706964540625 0.064743684375 0.6990873515625 0.07004602343750001 0.6926275296875 0.0801635953125 0.6935474968750001 0.097717628125 0.7094177875 0.11155444375000001 0.714167284375 0.1132613390625 0.7315434671875 0.11137278749999999 0.7418465109375 0.10789912187499999 0.749519265625 0.098695884375 0.7516384656249999 0.094673209375
0 0.8500490453125 0.1051621734375 0.8558070328125 0.1038825078125 0.86802484375 0.0924852703125 0.8721610265624999 0.0824894765625 0.8717521515625 0.074687684375 0.8665937828124999 0.06517899218749999 0.8556774234375 0.056949971875000005 0.8438547921874999 0.053657959374999994 0.8345602375000001 0.054145065625 0.8209250593749999 0.060727071875000004 0.815473728125 0.06785808125000001 0.8113375453125 0.0778538796875 0.8118486390624999 0.08760611874999999 0.8170070078125 0.09711480781250001 0.8302470062499999 0.10522205312499999 0.837320140625 0.1068071703125 0.8500490453125 0.1051621734375