0 0.8531659312500001 0.1936305703125 0.8454340312499999 0.185640803125 0.8164782718750001 0.175654378125 0.7991289859374999 0.18209153125 0.7919925359375 0.196867125 0.7928425390625 0.20882050312499997 0.8027835484375 0.219093059375 0.8160209609375 0.223911934375 0.827049259375 0.22644802187500002 0.8399975812499999 0.2243231515625 0.8496322390625 0.21877409375 0.8542877515624999 0.20364982812500002 0.8531659312500001 0.1936305703125
0 0.9225803328125 0.176759815625 0.9049419625 0.1762532203125 0.8873208531250001 0.1846244921875 0.8846026281249999 0.20396566875 0.8884772078125 0.21239948125 0.9072374062499999 0.222925334375 0.9309422093749999 0.22527066874999999 0.9466260265625 0.2126824890625 0.9465914906249999 0.1949267578125 0.93223225 0.1800886203125 0.9225803328125 0.176759815625
0 0.8580069312499999 0.13218286562499998 0.8354239578125 0.13985678906250001 0.8302247953125 0.1588492921875 0.8396221593750001 0.1729900796875 0.8512113703124999 0.18053579687500002 0.8622396734375 0.1830718828125 0.87353979375 0.1836738515625 0.8884081421875001 0.176888025 0.89469459375 0.1501590546875 0.8778544171875 0.134972246875 0.8580069312499999 0.13218286562499998
0 0.8081163953124999 0.12714352499999998 0.7808261 0.12330812499999999 0.7601804140625 0.1351989578125 0.7602149484375 0.15295468750000002 0.766298640625 0.1636712921875 0.7831215499999999 0.1699802359375 0.8046172374999999 0.17004277968749998 0.820572871875 0.1555204828125 0.8222038062499999 0.14391577656250001 0.8183292265625 0.1354819640625 0.8081163953124999 0.12714352499999998
0 0.7008925078125 0.116018828125 0.685480515625 0.1266728921875 0.68384958125 0.1382775984375 0.6877241609375 0.1467114109375 0.7059407125 0.161105496875 0.7296455171875 0.1634508296875 0.747810265625 0.1512113234375 0.75025666875 0.133804265625 0.735897434375 0.11896613281249999 0.7008925078125 0.116018828125
0 0.77294325 0.179397525 0.7541830515625 0.1688716765625 0.7362728578125 0.1702992015625 0.7208608640625 0.1809532640625 0.7184144625 0.19836031875 0.7258745328125 0.20828420312499998 0.7388401250000001 0.215037196875 0.749868428125 0.2175732796875 0.7628167515625 0.21544841093749997 0.7724514015625 0.20989935312500002 0.7823406125 0.1935383171875 0.77294325 0.179397525
0 0.8105327093750001 0.2359606859375 0.798671675 0.2303490875 0.77634325625 0.22721103281250002 0.75899396875 0.233648190625 0.756003921875 0.254923478125 0.7714677140624999 0.270903009375 0.799862565625 0.2758798078125 0.8119781546875 0.270679421875 0.8193864328125 0.2539697109375 0.8182646078125 0.243950453125 0.8105327093750001 0.2359606859375
0 0.7385855703125 0.225849175 0.71707261875 0.21690877187500002 0.7071488718750001 0.2155140796875 0.6914477890625 0.21922439218749998 0.681541315625 0.2267075671875 0.6837849609375 0.2467460859375 0.6934541484375 0.2589527578125 0.704210628125 0.2634229609375 0.730396365625 0.26611697031250003 0.7375500828125 0.2602192390625 0.744686534375 0.245443646875 0.7460456453125001 0.23577305937499998 0.7385855703125 0.225849175
0 0.6695594125000001 0.1589509171875 0.6590920203125 0.1614244625 0.64395185 0.1701444078125 0.640383628125 0.177532203125 0.6437145625 0.1898342515625 0.66414023125 0.20651112968750002 0.6828831609375 0.2081591140625 0.70380066875 0.194334165625 0.7040379546875 0.1746443171875 0.6844450281250001 0.161042953125 0.6695594125000001 0.1589509171875
0 0.6636784718750001 0.1107887375 0.636388178125 0.1069533359375 0.6259207875 0.10942688281249999 0.616014315625 0.1169100546875 0.6119024421875 0.1281660875 0.615233378125 0.14046813281249998 0.625174390625 0.1507406921875 0.6337217515625 0.1529281046875 0.6599074875000001 0.1556221109375 0.672566728125 0.1465534921875 0.6774940625 0.1294951078125 0.6716821890625 0.116844384375 0.6636784718750001 0.1107887375
0 0.5948595140624999 0.15042485156250002 0.56925195625 0.161618340625 0.5690146656249999 0.18130818437500001 0.5894403328125 0.1979850625 0.6081832609375 0.19963305 0.6291007703125 0.18580809843749999 0.6296098859375 0.16418413437499998 0.6122260625 0.15286556093749998 0.5948595140624999 0.15042485156250002
0 0.6564428671875 0.2162770921875 0.6294243953125 0.21050757187500002 0.60932235 0.21853017187499998 0.604938659375 0.231720321875 0.6102068890625 0.24823927812500002 0.6311761953125 0.2610479203125 0.6524000609375 0.2630445796875 0.66176289375 0.25942964218750003 0.6705302796875 0.23304934375 0.6666556984375 0.2246155296875 0.6564428671875 0.2162770921875
0 0.564441040625 0.096841825 0.5498445140625 0.10169353750000001 0.5410425921875001 0.1103181046875 0.5391398359374999 0.123856928125 0.54522353125 0.1345735328125 0.5617746125 0.14281659375 0.5904412875 0.1458592734375 0.600347765625 0.13837609687500002 0.6036096359374999 0.115166690625 0.589250396875 0.100328553125 0.564441040625 0.096841825
0 0.520159615625 0.1418987859375 0.50693946875 0.145957775 0.497032990625 0.15344094531250002 0.4965238828125 0.1750649109375 0.50425578125 0.18305467343749998 0.519702303125 0.1901563390625 0.5384452375000001 0.1918043296875 0.556881809375 0.1776307046875 0.5571191015625 0.15794086093749998 0.5400071015625 0.14468816874999998 0.520159615625 0.1418987859375
0 0.5822866140625 0.20388278906249999 0.5602300125 0.19881061875 0.5472816890625001 0.2009354890625 0.534894278125 0.2080699875 0.5321760531249999 0.2274111640625 0.549848959375 0.2456734859375 0.5708010046875 0.24960426249999998 0.585669353125 0.242818434375 0.59447126875 0.234193865625 0.5966458484375 0.2187209265625 0.5822866140625 0.20388278906249999
0 0.5122767640625 0.1979881890625 0.48801105156249996 0.1906332234375 0.4654280734375 0.19830715000000002 0.4591070890625 0.20728039374999999 0.4596852703125 0.2211678859375 0.4712917484375 0.2375914671875 0.49693384218750003 0.244153709375 0.5109867218749999 0.24317023125 0.5101539875000001 0.24009472031249998 0.5181404406250001 0.2372725015625 0.524155065625 0.2124776484375 0.5122767640625 0.1979881890625
0 0.45538346250000006 0.13476740781250002 0.42756679062499997 0.1436781078125 0.42151762968749995 0.1507172296875 0.42263945156249993 0.1607364890625 0.43203681875 0.17487728125 0.4403123578125 0.1789988109375 0.45878346875 0.182580915625 0.47667639375000004 0.172275528125 0.4840846671875 0.1555658171875 0.4746873046875 0.141425028125 0.45538346250000006 0.13476740781250002
0 0.49497483437499995 0.08707898593749999 0.4845074484375 0.0895525328125 0.47184820937499994 0.0986211515625 0.46912998593750005 0.117962321875 0.4898274734375 0.13270508281249999 0.508570403125 0.1343530703125 0.5289442671875 0.1243963515625 0.5313906687500001 0.1069892984375 0.5148223203125 0.08986836875000001 0.49497483437499995 0.08707898593749999
0 0.44729340781250004 0.084322440625 0.4150412421875 0.07978969531249999 0.396604671875 0.093963315625 0.396911025 0.10978492656250001 0.4068520390625 0.12005748593750001 0.42008944687499994 0.12487636093750001 0.43883238125 0.126524346875 0.45974988906250003 0.11269939843750001 0.4611090015625 0.103028809375 0.45529712812499995 0.0903780890625 0.44729340781250004 0.084322440625
0 0.348327796875 0.0684414109375 0.33097851562499997 0.0748785640625 0.3249293546875 0.0819176890625 0.322754775 0.097390628125 0.3384903890625 0.11143604375 0.3619233671875 0.115715490625 0.385049990625 0.1041733296875 0.3872245703125 0.0887003921875 0.3728653359375 0.0738622578125 0.348327796875 0.0684414109375
0 0.273627903125 0.059915346875 0.2587595546875 0.06670117187499999 0.2527103890625 0.07374029374999999 0.24999216406250002 0.0930814703125 0.26848053906249997 0.1055414375 0.29218534375 0.1078867703125 0.3131028515625 0.09406181875 0.315005609375 0.0805229984375 0.298437259375 0.0634020734375 0.273627903125 0.059915346875
0 0.212217215625 0.0828417484375 0.19486793593750001 0.089278903125 0.1885814828125 0.1160078734375 0.198522490625 0.1262804265625 0.2070698578125 0.128467840625 0.22829372499999998 0.1304645015625 0.24645847187499997 0.11822499375 0.24890487499999997 0.10081793750000001 0.2367547515625 0.088262590625 0.212217215625 0.0828417484375
0 0.17190953281250002 0.0456197609375 0.1545429828125 0.0431790515625 0.14407559375 0.04565259375 0.131416359375 0.054721212500000005 0.1284263125 0.075996503125 0.130091778125 0.08214752812500001 0.13920005625 0.08934456874999999 0.1728286 0.09308459531249999 0.1932024640625 0.08312787656250001 0.19316792968750002 0.06537214687500001 0.1812896265625 0.050882685937500005 0.17190953281250002 0.0456197609375
0 0.17092584375 0.106623415625 0.14115461093749998 0.10243934218749999 0.1232616859375 0.1127447328125 0.1199998171875 0.1359541390625 0.13325449218750002 0.1496508796875 0.159440234375 0.1523448859375 0.1770613390625 0.14397361250000001 0.1831104984375 0.13693449062500002 0.185285078125 0.1214615515625 0.17092584375 0.106623415625
0 0.23329013125000003 0.1489175765625 0.22142909687499998 0.143305975 0.20654348125 0.1412139390625 0.1864414390625 0.14923653750000002 0.1770958734375 0.16172934375 0.176008584375 0.1694658109375 0.1834686546875 0.1793896921875 0.1964342453125 0.1861426890625 0.21490535781250003 0.189724790625 0.2281255046875 0.185665803125 0.24078473749999998 0.1765971875 0.2432311390625 0.15919013125 0.23329013125000003 0.1489175765625
0 0.305440025 0.12158351406250001 0.275940615625 0.11546532031250001 0.25831950625 0.12383659218750001 0.2528485265625 0.1447632109375 0.26610320781249996 0.158459953125 0.2920171234375 0.1630880734375 0.3096382265625 0.154716803125 0.315687390625 0.147677678125 0.31731832656250003 0.1360729734375 0.305440025 0.12158351406250001
0 0.38564543906250004 0.1269386890625 0.368278884375 0.12449797968750001 0.345967728125 0.13023778749999998 0.339646746875 0.139211028125 0.3399531046875 0.1550326390625 0.35596054062500004 0.16714393593750002 0.37691258437499997 0.1710747125 0.3970146265625 0.1630521140625 0.40442289843749996 0.14634240625 0.395025534375 0.1322016140625 0.38564543906250004 0.1269386890625
0 0.451936103125 0.20430025624999998 0.444476028125 0.194376375 0.4281967703125 0.1841991953125 0.408077459375 0.18334393124999998 0.387431775 0.1952347640625 0.3866508421875 0.21879284375000002 0.402114634375 0.234772375 0.41810480156249996 0.23800580781249997 0.42361032343750005 0.2348349171875 0.43353406406249995 0.2362296078125 0.448674234375 0.22750966250000002 0.451936103125 0.20430025624999998
0 0.3719852453125 0.188133096875 0.3554341640625 0.1798900359375 0.33806761406249997 0.1774493265625 0.32044650468749997 0.1858205984375 0.3141255234375 0.1947938390625 0.3144318765625 0.21061545 0.32795838125 0.222378075 0.35387229375 0.22700619687499998 0.36874064375 0.220220371875 0.3775425640625 0.21159580312499998 0.379445321875 0.1980569796875 0.3719852453125 0.188133096875
0 0.3025363125 0.1872481234375 0.2851524890625 0.17592955 0.2600713109375 0.174376940625 0.2504366546875 0.1799259953125 0.24081927187500002 0.19435291562499998 0.2391883375 0.20595761875 0.24692023125 0.21394738593749998 0.264847696875 0.22139772500000002 0.27862875 0.222348365625 0.29708259375 0.2170526046875 0.304508134375 0.209220759375 0.3064108921875 0.195681940625 0.3025363125 0.1872481234375
0 0.1379618125 0.161160209375 0.11785976718749999 0.1691828078125 0.1118451421875 0.193977659375 0.117096103125 0.20161875 0.127852578125 0.2060889546875 0.154038315625 0.20878296093749998 0.171931246875 0.1984775734375 0.17685858125 0.1814191875 0.1649802796875 0.1669297234375 0.1379618125 0.161160209375
0 0.23036914843749998 0.205704325 0.1934269359375 0.1985401140625 0.184064103125 0.20215505312499998 0.17499035937500002 0.21271373750000003 0.1725439578125 0.23012079531250001 0.183589525 0.2415347453125 0.21198437656250002 0.24651153906249998 0.2296054796875 0.23814026875 0.2356546453125 0.23110114531249998 0.2375574015625 0.217562325 0.23036914843749998 0.205704325
0 0.12980713906250002 0.21918372812500003 0.11933974843749999 0.221657271875 0.106680515625 0.2307258890625 0.10369046875000001 0.2520011796875 0.10866960625 0.26157638906249997 0.1216351984375 0.2683293828125 0.14561181875 0.2687405953125 0.16404839531249998 0.25456697500000003 0.1687039078125 0.239442709375 0.15682560625 0.22495324375 0.12980713906250002 0.21918372812500003
0 0.28994614531249996 0.231828196875 0.2698268359375 0.230972934375 0.2593594453125 0.233446475 0.2467002109375 0.2425150953125 0.24371016406249998 0.26379038593750004 0.2569648453125 0.27748712656249996 0.2878406296875 0.28281259687500004 0.30767085 0.2767241109375 0.3131418359375 0.25579749375 0.301807178125 0.2374397984375 0.28994614531249996 0.231828196875
0 0.376507071875 0.24596586406249998 0.357475053125 0.2373741296875 0.3346029890625 0.23810430781249997 0.32496833281250004 0.243653365625 0.31864735 0.25262660625 0.3184100578125 0.27231645000000004 0.3239328453125 0.2780234296875 0.3324802078125 0.2802108390625 0.358394121875 0.28483896406250003 0.3751997640625 0.28227004375 0.3809771 0.2771650375 0.3839671484375 0.2558897453125 0.376507071875 0.24596586406249998
0 0.4398895828125 0.24501209687499997 0.41259928749999997 0.24117669687499999 0.3977309375 0.24796252343749997 0.3919536015625 0.2530675296875 0.39090084687500004 0.27855972812499996 0.40469916875 0.28838823593749996 0.43061308125000003 0.2930163578125 0.4504433078125 0.286927875 0.45645793125 0.2621330234375 0.4492696828125 0.2502750234375 0.4398895828125 0.24501209687499997
0 0.5123803640625 0.251255375 0.47958455468750005 0.2505908609375 0.4671971453125 0.2577253625 0.46087616093749995 0.2666986015625 0.46172615937500006 0.2786519796875 0.4738762828125 0.291207325 0.4895946359375 0.2963748734375 0.5083375640625001 0.2980228640625 0.5259586671875 0.289651590625 0.5292205359375 0.26644218125 0.5217604671875 0.25651830000000003 0.5123803640625 0.251255375
0 0.5892893796875 0.26206423125 0.561999084375 0.25822883124999996 0.5391442843750001 0.26783687343749996 0.5369697046875 0.2833098125 0.5430533984375 0.294026415625 0.5543707875 0.30350625 0.5879993328124999 0.3072462734375 0.6009303874999999 0.2962435375 0.6033767906249999 0.2788364828125 0.5995022109375 0.2704026671875 0.5892893796875 0.26206423125
0 0.6590274015625 0.26989295 0.631465284375 0.26799166875 0.61384418125 0.2763629421875 0.6116696015625 0.2918358796875 0.6155441828125 0.30026969375 0.625485190625 0.310542246875 0.6362416671875 0.3150124515625 0.6525036625 0.3163117671875 0.6673720125 0.309525940625 0.67369299375 0.3005527 0.6736584640625 0.28279696875 0.6590274015625 0.26989295
0 0.7433964875 0.29062568906249997 0.728493609375 0.2796557890625 0.700931490625 0.2777545078125 0.685519496875 0.28840856718749996 0.6833449171875 0.30388150625 0.6872194984375 0.3123153234375 0.6971605078125 0.3225878765625 0.7032269359375001 0.3244266171875 0.7244508015625 0.326423278125 0.742343734375 0.3161178875 0.748664715625 0.3071446453125 0.7494801828125001 0.30134229375 0.7433964875 0.29062568906249997
0 0.782530546875 0.2911948234375 0.7720631609375 0.2936683671875 0.7610693937499999 0.308888009375 0.759982103125 0.3166244796875 0.7657939765624999 0.3292752046875 0.7760068078125 0.3376136390625 0.7845541734375 0.3398010546875 0.81128355625 0.338626825 0.82475825625 0.3237558546875 0.8219709671875 0.307585571875 0.8023780359374999 0.29398420625 0.782530546875 0.2911948234375
0 0.8501630625000001 0.35000794218750003 0.8228727671874999 0.34617254062499997 0.8135099406249999 0.3497874796875 0.8069171296875 0.3606948390625 0.8052861953124999 0.372299540625 0.8088889578125 0.3826674765625 0.827377328125 0.39512744375 0.83840563125 0.397663528125 0.856587646875 0.39430188906249997 0.866765946875 0.3848845984375 0.867003234375 0.3651947484375 0.8501630625000001 0.35000794218750003
0 0.7721667640625001 0.346935553125 0.7401864203125 0.34046869218750003 0.7308235875 0.3440836296875 0.7247744265625 0.3511227515625 0.7220562015625 0.370463928125 0.7317253906250001 0.3826705984375 0.7400009328125 0.3867921296875 0.7612247953125 0.388788790625 0.7769258781249999 0.3850784734375 0.781326840625 0.380766190625 0.784045065625 0.36142501718750003 0.7721667640625001 0.346935553125
0 0.7029723812500001 0.3352386 0.6740166203125 0.3252521734375 0.65693915625 0.3297552125 0.6503463515625 0.3406625671875 0.6503808875 0.3584182984375 0.6578409578125 0.3683421796875 0.6661165 0.3724637125 0.6845876078125 0.3760458140625 0.7016650703125 0.3715427796875 0.7085296999999999 0.3587013015625 0.7107042796874999 0.3432283625 0.7029723812500001 0.3352386
0 0.6288161265625 0.3228442984375 0.6169550921875 0.3172326984375 0.589392975 0.3153314171875 0.5797583265624999 0.320880471875 0.572893696875 0.33372195 0.5759528109375001 0.3479581140625 0.5905838671875 0.3608621328125 0.5991312328125 0.3630495484375 0.6051976609375 0.3648882859375 0.625860615625 0.36187531875 0.6330143328125 0.3559775890625 0.6382134953125 0.336985090625 0.6288161265625 0.3228442984375
0 0.542527021875 0.30677251562499996 0.52516046875 0.30433180625 0.5146930828125 0.30680535 0.5045147828125 0.316222640625 0.5017965578125 0.3355638125 0.5117375656250001 0.3458363703125 0.52470315625 0.3525893640625 0.5434460859375 0.35423735 0.5613390171875 0.343931959375 0.5646008859375 0.32072255312500003 0.5568689874999999 0.3127327875 0.542527021875 0.30677251562499996
0 0.4606561375 0.2952663140625 0.4479796359375 0.29545706875 0.43283946562500003 0.3041770109375 0.42984941875000005 0.3254523015625 0.44310409999999995 0.33914904375 0.46901801406250004 0.343777165625 0.4838863625 0.33699134062499997 0.49156645781249997 0.318347509375 0.48216909374999994 0.30420672187500003 0.4606561375 0.2952663140625
0 0.416866559375 0.30982144375 0.4025073265625 0.29498330781250004 0.37521703125 0.29114790625000003 0.3578677453125 0.2975850640625 0.351818584375 0.30462418593749996 0.34937218125 0.3220312421875 0.35324676250000003 0.3304650546875 0.372006959375 0.340990909375 0.38055432499999997 0.3431783234375 0.3935026484375 0.34105345 0.4067227953125 0.3369944625 0.4166292734375 0.329511290625 0.416866559375 0.30982144375
0 0.1979487640625 0.256372878125 0.1795121875 0.2705465046875 0.179546721875 0.288302234375 0.1872786171875 0.296291996875 0.2005160296875 0.301110875 0.221739896875 0.303107534375 0.2429292265625 0.2873484671875 0.2426228734375 0.27152685625 0.23047274999999998 0.25897151093750004 0.1979487640625 0.256372878125
0 0.14425270625 0.27841118593749997 0.12192428749999999 0.27527313124999997 0.111456896875 0.277746671875 0.0987976640625 0.286815290625 0.0958076171875 0.3080905828125 0.10299586406250001 0.31994858125 0.1112714078125 0.32407011093750004 0.1324952765625 0.32606677031250003 0.142962659375 0.323593228125 0.1556219 0.3145246109375 0.16330199375 0.29588078281249997 0.14425270625 0.27841118593749997
0 0.224799009375 0.3173437 0.1925468453125 0.31281095312499996 0.1771348515625 0.3234650171875 0.174144803125 0.3447403078125 0.19236135468749999 0.3591343953125 0.20338965937500003 0.3616704796875 0.218818915625 0.3598942828125 0.23450272968750002 0.347306103125 0.2388864265625 0.33411595625 0.224799009375 0.3173437
0 0.3052071796875 0.28525330625 0.2895060953125 0.28896361718749997 0.276575040625 0.2999663546875 0.27440046093750003 0.3154392921875 0.2785468640625 0.321938990625 0.3022689375 0.3331621859375 0.32376462031250003 0.3332247296875 0.33944843593749996 0.32063655 0.3418948375 0.3032294953125 0.325054665625 0.2880426875 0.3052071796875 0.28525330625
0 0.2898815203125 0.3402966890625 0.2675531015625 0.33715863437500004 0.2502038140625 0.3435957875 0.24415465468750003 0.3506349125 0.2414364296875 0.369976084375 0.2453110109375 0.3784098984375 0.26159027031250004 0.388587078125 0.2850232515625 0.3928665296875 0.30814987656250004 0.381324365625 0.311139921875 0.360049078125 0.2992616203125 0.3455596140625 0.2898815203125 0.3402966890625
0 0.3676060015625 0.34530319375 0.3425248171875 0.3437505828125 0.3271128296875 0.3544046453125 0.323272778125 0.3637265578125 0.325788246875 0.381830959375 0.33352014531249996 0.3898207234375 0.34675755937499997 0.3946396015625 0.370462359375 0.396984934375 0.3856025296875 0.3882649890625 0.3888643984375 0.3650555828125 0.3794670359375 0.3509147921875 0.3676060015625 0.34530319375
0 0.45222964218749995 0.3552239484375 0.44036860781250003 0.3496123515625 0.41804018281250005 0.346474296875 0.39766631874999997 0.356431015625 0.3938608046875 0.3835086546875 0.4095964203125 0.39755406875 0.44047220937500003 0.40287953749999994 0.4553405578125 0.39609371250000003 0.46166154062500003 0.38712046718750004 0.4641079421875 0.36971341406249997 0.45222964218749995 0.3552239484375
0 0.49770195156249997 0.35569770625 0.484753628125 0.35782258125 0.4693416359375 0.3684766421875 0.4666234109375 0.38781781406250004 0.47049799062500003 0.3962516296875 0.48402449531249997 0.408014253125 0.5099384109375 0.41264237656249997 0.5330650343750001 0.4011002171875 0.5365987265625 0.375956690625 0.5269295406250001 0.36375001875 0.49770195156249997 0.35569770625
0 0.6035667265625 0.3764929890625 0.59170569375 0.3708813921875 0.5668963359375 0.3673946640625 0.5520279875 0.37418049062500003 0.5484942968750001 0.39932401562500003 0.5639580859375 0.41530354843749995 0.58491013125 0.41923432656250004 0.599234834375 0.41631673437499994 0.6052839953125 0.40927760781250005 0.6104831578125001 0.3902851078125 0.6035667265625 0.3764929890625
0 0.638843475 0.377506175 0.623703303125 0.38622612031250003 0.62071325625 0.40750141093750003 0.6323197359375 0.42392499062500005 0.6383861625 0.42576373125 0.6596100296875 0.42776039218750006 0.6772311328125 0.41938911875 0.68270211875 0.39846250156249996 0.6708238171875001 0.38397304062500004 0.638843475 0.377506175
0 0.7099751453125001 0.3934200375 0.6970440890625 0.40442277187500003 0.6943258640625001 0.42376394843750004 0.70730871875 0.4393948046875 0.7332226328125 0.4440229265625 0.753596503125 0.43406620937499996 0.75658655 0.41279091875 0.7422273109375 0.39795278437500003 0.7099751453125001 0.3934200375
0 0.8001042999999999 0.40016990625000004 0.78469230625 0.4108239703125 0.781702259375 0.43209925781249997 0.8021279265624999 0.4487761359375 0.82583273125 0.45112146875 0.8415165468750001 0.43853328906250005 0.839816540625 0.41462653437499997 0.8224327234375 0.4033079625 0.8001042999999999 0.40016990625000004
0 0.8794597156249999 0.39357170625000004 0.8662568328125 0.4065085609375 0.8660195453125 0.42619840625 0.8759605546874999 0.4364709609375 0.8867170359375001 0.4409411671875 0.9051881421875001 0.44452326875 0.9230810734375 0.43421787968750003 0.9241338265625 0.40872568437499995 0.9045408953124999 0.3951243203125 0.8794597156249999 0.39357170625000004
0 0.9129373046874999 0.46139089687499996 0.90107626875 0.4557793 0.883709721875 0.45333859062500004 0.8743468890624999 0.4569535296875 0.8652731453125 0.46751221562499995 0.8644922125000001 0.49107029375 0.8827087640625001 0.50546438125 0.8986989390625 0.5086978140625 0.9091663234375 0.5062242718750001 0.9248501390625 0.4936360921875 0.9250874265625001 0.47394624375000005 0.9129373046874999 0.46139089687499996
0 0.82199268125 0.46044338281249997 0.8071070640625001 0.4583513453125 0.7925105390625 0.46320305624999997 0.78370861875 0.47182762343749995 0.781262215625 0.48923468124999997 0.7909314078125 0.5014413546875 0.8138207390625001 0.5095890390625 0.825120859375 0.5101910078125 0.8402610312500001 0.5014710625000001 0.8446447265625 0.48828091249999994 0.8338537140625 0.46605497968750004 0.82199268125 0.46044338281249997
0 0.6827884515625 0.442851825 0.66764828125 0.45157177031250006 0.6641145890625 0.47671529375 0.679850203125 0.49076070781250003 0.7008022484375 0.4946914828125 0.7236570484375 0.485083440625 0.7266470953125 0.46380815000000003 0.71228785625 0.44897001249999996 0.6827884515625 0.442851825
0 0.6168904734375 0.42570118749999997 0.6044857953125 0.4239578234375 0.581902815625 0.4316317515625 0.576160009375 0.45449248750000004 0.5855573765625001 0.468633275 0.6034848390625001 0.4760836140625 0.6274614609375 0.47649483125 0.6398488765625 0.46936033281249995 0.645048034375 0.450367828125 0.6359224921875 0.43429292343750003 0.6168904734375 0.42570118749999997
0 0.7341417015625 0.4914877609375 0.713496015625 0.5033785953125001 0.7129869078125 0.5250025593750001 0.7229279156249999 0.5352751125 0.7336843921875 0.53974531875 0.7601419515625001 0.5405052046875001 0.7700484296875 0.5330220328124999 0.7733103 0.5098126234375 0.7564701265625 0.4946258171875 0.7341417015625 0.4914877609375
0 0.51656575 0.4194907484375 0.48706634531250004 0.41337255624999997 0.469717059375 0.41980970937500006 0.4609151390625 0.42843427968750003 0.45874055937499997 0.44390721875 0.4626151390625 0.45234103125 0.48358445312500004 0.46514967343749997 0.5070174296875 0.4694291234375 0.5218857765625 0.46264329687499994 0.5279349421874999 0.45560417343750004 0.5306531671875 0.436263 0.51656575 0.4194907484375
0 0.41263826875 0.402912371875 0.402170878125 0.40538591406249996 0.3895116453125 0.41445453125 0.385977953125 0.43959805625000004 0.3890197984375 0.4449563625 0.4041945046875 0.45399214375 0.43286117968750004 0.45703482187500005 0.45075410624999995 0.4467294328125 0.453744153125 0.42545414218750005 0.43496668749999995 0.4060504265625 0.41263826875 0.402912371875
0 0.34235659687500003 0.3989518859375 0.32580551562500004 0.3907088234375 0.3004525125 0.3910903296875 0.284768696875 0.4036785125 0.2839877609375 0.427236590625 0.29972337968749996 0.4412820046875 0.32315635625 0.44556145625 0.3361046796875 0.44343658281250004 0.352332140625 0.4269801703125 0.35008849531249997 0.40694165312499997 0.34235659687500003 0.3989518859375
0 0.38490793125 0.456212390625 0.3645168 0.45729124218750006 0.351313921875 0.4702280984375 0.351348453125 0.48798382343749996 0.358808528125 0.497907709375 0.36708406718750003 0.5020292390625001 0.3907888703125 0.5043745703125 0.408681796875 0.4940691828125 0.409462734375 0.4705111015625 0.40393995 0.46480412656250003 0.38490793125 0.456212390625
0 0.44445039218750004 0.4645805375 0.42876657500000004 0.4771687171875 0.42852928749999997 0.496858565625 0.44067940781250003 0.5094139109375 0.44674583593749995 0.5112526484375 0.46796970312499997 0.5132493124999999 0.48613445468750005 0.501009803125 0.4869153875 0.4774517234375 0.4648415234375 0.4635016875 0.44445039218750004 0.4645805375
0 0.2957151078125 0.5058052203125001 0.281084046875 0.4929012046875 0.2513128203125 0.48871713124999994 0.2336917109375 0.4970884 0.22764255000000003 0.504127525 0.2254679703125 0.5196004640624999 0.2293425515625 0.5280342765625 0.2392835640625 0.5383068359375 0.25004004062499996 0.5427770375 0.270992084375 0.546707815625 0.2814594703125 0.5442342734375 0.2971432875 0.5316460937499999 0.2995896890625 0.5142390359375 0.2957151078125 0.5058052203125001
0 0.1383071484375 0.33871749375000004 0.11322596874999999 0.33716488437500003 0.0972703296875 0.351687178125 0.0973048609375 0.3694429078125 0.11304048124999999 0.3834883234375 0.1367452796875 0.38583365468749997 0.15188545 0.3771137109375 0.15820643437499998 0.36814046875 0.1554191421875 0.351970184375 0.1383071484375 0.33871749375000004
0 0.8313426937499999 0.591930525 0.8106970062500001 0.6038213625 0.8079787828124999 0.623162534375 0.8256516890625001 0.6414248546875 0.8518374265625 0.6441188609374999 0.869730353125 0.63381346875 0.872448578125 0.614472296875 0.8561520515625001 0.595417253125 0.8313426937499999 0.591930525
0 0.5984756109375 0.5927326234375 0.5758753703124999 0.5915286875 0.563759778125 0.5967290671875001 0.5577106171875 0.6037681921875 0.5552642140625 0.621175246875 0.5707280109374999 0.6371547796875 0.59168005 0.6410855578125 0.615078496875 0.627609278125 0.618918546875 0.6182873671875 0.6155876124999999 0.605985315625 0.5984756109375 0.5927326234375
0 0.633925028125 0.6825244515625 0.6132793421875 0.6944152859375 0.612498409375 0.71797336875 0.6260249078125 0.7297359906249999 0.649457890625 0.7340154421875 0.6701035765625 0.7221246046875 0.6728218015625 0.7027834328125 0.6562534515625 0.6856625078125 0.633925028125 0.6825244515625