0 0.8788174718749999 0.224609375 0.8926669031250001 0.220703125 0.9053622156250001 0.2099609375 0.90997869375 0.2001953125 0.90997869375 0.1923828125 0.9007457390625 0.1767578125 0.8903586640625001 0.169921875 0.8672762781250001 0.16796875 0.8580433234375 0.171875 0.8453480109375 0.1826171875 0.8430397734374999 0.1865234375 0.8441938921875 0.205078125 0.8453480109375 0.2099609375 0.8534268468749999 0.21875 0.8695845171875 0.224609375 0.8788174718749999 0.224609375
0 0.8499644890625 0.1279296875 0.8568892046875 0.1162109375 0.8568892046875 0.1044921875 0.8545809656250001 0.0986328125 0.8395774140625001 0.0859375 0.8349609375 0.083984375 0.8118785515625 0.083984375 0.7980291187499999 0.091796875 0.7922585234375 0.0986328125 0.7899502843749999 0.1044921875 0.7911044031250001 0.119140625 0.7922585234375 0.1240234375 0.8072620734375 0.13671875 0.8349609375 0.138671875 0.8499644890625 0.1279296875
0 0.7195490062500001 0.1328125 0.7287819609375 0.12890625 0.7391690343749999 0.1201171875 0.7437855109375 0.1083984375 0.7414772734375 0.0927734375 0.7241654828125 0.080078125 0.7149325281250001 0.078125 0.6941583812500001 0.080078125 0.6791548296875 0.0927734375 0.6768465906250001 0.0986328125 0.6780007109375 0.115234375 0.6837713062499999 0.1259765625 0.6918501421875 0.130859375 0.6964666187499999 0.1328125 0.7195490062500001 0.1328125
0 0.7795632109375 0.21484375 0.7922585234375 0.2021484375 0.7945667609375 0.1943359375 0.7922585234375 0.1787109375 0.7841796875 0.169921875 0.7726384937499999 0.1640625 0.7495561078125 0.1640625 0.7380149140625 0.169921875 0.7299360796875 0.1806640625 0.7310901984375 0.201171875 0.7426313921875 0.21484375 0.7541725859375 0.21875 0.7703302562500001 0.21875 0.7795632109375 0.21484375
0 0.8188032671875 0.302734375 0.8349609375 0.296875 0.8407315343749999 0.2919921875 0.8453480109375 0.2861328125 0.84765625 0.2685546875 0.8453480109375 0.2626953125 0.8303444609374999 0.25 0.8141867890625001 0.24609375 0.7980291187499999 0.25 0.7853338062499999 0.2607421875 0.7807173296875 0.2685546875 0.7818714484375 0.27734375 0.7830255687500001 0.2861328125 0.7957208812500001 0.298828125 0.8072620734375 0.302734375 0.8188032671875 0.302734375
0 0.7126242890625 0.296875 0.7322443187500001 0.2802734375 0.7322443187500001 0.2607421875 0.7253196015625 0.2509765625 0.7149325281250001 0.244140625 0.6941583812500001 0.2421875 0.6826171875 0.24609375 0.669921875 0.2568359375 0.6676136359375 0.2646484375 0.6687677562500001 0.27734375 0.669921875 0.2822265625 0.6826171875 0.294921875 0.6964666187499999 0.298828125 0.7126242890625 0.296875
0 0.6641512781250001 0.212890625 0.6791548296875 0.2001953125 0.6814630687500001 0.1943359375 0.6791548296875 0.1748046875 0.6710759937499999 0.166015625 0.6595348015625 0.16015625 0.6364524140625 0.16015625 0.6168323859375 0.1767578125 0.6179865062500001 0.197265625 0.619140625 0.2021484375 0.6318359375 0.212890625 0.6387606531250001 0.21484375 0.6641512781250001 0.212890625
0 0.6156782671875 0.126953125 0.6260653406250001 0.1162109375 0.6283735796875 0.1123046875 0.6283735796875 0.0927734375 0.619140625 0.0810546875 0.6087535515625 0.076171875 0.5856711640625 0.076171875 0.5764382109375 0.080078125 0.5660511359375 0.0908203125 0.5637428984375 0.0986328125 0.5648970171875 0.109375 0.5706676140625 0.1201171875 0.5810546875 0.12890625 0.6041370734375 0.130859375 0.6156782671875 0.126953125
0 0.5395063921875 0.208984375 0.5464311078125 0.20703125 0.5591264203125 0.1982421875 0.5637428984375 0.1904296875 0.5637428984375 0.1708984375 0.5591264203125 0.1630859375 0.5464311078125 0.154296875 0.5418146312500001 0.15234375 0.5210404828125 0.15234375 0.5014204546875 0.1669921875 0.49680397656249997 0.1767578125 0.497958096875 0.185546875 0.5014204546875 0.1943359375 0.5141157671875 0.205078125 0.5233487218749999 0.208984375 0.5395063921875 0.208984375
0 0.486416903125 0.126953125 0.497958096875 0.123046875 0.5083451703125 0.1142578125 0.5129616484375 0.1064453125 0.5129616484375 0.0908203125 0.5037286937500001 0.0771484375 0.49564985781250004 0.072265625 0.47487571093750003 0.0703125 0.46564275625 0.072265625 0.45063920468749996 0.0849609375 0.44602272656249997 0.0966796875 0.447176846875 0.1015625 0.45063920468749996 0.1123046875 0.461026278125 0.12109375 0.47487571093750003 0.126953125 0.486416903125 0.126953125
0 0.435635653125 0.203125 0.448330965625 0.1923828125 0.45294744375 0.1826171875 0.45294744375 0.1708984375 0.448330965625 0.1611328125 0.43794389218749996 0.15234375 0.43332741406249997 0.150390625 0.40793678906249997 0.150390625 0.40101207343749995 0.15234375 0.3883167609375 0.1630859375 0.38485440312499997 0.177734375 0.3883167609375 0.1904296875 0.40562855156250005 0.203125 0.42640269843749995 0.205078125 0.435635653125 0.203125
0 0.3802379265625 0.119140625 0.39524147656249997 0.1083984375 0.39985795468749996 0.0966796875 0.39754971562499997 0.0810546875 0.3929332390625 0.0732421875 0.3802379265625 0.06640625 0.3525390625 0.06640625 0.33984375 0.0751953125 0.33522727343750003 0.0830078125 0.33291903437500003 0.0888671875 0.33407315312499997 0.099609375 0.33984375 0.1103515625 0.34792258593750003 0.1171875 0.35946377812499997 0.12109375 0.3802379265625 0.119140625
0 0.3248401984375 0.1953125 0.33291903437500003 0.1884765625 0.33984375 0.1767578125 0.33984375 0.1650390625 0.33522727343750003 0.1572265625 0.3248401984375 0.1484375 0.31329900624999996 0.14453125 0.2994495734375 0.14453125 0.29021661875000004 0.1484375 0.27752130625000004 0.1591796875 0.27290482968749996 0.1669921875 0.2740589484375 0.173828125 0.28329190312499997 0.189453125 0.29714133593750003 0.197265625 0.31099076718749996 0.19921875 0.3248401984375 0.1953125
0 0.2740589484375 0.111328125 0.28213778437500003 0.1044921875 0.2867542609375 0.0966796875 0.2867542609375 0.0771484375 0.26713423281250004 0.060546875 0.244051846875 0.060546875 0.22443181874999998 0.0751953125 0.219815340625 0.0849609375 0.2209694609375 0.08984375 0.2290482953125 0.1044921875 0.2417436078125 0.11328125 0.26251775624999996 0.115234375 0.2740589484375 0.111328125
0 0.2025035515625 0.1953125 0.2094282671875 0.193359375 0.219815340625 0.1845703125 0.22443181874999998 0.1767578125 0.22443181874999998 0.1591796875 0.21173650624999998 0.14453125 0.2025035515625 0.140625 0.18403764218750002 0.140625 0.1724964484375 0.14453125 0.162109375 0.1533203125 0.1574928984375 0.1650390625 0.15864701718750002 0.171875 0.1598011359375 0.1787109375 0.1644176140625 0.1845703125 0.1794211640625 0.1953125 0.2025035515625 0.1953125
0 0.15633877812500002 0.109375 0.17595880625 0.0927734375 0.17595880625 0.0732421875 0.17134232968750002 0.0654296875 0.16095525625 0.056640625 0.15633877812500002 0.0546875 0.13325639218750002 0.0546875 0.1240234375 0.05859375 0.111328125 0.0712890625 0.11248224375 0.091796875 0.1159446015625 0.0986328125 0.13094815312500002 0.109375 0.13787286875 0.111328125 0.15633877812500002 0.109375
0 0.1447975859375 0.275390625 0.162109375 0.2607421875 0.1644176140625 0.2548828125 0.162109375 0.2353515625 0.14248934687499998 0.220703125 0.1194069609375 0.220703125 0.09978693125 0.2353515625 0.09747869375 0.2412109375 0.0986328125 0.255859375 0.1020951703125 0.2626953125 0.1147904828125 0.2734375 0.13094815312500002 0.27734375 0.1447975859375 0.275390625
0 0.26482599375000004 0.27734375 0.27752130625000004 0.2646484375 0.27752130625000004 0.2431640625 0.27290482968749996 0.2353515625 0.26713423281250004 0.23046875 0.2486683234375 0.224609375 0.232510653125 0.2265625 0.2255859375 0.23046875 0.212890625 0.2431640625 0.2105823859375 0.2470703125 0.21173650624999998 0.25390625 0.2151988640625 0.2666015625 0.2348188921875 0.28125 0.25559303906249997 0.28125 0.26482599375000004 0.27734375
0 0.37331321093750003 0.283203125 0.3883167609375 0.2705078125 0.390625 0.2470703125 0.38600852343750003 0.2392578125 0.3756214484375 0.23046875 0.3502308234375 0.228515625 0.34099786875000004 0.232421875 0.32599431874999996 0.2470703125 0.3271484375 0.265625 0.33061079531250004 0.2724609375 0.34561434687500003 0.283203125 0.3525390625 0.28515625 0.37331321093750003 0.283203125
0 0.48872514218749996 0.28515625 0.5037286937500001 0.2705078125 0.5037286937500001 0.2529296875 0.49680397656249997 0.2431640625 0.48410866406249997 0.234375 0.46333451718749996 0.234375 0.4541015625 0.23828125 0.44140625 0.2509765625 0.44025213125 0.26171875 0.44371448906250005 0.2724609375 0.45640980156250005 0.28515625 0.47487571093750003 0.2890625 0.48872514218749996 0.28515625
0 0.5949041187499999 0.29296875 0.6041370734375 0.2890625 0.6168323859375 0.2783203125 0.619140625 0.2744140625 0.619140625 0.2568359375 0.6168323859375 0.2509765625 0.5995205968749999 0.23828125 0.5741299718749999 0.23828125 0.5568181812499999 0.2509765625 0.5522017046875 0.2607421875 0.5533558234375 0.267578125 0.5568181812499999 0.2783203125 0.5695134937499999 0.2890625 0.5787464484375 0.29296875 0.5949041187499999 0.29296875
0 0.87189275625 0.38671875 0.8880504265625 0.380859375 0.8938210234374999 0.3759765625 0.9007457390625 0.3642578125 0.9007457390625 0.3505859375 0.8961292609375 0.3427734375 0.8811257109374999 0.33203125 0.87420099375 0.330078125 0.8534268468749999 0.33203125 0.83611505625 0.3466796875 0.83380681875 0.3544921875 0.8349609375 0.365234375 0.83611505625 0.3701171875 0.84881036875 0.3828125 0.8603515625 0.38671875 0.87189275625 0.38671875
0 0.7541725859375 0.3828125 0.7680220171875 0.37890625 0.7830255687500001 0.3662109375 0.7853338062499999 0.3525390625 0.7784090906250001 0.3369140625 0.7726384937499999 0.33203125 0.7610973015625 0.326171875 0.7449396312500001 0.326171875 0.7310901984375 0.33203125 0.7230113640625 0.3388671875 0.7183948859375 0.3505859375 0.7195490062500001 0.361328125 0.720703125 0.3662109375 0.7333984375 0.37890625 0.7449396312500001 0.3828125 0.7541725859375 0.3828125
0 0.6433771312500001 0.376953125 0.6549183234375 0.373046875 0.6676136359375 0.3623046875 0.6722301140625 0.3466796875 0.6676136359375 0.3349609375 0.6572265625 0.32421875 0.6456853687499999 0.3203125 0.6318359375 0.3203125 0.6202947437499999 0.32421875 0.6075994312499999 0.3330078125 0.6029829546875 0.3427734375 0.6041370734375 0.3515625 0.6052911937500001 0.3583984375 0.6202947437499999 0.373046875 0.6318359375 0.376953125 0.6433771312500001 0.376953125
0 0.5395063921875 0.37109375 0.5545099437500001 0.3603515625 0.5591264203125 0.3525390625 0.5591264203125 0.3349609375 0.5418146312500001 0.318359375 0.5187322437499999 0.31640625 0.5071910515625 0.3203125 0.4921875 0.3349609375 0.49334161875 0.349609375 0.49449573906250005 0.3564453125 0.5071910515625 0.369140625 0.5210404828125 0.373046875 0.5395063921875 0.37109375
0 0.41255326718749996 0.369140625 0.42640269843749995 0.3671875 0.44140625 0.3564453125 0.44602272656249997 0.3486328125 0.44602272656249997 0.3310546875 0.44140625 0.3232421875 0.42409446093750003 0.3125 0.4033203125 0.3125 0.39408735781250004 0.31640625 0.38139204531250004 0.3271484375 0.37677556874999996 0.3349609375 0.3779296875 0.337890625 0.38370028437500003 0.3564453125 0.39870383593750003 0.3671875 0.410245028125 0.3671875 0.41255326718749996 0.369140625
0 0.30868252812499997 0.36328125 0.31791548281250004 0.359375 0.32830255625000004 0.3486328125 0.33061079531250004 0.3291015625 0.32599431874999996 0.3212890625 0.31329900624999996 0.310546875 0.30868252812499997 0.30859375 0.28560014218749996 0.30859375 0.26828835156249997 0.3212890625 0.263671875 0.3291015625 0.26482599375000004 0.34375 0.26828835156249997 0.3505859375 0.28098366406249997 0.361328125 0.28560014218749996 0.36328125 0.30868252812499997 0.36328125
0 0.2151988640625 0.3427734375 0.2175071015625 0.3349609375 0.2151988640625 0.3212890625 0.2001953125 0.306640625 0.1724964484375 0.3046875 0.16326349375 0.30859375 0.15056818125 0.3212890625 0.1517223015625 0.34375 0.1701882109375 0.359375 0.18634588125 0.361328125 0.2001953125 0.357421875 0.2151988640625 0.3427734375
0 0.1286399140625 0.439453125 0.14018110781249998 0.43359375 0.15056818125 0.4208984375 0.15056818125 0.4013671875 0.13787286875 0.38671875 0.1263316765625 0.3828125 0.11017400625 0.3828125 0.1009410515625 0.38671875 0.0882457390625 0.3974609375 0.0859375 0.4013671875 0.08709161875 0.421875 0.0905539765625 0.4287109375 0.1032492890625 0.4375 0.1147904828125 0.44140625 0.1286399140625 0.439453125
0 0.2509765625 0.443359375 0.26828835156249997 0.4287109375 0.27059659062499997 0.4228515625 0.26828835156249997 0.4052734375 0.2509765625 0.390625 0.2255859375 0.388671875 0.2082741484375 0.3994140625 0.2036576703125 0.4072265625 0.2048117890625 0.423828125 0.2105823859375 0.4345703125 0.2209694609375 0.443359375 0.2302024140625 0.4453125 0.2509765625 0.443359375
0 0.36638849375000004 0.447265625 0.3756214484375 0.443359375 0.38370028437500003 0.4326171875 0.38600852343750003 0.4228515625 0.38370028437500003 0.4208984375 0.38370028437500003 0.4111328125 0.37908380625000004 0.4033203125 0.36177201718749996 0.392578125 0.33638139218749996 0.39453125 0.31906960156249997 0.4111328125 0.32022372187500003 0.4296875 0.32368607968749996 0.4365234375 0.33638139218749996 0.447265625 0.34330610781250004 0.44921875 0.36638849375000004 0.447265625
0 0.472567471875 0.453125 0.4921875 0.4423828125 0.49680397656249997 0.4345703125 0.499112215625 0.4208984375 0.4921875 0.4072265625 0.47718394843749995 0.396484375 0.46564275625 0.39453125 0.4541015625 0.396484375 0.44486860781250004 0.400390625 0.43217329531250004 0.4150390625 0.43332741406249997 0.43359375 0.434481534375 0.4384765625 0.447176846875 0.44921875 0.45640980156250005 0.453125 0.472567471875 0.453125
0 0.5972123578125 0.451171875 0.6052911937500001 0.4443359375 0.6099076703125 0.4345703125 0.6099076703125 0.4208984375 0.6052911937500001 0.4111328125 0.5949041187499999 0.40234375 0.5833629265625 0.3984375 0.5718217328125 0.3984375 0.5556640625 0.404296875 0.5475852265625 0.4111328125 0.54296875 0.4208984375 0.5441228687499999 0.435546875 0.5510475859375 0.44921875 0.5695134937499999 0.45703125 0.5833629265625 0.45703125 0.5972123578125 0.451171875
0 0.6987748578125 0.4609375 0.7080078125 0.45703125 0.720703125 0.4443359375 0.7230113640625 0.4287109375 0.7160866484375 0.4150390625 0.7080078125 0.408203125 0.6964666187499999 0.404296875 0.6803089484375 0.404296875 0.6664595171875 0.41015625 0.6583806812499999 0.4169921875 0.6560724437500001 0.4208984375 0.6572265625 0.439453125 0.6629971593749999 0.4521484375 0.6710759937499999 0.45703125 0.6803089484375 0.4609375 0.6987748578125 0.4609375
0 0.8118785515625 0.466796875 0.82341974375 0.462890625 0.8384232953125 0.4482421875 0.8384232953125 0.4287109375 0.82111150625 0.412109375 0.8164950281250001 0.41015625 0.7957208812500001 0.41015625 0.7887961640625 0.412109375 0.7761008515625 0.4228515625 0.771484375 0.4306640625 0.7726384937499999 0.443359375 0.7761008515625 0.4541015625 0.7841796875 0.4609375 0.8003373578125 0.466796875 0.8118785515625 0.466796875
0 0.87420099375 0.548828125 0.8892045453125 0.5380859375 0.8938210234374999 0.5302734375 0.8938210234374999 0.5146484375 0.8892045453125 0.5068359375 0.8765092328125 0.49609375 0.8511186078125 0.494140625 0.83380681875 0.5029296875 0.8268821015625001 0.5146484375 0.8280362218749999 0.52734375 0.8314985796875 0.5361328125 0.8441938921875 0.546875 0.84881036875 0.548828125 0.87420099375 0.548828125
0 0.7680220171875 0.537109375 0.7737926140625 0.5302734375 0.7761008515625 0.5263671875 0.7761008515625 0.5087890625 0.771484375 0.5009765625 0.7610973015625 0.4921875 0.7518643468749999 0.48828125 0.7357066765625 0.48828125 0.7287819609375 0.490234375 0.7160866484375 0.4990234375 0.7114701703125 0.5087890625 0.7126242890625 0.525390625 0.7137784093749999 0.5322265625 0.7287819609375 0.54296875 0.7518643468749999 0.544921875 0.7680220171875 0.537109375
0 0.6606889203125 0.5224609375 0.6606889203125 0.5029296875 0.6479936078125 0.48828125 0.6387606531250001 0.484375 0.6179865062500001 0.484375 0.6087535515625 0.48828125 0.5983664765625 0.4970703125 0.5949041187499999 0.5234375 0.5995205968749999 0.529296875 0.6179865062500001 0.5390625 0.6410688921875 0.5390625 0.6606889203125 0.5224609375
0 0.54296875 0.5244140625 0.5475852265625 0.5166015625 0.5475852265625 0.5029296875 0.54296875 0.4931640625 0.5256569609375 0.48046875 0.5048828125 0.48046875 0.49564985781250004 0.484375 0.48295454531250004 0.4970703125 0.48180042656250005 0.50390625 0.485262784375 0.5224609375 0.5025745734375 0.53515625 0.5279651984375 0.53515625 0.54296875 0.5244140625
0 0.42640269843749995 0.52734375 0.43217329531250004 0.5224609375 0.43678977343750003 0.5166015625 0.43909801093749995 0.5009765625 0.434481534375 0.4912109375 0.42409446093750003 0.48046875 0.41255326718749996 0.4765625 0.39639559687500003 0.4765625 0.38485440312499997 0.48046875 0.37215909062499997 0.4912109375 0.36985085156249997 0.4970703125 0.37100497187500003 0.513671875 0.37677556874999996 0.5224609375 0.38947088124999996 0.53125 0.410245028125 0.533203125 0.42640269843749995 0.52734375
0 0.32368607968749996 0.5107421875 0.32368607968749996 0.4912109375 0.30868252812499997 0.4765625 0.2994495734375 0.47265625 0.28098366406249997 0.47265625 0.27175071093750003 0.4765625 0.25905539843750003 0.4892578125 0.25674715937500003 0.4931640625 0.25790127812499997 0.505859375 0.26828835156249997 0.5205078125 0.2786754265625 0.52734375 0.3040660515625 0.52734375 0.32368607968749996 0.5107421875
0 0.18865411875 0.521484375 0.19904119375 0.5146484375 0.205965909375 0.5029296875 0.205965909375 0.4892578125 0.20134943125000002 0.4814453125 0.18865411875 0.470703125 0.16557173281249998 0.466796875 0.1517223015625 0.47265625 0.14364346562500002 0.4794921875 0.1390269890625 0.4873046875 0.13787286875 0.498046875 0.14364346562500002 0.5126953125 0.1517223015625 0.51953125 0.1748046875 0.525390625 0.18865411875 0.521484375
0 0.11248224375 0.603515625 0.1263316765625 0.59765625 0.1344105109375 0.5908203125 0.1390269890625 0.5810546875 0.1390269890625 0.5673828125 0.1263316765625 0.55078125 0.11709872187499999 0.546875 0.0940163359375 0.546875 0.08478338125 0.55078125 0.07208806875 0.5634765625 0.0709339484375 0.578125 0.07439630625 0.5888671875 0.08709161875 0.599609375 0.0963245734375 0.603515625 0.11248224375 0.603515625
0 0.2302024140625 0.609375 0.244051846875 0.60546875 0.25905539843750003 0.5908203125 0.2613636359375 0.5849609375 0.25905539843750003 0.5693359375 0.23943536875000002 0.552734375 0.2302024140625 0.55078125 0.21173650624999998 0.552734375 0.19442471562500002 0.5673828125 0.1921164765625 0.5751953125 0.19327059687499998 0.58984375 0.19442471562500002 0.5947265625 0.2001953125 0.599609375 0.2163529828125 0.607421875 0.2302024140625 0.609375
0 0.35946377812499997 0.609375 0.37215909062499997 0.5986328125 0.37677556874999996 0.5908203125 0.37677556874999996 0.5810546875 0.37215909062499997 0.5712890625 0.36177201718749996 0.560546875 0.3525390625 0.556640625 0.33176491406249997 0.556640625 0.32022372187500003 0.560546875 0.30983664843750003 0.5732421875 0.31099076718749996 0.59375 0.32253196093750003 0.607421875 0.33638139218749996 0.61328125 0.34561434687500003 0.61328125 0.35946377812499997 0.609375
0 0.4794921875 0.609375 0.48987926093749995 0.5966796875 0.48987926093749995 0.5810546875 0.485262784375 0.5732421875 0.46795099375 0.560546875 0.447176846875 0.560546875 0.43794389218749996 0.564453125 0.42524857968749996 0.5771484375 0.42409446093750003 0.587890625 0.43217329531250004 0.6064453125 0.44486860781250004 0.615234375 0.46795099375 0.615234375 0.4794921875 0.609375
0 0.5960582390625 0.6083984375 0.6006747156250001 0.6005859375 0.6006747156250001 0.5869140625 0.5960582390625 0.5771484375 0.5856711640625 0.568359375 0.5764382109375 0.564453125 0.5579723015625 0.564453125 0.5441228687499999 0.5703125 0.5360440343749999 0.5771484375 0.5337357953125 0.5810546875 0.5348899140625 0.599609375 0.5383522734375 0.6064453125 0.5533558234375 0.619140625 0.5787464484375 0.619140625 0.5960582390625 0.6083984375
0 0.6849254265625 0.625 0.6987748578125 0.62109375 0.7091619312499999 0.6123046875 0.7137784093749999 0.6044921875 0.7137784093749999 0.5888671875 0.7091619312499999 0.5810546875 0.6964666187499999 0.5703125 0.6710759937499999 0.568359375 0.6537642046875 0.5791015625 0.6468394890625 0.5947265625 0.6479936078125 0.6015625 0.6537642046875 0.6123046875 0.6641512781250001 0.62109375 0.6756924718749999 0.625 0.6849254265625 0.625
0 0.8164950281250001 0.626953125 0.8268821015625001 0.6181640625 0.8314985796875 0.6103515625 0.8314985796875 0.5966796875 0.8245738640625 0.5849609375 0.8164950281250001 0.578125 0.8072620734375 0.57421875 0.7887961640625 0.57421875 0.7772549718749999 0.578125 0.771484375 0.5830078125 0.7645596593749999 0.5947265625 0.7657137781250001 0.607421875 0.7749467328125 0.623046875 0.7911044031250001 0.630859375 0.8049538359374999 0.630859375 0.8164950281250001 0.626953125
0 0.8626598015625 0.716796875 0.87189275625 0.712890625 0.88458806875 0.7021484375 0.88689630625 0.6982421875 0.88689630625 0.6806640625 0.8822798296875 0.6728515625 0.8695845171875 0.662109375 0.8649680390625001 0.66015625 0.8418856531250001 0.66015625 0.8326526984375 0.6640625 0.822265625 0.6748046875 0.8199573859375 0.6806640625 0.82111150625 0.69140625 0.8245738640625 0.7021484375 0.8372691765625 0.712890625 0.84650213125 0.716796875 0.8626598015625 0.716796875
0 0.7980291187499999 0.798828125 0.8118785515625 0.79296875 0.8199573859375 0.7861328125 0.8245738640625 0.7783203125 0.8245738640625 0.7626953125 0.8118785515625 0.744140625 0.8003373578125 0.740234375 0.7841796875 0.740234375 0.7772549718749999 0.7421875 0.7645596593749999 0.7509765625 0.7599431812499999 0.7587890625 0.7587890625 0.7734375 0.7599431812499999 0.7802734375 0.7726384937499999 0.79296875 0.7887961640625 0.798828125 0.7980291187499999 0.798828125
0 0.8649680390625001 0.8828125 0.8776633515625001 0.8701171875 0.8799715906250001 0.8642578125 0.8776633515625001 0.8466796875 0.8649680390625001 0.833984375 0.8557350859374999 0.830078125 0.8349609375 0.830078125 0.82341974375 0.8359375 0.8130326703125 0.8486328125 0.8141867890625001 0.8671875 0.8280362218749999 0.8828125 0.8372691765625 0.88671875 0.8557350859374999 0.88671875 0.8649680390625001 0.8828125
0 0.7495561078125 0.7109375 0.7668678984375 0.6982421875 0.771484375 0.6904296875 0.771484375 0.6767578125 0.7668678984375 0.6669921875 0.7564808234375 0.658203125 0.7472478687499999 0.654296875 0.7264737218749999 0.654296875 0.7149325281250001 0.66015625 0.7068536937500001 0.6689453125 0.7045454546875 0.6748046875 0.7056995734375 0.6875 0.7068536937500001 0.6943359375 0.7172407671875 0.705078125 0.7403231531250001 0.712890625 0.7495561078125 0.7109375
0 0.6872336640625 0.79296875 0.6918501421875 0.791015625 0.7022372156250001 0.7841796875 0.7091619312499999 0.7744140625 0.7068536937500001 0.7509765625 0.7010830968749999 0.744140625 0.6826171875 0.736328125 0.6595348015625 0.73828125 0.6468394890625 0.7490234375 0.6422230109375 0.7607421875 0.6433771312500001 0.765625 0.6491477265625 0.7822265625 0.6618430390625 0.791015625 0.6687677562500001 0.79296875 0.6872336640625 0.79296875
0 0.7380149140625 0.8828125 0.7449396312500001 0.880859375 0.7576349437500001 0.8720703125 0.7622514203125 0.8642578125 0.7645596593749999 0.8486328125 0.7599431812499999 0.8388671875 0.7472478687499999 0.828125 0.7172407671875 0.826171875 0.6999289765625 0.8388671875 0.6953125 0.8525390625 0.6964666187499999 0.857421875 0.6976207390625 0.8642578125 0.7080078125 0.876953125 0.7218572437499999 0.8828125 0.7380149140625 0.8828125
0 0.6249112218749999 0.876953125 0.6422230109375 0.8642578125 0.6468394890625 0.8564453125 0.6468394890625 0.8408203125 0.6399147734375 0.8291015625 0.6318359375 0.822265625 0.6018288359375 0.8203125 0.5868252843749999 0.8291015625 0.5822088062499999 0.8349609375 0.5787464484375 0.849609375 0.5845170453125 0.8623046875 0.5972123578125 0.873046875 0.6064453125 0.876953125 0.6249112218749999 0.876953125
0 0.6364524140625 0.703125 0.6491477265625 0.6943359375 0.6537642046875 0.6884765625 0.6560724437500001 0.6748046875 0.6514559656250001 0.6630859375 0.6410688921875 0.65234375 0.6318359375 0.6484375 0.6110617890625 0.6484375 0.59375 0.6552734375 0.5891335234375 0.6630859375 0.5879794031250001 0.68359375 0.5891335234375 0.6884765625 0.6064453125 0.703125 0.6295276984375 0.705078125 0.6364524140625 0.703125
0 0.5764382109375 0.787109375 0.59375 0.7724609375 0.5960582390625 0.7548828125 0.5891335234375 0.7412109375 0.5764382109375 0.732421875 0.5718217328125 0.73046875 0.5510475859375 0.73046875 0.5314275562499999 0.7470703125 0.5325816765625 0.76953125 0.5360440343749999 0.7763671875 0.5510475859375 0.787109375 0.5625887781250001 0.7890625 0.5764382109375 0.787109375
0 0.5118075281250001 0.87109375 0.5164240062500001 0.869140625 0.5291193187500001 0.8583984375 0.5337357953125 0.8505859375 0.5337357953125 0.8369140625 0.5291193187500001 0.8271484375 0.5233487218749999 0.8203125 0.5118075281250001 0.814453125 0.48180042656250005 0.81640625 0.47141335156249997 0.8251953125 0.466796875 0.8330078125 0.46564275625 0.84375 0.46910511406250005 0.8564453125 0.473721590625 0.8623046875 0.48872514218749996 0.87109375 0.5118075281250001 0.87109375
0 0.5164240062500001 0.701171875 0.5233487218749999 0.69921875 0.5383522734375 0.6865234375 0.5406605109375 0.6669921875 0.5337357953125 0.6552734375 0.5256569609375 0.6484375 0.5141157671875 0.64453125 0.5002663359375 0.64453125 0.48872514218749996 0.6484375 0.47602982968749996 0.6611328125 0.473721590625 0.6689453125 0.47487571093750003 0.6796875 0.47833806875 0.6884765625 0.48872514218749996 0.697265625 0.497958096875 0.701171875 0.5164240062500001 0.701171875
0 0.45871803906249997 0.783203125 0.46795099375 0.779296875 0.47833806875 0.7685546875 0.48064630625 0.7490234375 0.47602982968749996 0.7392578125 0.46564275625 0.73046875 0.4541015625 0.7265625 0.435635653125 0.7265625 0.42640269843749995 0.73046875 0.416015625 0.7431640625 0.41370738593749995 0.7490234375 0.41486150625 0.763671875 0.422940340625 0.7763671875 0.43101917656250005 0.78125 0.435635653125 0.783203125 0.45871803906249997 0.783203125
0 0.40562855156250005 0.697265625 0.422940340625 0.6865234375 0.42755681875 0.6787109375 0.42755681875 0.6630859375 0.41832386406250005 0.6494140625 0.410245028125 0.64453125 0.39639559687500003 0.640625 0.38485440312499997 0.640625 0.3756214484375 0.64453125 0.36061789843750003 0.6572265625 0.35830965937500003 0.6630859375 0.35946377812499997 0.677734375 0.3629261359375 0.6845703125 0.3756214484375 0.6953125 0.38947088124999996 0.69921875 0.40562855156250005 0.697265625
0 0.34792258593750003 0.775390625 0.36061789843750003 0.7626953125 0.3629261359375 0.7548828125 0.36061789843750003 0.7392578125 0.34792258593750003 0.7265625 0.33868963124999996 0.72265625 0.31791548281250004 0.72265625 0.29829545468749996 0.7373046875 0.29367897656249997 0.7529296875 0.29483309687500003 0.759765625 0.31329900624999996 0.77734375 0.31791548281250004 0.779296875 0.33868963124999996 0.779296875 0.34792258593750003 0.775390625
0 0.3756214484375 0.8671875 0.39639559687500003 0.865234375 0.41370738593749995 0.8525390625 0.41832386406250005 0.8447265625 0.41832386406250005 0.8310546875 0.41370738593749995 0.8232421875 0.40101207343749995 0.8125 0.39177911875000004 0.80859375 0.37100497187500003 0.80859375 0.35369318125000004 0.8232421875 0.35138494374999996 0.8330078125 0.34446022656249997 0.8408203125 0.34561434687500003 0.84375 0.35369318125000004 0.8486328125 0.35600142031250004 0.8544921875 0.36869673281250004 0.865234375 0.3756214484375 0.8671875
0 0.2763671875 0.86328125 0.28790838124999996 0.857421875 0.29598721562499997 0.8486328125 0.30060369374999996 0.8310546875 0.29598721562499997 0.8193359375 0.28790838124999996 0.810546875 0.28098366406249997 0.806640625 0.26020951718749996 0.8046875 0.2463600859375 0.80859375 0.23828125 0.8154296875 0.231356534375 0.8310546875 0.232510653125 0.83984375 0.23828125 0.8525390625 0.2509765625 0.861328125 0.25559303906249997 0.86328125 0.2763671875 0.86328125
0 0.30983664843750003 0.6767578125 0.3121448859375 0.6728515625 0.3121448859375 0.6572265625 0.30752840937500003 0.6494140625 0.29714133593750003 0.640625 0.28790838124999996 0.63671875 0.26713423281250004 0.63671875 0.24982244374999998 0.6494140625 0.245205965625 0.6591796875 0.2463600859375 0.671875 0.26020951718749996 0.689453125 0.28560014218749996 0.693359375 0.29714133593750003 0.689453125 0.30983664843750003 0.6767578125
0 0.2255859375 0.7734375 0.2348188921875 0.76953125 0.2475142046875 0.7548828125 0.2475142046875 0.7353515625 0.232510653125 0.720703125 0.2209694609375 0.716796875 0.2048117890625 0.716796875 0.1955788359375 0.720703125 0.1828835234375 0.7333984375 0.18057528437499998 0.7392578125 0.18172940312500002 0.751953125 0.1875 0.7646484375 0.1978870734375 0.771484375 0.2025035515625 0.7734375 0.2255859375 0.7734375
0 0.15864701718750002 0.85546875 0.1701882109375 0.849609375 0.18057528437499998 0.8369140625 0.17826704531249998 0.8115234375 0.1701882109375 0.802734375 0.15633877812500002 0.796875 0.13787286875 0.796875 0.1286399140625 0.80078125 0.1136363640625 0.8173828125 0.1147904828125 0.837890625 0.11825284062500001 0.8447265625 0.1286399140625 0.853515625 0.1447975859375 0.857421875 0.15864701718750002 0.85546875
0 0.1748046875 0.6875 0.18865411875 0.6796875 0.19442471562500002 0.6728515625 0.19673295468750002 0.6669921875 0.19442471562500002 0.6513671875 0.1898082390625 0.6435546875 0.1794211640625 0.634765625 0.1494140625 0.6328125 0.12979403437499998 0.6474609375 0.12748579531249998 0.6533203125 0.1286399140625 0.669921875 0.1321022734375 0.6767578125 0.14248934687499998 0.685546875 0.1517223015625 0.689453125 0.1748046875 0.6875
0 0.0986328125 0.765625 0.11248224375 0.759765625 0.12286931875 0.7490234375 0.12517755625 0.7294921875 0.11825284062500001 0.7177734375 0.10555752812500001 0.708984375 0.0986328125 0.70703125 0.0778586640625 0.708984375 0.058238635937500005 0.7255859375 0.055930398437499994 0.7314453125 0.057084517187499996 0.74609375 0.0651633515625 0.7587890625 0.0732421875 0.763671875 0.0778586640625 0.765625 0.0986328125 0.765625