0 0.11015625 0.88046875 0.0703125 0.09375
0 0.1109375 0.76171875 0.065625 0.06875
0 0.10625 0.6328125 0.0625 0.0625
0 0.109375 0.50703125 0.05625 0.078125
0 0.10390625 0.39453125 0.0578125 0.0609375
0 0.1 0.265625 0.06875 0.075
0 0.09453125 0.1515625 0.0765625 0.084375
0 0.19296875 0.81640625 0.0640625 0.078125
0 0.1890625 0.6984375 0.0609375 0.065625
0 0.1921875 0.571875 0.075 0.06875
0 0.1921875 0.44921875 0.0625 0.065625
0 0.184375 0.32265625 0.065625 0.06875
0 0.17890625 0.20546875 0.05625 0.0625
0 0.2609375 0.14609375 0.053125 0.0625
0 0.26640625 0.25859375 0.0515625 0.0640625
0 0.26796875 0.378125 0.0546875 0.0625
0 0.27265625 0.51328125 0.053125 0.059375
0 0.271875 0.63359375 0.059375 0.0625
0 0.2703125 0.75703125 0.053125 0.0625
0 0.27890625 0.8765625 0.0546875 0.065625
0 0.365625 0.81484375 0.059375 0.065625
0 0.35703125 0.69765625 0.0578125 0.065625
0 0.35859375 0.57421875 0.0578125 0.06875
0 0.35234375 0.4421875 0.0578125 0.0625
0 0.35546875 0.31484375 0.053125 0.06875
0 0.35078125 0.19609375 0.0578125 0.0640625
0 0.43984375 0.13515625 0.0609375 0.071875
0 0.4421875 0.253125 0.059375 0.06875
0 0.43828125 0.3765625 0.05625 0.0640625
0 0.43671875 0.49921875 0.059375 0.065625
0 0.44765625 0.63359375 0.05625 0.06875
0 0.45078125 0.75390625 0.0640625 0.065625
0 0.45078125 0.8765625 0.0625 0.0703125
0 0.5328125 0.81484375 0.05625 0.071875
0 0.53359375 0.69765625 0.0578125 0.065625
0 0.5265625 0.56171875 0.059375 0.0625
0 0.52734375 0.440625 0.0625 0.0671875
0 0.52265625 0.31953125 0.0609375 0.0703125
0 0.52421875 0.190625 0.0546875 0.0625
0 0.62734375 0.8734375 0.053125 0.0734375
0 0.628125 0.75390625 0.053125 0.0625
0 0.615625 0.6265625 0.0625 0.065625
0 0.61328125 0.496875 0.053125 0.06875
0 0.6140625 0.37890625 0.05625 0.06875
0 0.6125 0.25546875 0.05625 0.071875
0 0.6125 0.1296875 0.053125 0.075
0 0.69765625 0.19453125 0.059375 0.0734375
0 0.71796875 0.81484375 0.059375 0.071875
0 0.70859375 0.67890625 0.053125 0.075
0 0.70625 0.5609375 0.053125 0.0640625
0 0.70234375 0.434375 0.05625 0.071875
0 0.7 0.31640625 0.05625 0.065625
0 0.8078125 0.86953125 0.053125 0.0703125
0 0.79921875 0.746875 0.05625 0.065625
0 0.7984375 0.6203125 0.0578125 0.06875
0 0.79375 0.49296875 0.053125 0.071875
0 0.79140625 0.375 0.0625 0.065625
0 0.7890625 0.2578125 0.0578125 0.0703125
0 0.78046875 0.12421875 0.05625 0.06875
0 0.86796875 0.18125 0.05625 0.0734375
0 0.95625 0.115625 0.0625 0.06875
0 0.884375 0.3203125 0.05625 0.059375
0 0.9671875 0.41328125 0.0578125 0.071875
0 0.9 0.503125 0.053125 0.0625
0 0.9015625 0.6234375 0.053125 0.065625
0 0.90546875 0.7484375 0.059375 0.071875
0 0.9140625 0.86484375 0.05625 0.06875