0 0.6753820921875 0.9645613421875 0.6811423375000001 0.9569758765625 0.6850505578125 0.9400475171875 0.683687059375 0.9285885765625 0.675907096875 0.9145338609375001 0.6535588265625 0.9071455234375 0.6449695046875 0.9096201875000001 0.6318157359375001 0.9188419671875 0.6240503390625001 0.94379515 0.6244878234375 0.9505826453124999 0.632267790625 0.9646373578125 0.6408060640625 0.9710662390625 0.65722639375 0.9737427515625001 0.6622283265625 0.973783125 0.6753820921875 0.9645613421875
0 0.78226008125 0.9357441359375 0.788020321875 0.9281586703125001 0.7924170687500001 0.909114265625 0.78229655625 0.8878327015625 0.7737582765625 0.881403821875 0.7604368140625 0.8783283187500001 0.74157384375 0.886232028125 0.732444953125 0.8997262734374999 0.7295137875 0.91242254375 0.7308772828125 0.9238814828124999 0.7386572499999999 0.9379361984375001 0.74909859375 0.9448044328125 0.7598097203124999 0.9461628781250001 0.7691063140625001 0.94496591875 0.78226008125 0.9357441359375
0 0.6921451578125 0.8659051953124999 0.7038333453125001 0.86303155 0.7122039234375 0.8571631421875001 0.71894121875 0.8453455859375 0.7209463734375 0.82797786875 0.720508890625 0.821190378125 0.7127289265625001 0.8071356625 0.706093715625 0.8011461421874999 0.6927722468749999 0.7980706390625001 0.6822798625 0.8001059421875001 0.66912609375 0.8093277234375 0.6623887953125001 0.8211452796875 0.6599461578125 0.8317255015624999 0.659895115625 0.8406290406249999 0.6690896203125 0.8572391578125 0.6757248296875 0.8632286812500001 0.6921451578125 0.8659051953124999
0 0.7921691937500001 0.827704725 0.8067374984375 0.8210383437500001 0.814889334375 0.811776190625 0.8202120953125001 0.79740323125 0.8193371265625 0.783828246875 0.8101426234375 0.76721813125 0.787794353125 0.75982979375 0.77920503125 0.76230445625 0.76844285625 0.7698495484375 0.7621940890625 0.779551059375 0.75828586875 0.79647941875 0.7596493609375 0.8079383609375 0.7646002484375 0.8168822671875 0.7712354578125 0.8228717921875001 0.7833611296874999 0.8267856374999999 0.7921691937500001 0.827704725
0 0.6096205968749999 0.8847430203125001 0.6187494890624999 0.871248775 0.621192125 0.86066855 0.6203171578125 0.8470935656249999 0.6111226546874999 0.83048345 0.5925805171875 0.8239738265625001 0.574206078125 0.829761490625 0.5660542390625001 0.8390236453125001 0.5602429546875001 0.8555126484375 0.5611179203125001 0.8690876328125 0.568897884375 0.8831423484375 0.5812422984375 0.8904499375 0.5862442265625 0.8904903109375001 0.5950522890625 0.8914093968750001 0.6096205968749999 0.8847430203125001
0 0.5515734546875 0.7888750484375 0.55357860625 0.7715073296875 0.5531411203125 0.7647198375 0.5434580890625 0.750225765625 0.5249159515625 0.7437161437500001 0.5036613937500001 0.7532965421875 0.49692409218750005 0.7651140984375 0.49301587187499996 0.782042459375 0.4948678984375 0.7913853546875 0.5045509296875 0.805879428125 0.5204827296875 0.8106719874999999 0.5340739796875 0.8082376968749999 0.542444559375 0.80236929375 0.5515734546875 0.7888750484375
0 0.5210003953125 0.8865717406250001 0.5177338312499999 0.8746734390625001 0.5108798796875 0.8652901734375 0.490434671875 0.8583411953125 0.47515910000000006 0.8637298734375 0.46869158750000006 0.8700376375 0.46581146406249996 0.873830371875 0.46043766249999996 0.8971068640625001 0.46228968437500007 0.9064497609375 0.473875784375 0.9213831921875 0.49410224375 0.9249384234375 0.5062789578125 0.9199487312500001 0.5156265921875 0.9098482328124999 0.5210003953125 0.8865717406250001
0 0.455187853125 0.8156569515625 0.455289940625 0.7978498765625 0.4475099734375 0.7837951640624999 0.42325863906250005 0.77596746875 0.40629873749999995 0.7843105359375 0.40053849531249996 0.7918960015625001 0.3942386828125 0.8105010484375 0.397016715625 0.824515390625 0.401967603125 0.8334593031249999 0.40860281406250004 0.839448821875 0.4188254171875 0.8429233093749999 0.4276334796875 0.843842396875 0.44459338125 0.8354993296875 0.455187853125 0.8156569515625
0 0.33500297031250004 0.880406553125 0.3529399234375 0.8678313953125001 0.359728265625 0.8471103031249999 0.357438759375 0.830979915625 0.353902409375 0.8245914109375001 0.34394959375 0.8156071265625 0.3306281296875 0.8125316249999999 0.32013573906250004 0.8145669281249999 0.30937356875 0.822112021875 0.30410185156249997 0.82758144375 0.29780204062500004 0.846186490625 0.30009154531250004 0.8623168796874999 0.3083600390625 0.8742555484375 0.3135807078125 0.8776896671875001 0.328097971875 0.8799268250000001 0.33500297031250004 0.880406553125
0 0.284786834375 0.7896897593750001 0.288155484375 0.7837809828125 0.2906491640625 0.76429721875 0.28787113125 0.750282875 0.28243171718750004 0.7434550125 0.261986509375 0.73650603125 0.24671093593750001 0.741894709375 0.2373633015625 0.7519952078125 0.23399465 0.7579039859375001 0.2315009703125 0.7773877484375 0.23737786718749998 0.79100310625 0.2454276203125 0.7995480328125 0.2618479484375 0.8022245453125001 0.2692414734375 0.8005882281250001 0.284786834375 0.7896897593750001
0 0.1932865078125 0.7953112124999999 0.18458053125 0.776585053125 0.17794532031250002 0.770595528125 0.160817725 0.7666413109375 0.14195475468750002 0.7745450203125 0.1323373375 0.790155309375 0.1298947 0.8007355359374999 0.1312581953125 0.8121944750000001 0.13762361875 0.8236937859375001 0.15138256875 0.8335567828125001 0.15828756718749998 0.8340365140625 0.1718788171875 0.831602221875 0.1855211125 0.8202643953125 0.1932865078125 0.7953112124999999
0 0.122304340625 0.7120587703125 0.1190377765625 0.700160475 0.113598365625 0.6933326078125 0.108377690625 0.689898490625 0.085052365625 0.6867422453125 0.0647238171875 0.7009940921875 0.059838542187499996 0.7221545421875 0.061690565625000006 0.7314974375000001 0.0680559890625 0.7429967484375 0.0746912 0.74898626875 0.093014596875 0.75210214375 0.10040812343750001 0.7504658281250001 0.11644201093749999 0.7374513109375 0.122304340625 0.7120587703125
0 0 0.778294271875 0.015273221875000001 0.7675865890625 0.022550092187500002 0.7447494531250001 0.019772059375 0.7307351093750001 0.0143326453125 0.72390724375 0.0057943640625 0.7174783687499999 0 0.7161406343750001 0 0.778294271875
0 0.21473067656249997 0.7111087656249999 0.21761079843750003 0.707316034375 0.22298460156250002 0.6840395390625 0.221132575 0.6746966421875 0.2128640875 0.662757971875 0.1924188796875 0.65580899375 0.18192649375 0.6578442984375 0.171164321875 0.6653893921875 0.164915546875 0.6750909015625 0.16051880000000002 0.6941353078125 0.170639315625 0.7154168703125 0.1791775953125 0.721845753125 0.1879856578125 0.7227648359375001 0.19918531718750002 0.722007234375 0.21473067656249997 0.7111087656249999
0 0 0.6635012375 0.0103442453125 0.671723346875 0.0172492421875 0.672203078125 0.03274355625 0.6702081468750001 0.043505732812499996 0.66266305 0.0522481828125 0.633477775 0.04495674375 0.6173070171874999 0.0273916609375 0.6065653078125 0.0149962078125 0.60816125 0 0.6169083140625 0 0.6635012375
0 0.1394903234375 0.58118221875 0.12094818593750001 0.5746726 0.10376954375 0.5796219203125 0.097302028125 0.58592968125 0.0895366328125 0.610882865625 0.09138865625 0.6202257609374999 0.0977540796875 0.6317250750000001 0.10629236093750001 0.63815395 0.12080962343749999 0.6403911109375 0.1324978046875 0.6375174640625 0.1442370328125 0.6257402796875 0.1500993625 0.6003477390625 0.1394903234375 0.58118221875
0 0.24013410624999998 0.6010744203125 0.24589435 0.5934889546875 0.24980257031250003 0.57656059375 0.24936508750000003 0.569773103125 0.236852975 0.550168225 0.2140161765625 0.5448959343750001 0.19895934375 0.553678359375 0.1931991 0.5612638249999999 0.188313825 0.5824242765625 0.1901658484375 0.591767171875 0.1998488796875 0.6062612406250001 0.20506955312500003 0.6096953609375 0.2176837484375 0.6114931625 0.2312749984375 0.609058875 0.24013410624999998 0.6010744203125
0 0.309300728125 0.627072534375 0.3040800546875 0.6236384140625 0.2845608609375 0.621360884375 0.26662390937499997 0.633936040625 0.2588585109375 0.6588892234375 0.2722966328125 0.68316555 0.290620025 0.6862814234375 0.29801354999999996 0.68464510625 0.31116731875000003 0.675423325 0.31942124375000003 0.6483540984375 0.31756921875 0.6390112015625 0.309300728125 0.627072534375
0 0.38508065468749997 0.745979496875 0.389039915625 0.720147596875 0.38125995 0.7060928859375 0.3746247390625 0.7001033609375 0.35940020625 0.6965885 0.344124634375 0.7019771796875001 0.335754053125 0.7078455859375 0.3280397 0.7238952328125 0.329352153125 0.7442577125 0.339035184375 0.758751784375 0.34925778749999997 0.762226271875 0.36616664375 0.76278674375 0.381712003125 0.751888275 0.38508065468749997 0.745979496875
0 0.4659208921875 0.7300960609375 0.477171590625 0.7204349234375 0.48488594375 0.704385278125 0.483573490625 0.684022796875 0.47862260624999997 0.6750788921875001 0.4667667203125 0.6656552515625 0.4610575234375 0.6643371796875 0.446270471875 0.6676098125000001 0.43550830156250003 0.67515490625 0.42877100312499994 0.6869724625 0.42535131093749995 0.7017847765624999 0.42578879531249997 0.7085722703124999 0.43356875781250004 0.7226269828125 0.44020396875 0.7286165046875 0.4566242984375 0.7312930203125 0.4659208921875 0.7300960609375
0 0.57404571875 0.6915369734375 0.579805959375 0.6839515078125 0.5837141796875 0.6670231484375 0.580936146875 0.653008803125 0.5759852578125 0.644064896875 0.5579316484375 0.635439228125 0.5455361937500001 0.6370351765625 0.5323824265625 0.64625695625 0.526133659375 0.65595846875 0.5227139671875001 0.6707707828125 0.5290283453125 0.6911736312500001 0.5389811625 0.7001579125 0.5515953578125 0.701955715625 0.5651866125 0.699521425 0.57404571875 0.6915369734375
0 0.7486903546875 0.725170375 0.751184034375 0.7056866109375 0.7405749953125 0.6865210890625 0.7201297875 0.6795721140625 0.711540465625 0.6820467734375 0.6983866984375 0.69126855625 0.6911608765625 0.70520215625 0.6901327765625 0.7183377828124999 0.6919848 0.727680678125 0.701667828125 0.7421747515625 0.723797359375 0.7461693406250001 0.731190884375 0.7445330234374999 0.7448331765625 0.7331951984375 0.7486903546875 0.725170375
0 0.8508872406249999 0.68189946875 0.848109203125 0.667885125 0.8412552515625 0.65850185625 0.8170039171875001 0.6506741625 0.7995554874999999 0.6611332765625 0.79379524375 0.6687187421874999 0.7898870234375 0.6856471046875 0.791739046875 0.6949899984375 0.7995190140624999 0.7090447109375 0.8080572874999999 0.7154735921875 0.8187684187500001 0.7168320328125 0.838338653125 0.7102060265625 0.8469790203124999 0.6988278296875 0.8508872406249999 0.68189946875
0 0.680150821875 0.6313377046875 0.670030309375 0.61005614375 0.664809634375 0.6066220234374999 0.643387378125 0.6039051375 0.6273534859375001 0.6169196515625 0.619588090625 0.6418728359375 0.6214401140625 0.65121573125 0.6330262125 0.6661491625 0.651349609375 0.6692650328124999 0.6606462 0.6680680734375 0.6690167796875001 0.6621996703125 0.679122725 0.644473334375 0.680150821875 0.6313377046875
0 0.7668679593750001 0.629069628125 0.7769739078125 0.611343296875 0.7756614546875 0.5909808171875001 0.7707105656250001 0.5820369109375 0.765978425 0.5764867453125 0.7512424203125 0.5708558406249999 0.73645536875 0.574128475 0.7280847921875 0.5799968796875 0.7174903171875 0.5998392578125 0.7192912984375 0.618085690625 0.7256567234375 0.6295850015625 0.734194996875 0.6360138828124999 0.7468091968749999 0.6378116828125 0.7561057875 0.636614721875 0.7668679593750001 0.629069628125
0 0.8737969874999999 0.591348884375 0.8777052078124999 0.5744205234375 0.8772677249999999 0.5676330328125 0.8680732234375 0.5510229171875001 0.845724953125 0.5436345796875 0.839527221875 0.5444325531249999 0.8239818624999999 0.555331021875 0.816267509375 0.57138066875 0.815727940625 0.58240025 0.8258484515625 0.603681815625 0.8455863859375 0.6093530921875 0.85678604375 0.608595490625 0.8675482203125 0.6010503984375 0.8737969874999999 0.591348884375
0 0.6935306703124999 0.4995824390625 0.6745000046875 0.49518886406249996 0.6517798609375001 0.511117396875 0.6464060593750001 0.5343938921875 0.6551120375 0.5531200546874999 0.66174725 0.559109575 0.6800706421875 0.56222545 0.6987148671875001 0.5509279921875 0.7044751125000001 0.5433425265625 0.7069687921875001 0.523858765625 0.70511676875 0.5145158703125 0.6935306703124999 0.4995824390625
0 0.6105831921875 0.5506406671875 0.6032917578125 0.5344699109375 0.596656546875 0.5284803859375 0.57762588125 0.5240868109375 0.5572973296875 0.5383386578125 0.549531934375 0.5632918421875 0.5527984984375001 0.5751901390625 0.56297005625 0.5875681671875 0.5831965171875 0.591123396875 0.592981634375 0.5878103921875 0.604232334375 0.578149253125 0.607600984375 0.5722404765625 0.6105831921875 0.5506406671875
0 0.8067230406249999 0.49116808125 0.79328491875 0.46689175625 0.7699595921875 0.4637355140625 0.757294353125 0.47084124843749997 0.7515341125 0.47842671406250004 0.746160309375 0.5017032125 0.7494268703125 0.513601509375 0.759598428125 0.5259795375 0.777921825 0.529095409375 0.7853153515625 0.5274590921875 0.7960775234375 0.5199139984375 0.805694940625 0.5043037109374999 0.8067230406249999 0.49116808125
0 0.8855070796875 0.50155590625 0.8986608484374999 0.4923341234375 0.901540971875 0.48854139218750003 0.9069147750000001 0.46526489375 0.9050627484374999 0.4559219984375 0.8986973218750001 0.4444226875 0.8901590484374999 0.4379938109375 0.8768375796875001 0.43491830781249996 0.8663451953125 0.436953609375 0.8579746140625 0.4428220171875 0.849334246875 0.45420021562499996 0.8449375 0.47324461875 0.8564725578125 0.49708158906250005 0.8616932265624999 0.500515703125 0.876210490625 0.5027528625000001 0.8855070796875 0.50155590625
0 0.7352523453125 0.41003168749999996 0.7241547749999999 0.3929822140625 0.7151279671874999 0.3886693796875 0.6994149078125 0.387270565625 0.6891412640625 0.3926996125 0.680989428125 0.40196176718750004 0.677620778125 0.40787054375 0.675127096875 0.4273543078125 0.678393659375 0.43925260312500003 0.6871506796875 0.44907522968749997 0.7092802078125 0.4530698203125 0.7166737296875 0.45143350312499997 0.730804553125 0.4379796296875 0.7352523453125 0.41003168749999996
0 0.6372990765625001 0.4609688 0.6383271765625 0.447833171875 0.63647515 0.4384902765625 0.6248890546875 0.4235568515625 0.6058583890625 0.419163275 0.5924858796875 0.424991309375 0.5831382453125 0.4350918046875 0.5782529703125 0.45625225468749997 0.58505588125 0.4745390609375 0.5969117609375 0.4839626953125 0.6095259578125 0.4857604984375 0.6236057390624999 0.48121016406250006 0.6300732499999999 0.47490240312500004 0.6372990765625001 0.4609688
0 0.530844003125 0.45756560156250004 0.525623334375 0.4541314859375 0.5080072046875 0.45229331093749997 0.499417884375 0.45476797031249994 0.48816718437500006 0.46442911093749994 0.48431000625 0.472453934375 0.481816328125 0.491937696875 0.49383990781250003 0.5136586171874999 0.5159694375 0.5176532078125 0.5209713671875 0.517693578125 0.5374937859375 0.502563021875 0.541941575 0.474615075 0.530844003125 0.45756560156250004
0 0.5160496171875 0.5867654671875 0.51278305625 0.57486716875 0.5059291 0.5654839046875 0.4854839 0.558534925 0.476894578125 0.561009584375 0.46086068593749996 0.5740240984375 0.45700351093749997 0.582048921875 0.45548688437499996 0.59730059375 0.461582525 0.6143096984375 0.46892500468750004 0.6215769203125 0.4872484015625 0.62469279375 0.49464192812499996 0.6230564765625 0.5077956921875 0.61383469375 0.5160496171875 0.5867654671875
0 0.3953762078125 0.6536311140625 0.408041446875 0.646525378125 0.41863592031249997 0.6266829984375 0.4182494796875 0.6109919671874999 0.4104695125 0.5969372546875 0.4019312390625 0.590508375 0.39241590312499997 0.5883115859375 0.3800204484375 0.5899075328125 0.36686668125 0.5991293125 0.3606179140625 0.6088308265625 0.357198221875 0.6236431390625 0.35905024218750003 0.632986034375 0.36683020625 0.64704075 0.37536848749999996 0.653469628125 0.38417654843750004 0.654388715625 0.3953762078125 0.6536311140625
0 0.3379852890625 0.5679443828124999 0.3437455296875 0.56035891875 0.3481422765625 0.541314509375 0.344875715625 0.5294162140625 0.33470415937500003 0.5170381890625 0.31567349375 0.5126446140625001 0.305181103125 0.5146799125 0.296810525 0.52054831875 0.29056175624999997 0.53024983125 0.286165009375 0.5492942359375 0.2962855203125 0.5705758015625 0.306726865625 0.577444034375 0.3117287984375 0.5774844078125 0.32483152187500003 0.577166165625 0.3379852890625 0.5679443828124999
0 0.4367624796875 0.539485790625 0.44252272656249997 0.531900325 0.4474080015625 0.5107398734374999 0.4441414375 0.49884157812499996 0.4339698796875 0.486463553125 0.4149392140625 0.4820699765625 0.40634989375 0.484544634375 0.392707596875 0.4958824625 0.38591925312500003 0.51660355625 0.388697290625 0.5306179 0.39364817812499997 0.5395618109375 0.40028338906250005 0.5455513265625 0.4167037171875 0.54822784375 0.42600030625 0.5470308875 0.4367624796875 0.539485790625
0 0.072226765625 0.5556234671875 0.0779870125 0.5480380015625 0.0828722875 0.5268775515625 0.0810202609375 0.5175346546874999 0.07275177187500001 0.505595984375 0.067531096875 0.5021618671875 0.0423027078125 0.4985662640625 0.0344206546875 0.5023186265625 0.0257802875 0.513696825 0.0204064859375 0.5369733203125 0.0291124640625 0.5556994828125 0.035747676562500004 0.5616890031249999 0.052168003124999994 0.5643655203125 0.057169932812500004 0.5644058875 0.072226765625 0.5556234671875
0 0.1719810171875 0.522932784375 0.178229784375 0.513231275 0.1816494765625 0.4984189578125 0.180285984375 0.48696001874999995 0.1753350984375 0.47801610937500005 0.1686998875 0.4720265890625 0.1477661515625 0.46719365625 0.13917683125 0.469668315625 0.1250460109375 0.4831221890625 0.12016073593750001 0.5042826390624999 0.12886671249999998 0.523008803125 0.14072259375 0.5324324375 0.147627590625 0.53291216875 0.161218840625 0.5304778812500001 0.1719810171875 0.522932784375
0 0.2561899015625 0.5011405718749999 0.2717352625 0.4902421046875 0.2804266734375 0.46996036874999997 0.278137165625 0.45382997812500003 0.2731862765625 0.4448860671875 0.26655106562499997 0.4388965515625 0.2513265328125 0.435381690625 0.24322573906249997 0.43574030468749997 0.22816890625 0.4445227296875 0.22240866406249998 0.4521081953125 0.21850044375 0.46903655625 0.22127847968749997 0.48305089843750004 0.22764390625000003 0.494550209375 0.23618217968750002 0.5009790875 0.24499024375 0.5018981734375 0.2561899015625 0.5011405718749999
0 0.0968718859375 0.453214959375 0.103339396875 0.4469071953125 0.10958816874999999 0.43720568281250005 0.11349638749999999 0.4202773203125 0.1116443640625 0.4109344265625 0.10196133593750001 0.3964403546875 0.09674065937500001 0.39300623749999997 0.0772214671875 0.39072870625 0.0662405546875 0.3948800546875 0.0597730390625 0.40118781875 0.0564043921875 0.40709659531250003 0.0524451265625 0.43292849375 0.061639634374999995 0.44953861093749997 0.06686030312499999 0.4529727296875 0.0851837 0.4560886046875 0.0968718859375 0.453214959375
0 0.20841640625000002 0.3998435546875 0.209444503125 0.3867079265625 0.2021530640625 0.37053716875 0.195517853125 0.36454764375000004 0.174584125 0.3597147125 0.157624221875 0.36805777968750003 0.1499098703125 0.384107425 0.14888176875 0.397243053125 0.1556846796875 0.41552985781249996 0.1656374953125 0.42451414062500004 0.1763486265625 0.42587258281249996 0.1899398765625 0.42343829375 0.20070205 0.4158932015625 0.20841640625000002 0.3998435546875
0 0.37246656875 0.45331933125 0.37735184374999997 0.43215888125 0.37549981718750003 0.422815984375 0.3677198546875 0.408761275 0.3624991796875 0.4053271546875 0.3472746484375 0.40181229375000005 0.3367822640625 0.40384759687500005 0.32362849531250004 0.413069378125 0.32025984375 0.41897815468750005 0.3163005828125 0.444810053125 0.3302272328125 0.4669703328125 0.3326188234375 0.465293646875 0.337132228125 0.46745006250000004 0.35452961250000004 0.46589448906250003 0.37246656875 0.45331933125
0 0.3050061765625 0.3374475 0.29766369843749996 0.3301802796875 0.2705322390625 0.32614531874999997 0.2578669984375 0.33325105312500003 0.251618228125 0.3429525640625 0.2477100078125 0.3598809265625 0.25048804062499996 0.37389526875 0.26017107500000003 0.3883893390625 0.2722967421875 0.3923031875 0.29257425000000004 0.38695487968750003 0.3043134765625 0.37517769375 0.308272740625 0.349345796875 0.3050061765625 0.3374475
0 0.13591761093750002 0.3318427859375 0.14270595156250002 0.311121690625 0.1413424546875 0.299662753125 0.1363915671875 0.2907188421875 0.12453568749999999 0.28129520625 0.11311728750000001 0.27865906093750004 0.1026248984375 0.280694359375 0.08995966093749999 0.2878001 0.0817057359375 0.3148693265625 0.0835577578125 0.324212221875 0.08992318125 0.33571153593749997 0.0984614640625 0.34214041093750003 0.1129787234375 0.3443775703125 0.1246669078125 0.341503925 0.13591761093750002 0.3318427859375
0 0.239529034375 0.2911272828125 0.24104565937500003 0.2758756078125 0.23777909843749997 0.2639773125 0.227607540625 0.2515992859375 0.20667380624999998 0.246766353125 0.1863452578125 0.26101819531250003 0.1829766109375 0.266926971875 0.1799944015625 0.2885267796875 0.1906034453125 0.3076923015625 0.1958241140625 0.3111264171875 0.212244446875 0.313802934375 0.2196379671875 0.31216662031250003 0.23279173593750002 0.3029448375 0.239529034375 0.2911272828125
0 0.39542736093749997 0.3538652140625 0.4011876 0.3462797484375 0.406072875 0.3251192984375 0.40422085625 0.315776403125 0.397855428125 0.3042770859375 0.3798018171875 0.295651425 0.3674063640625 0.297247365625 0.35425259531250003 0.3064691484375 0.345561190625 0.3267508859375 0.3455101453125 0.33565442343749996 0.3542161203125 0.3543805859375 0.3646574640625 0.36124882187499996 0.369659396875 0.36128919531250003 0.3784674609375 0.362208278125 0.39542736093749997 0.3538652140625
0 0.3296658609375 0.2740468875 0.338357271875 0.2537651515625 0.33748230156250003 0.240190165625 0.32970234062500003 0.22613545156249998 0.323067128125 0.220145934375 0.3078425953125 0.216631075 0.29735020625 0.2186663734375 0.2841964390625 0.22788815625 0.27643104375 0.2528413390625 0.276868525 0.2596288328125 0.2860630328125 0.27623895 0.2946013078125 0.2826678265625 0.30721550625 0.2844656296875 0.31651209687500004 0.28326867031249997 0.3296658609375 0.2740468875
0 0.17044993125000002 0.20831419843750001 0.17055201874999998 0.1905071234375 0.162772053125 0.1764524078125 0.14471844218750002 0.167826740625 0.1323229875 0.1694226875 0.116777628125 0.1803211546875 0.11096634375 0.196810159375 0.1104267703125 0.2078297421875 0.11581514062500001 0.22356114374999997 0.12576795624999998 0.2325454234375 0.140285221875 0.2347825828125 0.149581809375 0.23358562656249998 0.162735578125 0.2243638453125 0.17044993125000002 0.20831419843750001
0 0.4114831578125 0.2539313640625 0.42414839375 0.2468256265625 0.43278876093749996 0.235447428125 0.4362084515625 0.220635115625 0.433430415625 0.206620771875 0.42706499062500003 0.19512145625 0.42374738437500004 0.1921267 0.40281365625000004 0.1872937671875 0.3853652265625 0.1977528765625 0.379604984375 0.2053383421875 0.3756967640625 0.222266703125 0.377060259375 0.2337256453125 0.3834256828125 0.24522495625000001 0.3914754359375 0.25376988125 0.4002834984375 0.254688965625 0.4114831578125 0.2539313640625
0 0.4927900125 0.3228512203125 0.499038784375 0.3131497078125 0.5024584765625 0.29833739375 0.500606453125 0.2889944984375 0.4895088828125 0.271945021875 0.48238514375 0.268071546875 0.466672084375 0.26667273125 0.44873512812499994 0.2792478875 0.44487795312499995 0.28727271249999997 0.44238427031249994 0.3067564765625 0.44967570781250005 0.3229272359375 0.45631091875 0.3289167546875 0.474634315625 0.33203263125000004 0.4820278421875 0.33039631406250003 0.4927900125 0.3228512203125
0 0.56968555625 0.3718075828125 0.5562474328125 0.34753125625000003 0.53721676875 0.34313768125 0.5286274468750001 0.345612340625 0.5144966281250001 0.3590662140625 0.5091228250000001 0.382342709375 0.5178288015625 0.401068871875 0.5244640125 0.40705839375 0.538981271875 0.4092955515625 0.54398320625 0.409335921875 0.5590400375 0.4005534984375 0.5648002812499999 0.3929680328125 0.56968555625 0.3718075828125
0 0.6568912203124999 0.367423459375 0.6626514609374999 0.35983799375 0.666071153125 0.34502567812499996 0.6647076609375 0.3335667375 0.6583422328124999 0.322067425 0.653610090625 0.31651726406249997 0.6388740859375 0.31088635937500003 0.62169544375 0.31583567968750004 0.6128363359375 0.32382012968749996 0.605070940625 0.348773315625 0.611873846875 0.3670601203125 0.6218266640625 0.37604439843750004 0.6382469953125 0.3787209171875 0.6456405171874999 0.377084596875 0.6568912203124999 0.367423459375
0 0.450915209375 0.4391125859375 0.46934069375 0.424421384375 0.47422596875 0.403260934375 0.4723739453125 0.3939180375 0.46600852187499997 0.382418725 0.459373309375 0.3764292078125 0.44414877812500003 0.37291434687499997 0.4336563875 0.37494964531249997 0.42289421562499996 0.3824947421875 0.41713397187499995 0.39008020781249997 0.412248696875 0.41124065937500004 0.41410072031249995 0.42058355468749997 0.42236921406250005 0.4325222234375 0.4328105578125 0.4393904578125 0.4397155546875 0.43987018750000006 0.450915209375 0.4391125859375
0 0.8220059546874999 0.35985217187499996 0.7967775640625 0.35625657187500004 0.7860153921874999 0.363801665625 0.777375025 0.3751798625 0.7739042875 0.39889571562500004 0.7869049265625 0.4163845515625 0.812840590625 0.4212578515625 0.8300702734375 0.40740499375 0.8358815625 0.39091599062500004 0.835006590625 0.3773410046875 0.8272266281249999 0.36328629375 0.8220059546874999 0.35985217187499996
0 0.9278704125000001 0.38317849375 0.9341191828125 0.37347698125 0.9375388750000001 0.35866466875 0.9361753796875 0.34720572656250004 0.9298099546874999 0.335706415625 0.92317474375 0.3297168953125 0.9060471421875 0.325762678125 0.89984941875 0.3265606515625 0.884304053125 0.3374591203125 0.8760501312500001 0.364528346875 0.8779021546875001 0.3738712421875 0.8856821203124999 0.387925959375 0.9054200546875 0.39359723281250003 0.9147166421874999 0.3924002765625 0.9278704125000001 0.38317849375
0 0.7542538734375 0.33640946562499996 0.7638712953125 0.3207991765625 0.76631393125 0.31021895312500003 0.764950434375 0.29876000937499997 0.7557559296874999 0.28214989375 0.7391168625 0.2760796296875 0.7243298109375 0.2793522640625 0.715959234375 0.285220671875 0.7101989875 0.2928061375 0.701945065625 0.3198753640625 0.704992884375 0.328379915625 0.71826330625 0.34035895781250003 0.736586703125 0.34347483125 0.7434917015625 0.3439545625 0.7542538734375 0.33640946562499996
0 0.8389512890624999 0.3125012109375 0.8516165265625 0.30539547031250003 0.8631370125 0.290224540625 0.8655796499999999 0.27964431562500003 0.8642161578125 0.268185375 0.8564361921874999 0.25413066406249996 0.8478979125 0.24770178125000003 0.8383825828125 0.24550499375 0.8181050750000001 0.250853303125 0.8060960609375 0.268140278125 0.8036534234375001 0.278720503125 0.804528390625 0.29229549062500004 0.810893815625 0.3037948015625 0.82514129375 0.31154175156249997 0.8301432265625 0.31158212343749997 0.8389512890624999 0.3125012109375
0 0.9657203375 0.2626446671875 0.9682140218749999 0.24316090156249998 0.96494745625 0.2312626046875 0.9547758984374999 0.2188845765625 0.9333536421874999 0.2161676890625 0.9159052125 0.22662680000000002 0.9101449703125001 0.234212265625 0.907651290625 0.25369603125 0.9118438640625 0.27026577500000004 0.917283275 0.2770936421875 0.9413158734374999 0.2815275859375 0.9487093953124999 0.27989126875000003 0.962351690625 0.26855344375 0.9657203375 0.2626446671875
0 0.7835509578125001 0.1704388609375 0.7645202921875 0.1660452859375 0.7559309703125 0.1685199484375 0.7422886734375 0.179857775 0.737942971875 0.189998640625 0.7354492890625 0.20948240624999998 0.7413261859375 0.223097759375 0.747961396875 0.2290872828125 0.770090928125 0.2330818703125 0.786343559375 0.22346110156250001 0.7921038 0.21587563593749998 0.7960630656250001 0.1900437375 0.7835509578125001 0.1704388609375
0 0.6884923765625001 0.25659114375000003 0.695718203125 0.242657540625 0.6977233578125001 0.225289821875 0.685699771875 0.2035689 0.6666691078125 0.199175325 0.6580797859375 0.2016499859375 0.6473176140625 0.2091950796875 0.6415573718750001 0.21678054531250002 0.636672096875 0.23794099531250001 0.6385241203125 0.24728389062499997 0.6448895421875 0.2587832046875 0.6515247546875 0.264772721875 0.66604201875 0.2670098828125 0.67963326875 0.26457559375 0.6884923765625001 0.25659114375000003
0 0.5882496015625 0.29139786875 0.59400984375 0.283812403125 0.59889511875 0.262651953125 0.5970430953125 0.25330905625 0.5892631296874999 0.239254340625 0.5707209921875 0.23274472343750002 0.5602286078125001 0.2347800234375 0.5446832421875001 0.24567849375 0.537894903125 0.2663995875 0.5392583984375 0.2778585265625 0.547038365625 0.29191324218750003 0.5503559703125 0.29490800156249997 0.57058243125 0.2984632328125 0.5798790203124999 0.297266275 0.5882496015625 0.29139786875
0 0.620827815625 0.176333459375 0.6280536375 0.1623998609375 0.6290817375 0.1492642328125 0.615643615625 0.12498790625 0.59661295 0.12059433125 0.586120565625 0.122629634375 0.5772614578125 0.130614084375 0.5710126859375 0.140315596875 0.56759299375 0.1551279109375 0.5703710265625 0.169142253125 0.5753219140625 0.1780861625 0.5890808640625 0.18794915625 0.594082796875 0.1879895296875 0.60528245 0.18723193124999998 0.620827815625 0.176333459375
0 0.52301310625 0.1615520625 0.500664834375 0.154163728125 0.48370493437500006 0.1625067921875 0.47506457187500006 0.173884990625 0.47164487812500006 0.1886973078125 0.47300837500000004 0.2001562484375 0.48078834062500003 0.2142109625 0.4874235515625 0.220200484375 0.500037746875 0.22199828593749998 0.5112374046875 0.22124068281249998 0.524391171875 0.21201890156249997 0.533133621875 0.1828336265625 0.52301310625 0.1615520625
0 0.4591182 0.13008453125 0.462975378125 0.12205970937499999 0.46541801562499996 0.11147948593749998 0.4640545203125 0.1000205421875 0.4515424125 0.08041566875 0.43441480937500004 0.07646145 0.42582548906250006 0.07893610625 0.41506331718749995 0.08648120312499999 0.40930307499999996 0.09406666875 0.40490632812499994 0.1131110734375 0.40675834999999994 0.12245396875 0.41453831562500004 0.136508684375 0.4280785234375 0.142977934375 0.4454759078125 0.1414223609375 0.4591182 0.13008453125
0 0.365612721875 0.153073703125 0.3685438875 0.14037743125 0.3666918671875 0.1310345375 0.358911903125 0.116979821875 0.350373621875 0.110550946875 0.337052159375 0.1074754453125 0.318189190625 0.11537915000000001 0.3066176609375 0.1394536203125 0.30656662031250004 0.14835715625 0.31385805312500004 0.16452791875 0.33261893593749997 0.17443128593749999 0.3457216609375 0.174113040625 0.358875428125 0.164891259375 0.365612721875 0.153073703125
0 0.2999022703125 0.0643518421875 0.29407641406249996 0.041832945312499994 0.284123596875 0.0328486671875 0.270802134375 0.029773165624999997 0.2548192890625 0.0338841390625 0.242810275 0.051171117187500004 0.23987910937499998 0.0638673875 0.24124260625 0.075326325 0.25092563437500004 0.0898203984375 0.2561463109375 0.093254515625 0.2725666375 0.09593103124999999 0.2799601625 0.09429471874999999 0.2936024546875 0.08295688906250001 0.2999022703125 0.0643518421875
0 0.20019906718749997 0.08813898437499999 0.1929076296875 0.071968225 0.18627241875 0.0659787046875 0.1772456109375 0.0616658734375 0.165338684375 0.0611457703125 0.1483787875 0.0694888390625 0.14017590468750002 0.08765452812499999 0.139636334375 0.0986741125 0.1429028953125 0.11057240937499999 0.15307445625 0.12295043593749999 0.1752039859375 0.126945025 0.18906501874999998 0.119000946875 0.194825265625 0.11141548125 0.20019906718749997 0.08813898437499999