0 0.10972576249999999 0.083984375 0.0979272984375 0.083984375 0.0778698984375 0.09667968906249999 0.0731505109375 0.10449218906249999 0.0731505109375 0.11816406093750001 0.0802295921875 0.1279296890625 0.0932079109375 0.13671875 0.115625 0.1376953109375 0.1297831625 0.1298828109375 0.1368622453125 0.12011718906249999 0.1392219390625 0.10839843906249999 0.1345025515625 0.09863281093750001 0.1215242375 0.087890625 0.10972576249999999 0.083984375
0 0.197034440625 0.0859375 0.1852359671875 0.0859375 0.17343750156249998 0.08984375 0.162818878125 0.09863281093750001 0.1580994890625 0.11425781093750001 0.162818878125 0.1259765609375 0.1757971921875 0.13671875 0.18759566562500002 0.140625 0.19821428593749998 0.1396484390625 0.20647321562499998 0.138671875 0.2265306125 0.12402343906249999 0.22889030625 0.11230468906249999 0.221811225 0.10058593906249999 0.20883290625 0.08984375 0.197034440625 0.0859375
0 0.265465559375 0.0859375 0.25602678437500004 0.08984375 0.24540816250000003 0.10058593906249999 0.24304846875 0.11816406093750001 0.26074617187500004 0.138671875 0.2678252578125 0.140625 0.290242346875 0.1396484390625 0.300860971875 0.13671875 0.3091198984375 0.1298828109375 0.3114795921875 0.10644531093750001 0.29614158437500004 0.08984375 0.279623721875 0.083984375 0.265465559375 0.0859375
0 0.3692920890625 0.0859375 0.3551339265625 0.0859375 0.3409757625 0.08984375 0.3279974484375 0.10449218906249999 0.3279974484375 0.11816406093750001 0.3327168375 0.1259765609375 0.3480548484375 0.138671875 0.3551339265625 0.140625 0.3751913265625 0.1396484390625 0.38580995156250003 0.13671875 0.394068878125 0.1279296890625 0.39642857187499997 0.10839843906249999 0.391709184375 0.09863281093750001 0.3810905625 0.08984375 0.3692920890625 0.0859375
0 0.4589604578125 0.0859375 0.437723215625 0.0859375 0.43064413124999995 0.087890625 0.41766581562500005 0.10253906093750001 0.41766581562500005 0.12011718906249999 0.43064413124999995 0.13671875 0.453061225 0.1396484390625 0.4613201546875 0.138671875 0.47429846875 0.1318359390625 0.4813775515625 0.11816406093750001 0.4813775515625 0.10253906093750001 0.4683992328125 0.08984375 0.4589604578125 0.0859375
0 0.5155931109375 0.087890625 0.5002551015625001 0.10253906093750001 0.5002551015625001 0.11816406093750001 0.507334184375 0.1298828109375 0.507334184375 0.1357421890625 0.5203124984375 0.138671875 0.5427295921875 0.1376953109375 0.5568877546875 0.1318359390625 0.5639668375 0.11621093906249999 0.5639668375 0.10253906093750001 0.550988521875 0.08984375 0.541549746875 0.0859375 0.5155931109375 0.087890625
0 0.6312181140625001 0.0859375 0.619419640625 0.083984375 0.6029017875 0.0859375 0.587563775 0.09863281093750001 0.58520408125 0.10644531093750001 0.587563775 0.12207031093750001 0.6029017875 0.13671875 0.6253188781250001 0.1376953109375 0.6359375015625 0.134765625 0.646556121875 0.12402343906249999 0.6512755109375 0.11425781093750001 0.648915815625 0.10253906093750001 0.644196428125 0.09472656093750001 0.6312181140625001 0.0859375
0 0.7090880078125 0.083984375 0.6949298453125 0.083984375 0.6772321421874999 0.09277343906249999 0.6677933671875 0.11035156093750001 0.6725127546875 0.12402343906249999 0.68549106875 0.134765625 0.70554846875 0.1376953109375 0.7185267843750001 0.134765625 0.7291454078124999 0.1259765609375 0.7338647953125 0.11621093906249999 0.7338647953125 0.10449218906249999 0.7185267843750001 0.087890625 0.7090880078125 0.083984375
0 0.779878825 0.083984375 0.7704400484375 0.087890625 0.759821428125 0.09863281093750001 0.757461734375 0.10449218906249999 0.759821428125 0.12011718906249999 0.7704400484375 0.1328125 0.782238521875 0.13671875 0.79757653125 0.1357421890625 0.8105548484374999 0.130859375 0.818813775 0.12207031093750001 0.82117346875 0.10058593906249999 0.8164540812500001 0.09277343906249999 0.8034757625 0.083984375 0.779878825 0.083984375
0 0.8624681140625 0.083984375 0.8447704078125 0.09863281093750001 0.8447704078125 0.11621093906249999 0.860108415625 0.1328125 0.8671875015625 0.134765625 0.8872448984375 0.1337890609375 0.895503828125 0.130859375 0.9061224484375 0.12011718906249999 0.9061224484375 0.09863281093750001 0.89314413125 0.0859375 0.8837053546875 0.08203125 0.8624681140625 0.083984375
0 0.8129145390625 0.146484375 0.80229591875 0.1611328109375 0.8046556125000001 0.1806640609375 0.8199936250000001 0.193359375 0.8471301015625 0.1923828109375 0.8553890281250001 0.189453125 0.866007653125 0.1767578109375 0.8636479593749999 0.1552734390625 0.8459502531249999 0.142578125 0.8341517875 0.140625 0.8129145390625 0.146484375
0 0.742123721875 0.140625 0.72560586875 0.146484375 0.7149872453125 0.1611328109375 0.7173469390625 0.1787109390625 0.7350446453124999 0.193359375 0.759821428125 0.1923828109375 0.7680803593750001 0.189453125 0.7786989796875 0.1767578109375 0.7810586734375 0.1650390609375 0.7763392859375 0.1533203109375 0.7562818859375 0.140625 0.742123721875 0.140625
0 0.668973215625 0.142578125 0.6477359671875 0.14453125 0.634757653125 0.1533203109375 0.630038265625 0.1611328109375 0.630038265625 0.1767578109375 0.6477359671875 0.193359375 0.6524553546875 0.1953125 0.6725127546875 0.1943359390625 0.68667091875 0.1865234390625 0.69375 0.1728515609375 0.69375 0.1611328109375 0.6890306125000001 0.1533203109375 0.67605229375 0.14453125 0.668973215625 0.142578125
0 0.5793048484375001 0.140625 0.5627869875 0.142578125 0.5498086734375 0.1513671890625 0.5427295921875 0.1630859390625 0.5427295921875 0.1708984390625 0.5498086734375 0.1845703109375 0.5604272984375 0.193359375 0.5651466859375 0.1953125 0.5828443875 0.1943359390625 0.5934630125 0.19140625 0.6040816328124999 0.1826171890625 0.6088010203125 0.1689453109375 0.6064413265625 0.1591796890625 0.588743625 0.142578125 0.5793048484375001 0.140625
0 0.47547831875 0.14453125 0.46014030625 0.1572265609375 0.4577806125 0.1630859390625 0.46014030625 0.1806640609375 0.46721938749999997 0.1884765609375 0.46721938749999997 0.1923828109375 0.47311862031249996 0.1953125 0.48019770624999997 0.197265625 0.5002551015625001 0.1962890609375 0.5085140328125 0.193359375 0.519132653125 0.1826171890625 0.521492346875 0.1611328109375 0.514413265625 0.1513671890625 0.501434946875 0.14453125 0.47547831875 0.14453125
0 0.4164859671875 0.14453125 0.40704719218749996 0.142578125 0.3905293390625 0.14453125 0.3751913265625 0.1572265609375 0.3728316328125 0.1767578109375 0.38816964062500003 0.193359375 0.397608415625 0.197265625 0.41530612187499993 0.1962890609375 0.42356505312500004 0.193359375 0.43654336718750003 0.1787109390625 0.43890306093750003 0.1689453109375 0.43654336718750003 0.1591796890625 0.4259247421875 0.1484375 0.4164859671875 0.14453125
0 0.3291772984375 0.14453125 0.3032206609375 0.14453125 0.290242346875 0.1533203109375 0.285522959375 0.1611328109375 0.285522959375 0.1767578109375 0.2985012734375 0.193359375 0.3079400484375 0.197265625 0.3279974484375 0.1962890609375 0.3386160734375 0.193359375 0.346875 0.1865234390625 0.3515943875 0.1748046890625 0.34923469375 0.1611328109375 0.3421556125 0.1513671890625 0.3291772984375 0.14453125
0 0.21591199218749998 0.146484375 0.20293367343750002 0.1591796890625 0.2005739796875 0.1787109390625 0.21591199218749998 0.193359375 0.2253507671875 0.197265625 0.24304846875 0.1962890609375 0.25602678437500004 0.19140625 0.2666454078125 0.1806640609375 0.2666454078125 0.1611328109375 0.25602678437500004 0.150390625 0.24422831875 0.14453125 0.21591199218749998 0.146484375
0 0.156919640625 0.14453125 0.13332270156249998 0.146484375 0.11798469375000001 0.1591796890625 0.115625 0.1650390609375 0.11798469375000001 0.1806640609375 0.13332270156249998 0.1953125 0.1404017875 0.197265625 0.160459184375 0.1962890609375 0.174617346875 0.1865234390625 0.179336734375 0.1787109390625 0.181696428125 0.1728515609375 0.179336734375 0.1611328109375 0.166358415625 0.1484375 0.156919640625 0.14453125
0 0.0778698984375 0.2177734390625 0.0731505109375 0.2255859390625 0.0755102046875 0.2412109390625 0.0955676 0.2578125 0.11798469375000001 0.2568359390625 0.1286033140625 0.25390625 0.1392219390625 0.2392578109375 0.1368622453125 0.2216796890625 0.11680484843750001 0.205078125 0.0955676 0.205078125 0.0778698984375 0.2177734390625
0 0.20647321562499998 0.205078125 0.1781568890625 0.203125 0.162818878125 0.2138671890625 0.1580994890625 0.2216796890625 0.1580994890625 0.2373046890625 0.17343750156249998 0.25390625 0.182876278125 0.2578125 0.19821428593749998 0.2568359390625 0.21355229375 0.25390625 0.2170918375 0.2509765609375 0.22417091875 0.2373046890625 0.22417091875 0.2216796890625 0.2170918375 0.2119140609375 0.20647321562499998 0.205078125
0 0.25366709374999996 0.208984375 0.2477678578125 0.2158203109375 0.24304846875 0.2255859390625 0.24304846875 0.2353515609375 0.2477678578125 0.2431640609375 0.26074617187500004 0.25390625 0.265465559375 0.255859375 0.290242346875 0.2548828109375 0.3067602046875 0.2451171890625 0.3091198984375 0.2392578109375 0.3067602046875 0.2197265609375 0.2914221953125 0.205078125 0.265465559375 0.203125 0.25366709374999996 0.208984375
0 0.3480548484375 0.203125 0.3327168375 0.2158203109375 0.3303571421875 0.2216796890625 0.3327168375 0.2412109390625 0.3456951515625 0.25390625 0.37047193906250003 0.2548828109375 0.3810905625 0.251953125 0.391709184375 0.2431640609375 0.394068878125 0.2197265609375 0.374011478125 0.203125 0.3645727015625 0.201171875 0.3480548484375 0.203125
0 0.45424106875000003 0.201171875 0.44008290624999996 0.201171875 0.428284440625 0.205078125 0.41766581562500005 0.2158203109375 0.41530612187499993 0.2333984390625 0.428284440625 0.25 0.44480229375 0.255859375 0.453061225 0.2548828109375 0.4613201546875 0.25390625 0.4766581625 0.2431640609375 0.47901785781250006 0.2197265609375 0.4766581625 0.2138671890625 0.4683992328125 0.20703125 0.45424106875000003 0.201171875
0 0.5179528078125 0.203125 0.5049744890625 0.2138671890625 0.5026147953125 0.2353515609375 0.507334184375 0.2431640609375 0.5226721953125 0.25390625 0.5474489796875 0.2529296890625 0.5616071421875 0.2470703109375 0.568686225 0.2294921890625 0.56632653125 0.2197265609375 0.5592474484375 0.2099609390625 0.5439094375 0.201171875 0.5179528078125 0.203125
0 0.605261478125 0.203125 0.5922831625 0.2119140609375 0.587563775 0.2197265609375 0.587563775 0.2353515609375 0.6005420890625001 0.251953125 0.607621175 0.25390625 0.630038265625 0.2529296890625 0.6406568890625 0.248046875 0.648915815625 0.2392578109375 0.6512755109375 0.2177734390625 0.6335778046875 0.203125 0.6264987265624999 0.201171875 0.605261478125 0.203125
0 0.7043686203124999 0.19921875 0.6902104578125 0.203125 0.6795918375000001 0.2119140609375 0.6748724484374999 0.2216796890625 0.6748724484374999 0.2333984390625 0.6902104578125 0.25 0.70200893125 0.25390625 0.7149872453125 0.2529296890625 0.72560586875 0.25 0.7338647953125 0.2431640609375 0.738584184375 0.2353515609375 0.738584184375 0.2158203109375 0.723246171875 0.203125 0.7043686203124999 0.19921875
0 0.798756375 0.19921875 0.7869579109375 0.19921875 0.7751594374999999 0.203125 0.764540815625 0.2119140609375 0.759821428125 0.2216796890625 0.759821428125 0.2314453109375 0.764540815625 0.2431640609375 0.7704400484375 0.248046875 0.7869579109375 0.25390625 0.799936225 0.2529296890625 0.8081951515625001 0.25 0.82117346875 0.2392578109375 0.8258928578125 0.2255859390625 0.818813775 0.2099609390625 0.8105548484374999 0.203125 0.798756375 0.19921875
0 0.890784440625 0.201171875 0.8671875015625 0.19921875 0.8577487265625001 0.203125 0.8471301015625 0.2138671890625 0.8447704078125 0.2353515609375 0.8518494890625 0.2451171890625 0.8624681140625 0.251953125 0.8671875015625 0.25390625 0.8848852046875001 0.2529296890625 0.890784440625 0.251953125 0.9037627546874999 0.2431640609375 0.9084821421875 0.2333984390625 0.9084821421875 0.2197265609375 0.9061224484375 0.2138671890625 0.890784440625 0.201171875
0 0.8459502531249999 0.259765625 0.8223533140624999 0.259765625 0.80701530625 0.2705078109375 0.80229591875 0.2783203109375 0.80229591875 0.2919921890625 0.809375 0.3037109390625 0.8199936250000001 0.310546875 0.8400510203125 0.3115234390625 0.8553890281250001 0.306640625 0.8612882656249999 0.3017578109375 0.866007653125 0.2939453109375 0.866007653125 0.2763671890625 0.8565688781249999 0.2646484390625 0.8459502531249999 0.259765625
0 0.7515624984375 0.2578125 0.7374043343750001 0.259765625 0.7197066328124999 0.2763671890625 0.7173469390625 0.2841796890625 0.7197066328124999 0.2939453109375 0.7350446453124999 0.310546875 0.759821428125 0.3115234390625 0.7704400484375 0.30859375 0.7810586734375 0.2978515609375 0.7834183671875 0.2861328109375 0.7810586734375 0.2744140609375 0.763360971875 0.259765625 0.7515624984375 0.2578125
0 0.6571747421875 0.2578125 0.637117346875 0.2705078109375 0.632397959375 0.2783203109375 0.632397959375 0.2900390609375 0.637117346875 0.2998046890625 0.6477359671875 0.30859375 0.66189413125 0.3125 0.6701530609375 0.3115234390625 0.68549106875 0.306640625 0.69139030625 0.3017578109375 0.6984693875 0.2822265609375 0.68549106875 0.263671875 0.67133290625 0.2578125 0.6571747421875 0.2578125
0 0.5863839265624999 0.259765625 0.567506375 0.259765625 0.5580676 0.263671875 0.5498086734375 0.2724609390625 0.5450892859375001 0.2822265609375 0.5450892859375001 0.2900390609375 0.5521683671875001 0.3037109390625 0.5580676 0.30859375 0.5745854609375 0.314453125 0.58520408125 0.3134765609375 0.5958227015625 0.310546875 0.6064413265625 0.3017578109375 0.6111607140624999 0.2919921890625 0.6111607140624999 0.2802734390625 0.5958227015625 0.263671875 0.5863839265624999 0.259765625
0 0.501434946875 0.259765625 0.48255739531249997 0.259765625 0.47311862031249996 0.263671875 0.46014030625 0.2763671890625 0.46014030625 0.2939453109375 0.46485969374999997 0.3056640609375 0.47075893124999996 0.310546875 0.49553571406249997 0.3134765609375 0.5037946453125 0.3125 0.516772959375 0.3056640609375 0.523852040625 0.2939453109375 0.523852040625 0.2783203109375 0.510873721875 0.263671875 0.501434946875 0.259765625
0 0.3775510203125 0.2724609390625 0.3728316328125 0.2919921890625 0.3799107140625 0.3056640609375 0.38580995156250003 0.310546875 0.3952487265625 0.314453125 0.41766581562500005 0.3134765609375 0.4341836734375 0.3017578109375 0.43890306093750003 0.2822265609375 0.4341836734375 0.2744140609375 0.4164859671875 0.26171875 0.397608415625 0.259765625 0.3775510203125 0.2724609390625
0 0.3079400484375 0.26171875 0.29614158437500004 0.267578125 0.287882653125 0.2763671890625 0.285522959375 0.2958984390625 0.300860971875 0.314453125 0.3256377546875 0.3154296890625 0.3409757625 0.310546875 0.34923469375 0.3037109390625 0.3515943875 0.2841796890625 0.346875 0.2744140609375 0.3338966859375 0.263671875 0.3079400484375 0.26171875
0 0.2371492328125 0.26171875 0.2277104578125 0.26171875 0.21827168125 0.263671875 0.2052933671875 0.2724609390625 0.2005739796875 0.2802734390625 0.2005739796875 0.2958984390625 0.2052933671875 0.3056640609375 0.21591199218749998 0.314453125 0.23832908125 0.3154296890625 0.24894770624999998 0.3125 0.2642857140625 0.3017578109375 0.2666454078125 0.2841796890625 0.2642857140625 0.2783203109375 0.24894770624999998 0.265625 0.2371492328125 0.26171875
0 0.142761478125 0.26171875 0.1309630125 0.265625 0.11798469375000001 0.2763671890625 0.115625 0.2958984390625 0.12270408125000001 0.3076171890625 0.1309630125 0.3125 0.1404017875 0.31640625 0.15573979531249998 0.3154296890625 0.17225765312500002 0.3095703109375 0.179336734375 0.2998046890625 0.181696428125 0.2861328109375 0.179336734375 0.2783203109375 0.166358415625 0.265625 0.142761478125 0.26171875
0 0.0731505109375 0.3388671890625 0.0731505109375 0.3564453109375 0.08612882499999999 0.37109375 0.1026466859375 0.376953125 0.106186225 0.3759765609375 0.1215242375 0.373046875 0.1345025515625 0.3623046890625 0.1368622453125 0.3408203109375 0.1215242375 0.32421875 0.0932079109375 0.322265625 0.0731505109375 0.3388671890625
0 0.17343750156249998 0.32421875 0.160459184375 0.3349609390625 0.15573979531249998 0.3447265609375 0.15573979531249998 0.3525390609375 0.162818878125 0.3662109390625 0.16871811406249998 0.37109375 0.1852359671875 0.376953125 0.1958545921875 0.3759765609375 0.20647321562499998 0.373046875 0.21945153125 0.3603515609375 0.221811225 0.3388671890625 0.20411351875 0.32421875 0.18051657968749998 0.322265625 0.17343750156249998 0.32421875
0 0.270184946875 0.3203125 0.25838648124999997 0.32421875 0.2477678578125 0.3330078109375 0.24304846875 0.3427734390625 0.24304846875 0.3525390609375 0.2477678578125 0.3623046890625 0.26074617187500004 0.373046875 0.2678252578125 0.375 0.287882653125 0.3740234390625 0.2937818859375 0.373046875 0.3067602046875 0.3623046890625 0.3091198984375 0.3408203109375 0.2937818859375 0.32421875 0.2843431109375 0.3203125 0.270184946875 0.3203125
0 0.3716517875 0.3203125 0.3527742375 0.3203125 0.337436225 0.3291015609375 0.3303571421875 0.3408203109375 0.3303571421875 0.3505859390625 0.33507653125000003 0.3623046890625 0.3409757625 0.369140625 0.35041453906250003 0.373046875 0.3751913265625 0.3720703109375 0.3810905625 0.37109375 0.391709184375 0.3623046890625 0.39642857187499997 0.3525390609375 0.39642857187499997 0.3408203109375 0.3810905625 0.32421875 0.3716517875 0.3203125
0 0.4589604578125 0.3203125 0.43300382812500005 0.322265625 0.41766581562500005 0.3349609390625 0.41530612187499993 0.3408203109375 0.41766581562500005 0.3564453109375 0.42238520468749996 0.3642578109375 0.437723215625 0.373046875 0.4625 0.3720703109375 0.4766581625 0.3623046890625 0.4813775515625 0.3544921890625 0.4837372453125 0.3466796890625 0.4813775515625 0.3388671890625 0.4766581625 0.3310546890625 0.4589604578125 0.3203125
0 0.5226721953125 0.3203125 0.5049744890625 0.3349609390625 0.5026147953125 0.3408203109375 0.5049744890625 0.3564453109375 0.509693878125 0.3642578109375 0.5250318859374999 0.373046875 0.5474489796875 0.3720703109375 0.5639668375 0.3623046890625 0.568686225 0.3544921890625 0.568686225 0.3388671890625 0.5616071421875 0.3291015609375 0.546269134375 0.3203125 0.5226721953125 0.3203125
0 0.605261478125 0.322265625 0.5970025515625 0.3291015609375 0.5922831625 0.3369140609375 0.5922831625 0.3544921890625 0.605261478125 0.369140625 0.6170599515624999 0.373046875 0.632397959375 0.3720703109375 0.6430165796875 0.369140625 0.6536352046875 0.3583984390625 0.6559948984374999 0.3369140609375 0.6406568890625 0.322265625 0.6170599515624999 0.318359375 0.605261478125 0.322265625
0 0.723246171875 0.3203125 0.6996492328125 0.318359375 0.6925701546874999 0.3203125 0.6772321421874999 0.3349609390625 0.6748724484374999 0.3427734390625 0.6772321421874999 0.3564453109375 0.68195153125 0.3642578109375 0.6902104578125 0.369140625 0.7043686203124999 0.373046875 0.7149872453125 0.3720703109375 0.723246171875 0.37109375 0.7338647953125 0.3642578109375 0.7409438781250001 0.3505859390625 0.7409438781250001 0.3388671890625 0.7362244890625 0.3310546890625 0.723246171875 0.3203125
0 0.7893176000000001 0.318359375 0.7751594374999999 0.322265625 0.764540815625 0.3330078109375 0.762181121875 0.3544921890625 0.7751594374999999 0.369140625 0.7893176000000001 0.373046875 0.79757653125 0.3720703109375 0.8105548484374999 0.369140625 0.8235331625000001 0.3583984390625 0.8258928578125 0.3388671890625 0.8176339265625 0.326171875 0.8058354609375 0.3203125 0.7893176000000001 0.318359375
0 0.8719068890624999 0.31640625 0.854209184375 0.3251953109375 0.8471301015625 0.3369140609375 0.8471301015625 0.3505859390625 0.8518494890625 0.3603515609375 0.860108415625 0.3671875 0.8742665796875 0.37109375 0.8872448984375 0.3701171890625 0.89314413125 0.369140625 0.9084821421875 0.3564453109375 0.9108418374999999 0.3349609390625 0.9002232156250001 0.322265625 0.890784440625 0.318359375 0.8719068890624999 0.31640625
0 0.8435905625 0.376953125 0.8247130125 0.37890625 0.8164540812500001 0.3837890609375 0.80701530625 0.3955078109375 0.809375 0.4150390609375 0.8247130125 0.4296875 0.8471301015625 0.4306640609375 0.8577487265625001 0.427734375 0.868367346875 0.4189453109375 0.8730867343750001 0.4111328109375 0.8707270406250001 0.3916015609375 0.8530293390624999 0.37890625 0.8435905625 0.376953125
0 0.7350446453124999 0.380859375 0.7244260203125 0.3896484390625 0.7220663265625 0.4169921890625 0.7397640328125 0.431640625 0.759821428125 0.4326171890625 0.7704400484375 0.4296875 0.7834183671875 0.4189453109375 0.7857780609375 0.3974609390625 0.772799746875 0.3828125 0.7492028078125 0.376953125 0.7350446453124999 0.380859375
0 0.664253828125 0.376953125 0.6524553546875 0.37890625 0.639477040625 0.3876953109375 0.632397959375 0.4013671890625 0.632397959375 0.4091796890625 0.637117346875 0.4208984390625 0.6430165796875 0.42578125 0.654815053125 0.431640625 0.6725127546875 0.4326171890625 0.6831313796875 0.4296875 0.69610969375 0.4189453109375 0.6984693875 0.3955078109375 0.68549106875 0.3828125 0.67605229375 0.37890625 0.664253828125 0.376953125
0 0.5981824 0.380859375 0.5722257625 0.37890625 0.5627869875 0.3828125 0.5545280609375001 0.3916015609375 0.5498086734375 0.3994140609375 0.5498086734375 0.4111328109375 0.5568877546875 0.4228515609375 0.5698660734375001 0.431640625 0.5922831625 0.4326171890625 0.6029017875 0.4296875 0.6088010203125 0.4248046890625 0.6158801015625001 0.4150390609375 0.6182397953125001 0.4013671890625 0.6111607140624999 0.3896484390625 0.5981824 0.380859375
0 0.48491709375000003 0.37890625 0.46721938749999997 0.3896484390625 0.46014030625 0.4033203109375 0.46014030625 0.4111328109375 0.46721938749999997 0.4248046890625 0.47311862031249996 0.4296875 0.48255739531249997 0.43359375 0.507334184375 0.4326171890625 0.523852040625 0.4208984390625 0.528571428125 0.4111328109375 0.528571428125 0.4013671890625 0.521492346875 0.3896484390625 0.5085140328125 0.380859375 0.48491709375000003 0.37890625
0 0.3775510203125 0.3935546890625 0.3728316328125 0.4052734390625 0.3799107140625 0.4267578109375 0.39288902812500004 0.43359375 0.42238520468749996 0.4326171890625 0.4341836734375 0.4248046890625 0.4412627546875 0.4111328109375 0.43654336718750003 0.3935546890625 0.4164859671875 0.380859375 0.3905293390625 0.3828125 0.3775510203125 0.3935546890625
0 0.3291772984375 0.380859375 0.31265943749999997 0.380859375 0.294961734375 0.3876953109375 0.285522959375 0.3994140609375 0.285522959375 0.4130859390625 0.292602040625 0.4248046890625 0.300860971875 0.431640625 0.315019134375 0.435546875 0.3232780609375 0.4345703109375 0.336256375 0.431640625 0.346875 0.4228515609375 0.3515943875 0.4130859390625 0.3515943875 0.3994140609375 0.3386160734375 0.384765625 0.3291772984375 0.380859375
0 0.24894770624999998 0.384765625 0.2300701546875 0.380859375 0.21591199218749998 0.384765625 0.2052933671875 0.3916015609375 0.2005739796875 0.3994140609375 0.2005739796875 0.4169921890625 0.20293367343750002 0.4228515609375 0.21591199218749998 0.43359375 0.2277104578125 0.4375 0.23596938750000002 0.4365234390625 0.24894770624999998 0.43359375 0.2619260203125 0.4228515609375 0.2666454078125 0.4150390609375 0.2666454078125 0.4033203109375 0.2619260203125 0.3955078109375 0.24894770624999998 0.384765625
0 0.13804208906249998 0.3828125 0.1286033140625 0.384765625 0.115625 0.3955078109375 0.1109056125 0.4111328109375 0.115625 0.4228515609375 0.1238839265625 0.431640625 0.1404017875 0.4375 0.1486607140625 0.4365234390625 0.161639028125 0.43359375 0.174617346875 0.4228515609375 0.176977040625 0.4013671890625 0.1639987265625 0.38671875 0.15220025312500002 0.3828125 0.13804208906249998 0.3828125
0 0.1120854609375 0.443359375 0.0979272984375 0.443359375 0.08612882499999999 0.447265625 0.0755102046875 0.4560546890625 0.070790815625 0.4638671890625 0.070790815625 0.4775390609375 0.08612882499999999 0.494140625 0.0955676 0.498046875 0.115625 0.4970703109375 0.1286033140625 0.490234375 0.1345025515625 0.4833984390625 0.1368622453125 0.4638671890625 0.1345025515625 0.4580078109375 0.1215242375 0.447265625 0.1120854609375 0.443359375
0 0.20411351875 0.4453125 0.182876278125 0.44140625 0.1710778046875 0.4453125 0.1580994890625 0.4560546890625 0.15338010156249998 0.4716796890625 0.1580994890625 0.4833984390625 0.166358415625 0.4921875 0.18051657968749998 0.498046875 0.1958545921875 0.4970703109375 0.21119260468749998 0.490234375 0.2170918375 0.4833984390625 0.221811225 0.4755859390625 0.221811225 0.4638671890625 0.2147321421875 0.4521484390625 0.20411351875 0.4453125
0 0.2867028078125 0.44140625 0.26074617187500004 0.443359375 0.2477678578125 0.4521484390625 0.24304846875 0.4599609390625 0.24540816250000003 0.4814453109375 0.26074617187500004 0.494140625 0.2725446453125 0.498046875 0.278443878125 0.4970703109375 0.2867028078125 0.49609375 0.2985012734375 0.490234375 0.3114795921875 0.4736328109375 0.3114795921875 0.4658203109375 0.3044005109375 0.4521484390625 0.2867028078125 0.44140625
0 0.3551339265625 0.44140625 0.33507653125000003 0.4521484390625 0.3303571421875 0.4599609390625 0.3303571421875 0.4755859390625 0.3409757625 0.490234375 0.3527742375 0.49609375 0.36575255156250003 0.4970703109375 0.38345025312500003 0.4921875 0.394068878125 0.4814453109375 0.39642857187499997 0.4580078109375 0.38580995156250003 0.447265625 0.374011478125 0.44140625 0.3551339265625 0.44140625
0 0.4589604578125 0.439453125 0.44480229375 0.439453125 0.4200255109375 0.4521484390625 0.41766581562500005 0.4716796890625 0.42238520468749996 0.4833984390625 0.43064413124999995 0.490234375 0.44008290624999996 0.494140625 0.453061225 0.4951171890625 0.46367984531250006 0.494140625 0.4813775515625 0.4833984390625 0.48609693906249996 0.4599609390625 0.4837372453125 0.4541015609375 0.4683992328125 0.443359375 0.4589604578125 0.439453125
0 0.5391900484375001 0.4375 0.527391584375 0.439453125 0.5155931109375 0.4453125 0.5049744890625 0.4560546890625 0.5049744890625 0.4775390609375 0.5179528078125 0.490234375 0.527391584375 0.494140625 0.5498086734375 0.4931640609375 0.5580676 0.490234375 0.57104591875 0.4755859390625 0.57104591875 0.4560546890625 0.5557079109374999 0.443359375 0.546269134375 0.439453125 0.5391900484375001 0.4375
0 0.605261478125 0.443359375 0.5970025515625 0.4501953109375 0.5922831625 0.4580078109375 0.5922831625 0.4736328109375 0.5946428578125 0.4794921890625 0.607621175 0.490234375 0.619419640625 0.494140625 0.634757653125 0.4931640609375 0.6477359671875 0.48828125 0.6559948984374999 0.4794921890625 0.6583545921875 0.4560546890625 0.645376278125 0.443359375 0.624139028125 0.4375 0.605261478125 0.443359375
0 0.7185267843750001 0.4375 0.70200893125 0.4375 0.68195153125 0.4521484390625 0.6795918375000001 0.4716796890625 0.68195153125 0.4794921890625 0.6902104578125 0.48828125 0.7090880078125 0.494140625 0.7173469390625 0.4931640609375 0.72560586875 0.4921875 0.7433035718750001 0.4794921890625 0.745663265625 0.4580078109375 0.738584184375 0.4482421890625 0.7279655593750001 0.44140625 0.7185267843750001 0.4375
0 0.7893176000000001 0.439453125 0.7692602046875 0.4521484390625 0.7669005109375 0.4716796890625 0.7716198984375 0.4794921890625 0.7845982125 0.490234375 0.7893176000000001 0.4921875 0.809375 0.4912109390625 0.8223533140624999 0.486328125 0.8306122453125001 0.4775390609375 0.8329719390625 0.4599609390625 0.8199936250000001 0.443359375 0.8105548484374999 0.439453125 0.7893176000000001 0.439453125
0 0.8860650531250001 0.435546875 0.8789859671875 0.435546875 0.8695471921875001 0.4375 0.8565688781249999 0.4462890609375 0.8494897953124999 0.4560546890625 0.8494897953124999 0.4716796890625 0.8648278046875 0.48828125 0.8742665796875 0.4921875 0.8896045921875 0.4912109390625 0.9002232156250001 0.48828125 0.9108418374999999 0.4794921890625 0.915561225 0.4599609390625 0.9108418374999999 0.4501953109375 0.9002232156250001 0.44140625 0.8860650531250001 0.435546875
0 0.8388711750000001 0.498046875 0.8294324 0.5 0.8164540812500001 0.5087890609375 0.809375 0.5185546890625 0.809375 0.5263671890625 0.8164540812500001 0.5419921890625 0.8247130125 0.548828125 0.8388711750000001 0.552734375 0.8447704078125 0.5517578109375 0.8553890281250001 0.55078125 0.868367346875 0.5439453109375 0.875446428125 0.5341796890625 0.875446428125 0.5185546890625 0.860108415625 0.501953125 0.8388711750000001 0.498046875
0 0.7704400484375 0.5 0.763360971875 0.498046875 0.7468431109375 0.5 0.7267857140625 0.5146484390625 0.7244260203125 0.5205078109375 0.7267857140625 0.5361328109375 0.7468431109375 0.552734375 0.7716198984375 0.5517578109375 0.779878825 0.548828125 0.7881377546875 0.5400390609375 0.7904974484375 0.5341796890625 0.7881377546875 0.5126953109375 0.782238521875 0.505859375 0.7704400484375 0.5
0 0.654815053125 0.5 0.637117346875 0.5146484390625 0.634757653125 0.5224609390625 0.637117346875 0.5361328109375 0.641836734375 0.5439453109375 0.6524553546875 0.55078125 0.659534440625 0.552734375 0.68195153125 0.5517578109375 0.70082908125 0.5361328109375 0.703188775 0.5283203109375 0.70082908125 0.5146484390625 0.6949298453125 0.5078125 0.67605229375 0.498046875 0.654815053125 0.5
0 0.5863839265624999 0.498046875 0.5722257625 0.498046875 0.5557079109374999 0.5078125 0.5498086734375 0.5146484390625 0.5474489796875 0.5244140609375 0.5498086734375 0.5380859390625 0.567506375 0.552734375 0.58992346875 0.5537109390625 0.6005420890625001 0.55078125 0.6135204078125 0.5380859390625 0.6158801015625001 0.5185546890625 0.6135204078125 0.5126953109375 0.5981824 0.501953125 0.5863839265624999 0.498046875
0 0.5132334203125 0.50390625 0.5037946453125 0.5 0.48491709375000003 0.5 0.46721938749999997 0.5107421890625 0.4625 0.5205078109375 0.4625 0.5341796890625 0.47311862031249996 0.548828125 0.48491709375000003 0.5546875 0.49789540781249997 0.5556640609375 0.5155931109375 0.55078125 0.523852040625 0.5439453109375 0.528571428125 0.5361328109375 0.528571428125 0.5185546890625 0.523852040625 0.5107421890625 0.5132334203125 0.50390625
0 0.4164859671875 0.501953125 0.39288902812500004 0.50390625 0.3751913265625 0.5205078109375 0.3775510203125 0.5419921890625 0.397608415625 0.556640625 0.4200255109375 0.5556640609375 0.4259247421875 0.5546875 0.4412627546875 0.5400390609375 0.4436224484375 0.5302734390625 0.4412627546875 0.5185546890625 0.42356505312500004 0.50390625 0.4164859671875 0.501953125
0 0.3338966859375 0.50390625 0.315019134375 0.501953125 0.2985012734375 0.5078125 0.290242346875 0.5146484390625 0.285522959375 0.5224609390625 0.285522959375 0.5322265609375 0.290242346875 0.5439453109375 0.3032206609375 0.5546875 0.315019134375 0.55859375 0.3256377546875 0.5576171890625 0.336256375 0.5546875 0.34923469375 0.5439453109375 0.35395408125 0.5361328109375 0.35395408125 0.5224609390625 0.34923469375 0.5146484390625 0.3338966859375 0.50390625
0 0.2300701546875 0.501953125 0.21119260468749998 0.5078125 0.20293367343750002 0.5146484390625 0.19821428593749998 0.5244140609375 0.19821428593749998 0.5341796890625 0.20293367343750002 0.5458984390625 0.21355229375 0.5546875 0.22299106875 0.55859375 0.23832908125 0.5576171890625 0.24422831875 0.556640625 0.2595663265625 0.5458984390625 0.2666454078125 0.5302734390625 0.2595663265625 0.5146484390625 0.2513073953125 0.5078125 0.2300701546875 0.501953125
0 0.1545599515625 0.50390625 0.1356824 0.50390625 0.11798469375000001 0.5146484390625 0.1109056125 0.5283203109375 0.1109056125 0.5361328109375 0.115625 0.5458984390625 0.126243625 0.5546875 0.1356824 0.55859375 0.15573979531249998 0.5576171890625 0.1639987265625 0.5546875 0.174617346875 0.5458984390625 0.179336734375 0.5380859390625 0.179336734375 0.5244140609375 0.1639987265625 0.5078125 0.1545599515625 0.50390625
0 0.1120854609375 0.564453125 0.0932079109375 0.564453125 0.07904974687500001 0.572265625 0.070790815625 0.5810546890625 0.068431121875 0.5966796890625 0.0731505109375 0.6064453109375 0.0908482125 0.619140625 0.11326530625 0.6181640609375 0.11916453906249999 0.6171875 0.1345025515625 0.6025390609375 0.1368622453125 0.5947265609375 0.1345025515625 0.5830078109375 0.1215242375 0.568359375 0.1120854609375 0.564453125
0 0.182876278125 0.564453125 0.16871811406249998 0.568359375 0.1580994890625 0.5771484390625 0.15338010156249998 0.5869140609375 0.15573979531249998 0.6025390609375 0.160459184375 0.6103515609375 0.1757971921875 0.619140625 0.19821428593749998 0.6181640609375 0.20411351875 0.6171875 0.221811225 0.6005859390625 0.21945153125 0.5810546890625 0.20883290625 0.5703125 0.1946747421875 0.564453125 0.182876278125 0.564453125
0 0.2867028078125 0.564453125 0.26074617187500004 0.56640625 0.2477678578125 0.5751953109375 0.24304846875 0.5830078109375 0.24304846875 0.6025390609375 0.25602678437500004 0.615234375 0.265465559375 0.619140625 0.287882653125 0.6181640609375 0.29614158437500004 0.615234375 0.3067602046875 0.6044921890625 0.3114795921875 0.5927734390625 0.3091198984375 0.5830078109375 0.3044005109375 0.5751953109375 0.2867028078125 0.564453125
0 0.3810905625 0.564453125 0.3622130125 0.560546875 0.3433354609375 0.56640625 0.33507653125000003 0.5732421890625 0.3303571421875 0.5927734390625 0.33507653125000003 0.6044921890625 0.3480548484375 0.615234375 0.3728316328125 0.6162109390625 0.378730865625 0.615234375 0.391709184375 0.6064453109375 0.398788265625 0.5927734390625 0.398788265625 0.5830078109375 0.39642857187499997 0.5771484390625 0.3810905625 0.564453125
0 0.43064413124999995 0.56640625 0.42474489843749996 0.5712890609375 0.4200255109375 0.5791015609375 0.4200255109375 0.5966796890625 0.4271045921875 0.6064453109375 0.44008290624999996 0.615234375 0.4577806125 0.6162109390625 0.47075893124999996 0.61328125 0.48609693906249996 0.5986328109375 0.48845663281249996 0.5771484390625 0.47311862031249996 0.564453125 0.45424106875000003 0.55859375 0.43064413124999995 0.56640625
0 0.5533482125 0.560546875 0.5297512734375001 0.55859375 0.507334184375 0.5732421890625 0.5049744890625 0.5830078109375 0.507334184375 0.5986328109375 0.5203124984375 0.611328125 0.5297512734375001 0.615234375 0.5498086734375 0.6142578109375 0.5627869875 0.609375 0.57104591875 0.6005859390625 0.57576530625 0.5869140609375 0.5734056125 0.5751953109375 0.5651466859375 0.56640625 0.5533482125 0.560546875
0 0.605261478125 0.564453125 0.5946428578125 0.5732421890625 0.5922831625 0.5947265609375 0.5970025515625 0.6025390609375 0.609980865625 0.61328125 0.614700253125 0.615234375 0.634757653125 0.6142578109375 0.645376278125 0.611328125 0.6583545921875 0.5966796890625 0.6583545921875 0.5732421890625 0.6382971921875 0.560546875 0.619419640625 0.55859375 0.605261478125 0.564453125
0 0.7303252578125 0.560546875 0.70200893125 0.55859375 0.684311225 0.5712890609375 0.6795918375000001 0.5810546890625 0.6795918375000001 0.5908203109375 0.684311225 0.6005859390625 0.6949298453125 0.609375 0.7043686203124999 0.61328125 0.7220663265625 0.6123046890625 0.732684946875 0.609375 0.745663265625 0.5986328109375 0.748022959375 0.5869140609375 0.745663265625 0.5751953109375 0.7409438781250001 0.5673828109375 0.7303252578125 0.560546875
0 0.7940369875 0.55859375 0.782238521875 0.5625 0.7716198984375 0.5712890609375 0.7669005109375 0.5791015609375 0.7669005109375 0.5927734390625 0.7739795921875 0.6044921890625 0.782238521875 0.611328125 0.7869579109375 0.61328125 0.8117346937500001 0.6123046890625 0.8176339265625 0.611328125 0.8282525515625 0.6025390609375 0.8329719390625 0.5927734390625 0.8329719390625 0.5771484390625 0.8152742375 0.560546875 0.7940369875 0.55859375
0 0.8565688781249999 0.5693359390625 0.8518494890625 0.5771484390625 0.8518494890625 0.5869140609375 0.854209184375 0.5966796890625 0.8695471921875001 0.609375 0.881345665625 0.61328125 0.8896045921875 0.6123046890625 0.9025829062499999 0.609375 0.915561225 0.5986328109375 0.9179209187499999 0.5751953109375 0.9002232156250001 0.55859375 0.8766262781249999 0.556640625 0.8565688781249999 0.5693359390625
0 0.8553890281250001 0.619140625 0.836511478125 0.619140625 0.8270727015625001 0.623046875 0.8140943875 0.6337890609375 0.8140943875 0.6591796890625 0.8317920890625 0.671875 0.8518494890625 0.6728515609375 0.8648278046875 0.669921875 0.875446428125 0.6611328109375 0.880165815625 0.6435546890625 0.875446428125 0.6318359390625 0.8648278046875 0.623046875 0.8553890281250001 0.619140625
0 0.7680803593750001 0.62109375 0.7468431109375 0.62109375 0.7374043343750001 0.625 0.7244260203125 0.6376953109375 0.7244260203125 0.6591796890625 0.7374043343750001 0.671875 0.7468431109375 0.67578125 0.7669005109375 0.6748046890625 0.779878825 0.669921875 0.7881377546875 0.6611328109375 0.7904974484375 0.6552734390625 0.7881377546875 0.6337890609375 0.779878825 0.625 0.7680803593750001 0.62109375
0 0.66661351875 0.619140625 0.6524553546875 0.623046875 0.639477040625 0.6337890609375 0.637117346875 0.6572265609375 0.641836734375 0.6650390609375 0.654815053125 0.673828125 0.6772321421874999 0.6748046890625 0.6925701546874999 0.669921875 0.70082908125 0.6611328109375 0.703188775 0.6357421890625 0.6925701546874999 0.625 0.67605229375 0.619140625 0.66661351875 0.619140625
0 0.5745854609375 0.62109375 0.5651466859375 0.625 0.5521683671875001 0.6357421890625 0.5498086734375 0.6591796890625 0.5627869875 0.671875 0.5722257625 0.67578125 0.5970025515625 0.6748046890625 0.605261478125 0.671875 0.6158801015625001 0.6611328109375 0.6182397953125001 0.6357421890625 0.607621175 0.625 0.5958227015625 0.62109375 0.5745854609375 0.62109375
0 0.48491709375000003 0.623046875 0.47311862031249996 0.62890625 0.46485969374999997 0.6376953109375 0.4625 0.6435546890625 0.46485969374999997 0.6611328109375 0.4778380078125 0.673828125 0.487276784375 0.677734375 0.507334184375 0.6767578109375 0.5155931109375 0.673828125 0.528571428125 0.6630859390625 0.5309311218749999 0.6416015609375 0.526211734375 0.6337890609375 0.5132334203125 0.625 0.48491709375000003 0.623046875
0 0.3999681140625 0.623046875 0.3799107140625 0.6357421890625 0.3775510203125 0.6591796890625 0.3822704078125 0.6669921890625 0.3952487265625 0.67578125 0.4023278046875 0.677734375 0.42238520468749996 0.6767578109375 0.43890306093750003 0.6669921890625 0.4436224484375 0.6591796890625 0.4436224484375 0.6416015609375 0.43654336718750003 0.6318359390625 0.42356505312500004 0.623046875 0.3999681140625 0.623046875
0 0.297321428125 0.6318359390625 0.290242346875 0.6416015609375 0.287882653125 0.6552734390625 0.292602040625 0.6669921890625 0.3032206609375 0.67578125 0.31265943749999997 0.6796875 0.3327168375 0.6787109390625 0.3456951515625 0.673828125 0.35395408125 0.6650390609375 0.356313775 0.6435546890625 0.3433354609375 0.62890625 0.319738521875 0.623046875 0.297321428125 0.6318359390625
0 0.22299106875 0.625 0.21355229375 0.62890625 0.2005739796875 0.6435546890625 0.19821428593749998 0.6513671890625 0.2005739796875 0.6650390609375 0.21119260468749998 0.67578125 0.2206313796875 0.6796875 0.24540816250000003 0.6787109390625 0.2595663265625 0.6708984390625 0.2666454078125 0.6591796890625 0.2642857140625 0.6435546890625 0.2513073953125 0.62890625 0.23950893125 0.625 0.22299106875 0.625
0 0.1498405625 0.625 0.13804208906249998 0.625 0.126243625 0.62890625 0.11326530625 0.6396484390625 0.10854591875 0.6494140609375 0.10854591875 0.6591796890625 0.11798469375000001 0.6728515609375 0.126243625 0.677734375 0.13332270156249998 0.6796875 0.15573979531249998 0.6787109390625 0.17225765312500002 0.6689453109375 0.176977040625 0.6611328109375 0.176977040625 0.6455078109375 0.16989795937500002 0.6337890609375 0.161639028125 0.62890625 0.1498405625 0.625
0 0.1026466859375 0.685546875 0.0908482125 0.685546875 0.070790815625 0.7021484390625 0.068431121875 0.7255859390625 0.0814094375 0.73828125 0.0908482125 0.7421875 0.11326530625 0.7412109390625 0.11916453906249999 0.740234375 0.1297831625 0.7314453109375 0.1345025515625 0.7236328109375 0.1345025515625 0.7060546890625 0.1215242375 0.69140625 0.1026466859375 0.685546875
0 0.1757971921875 0.685546875 0.166358415625 0.689453125 0.15338010156249998 0.7041015609375 0.15573979531249998 0.7294921890625 0.1710778046875 0.740234375 0.2005739796875 0.7392578109375 0.21237244843749997 0.7314453109375 0.21945153125 0.7216796890625 0.21945153125 0.7041015609375 0.20647321562499998 0.689453125 0.1946747421875 0.685546875 0.1757971921875 0.685546875
0 0.26074617187500004 0.6875 0.24540816250000003 0.7021484390625 0.24540816250000003 0.7255859390625 0.25602678437500004 0.736328125 0.265465559375 0.740234375 0.292602040625 0.7392578109375 0.3067602046875 0.7294921890625 0.3114795921875 0.7197265609375 0.3114795921875 0.7060546890625 0.3067602046875 0.6982421890625 0.2890624984375 0.685546875 0.26074617187500004 0.6875
0 0.378730865625 0.685546875 0.3551339265625 0.685546875 0.3433354609375 0.69140625 0.33507653125000003 0.7021484390625 0.3327168375 0.7119140609375 0.33507653125000003 0.7255859390625 0.35041453906250003 0.73828125 0.357493625 0.740234375 0.3775510203125 0.7392578109375 0.38816964062500003 0.736328125 0.398788265625 0.7236328109375 0.401147959375 0.7158203109375 0.398788265625 0.7021484390625 0.391709184375 0.6923828109375 0.378730865625 0.685546875
0 0.44480229375 0.68359375 0.43300382812500005 0.6875 0.42238520468749996 0.6982421890625 0.4200255109375 0.7197265609375 0.43536351875 0.736328125 0.44952168124999997 0.740234375 0.4625 0.7392578109375 0.47901785781250006 0.7314453109375 0.48609693906249996 0.7216796890625 0.48845663281249996 0.7080078109375 0.47547831875 0.689453125 0.4613201546875 0.68359375 0.44480229375 0.68359375
0 0.5179528078125 0.6875 0.507334184375 0.7001953109375 0.5049744890625 0.7099609390625 0.507334184375 0.7197265609375 0.5226721953125 0.736328125 0.5297512734375001 0.73828125 0.5521683671875001 0.7373046890625 0.5604272984375 0.734375 0.5734056125 0.7216796890625 0.5734056125 0.6982421890625 0.5580676 0.685546875 0.527391584375 0.68359375 0.5179528078125 0.6875
0 0.614700253125 0.68359375 0.605261478125 0.6875 0.5946428578125 0.6982421890625 0.5922831625 0.7041015609375 0.5946428578125 0.7236328109375 0.605261478125 0.734375 0.614700253125 0.73828125 0.639477040625 0.7373046890625 0.6583545921875 0.7216796890625 0.6607142859375 0.7119140609375 0.6583545921875 0.7099609390625 0.6583545921875 0.6962890609375 0.6382971921875 0.68359375 0.614700253125 0.68359375
0 0.7043686203124999 0.681640625 0.6972895421875 0.68359375 0.684311225 0.6943359390625 0.6795918375000001 0.7138671890625 0.68195153125 0.7216796890625 0.6902104578125 0.73046875 0.70200893125 0.736328125 0.7173469390625 0.7373046890625 0.7303252578125 0.734375 0.745663265625 0.7236328109375 0.748022959375 0.7001953109375 0.7374043343750001 0.685546875 0.723246171875 0.681640625 0.7043686203124999 0.681640625
0 0.7893176000000001 0.681640625 0.7692602046875 0.6943359390625 0.7692602046875 0.7197265609375 0.782238521875 0.732421875 0.7916772984375 0.736328125 0.8117346937500001 0.7353515609375 0.8199936250000001 0.732421875 0.8353316328125 0.7158203109375 0.8329719390625 0.6943359390625 0.8176339265625 0.681640625 0.8081951515625001 0.6796875 0.7893176000000001 0.681640625
0 0.890784440625 0.6796875 0.8695471921875001 0.68359375 0.8565688781249999 0.6962890609375 0.8565688781249999 0.7177734390625 0.8695471921875001 0.732421875 0.8789859671875 0.736328125 0.8990433671875 0.7353515609375 0.9073022937499999 0.732421875 0.9226403062499999 0.7177734390625 0.9202806125 0.6982421890625 0.915561225 0.6904296890625 0.9025829062499999 0.681640625 0.890784440625 0.6796875
0 0.8412308656249999 0.740234375 0.8270727015625001 0.744140625 0.8140943875 0.7548828109375 0.809375 0.7802734390625 0.8317920890625 0.796875 0.8565688781249999 0.7978515609375 0.8730867343750001 0.7880859390625 0.8778061218750001 0.7802734390625 0.880165815625 0.7666015609375 0.875446428125 0.7548828109375 0.8624681140625 0.744140625 0.8412308656249999 0.740234375
0 0.7492028078125 0.7421875 0.7350446453124999 0.74609375 0.7220663265625 0.7607421890625 0.7220663265625 0.7802734390625 0.7267857140625 0.7880859390625 0.7444834203124999 0.798828125 0.7669005109375 0.7978515609375 0.7751594374999999 0.794921875 0.7881377546875 0.7822265609375 0.7881377546875 0.7568359390625 0.779878825 0.748046875 0.763360971875 0.7421875 0.7492028078125 0.7421875
0 0.68549106875 0.74609375 0.659534440625 0.744140625 0.639477040625 0.7548828109375 0.634757653125 0.7646484390625 0.634757653125 0.7783203109375 0.639477040625 0.7880859390625 0.650095665625 0.796875 0.659534440625 0.80078125 0.6772321421874999 0.7998046890625 0.6902104578125 0.794921875 0.6984693875 0.7861328109375 0.703188775 0.7744140609375 0.70082908125 0.7607421890625 0.69375 0.7509765609375 0.68549106875 0.74609375
0 0.5745854609375 0.744140625 0.5545280609375001 0.7568359390625 0.5498086734375 0.7646484390625 0.5498086734375 0.7783203109375 0.5592474484375 0.7919921890625 0.5698660734375001 0.798828125 0.58992346875 0.7998046890625 0.6029017875 0.796875 0.6158801015625001 0.7861328109375 0.6182397953125001 0.7626953109375 0.607621175 0.75 0.5911033140625 0.744140625 0.5745854609375 0.744140625
0 0.5037946453125 0.744140625 0.491996171875 0.744140625 0.46957908125000003 0.7548828109375 0.46485969374999997 0.7626953109375 0.46485969374999997 0.7822265609375 0.4778380078125 0.796875 0.487276784375 0.80078125 0.507334184375 0.7998046890625 0.5179528078125 0.796875 0.528571428125 0.7880859390625 0.533290815625 0.7763671890625 0.533290815625 0.7666015609375 0.5203124984375 0.75 0.5037946453125 0.744140625
0 0.43064413124999995 0.75 0.42120535468750003 0.74609375 0.3999681140625 0.74609375 0.39288902812500004 0.748046875 0.3775510203125 0.7646484390625 0.3775510203125 0.7841796890625 0.39288902812500004 0.798828125 0.4046875015625 0.802734375 0.41530612187499993 0.8017578109375 0.43064413124999995 0.796875 0.43890306093750003 0.7900390609375 0.4436224484375 0.7802734390625 0.4436224484375 0.7666015609375 0.43890306093750003 0.7568359390625 0.43064413124999995 0.75
0 0.3409757625 0.748046875 0.31265943749999997 0.74609375 0.297321428125 0.7548828109375 0.290242346875 0.7705078109375 0.290242346875 0.7822265609375 0.294961734375 0.7919921890625 0.305580359375 0.798828125 0.319738521875 0.802734375 0.3303571421875 0.8017578109375 0.3409757625 0.798828125 0.35395408125 0.7880859390625 0.35867346875 0.7783203109375 0.35867346875 0.7685546890625 0.3515943875 0.7568359390625 0.3409757625 0.748046875
0 0.22299106875 0.748046875 0.21119260468749998 0.751953125 0.19821428593749998 0.7666015609375 0.19821428593749998 0.7900390609375 0.21119260468749998 0.80078125 0.21827168125 0.802734375 0.24540816250000003 0.8017578109375 0.2642857140625 0.7880859390625 0.2642857140625 0.7685546890625 0.2595663265625 0.7607421890625 0.25366709374999996 0.75390625 0.23950893125 0.748046875 0.22299106875 0.748046875
0 0.1309630125 0.75 0.115625 0.7607421890625 0.10854591875 0.7705078109375 0.1109056125 0.7900390609375 0.1286033140625 0.8046875 0.1580994890625 0.8037109390625 0.16989795937500002 0.7958984390625 0.174617346875 0.7880859390625 0.176977040625 0.7822265609375 0.174617346875 0.7666015609375 0.1592793390625 0.751953125 0.1309630125 0.75
0 0.1026466859375 0.80859375 0.0908482125 0.80859375 0.0731505109375 0.8212890609375 0.068431121875 0.8291015609375 0.068431121875 0.8505859390625 0.0814094375 0.86328125 0.0908482125 0.8671875 0.11326530625 0.8662109390625 0.1297831625 0.8564453109375 0.1368622453125 0.8408203109375 0.1368622453125 0.8330078109375 0.1321428578125 0.8232421890625 0.1215242375 0.814453125 0.1026466859375 0.80859375
0 0.197034440625 0.80859375 0.1781568890625 0.80859375 0.1580994890625 0.8193359390625 0.15338010156249998 0.8310546890625 0.15338010156249998 0.8466796890625 0.16871811406249998 0.86328125 0.1781568890625 0.8671875 0.1911352046875 0.8662109390625 0.20411351875 0.86328125 0.21945153125 0.8505859390625 0.221811225 0.8427734390625 0.21945153125 0.8271484390625 0.20647321562499998 0.8125 0.197034440625 0.80859375
0 0.2867028078125 0.806640625 0.26310586874999997 0.80859375 0.24540816250000003 0.8232421890625 0.24304846875 0.8330078109375 0.24540816250000003 0.8466796890625 0.265465559375 0.86328125 0.287882653125 0.8623046890625 0.2937818859375 0.861328125 0.3091198984375 0.8466796890625 0.3114795921875 0.8388671890625 0.3091198984375 0.8251953109375 0.3044005109375 0.8173828109375 0.2867028078125 0.806640625
0 0.3527742375 0.80859375 0.337436225 0.8212890609375 0.33507653125000003 0.8466796890625 0.3551339265625 0.86328125 0.3799107140625 0.8623046890625 0.398788265625 0.8466796890625 0.401147959375 0.8369140609375 0.398788265625 0.8232421890625 0.38345025312500003 0.80859375 0.376371175 0.806640625 0.3527742375 0.80859375
0 0.44480229375 0.806640625 0.42474489843749996 0.8212890609375 0.42238520468749996 0.8447265609375 0.437723215625 0.859375 0.44716199218749997 0.86328125 0.46485969374999997 0.8623046890625 0.47075893124999996 0.861328125 0.48609693906249996 0.8486328109375 0.48845663281249996 0.8271484390625 0.47547831875 0.810546875 0.4660395421875 0.806640625 0.44480229375 0.806640625
0 0.527391584375 0.806640625 0.512053571875 0.8173828109375 0.507334184375 0.8251953109375 0.507334184375 0.8427734390625 0.5226721953125 0.859375 0.532110971875 0.86328125 0.5521683671875001 0.8623046890625 0.5604272984375 0.859375 0.5734056125 0.8466796890625 0.5734056125 0.8232421890625 0.5533482125 0.806640625 0.5439094375 0.8046875 0.527391584375 0.806640625
0 0.624139028125 0.8046875 0.609980865625 0.80859375 0.5970025515625 0.8193359390625 0.5922831625 0.8291015609375 0.5922831625 0.8427734390625 0.5946428578125 0.8486328109375 0.609980865625 0.861328125 0.630038265625 0.8623046890625 0.6406568890625 0.861328125 0.6559948984374999 0.8486328109375 0.6583545921875 0.8232421890625 0.6512755109375 0.8134765609375 0.6406568890625 0.806640625 0.624139028125 0.8046875
0 0.70200893125 0.8046875 0.6925701546874999 0.80859375 0.6795918375000001 0.8193359390625 0.6772321421874999 0.8408203109375 0.6795918375000001 0.8466796890625 0.6949298453125 0.859375 0.6996492328125 0.861328125 0.7220663265625 0.8603515609375 0.7350446453124999 0.85546875 0.7433035718750001 0.8466796890625 0.745663265625 0.8388671890625 0.7433035718750001 0.8173828109375 0.7279655593750001 0.806640625 0.70200893125 0.8046875
0 0.8235331625000001 0.8095703109375 0.8058354609375 0.802734375 0.7893176000000001 0.8046875 0.779878825 0.80859375 0.7669005109375 0.8212890609375 0.7692602046875 0.8466796890625 0.782238521875 0.857421875 0.798756375 0.86328125 0.80229591875 0.8623046890625 0.8105548484374999 0.861328125 0.8223533140624999 0.85546875 0.8282525515625 0.8505859390625 0.8353316328125 0.8369140609375 0.8329719390625 0.8232421890625 0.8235331625000001 0.8095703109375
0 0.8766262781249999 0.83203125 0.8612882656249999 0.8427734390625 0.8565688781249999 0.8662109390625 0.8742665796875 0.884765625 0.8789859671875 0.88671875 0.9037627546874999 0.8857421890625 0.91202168125 0.8828125 0.9226403062499999 0.8740234390625 0.92735969375 0.8603515609375 0.925 0.8505859390625 0.9073022937499999 0.830078125 0.8766262781249999 0.83203125
0 0.7374043343750001 0.873046875 0.7244260203125 0.8857421890625 0.7220663265625 0.9072265609375 0.7291454078124999 0.9208984390625 0.7374043343750001 0.927734375 0.742123721875 0.9296875 0.7692602046875 0.9287109390625 0.7881377546875 0.9130859390625 0.7904974484375 0.8857421890625 0.7775191343750001 0.873046875 0.7680803593750001 0.869140625 0.7492028078125 0.869140625 0.7374043343750001 0.873046875
0 0.6217793390625 0.876953125 0.5993622453125 0.8896484390625 0.5946428578125 0.8974609390625 0.5946428578125 0.9208984390625 0.5993622453125 0.9287109390625 0.6123405625 0.935546875 0.646556121875 0.9345703109375 0.654815053125 0.931640625 0.6630739796875 0.9228515609375 0.6607142859375 0.8935546890625 0.6477359671875 0.880859375 0.6359375015625 0.876953125 0.6217793390625 0.876953125
0 0.5179528078125 0.875 0.5049744890625 0.8876953109375 0.5049744890625 0.9189453109375 0.509693878125 0.9287109390625 0.527391584375 0.935546875 0.5592474484375 0.9345703109375 0.5745854609375 0.9296875 0.58048469375 0.9208984390625 0.5828443875 0.9150390609375 0.58048469375 0.8857421890625 0.5651466859375 0.873046875 0.5179528078125 0.875
0 0.428284440625 0.873046875 0.4046875015625 0.875 0.3846301015625 0.8916015609375 0.3822704078125 0.8994140609375 0.3846301015625 0.9208984390625 0.4023278046875 0.9296875 0.4341836734375 0.9306640609375 0.4424426046875 0.9296875 0.45070153125 0.9248046890625 0.45542091874999996 0.9150390609375 0.45542091874999996 0.8974609390625 0.437723215625 0.876953125 0.428284440625 0.873046875