0 0.6454653890625 0.8613213203125 0.6383729312499999 0.8556516593750001 0.618709753125 0.85522461875 0.6066230828125 0.8640399296875 0.601466828125 0.872661025 0.5995368859375 0.9004270703125 0.6084035 0.9145236140625 0.61388385 0.9176302640625 0.6343530828125 0.9193388078125 0.6501459374999999 0.9052032671875001 0.653046071875 0.8986015359374999 0.6543320031250001 0.8754178625 0.6454653890625 0.8613213203125
0 0.7498993781250001 0.819924 0.76263005625 0.806526321875 0.7658521921875 0.7976334031250001 0.7661721109374999 0.7813232828125 0.756015384375 0.762372546875 0.748922925 0.756702890625 0.73538410625 0.7548001328125 0.72506950625 0.7580233875 0.717173078125 0.7650911578125 0.711694821875 0.776003440625 0.7094407859375 0.7920417343749999 0.71331110625 0.8066043125 0.7189535 0.815574840625 0.7279800734374999 0.821516321875 0.7407128390625 0.8221375765625 0.7498993781250001 0.819924
0 0.672044371875 0.7634216109375 0.6618876484375 0.7444708796875 0.6528610687499999 0.7385293921875 0.6451246 0.737442103125 0.628363640625 0.7444322640625 0.6201452109375001 0.753791221875 0.6153130453125 0.7741400625 0.619183365625 0.7887026421875001 0.6283719890625 0.8005079984375 0.6319182171875 0.8033428296875 0.6465851015624999 0.80423590625 0.653837521875 0.80175050625 0.6662461921875 0.790644009375 0.672044371875 0.7634216109375
0 0.5795370921874999 0.8041586828125 0.5706704734375 0.790062140625 0.5477830703125 0.7845090875 0.5334402828125 0.79534375625 0.5282840265625001 0.8039648515625 0.5250639765625 0.8268767046875001 0.5316744703125 0.8429926062499999 0.54618139375 0.8520407437499999 0.5531118078125 0.85184653125 0.5622983421875001 0.8496329546875 0.576963140625 0.836507096875 0.5817953015625 0.8161582515625 0.5795370921874999 0.8041586828125
0 0.48671198281250005 0.8752248046875 0.48767591250000003 0.8543323140625001 0.482355525 0.843070603125 0.47365095 0.8348379328125001 0.464302371875 0.8311876375 0.4523756625 0.8318478859375 0.4448012375 0.8366244734375 0.4325546125 0.8535948421875 0.43159068281249996 0.8744873296875 0.445293634375 0.89627289375 0.46382875312499994 0.897709615625 0.47108117343749994 0.8952242187499999 0.4838118515625 0.8818265359374999 0.48671198281250005 0.8752248046875
0 0.511834640625 0.7385691624999999 0.5036120328125 0.7198902515625 0.494585453125 0.7139487671875 0.48104663593749997 0.7120460109375 0.47266615625 0.7155410921875001 0.4599354765625 0.7289387703125 0.456713340625 0.7378316890625001 0.4563934203125 0.754141809375 0.4597796890625 0.7651316968749999 0.47203049375 0.7761991953125 0.4905656109375 0.7776359171875 0.5037803375000001 0.7678109234375 0.5089365953125 0.759189828125 0.511834640625 0.7385691624999999
0 0.41095105312499997 0.8108391781250001 0.41674923281250004 0.7836167796875 0.41416901875 0.77390839375 0.4069145140625 0.7623748609375001 0.39015146562499997 0.7553460890625 0.379836871875 0.758569346875 0.367428196875 0.7696758406249999 0.3622719421875 0.7782969375000001 0.3603399125 0.7920440484375 0.36421023125 0.8066066265625 0.369852625 0.815577153125 0.376945084375 0.8212468093749999 0.389677853125 0.8218680640624999 0.39886438750000003 0.8196544906250001 0.41095105312499997 0.8108391781250001
0 0.3265001625 0.8363534187500001 0.324241953125 0.8243538499999999 0.315375334375 0.8102573078124999 0.29861229218749996 0.8032285359375001 0.28604157343750003 0.8084711546875001 0.27588901875 0.8175582890624999 0.2700908421875 0.8447806874999999 0.27589528125 0.8596150890625 0.28185968125 0.8662944296875 0.285405909375 0.8691292625000001 0.302006909375 0.87029415625 0.317155753125 0.860740990625 0.3248901375 0.847809346875 0.3265001625 0.8363534187500001
0 0.15323983125 0.841208771875 0.1611362625 0.8341410015624999 0.168870646875 0.8212093578124999 0.170480671875 0.8097534296875001 0.164514184375 0.78905515625 0.15032926562499999 0.7777158359375 0.14065868125 0.7763567234375001 0.1258318375 0.78361870625 0.119869528125 0.7909583 0.114713271875 0.7995793953125 0.11213723125 0.8179088765625 0.11632955781250001 0.8301802671875 0.1239060703125 0.8394226187499999 0.1348667640625 0.845635921875 0.1398630578125 0.8451698875 0.15323983125 0.841208771875
0 0.0898854921875 0.751697715625 0.0761825390625 0.7299121515625 0.0629657203125 0.7257182109375 0.050717006249999995 0.7286696421875 0.040564456250000006 0.7377567796875 0.035086196874999996 0.7486690578124999 0.033476171875 0.760124984375 0.037024485937500004 0.776978746875 0.0426668796875 0.7859492734375 0.051693459374999993 0.7918907578125001 0.0605579875 0.7919683656250001 0.0761908875 0.7859878859375 0.0844093171875 0.77662893125 0.0898854921875 0.751697715625
0 0.238332646875 0.7970932265624999 0.2484851984375 0.7880060921875 0.2539634609375 0.7770938125 0.25525148125 0.767929071875 0.25202516875000003 0.7487841234375 0.24799488906249997 0.74237660625 0.23735620000000002 0.7338721140625 0.22961973125 0.732784825 0.215114890625 0.7377556249999999 0.20721846249999998 0.7448233906249999 0.20206221093750001 0.7534444859375 0.199164165625 0.774065153125 0.21093299999999998 0.7955788953125 0.2144792296875 0.7984137234375 0.231080228125 0.7995786218750001 0.238332646875 0.7970932265624999
0 0.16901808125 0.728940696875 0.1769145109375 0.7218729265625 0.182070765625 0.71325183125 0.1843248015625 0.6972135374999999 0.176424196875 0.676243440625 0.16933173906250001 0.6705737765625 0.1519246859375 0.668127375 0.145800325 0.6696030953125 0.1356477765625 0.678690225 0.130491521875 0.6873113203125001 0.12791548125000002 0.705640803125 0.1304956953125 0.7153491875 0.1377501984375 0.7268827250000001 0.1448426578125 0.7325523828125 0.15564130781250002 0.7329018140625 0.16901808125 0.728940696875
0 0.3377682546875 0.7421430078125 0.3442125265625 0.724357171875 0.3422763265625 0.7100664171875 0.3369559375 0.69880470625 0.3243831296875 0.690028390625 0.31664665937500003 0.6889411015625 0.30633206562500004 0.6921643609375 0.293923390625 0.7032708546875 0.287479115625 0.7210566921875 0.2894153203125 0.735347446875 0.294735709375 0.7466091578125 0.2998940484375 0.7520069953124999 0.31617304375 0.755463078125 0.32535958125 0.7532495046875 0.3377682546875 0.7421430078125
0 0.4334976703125 0.6925130187499999 0.43832983125 0.6721641765624999 0.436071625 0.6601646046874999 0.4304292328125 0.651194078125 0.42333677343750004 0.645524421875 0.40592971406249995 0.64307801875 0.3919089296875 0.651621503125 0.384174546875 0.6645531484375 0.382242515625 0.6783002578125 0.384500728125 0.690299828125 0.3933673421875 0.7043963703125 0.3988476921875 0.7075030250000001 0.41158045625 0.7081242765625 0.41657675000000005 0.707658240625 0.4334976703125 0.6925130187499999
0 0.269093521875 0.6413702421874999 0.26183901718749997 0.6298367093749999 0.2389516140625 0.624283653125 0.22009658124999998 0.6391570515625 0.2168744453125 0.64804996875 0.216554525 0.6643600890625 0.22477713281249997 0.683039003125 0.23186959375 0.688708659375 0.24460235625 0.6893299140625 0.253788890625 0.6871163390625 0.2665195703125 0.6737186562499999 0.27167373906250003 0.651078628125 0.269093521875 0.6413702421874999
0 0.10340970468749999 0.655467940625 0.1053417359375 0.6417208296875 0.10276152187500001 0.63201244375 0.0955070171875 0.6204789109375 0.0726196140625 0.6149258578125 0.0642391359375 0.618420934375 0.053442575000000006 0.6320904406250001 0.0502225234375 0.6550022921875 0.058445128125 0.6736812 0.06747170625 0.6796226875 0.0763362359375 0.6797002921875 0.087456890625 0.6777585375 0.097609440625 0.66867140625 0.10340970468749999 0.655467940625
0 0.526000775 0.623738084375 0.51390993125 0.6045155265625 0.4884444046875 0.6032730171875 0.47829185 0.6123601515625 0.47313559843749997 0.6209812484375 0.47055955781250003 0.6393107296875 0.4823283921875 0.6608244703125 0.485874621875 0.6636593015625001 0.50054150625 0.664552375 0.5097280390625001 0.6623387984375 0.5198805906249999 0.6532516671875 0.5260028640625001 0.6377570171875 0.526000775 0.623738084375
0 0.590485265625 0.7262583874999999 0.5982196453124999 0.7133267453125 0.60047368125 0.697288446875 0.5978934703125 0.6875800625 0.589026853125 0.6734835203125 0.5719417984375 0.668745934375 0.557436965625 0.6737167328125 0.5492185296875001 0.6830756859375 0.54374235625 0.7080069 0.544710459375 0.7151522796875 0.553577078125 0.729248821875 0.5626036515624999 0.7351903 0.5714681828125 0.735267909375 0.5806547203125 0.7330543359374999 0.590485265625 0.7262583874999999
0 0.6900829140625 0.67717204375 0.6936270578125 0.6659879421875 0.6936249703125 0.6519690078125 0.6799220171875 0.630183440625 0.6625149640625 0.6277370390625 0.654134484375 0.6312321234375 0.6439819328125 0.6403192546875001 0.638825675 0.6489403499999999 0.6368936453125 0.6626874609375 0.6391518578125 0.6746870296874999 0.6464063624999999 0.686220565625 0.653498821875 0.691890221875 0.6700998203124999 0.693055121875 0.679608359375 0.6885503609375 0.6900829140625 0.67717204375
0 0.7829121984375 0.6341437875 0.7854882390625 0.61581430625 0.782908028125 0.606105921875 0.7721072890625 0.591737559375 0.75695635625 0.58727179375 0.7382612828124999 0.5939901328125 0.732620975 0.5990385375 0.7268227984375 0.6262609375 0.7294030125 0.6359693234375 0.7366575156249999 0.64750285625 0.754548625 0.653521946875 0.7653472734375 0.6538713796875 0.7777559468749999 0.642764884375 0.7829121984375 0.6341437875
0 0.1945475765625 0.077157215625 0.1922893640625 0.0651576421875 0.186646975 0.05618711562499999 0.1795545140625 0.050517459375 0.1663376953125 0.046323515625 0.15602310156250002 0.049546773437500004 0.1436144265625 0.06065326875 0.13781625 0.08787566718749999 0.1428146296875 0.101428565625 0.15345331874999998 0.10993305312499999 0.17198843749999998 0.111369775 0.1871372828125 0.10181660625 0.1926155453125 0.0909043265625 0.1945475765625 0.077157215625
0 0.26031799843750003 0.1564938453125 0.26128192499999997 0.1356013546875 0.2508031953125 0.11894180624999999 0.24532285156250003 0.11583515625 0.22565967343749999 0.115408115625 0.210672871875 0.130825159375 0.2074507328125 0.139718075 0.20745282187499997 0.153737009375 0.21003303281250002 0.1634453953125 0.2211557765625 0.1755225734375 0.23969088906249997 0.17695929531250001 0.24468718906250003 0.17649325625 0.2574178640625 0.1630955765625 0.26031799843750003 0.1564938453125
0 0.344444796875 0.11925185468749999 0.34734493125 0.1126501234375 0.347986853125 0.0940488203125 0.3394422390625 0.0776610890625 0.3207450765625 0.0703604984375 0.3104304828125 0.073583753125 0.300277928125 0.0826708890625 0.294799671875 0.09358316718750001 0.2928676421875 0.107330278125 0.295125846875 0.11932985 0.3043144703125 0.13113520625 0.3078607 0.1339700390625 0.32639581875 0.13540675625 0.3359043578125 0.1309019953125 0.344444796875 0.11925185468749999
0 0.41633749218749994 0.1830938359375 0.4192376234375 0.1764921015625 0.41955754375 0.160181984375 0.4074667015625 0.1409594265625 0.4000522375 0.13758095312500002 0.3861914078125 0.1379693796875 0.374426746875 0.1444935046875 0.3666923640625 0.1574251484375 0.3641163234375 0.1757546296875 0.3683086515625 0.1880260203125 0.3758851609375 0.1972683703125 0.37943139062500003 0.2001032015625 0.3960323890625 0.20126809843750001 0.403284809375 0.198782696875 0.41633749218749994 0.1830938359375
0 0.50562054375 0.1372307484375 0.507552575 0.12348363749999999 0.5052943671875 0.1114840703125 0.49803985937500006 0.09995053125 0.49094740000000003 0.094280875 0.4774085828125 0.09237811875 0.469028103125 0.0958731953125 0.45887555156250004 0.10496033125 0.4533972890625 0.1158726078125 0.451143253125 0.13191090625 0.45694769218750003 0.1467453078125 0.46452420468750005 0.15598765781249999 0.48305932343749997 0.157424375 0.5001422875 0.14814303125 0.50562054375 0.1372307484375
0 0.48468604375 0.2581199171875 0.491774325 0.23575171093749997 0.4882260109375 0.2188979453125 0.48419573125 0.21249042812500002 0.47549115625000005 0.2042577625 0.4619523390625 0.2023550046875 0.4437413140625 0.2126460296875 0.435684925 0.227868859375 0.43439690468750003 0.2370336 0.4379452234375 0.2538873609375 0.441975503125 0.26029488125 0.45454830625 0.2690711953125 0.46147872031250003 0.26887698125 0.472599375 0.2669352265625 0.48468604375 0.2581199171875
0 0.5794473578125 0.2013445515625 0.5813793875 0.18759744218750002 0.5787991703124999 0.17788905625 0.5715446656250001 0.16635551875000001 0.56445220625 0.1606858625 0.5489792671875 0.1585112828125 0.5304462390625 0.17109349375 0.5249679796875 0.1820057734375 0.523357953125 0.19346170000000001 0.5272282734375 0.20802427968749998 0.5328706671875 0.2169948015625 0.539963125 0.222664465625 0.5546300093750001 0.22355754062500002 0.5717129734374999 0.2142761953125 0.5794473578125 0.2013445515625
0 0.637466703125 0.1814613609375 0.65277759375 0.1777720625 0.6606740234374999 0.1707042953125 0.665830278125 0.1620832 0.66840631875 0.14375371875 0.665826103125 0.134045334375 0.6585716015624999 0.122511796875 0.6495450203125 0.1165703171875 0.6418085515625 0.115483028125 0.62730371875 0.12045382499999999 0.6194072875 0.1275215953125 0.613929028125 0.138433871875 0.6119969984375 0.152180984375 0.6142552078125 0.16418055625 0.6215097109375 0.1757140890625 0.6324704046875 0.1819273953125 0.637466703125 0.1814613609375
0 0.8253960015624999 0.19151801875000002 0.8308721734375 0.1665868046875 0.8299040734375 0.1594414265625 0.819425340625 0.14278187656250002 0.80427440625 0.1383161140625 0.7920256921875 0.14126754531250002 0.78187314375 0.1503546828125 0.7767168890625 0.1589757765625 0.77381884375 0.179596440625 0.7763990578125 0.1893048265625 0.783975565625 0.1985471765625 0.7910680250000001 0.20421683750000003 0.8018666734375 0.20456626875 0.812987328125 0.20262451406249998 0.8253960015624999 0.19151801875000002
0 0.7361066859375 0.19532430625 0.72659605625 0.1858101328125 0.7072548828125 0.1830919078125 0.698874403125 0.1865869875 0.6858217203125 0.2022758546875 0.6845357890625 0.22545952812499997 0.6914682875 0.23928424375000001 0.6985607453125 0.24495390781249998 0.7170958656249999 0.2463906265625 0.7322447125 0.2368374609375 0.7374009640625 0.22821636406249998 0.7402990109375 0.20759569687499999 0.7361066859375 0.19532430625
0 0.6513400500000001 0.265186528125 0.6513379640625 0.251167596875 0.6427933515625 0.2347798703125 0.6357008921875 0.229110209375 0.618293834375 0.2266638078125 0.6099133546875 0.2301588890625 0.5994387999999999 0.24153720625 0.593962628125 0.26646841875 0.598154953125 0.27873981406250004 0.6092776921875 0.2908169921875 0.6278128109375001 0.2922537140625 0.6350652296875 0.2897683125 0.6477959078125 0.276370634375 0.6513400500000001 0.265186528125
0 0.78430591875 0.25233172187499997 0.7781815640625 0.25380744375000003 0.763516765625 0.2669332984375 0.7577185890625 0.2941556984375 0.7662632031250001 0.310543428125 0.7733556625 0.316213084375 0.7899566609375 0.31737798437500003 0.7949529546874999 0.3169119484375 0.809617753125 0.303786090625 0.815093925 0.27885487656249996 0.8033250859375001 0.257341134375 0.78430591875 0.25233172187499997
0 0.7175882625 0.30603905 0.70888369375 0.2978063796875 0.6976009953125 0.2938842625 0.6830961546875 0.2988550625 0.6706874828125 0.3099615546875 0.6671454265625 0.335164590625 0.673755925 0.35128049687499996 0.6843946140625 0.359784984375 0.6971273765625 0.3604062375 0.71082615625 0.354153934375 0.719044590625 0.34479498125 0.7241987578125 0.322154953125 0.7175882625 0.30603905
0 0.553832303125 0.27835177031249997 0.5370692546875 0.271322996875 0.524820540625 0.2742744328125 0.5124118703125 0.2853809296875 0.5059675921875 0.3031667640625 0.5062916859375 0.3148945109375 0.5167704125 0.3315540625 0.52579699375 0.3374955421875 0.534661521875 0.3375731515625 0.5438480546875 0.33535957656250004 0.5562567296875 0.3242530828125 0.56205490625 0.2970306828125 0.553832303125 0.27835177031249997
0 0.33124467812499997 0.22720937968750002 0.3334987140625 0.21117108281250002 0.3312405015625 0.1991715140625 0.320439765625 0.1848031484375 0.29916447968750004 0.1818131015625 0.282243559375 0.196958321875 0.2770893921875 0.21959835156250002 0.27805749375 0.226743728125 0.2869241125 0.24084027031250002 0.29595068593749996 0.246781753125 0.30674933437499996 0.247131184375 0.31593586875 0.24491760624999998 0.32608842031249996 0.23583047499999998 0.33124467812499997 0.22720937968750002
0 0.1534700140625 0.22208451875000002 0.16523467812499998 0.21556039375 0.17232505 0.2072111203125 0.17651320312500002 0.19144465 0.1761891109375 0.1797169 0.170868725 0.168455190625 0.15861792187499998 0.15738769218749998 0.145079103125 0.155484934375 0.1321863796875 0.163018740625 0.1262240671875 0.17035833281249999 0.1207458046875 0.1812706125 0.11945778437500001 0.1904353515625 0.12703638125 0.21369663593750002 0.139609190625 0.22247295 0.1465396015625 0.2222787328125 0.1534700140625 0.22208451875000002
0 0.242283625 0.2707812796875 0.24582568125 0.245578240625 0.2432454703125 0.23586985624999998 0.23212272656250002 0.223792678125 0.21278155468749999 0.22107445312500001 0.198438765625 0.2319091265625 0.193282509375 0.24053022343750002 0.1903844640625 0.2611508859375 0.1986070734375 0.2798298 0.20569953281250003 0.2854994609375 0.2203664140625 0.2863925375 0.22955294999999998 0.28417895937500004 0.2397055 0.27509182656250003 0.242283625 0.2707812796875
0 0.31643244375 0.33260389687499997 0.318364475 0.3188567859375 0.3123979875 0.29815850781250003 0.305305528125 0.29248885156250004 0.28403024062500004 0.2894988046875 0.26710932187499997 0.304644021875 0.26420919062500003 0.31124575781249997 0.2632452609375 0.3321382421875 0.2737239890625 0.3487977921875 0.2792043390625 0.3519044453125 0.29193710156249997 0.3525257 0.29886751718750004 0.352331484375 0.3112761859375 0.3412249921875 0.31643244375 0.33260389687499997
0 0.399915234375 0.299944275 0.4050694 0.277304246875 0.401199078125 0.26274166875 0.3955566875 0.2537711421875 0.38846422812500003 0.24810148437500001 0.374925403125 0.246198728125 0.35671438125 0.2564897515625 0.3518801296875 0.2628196640625 0.3476919796875 0.27858613593750003 0.34962818125 0.292876890625 0.3584947984375 0.306973434375 0.367521378125 0.3129149171875 0.374451790625 0.312720703125 0.38557244062499996 0.3107789484375 0.399915234375 0.299944275
0 0.12736673437499998 0.267481184375 0.11044582031250001 0.282626403125 0.10722367968749999 0.2915193203125 0.106581759375 0.3101206234375 0.11512636875 0.32650835 0.1206067171875 0.3296150046875 0.137207715625 0.330779903125 0.1523565640625 0.321226734375 0.157512815625 0.31260563750000003 0.1604108609375 0.2919849734375 0.1467079078125 0.27019940937500003 0.12736673437499998 0.267481184375
0 0.2306914421875 0.35326394375 0.22214683281249997 0.33687621874999996 0.21505437500000002 0.3312065546875 0.1995814359375 0.32903197500000003 0.18894483125 0.33454642031250004 0.1807264015625 0.34390537499999996 0.17557223125000002 0.366545403125 0.177830440625 0.378544975 0.183472834375 0.387515503125 0.192499409375 0.39345698125 0.20523217656249998 0.3940782359375 0.21667483125000003 0.389845296875 0.224893265625 0.38048634375 0.2306914421875 0.35326394375
0 0.1452766234375 0.3996706734375 0.1367320140625 0.383282946875 0.1296395546875 0.3776132875 0.11223249531249999 0.375166884375 0.09531158125 0.39031210625 0.0901574109375 0.41295213437499995 0.0924156203125 0.42495170312499997 0.098058015625 0.43392223124999996 0.11401500312499999 0.43966950000000005 0.127069771875 0.4379995671875 0.137222325 0.4289124375 0.1420565734375 0.42258252343749997 0.1452766234375 0.3996706734375
0 0.21297907968750002 0.46526019218750003 0.20250035 0.44860064375 0.1815470625 0.4433194140625 0.1649481515625 0.456173446875 0.15979189375 0.4647945421875 0.15785986406250002 0.4785416546875 0.165760465625 0.4995117484375 0.172852925 0.505181409375 0.189453928125 0.506346309375 0.19670634375 0.5038609078125 0.20943702343749998 0.49046322968749995 0.2123371546875 0.4838614953125 0.21297907968750002 0.46526019218750003
0 0.2996840046875 0.42370765625000006 0.2971037921875 0.413999271875 0.2895272796875 0.4047569203125 0.268573996875 0.399475690625 0.26019351875 0.4029707671875 0.24971896249999997 0.41434908593750003 0.2464968234375 0.4232420046875 0.2458549015625 0.44184330781250003 0.2527874015625 0.455668028125 0.25987986093750004 0.46133768750000004 0.2764808578125 0.46250258593750004 0.28373327812500004 0.4600171875 0.296463953125 0.44661950937499995 0.2996840046875 0.42370765625000006
0 0.3883251375 0.3964458734375 0.3896131578125 0.3872811328125 0.3860648390625 0.370427371875 0.3749420984375 0.35835019375 0.3575350453125 0.3559037921875 0.3491545671875 0.35939886875 0.3390020125 0.3684860015625 0.3332017515625 0.3816894703125 0.33417193749999996 0.4028537765625 0.346584784375 0.41978515156249996 0.357061428125 0.42242576718749997 0.3746284421875 0.41671710937500006 0.382524871875 0.40964933906249995 0.3883251375 0.3964458734375
0 0.465193259375 0.3196324828125 0.446174090625 0.314623075 0.43779361093749997 0.31811815625 0.4253849359375 0.32922465 0.4202307671875 0.351864678125 0.4224889796875 0.3638642484375 0.42813136875 0.372834775 0.435223828125 0.3785044359375 0.453758946875 0.3799411578125 0.47148592031250003 0.366077440625 0.47664008750000003 0.3434374109375 0.47405987656250004 0.33372902656250003 0.465193259375 0.3196324828125
0 0.62943953125 0.3929492515625 0.6345957859375 0.38432815625 0.6362058109375 0.3728722328125 0.63265749375 0.3560184671875 0.6286272125 0.34961094843749996 0.6234688734375 0.3442131125 0.608317940625 0.3397473453125 0.5980033406249999 0.34297060625000003 0.5833385468750001 0.3560964640625 0.5785063859374999 0.3764453046875 0.586406984375 0.3974154046875 0.6009139078125 0.40646353749999997 0.607844321875 0.40626932499999996 0.61703085625 0.40405574843750003 0.62943953125 0.3929492515625
0 0.7907794109374999 0.43081095312500006 0.8031880843750001 0.4197044609375 0.8083443390625 0.411083365625 0.810598375 0.3950450671875 0.8080181609375 0.38533668125 0.8007636578125 0.3738031484375 0.7936711984375 0.3681334890625 0.78206649375 0.3665025546875 0.769495775 0.371745171875 0.7615993453125001 0.3788129421875 0.756443090625 0.3874340375 0.75386705 0.40576351875 0.7620896578125 0.42444243281249994 0.77111623125 0.4303839140625 0.7857831156249999 0.43127699062499997 0.7907794109374999 0.43081095312500006
0 0.7145469531249999 0.446966240625 0.714866871875 0.4306561234375 0.7063222578125 0.4142683984375 0.6992298 0.40859873437500005 0.6837568609375 0.40642415468750004 0.67537638125 0.40991923906250005 0.6629677078125 0.42102572968749996 0.6574915359375 0.44595694531249996 0.66007175 0.45566533124999997 0.6728066046875 0.47030551562499995 0.695209953125 0.47228588125000004 0.706490565625 0.46218907031249995 0.711646821875 0.453567975 0.7145469531249999 0.446966240625
0 0.5456305625 0.3998621890625 0.53998816875 0.390891665625 0.529027475 0.38467835625 0.5193568921875 0.3833192453125 0.51323253125 0.3847949640625 0.496311615625 0.39994018593749997 0.49180145625 0.41799784375 0.49405966562500003 0.4299974125 0.502926284375 0.44409395468749996 0.506472515625 0.44692878281250004 0.525007628125 0.44836550468749997 0.5401564765625 0.43881233750000004 0.54917888125 0.4167159546875 0.5456305625 0.3998621890625
0 0.456029678125 0.4760543265625 0.4627959578125 0.45597730625 0.455217359375 0.43271602343750004 0.4500590203125 0.4273181859375 0.4349080859375 0.42285242187499994 0.420403246875 0.42782321874999996 0.412506821875 0.43489099062500003 0.40702855937500004 0.44580326875000004 0.40509652812499997 0.459550378125 0.4089668515625 0.47411295625000005 0.4146092453125 0.483083484375 0.4217017046875 0.48875314531249997 0.43443446874999997 0.4893744 0.44362100312499997 0.48716082031249996 0.456029678125 0.4760543265625
0 0.37447891875 0.4949668359375 0.370286590625 0.48269544218749993 0.3610979703125 0.47089008593750004 0.35368350625 0.46751161249999995 0.3417567984375 0.4681718609375 0.3311201921875 0.47368630625 0.3203236328125 0.4873558078125 0.31903769843749996 0.51053948125 0.32435808593750004 0.521801190625 0.3330626609375 0.5300338609375 0.35159777812500004 0.5314705796875 0.3667466234375 0.5219174125 0.3722248828125 0.51100513125 0.37447891875 0.4949668359375
0 0.28229781875 0.5614505875 0.285197953125 0.554848853125 0.285839875 0.5362475484375 0.2772952609375 0.5198598234375 0.2682686875 0.513918340625 0.2566639828125 0.5122874046875 0.24409326406249998 0.517530028125 0.2358748296875 0.52688898125 0.2307206625 0.5495290109375001 0.2316887640625 0.5566743859375001 0.2405553828125 0.5707709296875 0.2515160765625 0.576984234375 0.2584464890625 0.5767900218750001 0.2718232640625 0.5728289015625 0.28229781875 0.5614505875
0 0.12273209843749999 0.532015765625 0.1148314953125 0.51104566875 0.1022586875 0.5022693546875 0.0964563375 0.5014538875000001 0.0819514984375 0.5064246875 0.07405506875 0.5134924578125 0.0672887921875 0.533569478125 0.070515103125 0.5527144265625 0.07454538125 0.5591219484375001 0.081637840625 0.5647916046875 0.100172959375 0.5662283265625 0.1130656828125 0.5586945203125 0.12112207187499999 0.54347169375 0.12273209843749999 0.532015765625
0 0.2004250546875 0.5826542796874999 0.19026833125 0.5637035453125 0.183175871875 0.5580338859375 0.1696370484375 0.556131128125 0.15706632812500002 0.56137375 0.1511040203125 0.5687133390625 0.145625759375 0.579625621875 0.1436937296875 0.5933727328125 0.14756404843749998 0.6079353109375 0.156752671875 0.619740665625 0.1710975515625 0.6229249265625 0.184474325 0.6189638109375 0.197205003125 0.6055661328124999 0.2004250546875 0.5826542796874999
0 0.36514703437499996 0.6034680031249999 0.3625668171875 0.5937596171874999 0.3514440765625 0.5816824390625001 0.332102903125 0.5789642140625 0.3237224234375 0.58245929375 0.31324786875 0.5938376140625 0.3084157078125 0.61418645625 0.31099591875 0.623894840625 0.31986253750000004 0.6379913828125 0.323408765625 0.6408262140625001 0.34000976562499996 0.6419911109374999 0.347262184375 0.6395057109375 0.359670859375 0.6283992203125 0.36514703437499996 0.6034680031249999
0 0.451210034375 0.580516771875 0.4541080796875 0.559896103125 0.4404051265625 0.5381105390625 0.43299066093749994 0.534732065625 0.41912983906249995 0.5351204921875 0.404787046875 0.545955165625 0.3996307890625 0.5545762609375 0.3970547484375 0.5729057421875 0.4049553515625 0.5938758375 0.4120478109375 0.5995454984374999 0.4286488125 0.6007103984375 0.433645109375 0.6002443625 0.4460537828125 0.58913786875 0.451210034375 0.580516771875
0 0.5382369671875 0.5366730484375 0.5411350140625 0.51605238125 0.530978290625 0.4971016453125 0.5161493609375001 0.49034469999999997 0.4997104078125 0.4950436734375 0.491813978125 0.5021114437499999 0.48665772343749997 0.5107325390625 0.48408168281249997 0.5290620203125 0.486661896875 0.5387704062500001 0.4974626296875 0.5531387703124999 0.511807509375 0.5563230296875 0.5251842828125 0.5523619109375 0.5330807125 0.5452941453125 0.5382369671875 0.5366730484375
0 0.6252639015625 0.492829328125 0.6268739265625001 0.4813734 0.6246157140624999 0.46937382968749997 0.617361209375 0.457840296875 0.61026875 0.45217063281250003 0.5947958109375 0.449996053125 0.575940778125 0.46486945156250004 0.5704646062500001 0.48980066874999995 0.578687209375 0.50847958125 0.587713790625 0.5144210609375001 0.60238066875 0.5153141375 0.6073769671875 0.5148481015625 0.6197856374999999 0.5037416046875001 0.6252639015625 0.492829328125
0 0.5899866046875 0.624553165625 0.6040073890625 0.6160096796875 0.612063778125 0.6007868484375 0.613995809375 0.5870397390625001 0.6130277078125 0.5798943624999999 0.604161090625 0.5657978203125 0.5951345109374999 0.5598563359375001 0.5873980421875 0.5587690453125 0.572893209375 0.563739846875 0.5649967796875 0.5708076140625 0.5598405234375 0.579428709375 0.5572644828125 0.597758190625 0.5654870921875 0.616437103125 0.57064543125 0.621834940625 0.58305619375 0.624747378125 0.5899866046875 0.624553165625
0 0.7060169484375 0.528711046875 0.695378259375 0.5202065546875 0.6818394421875 0.5183037984375 0.6636284140625001 0.528594825 0.6584721609375 0.537215921875 0.655574115625 0.557836590625 0.66734295 0.5793503296875 0.6708891796875001 0.5821851578125 0.6874901796875 0.5833500578125 0.6947425968750001 0.5808646609375 0.7074732765625 0.5674669796875 0.7110153328125 0.5422639453125 0.7060169484375 0.528711046875
0 0.8028765124999999 0.4920903109375 0.795300003125 0.48284796406249997 0.7743467203125001 0.47756672968749997 0.7558136875 0.490148940625 0.7500155109375 0.517371340625 0.7542078390625 0.5296427359375 0.7601722328125 0.5363220765625 0.7691988125 0.5422635578125 0.7819315765625 0.5428848125 0.7993365453125 0.53131228125 0.8044928 0.5226911859375 0.807068840625 0.5043617046875 0.8028765124999999 0.4920903109375