0 0.703125 0.1046875 0.0671875 0.075
0 0.62265625 0.2234375 0.0625 0.0875
0 0.69140625 0.2015625 0.0609375 0.075
0 0.615625 0.321875 0.0625 0.0828125
0 0.603125 0.41484375 0.0609375 0.078125
0 0.6828125 0.28828125 0.0640625 0.0765625
0 0.675 0.375 0.053125 0.06875
0 0.65859375 0.471875 0.053125 0.0703125
0 0.5921875 0.50703125 0.065625 0.0796875
0 0.646875 0.55859375 0.05625 0.0703125
0 0.75703125 0.16640625 0.0609375 0.0734375
0 0.746875 0.25234375 0.059375 0.08125
0 0.73515625 0.3421875 0.053125 0.071875
0 0.7234375 0.4328125 0.0609375 0.06875
0 0.71171875 0.52421875 0.0546875 0.0703125
0 0.7 0.615625 0.059375 0.0734375
0 0.63203125 0.65078125 0.0640625 0.075
0 0.56640625 0.696875 0.05625 0.0765625
0 0.625 0.746875 0.059375 0.0671875
0 0.6890625 0.71015625 0.059375 0.075
0 0.7625 0.5796875 0.0578125 0.06875
0 0.75390625 0.66953125 0.0578125 0.0796875
0 0.74140625 0.76171875 0.0578125 0.075
0 0.80390625 0.72578125 0.05625 0.06875
0 0.78984375 0.81640625 0.053125 0.071875
0 0.78046875 0.91015625 0.0578125 0.06875
0 0.71640625 0.95078125 0.0625 0.0734375
0 0.60078125 0.93671875 0.065625 0.0796875
0 0.609375 0.8421875 0.0640625 0.0734375
0 0.67734375 0.80390625 0.0640625 0.075
0 0.6640625 0.89921875 0.0609375 0.0734375
0 0.728125 0.859375 0.0578125 0.0703125
0 0.84296875 0.86640625 0.059375 0.0765625
0 0.8296875 0.96171875 0.0578125 0.0625
0 0.8515625 0.77578125 0.0578125 0.071875
0 0.81484375 0.63203125 0.0546875 0.0671875
0 0.8671875 0.68984375 0.05625 0.0703125
0 0.8265625 0.54375 0.053125 0.0734375
0 0.775 0.490625 0.0578125 0.071875
0 0.78671875 0.3953125 0.059375 0.0796875
0 0.8390625 0.45234375 0.05625 0.065625
0 0.8765625 0.5921875 0.059375 0.0734375
0 0.890625 0.503125 0.059375 0.078125
0 0.7984375 0.30625 0.0546875 0.06875
0 0.81015625 0.2171875 0.0578125 0.0734375
0 0.82265625 0.13125 0.0578125 0.0671875
0 0.87265625 0.18125 0.0546875 0.071875
0 0.8609375 0.26953125 0.0515625 0.0734375
0 0.84921875 0.359375 0.05625 0.078125
0 0.90078125 0.41015625 0.053125 0.071875
0 0.91328125 0.321875 0.053125 0.0734375
0 0.925 0.23515625 0.0578125 0.078125
0 0.93671875 0.14609375 0.0578125 0.084375