0 0.107421875 0.1237407484375 0.107421875 0.10292454843750001 0.1015625 0.0913599921875 0.0947265625 0.0855777140625 0.0751953125 0.083264803125 0.060546875 0.0959858140625 0.056640625 0.1075503703125 0.056640625 0.1191149265625 0.060546875 0.13067948125 0.0732421875 0.14340049375 0.091796875 0.1422440375 0.0986328125 0.1387746703125 0.107421875 0.1237407484375
0 0.154296875 0.13299239375 0.1484375 0.1214278375 0.1396484375 0.11333264843749999 0.1298828125 0.11101973750000001 0.1181640625 0.11333264843749999 0.107421875 0.126053659375 0.103515625 0.1353053046875 0.103515625 0.1514956828125 0.107421875 0.1607473265625 0.1162109375 0.171155428125 0.1201171875 0.1734683390625 0.138671875 0.1723118828125 0.15234375 0.158434415625 0.154296875 0.13299239375
0 0.10546875 0.1908151734375 0.107421875 0.1676860609375 0.0966796875 0.1503392265625 0.0888671875 0.1457134046875 0.0751953125 0.1457134046875 0.060546875 0.158434415625 0.056640625 0.1676860609375 0.056640625 0.18618935 0.0673828125 0.203536184375 0.0751953125 0.20816200624999998 0.08984375 0.2070055515625 0.0966796875 0.203536184375 0.10546875 0.1908151734375
0 0.203125 0.1214278375 0.201171875 0.098298725 0.1884765625 0.083264803125 0.1806640625 0.0809518921875 0.1669921875 0.083264803125 0.15625 0.093672903125 0.15234375 0.10292454843750001 0.15234375 0.1214278375 0.1630859375 0.1387746703125 0.1708984375 0.14340049375 0.185546875 0.1422440375 0.1923828125 0.1387746703125 0.203125 0.1214278375
0 0.1953125 0.19775390625 0.201171875 0.1838764390625 0.201171875 0.17462479375 0.1953125 0.158434415625 0.1865234375 0.1503392265625 0.1689453125 0.148026315625 0.1630859375 0.1503392265625 0.15234375 0.1630602390625 0.1484375 0.1723118828125 0.1484375 0.1838764390625 0.15625 0.202379728125 0.1630859375 0.20816200624999998 0.1689453125 0.2104749171875 0.181640625 0.20931846250000002 0.1884765625 0.2058490953125 0.1953125 0.19775390625
0 0.1484375 0.23013466249999998 0.15234375 0.22088301875 0.15234375 0.20006681718750002 0.1435546875 0.1850328953125 0.1357421875 0.180407071875 0.1201171875 0.180407071875 0.1123046875 0.1850328953125 0.103515625 0.19775390625 0.1015625 0.2162571953125 0.10546875 0.2278217515625 0.1142578125 0.2382298515625 0.12890625 0.24169921875 0.1376953125 0.2405427625 0.1484375 0.23013466249999998
0 0.19921875 0.2509508640625 0.201171875 0.24169921875 0.19921875 0.2324475734375 0.1884765625 0.215100740625 0.1650390625 0.2127878296875 0.1572265625 0.21741365156249998 0.150390625 0.2278217515625 0.1484375 0.2509508640625 0.15234375 0.2602025078125 0.1611328125 0.2706106078125 0.1650390625 0.2729235203125 0.18359375 0.2717670640625 0.1953125 0.2602025078125 0.19921875 0.2509508640625
0 0.1484375 0.2925832640625 0.15234375 0.2833316203125 0.15234375 0.2671412421875 0.1416015625 0.2497944078125 0.1337890625 0.2451685859375 0.1201171875 0.2451685859375 0.1123046875 0.2497944078125 0.103515625 0.2602025078125 0.1015625 0.26482833125 0.1015625 0.28564453125 0.1123046875 0.302991365625 0.1220703125 0.3076171875 0.130859375 0.30646073125 0.1376953125 0.3053042765625 0.1484375 0.2925832640625
0 0.103515625 0.257889596875 0.107421875 0.2486379515625 0.107421875 0.237073396875 0.103515625 0.225508840625 0.0947265625 0.215100740625 0.0810546875 0.2104749171875 0.0712890625 0.2127878296875 0.056640625 0.23013466249999998 0.056640625 0.253263775 0.0693359375 0.2706106078125 0.0732421875 0.2729235203125 0.087890625 0.2717670640625 0.0927734375 0.2706106078125 0.103515625 0.257889596875
0 0.1015625 0.324964021875 0.10546875 0.3157123765625 0.10546875 0.2995219984375 0.0966796875 0.2821751640625 0.0888671875 0.2775493421875 0.0712890625 0.2775493421875 0.05859375 0.290270353125 0.0546875 0.301834909375 0.0546875 0.3110865546875 0.05859375 0.324964021875 0.0673828125 0.335372121875 0.0771484375 0.33999794375 0.083984375 0.3388414890625 0.0927734375 0.335372121875 0.1015625 0.324964021875
0 0.150390625 0.334215665625 0.14453125 0.3203381984375 0.1357421875 0.312243009375 0.1162109375 0.312243009375 0.1015625 0.3272769328125 0.099609375 0.35040604375 0.103515625 0.3596576890625 0.1162109375 0.3723787 0.134765625 0.3712222453125 0.1484375 0.3550318671875 0.150390625 0.334215665625
0 0.197265625 0.3180252875 0.1953125 0.2972090875 0.1826171875 0.2821751640625 0.1767578125 0.279862253125 0.1591796875 0.2821751640625 0.15234375 0.2879574421875 0.146484375 0.2995219984375 0.14453125 0.30646073125 0.146484375 0.3226511109375 0.15234375 0.334215665625 0.1630859375 0.3423108546875 0.1796875 0.3411544 0.1875 0.3365285765625 0.197265625 0.3180252875
0 0.19140625 0.39435135625 0.193359375 0.389725534375 0.193359375 0.3665964234375 0.1826171875 0.3492495890625 0.1669921875 0.3446237671875 0.1591796875 0.346936678125 0.150390625 0.3550318671875 0.14453125 0.3642835109375 0.142578125 0.3827868015625 0.1533203125 0.40475945781249995 0.1630859375 0.4093852796875 0.17578125 0.40822882343750005 0.1826171875 0.40475945781249995 0.19140625 0.39435135625
0 0.14453125 0.429045025 0.1484375 0.42210629062500005 0.150390625 0.4059159125 0.14453125 0.3920384453125 0.1357421875 0.3816303453125 0.1162109375 0.379317434375 0.1083984375 0.38394325625 0.09765625 0.401290090625 0.099609375 0.4244192015625 0.1123046875 0.439453125 0.1181640625 0.44176603593749997 0.130859375 0.44060958125000005 0.1376953125 0.43714021406250003 0.14453125 0.429045025
0 0.10546875 0.378160978125 0.10546875 0.3712222453125 0.1015625 0.3596576890625 0.0908203125 0.346936678125 0.0712890625 0.3446237671875 0.0546875 0.3642835109375 0.0546875 0.389725534375 0.0634765625 0.4024465453125 0.0712890625 0.40707236875 0.087890625 0.4059159125 0.099609375 0.39435135625 0.10546875 0.378160978125
0 0.1015625 0.4544870484375 0.103515625 0.4475483140625 0.1015625 0.4313579359375 0.09765625 0.42210629062500005 0.0888671875 0.4140111015625 0.0791015625 0.411698190625 0.0673828125 0.4140111015625 0.056640625 0.4244192015625 0.052734375 0.433670846875 0.052734375 0.4544870484375 0.056640625 0.46373869218749997 0.0693359375 0.47414679218750005 0.0859375 0.4729903375 0.0927734375 0.4695209703125 0.1015625 0.4544870484375
0 0.142578125 0.49611944843750005 0.1484375 0.48224198124999995 0.1484375 0.47067742656249995 0.142578125 0.45679995937499995 0.1357421875 0.44870477031249995 0.1142578125 0.4463918578125 0.1064453125 0.45101768125 0.09765625 0.46605160312500005 0.09765625 0.4868678046875 0.1083984375 0.5042146375 0.1181640625 0.5088404609375 0.126953125 0.5076840046875 0.1357421875 0.5042146375 0.142578125 0.49611944843750005
0 0.193359375 0.45679995937499995 0.193359375 0.433670846875 0.1806640625 0.41632401249999995 0.1748046875 0.4140111015625 0.1572265625 0.41632401249999995 0.14453125 0.433670846875 0.142578125 0.44060958125000005 0.14453125 0.45679995937499995 0.150390625 0.4683645140625 0.1611328125 0.4764597046875 0.177734375 0.4753032484375 0.1845703125 0.47183388125 0.193359375 0.45679995937499995
0 0.189453125 0.5308131171875 0.193359375 0.521561471875 0.193359375 0.500745271875 0.1806640625 0.4833984375 0.1611328125 0.48108552656250003 0.1552734375 0.4833984375 0.14453125 0.49611944843750005 0.142578125 0.5192485609374999 0.1533203125 0.53890830625 0.1630859375 0.543534128125 0.173828125 0.5423776734375 0.1826171875 0.53890830625 0.189453125 0.5308131171875
0 0.146484375 0.5516293171875 0.14453125 0.5308131171875 0.1298828125 0.5134662828125001 0.1240234375 0.511153371875 0.1103515625 0.5134662828125001 0.095703125 0.533126028125 0.09765625 0.5585680515625 0.1103515625 0.5736019734375 0.130859375 0.57244551875 0.142578125 0.5608809625 0.146484375 0.5516293171875
0 0.09765625 0.52618729375 0.1015625 0.51693565 0.1015625 0.500745271875 0.09765625 0.4914936265625 0.0888671875 0.48108552656250003 0.0849609375 0.47877261562499995 0.0673828125 0.47877261562499995 0.052734375 0.4938065375 0.052734375 0.50537109375 0.05078125 0.5076840046875 0.052734375 0.5238743828125 0.0654296875 0.53890830625 0.0712890625 0.5412212171874999 0.08203125 0.5400647609375 0.0869140625 0.53890830625 0.09765625 0.52618729375
0 0.095703125 0.59326171875 0.1015625 0.5747584296875 0.099609375 0.565506784375 0.095703125 0.5562551390625 0.0849609375 0.5458470390625 0.0791015625 0.543534128125 0.0634765625 0.5458470390625 0.05078125 0.5608809625 0.048828125 0.5678196953125 0.05078125 0.588635896875 0.0595703125 0.6013569078125001 0.0673828125 0.6059827296875 0.08203125 0.604826275 0.0869140625 0.60366981875 0.095703125 0.59326171875
0 0.14453125 0.621016653125 0.146484375 0.6117650078125 0.14453125 0.597887540625 0.1318359375 0.5805407078125 0.1123046875 0.5782277953125 0.099609375 0.588635896875 0.09375 0.604826275 0.09375 0.61407791875 0.099609375 0.6302682984375 0.1044921875 0.636050575 0.1123046875 0.6406763984375 0.126953125 0.6395199421875 0.1337890625 0.636050575 0.14453125 0.621016653125
0 0.1875 0.6002004515625 0.193359375 0.5863229859375 0.193359375 0.57244551875 0.1826171875 0.5527857734375 0.1748046875 0.54815995 0.1591796875 0.54815995 0.142578125 0.5678196953125 0.142578125 0.588635896875 0.1533203125 0.6059827296875 0.1611328125 0.610608553125 0.173828125 0.609452096875 0.1826171875 0.6059827296875 0.1875 0.6002004515625
0 0.193359375 0.6487715875 0.193359375 0.6395199421875 0.185546875 0.621016653125 0.1787109375 0.615234375 0.1591796875 0.6129214640625 0.14453125 0.625642475 0.140625 0.63720703125 0.140625 0.6487715875 0.146484375 0.664961965625 0.1513671875 0.67074424375 0.1591796875 0.675370065625 0.17578125 0.6742136109375 0.1875 0.664961965625 0.193359375 0.6487715875
0 0.140625 0.6927169 0.14453125 0.6834652546875 0.14453125 0.664961965625 0.140625 0.6557103203125 0.1318359375 0.6453022203125001 0.1279296875 0.642989309375 0.1103515625 0.642989309375 0.09765625 0.6557103203125 0.091796875 0.676526521875 0.09765625 0.6927169 0.1044921875 0.7008120890625 0.1142578125 0.7054379109375 0.125 0.70428145625 0.1337890625 0.7008120890625 0.140625 0.6927169
0 0.095703125 0.65802323125 0.099609375 0.6464586765625 0.099609375 0.63720703125 0.095703125 0.625642475 0.0849609375 0.6129214640625 0.0654296875 0.610608553125 0.0576171875 0.615234375 0.048828125 0.6279553859375 0.046875 0.6348941203125 0.048828125 0.653397409375 0.0595703125 0.6684313328125 0.0693359375 0.6730571546874999 0.080078125 0.6719006984375 0.0869140625 0.6684313328125 0.095703125 0.65802323125
0 0.19140625 0.697342721875 0.185546875 0.685778165625 0.1748046875 0.6776829765625 0.1572265625 0.6776829765625 0.14453125 0.6904039890625 0.140625 0.70196854375 0.140625 0.7158460109375 0.1484375 0.7320363890625 0.1572265625 0.7378186671875 0.177734375 0.7366622125 0.189453125 0.72509765625 0.19140625 0.697342721875
0 0.24609375 0.1607473265625 0.248046875 0.1561215046875 0.248046875 0.1353053046875 0.2421875 0.1237407484375 0.2333984375 0.11564555937500001 0.2216796875 0.11333264843749999 0.2099609375 0.1179584703125 0.201171875 0.1283665703125 0.197265625 0.137618215625 0.197265625 0.15380859375 0.2060546875 0.171155428125 0.2177734375 0.1780941609375 0.2265625 0.17693770625 0.2353515625 0.1734683390625 0.24609375 0.1607473265625
0 0.294921875 0.10292454843750001 0.2783203125 0.083264803125 0.2607421875 0.083264803125 0.2509765625 0.0902035359375 0.24609375 0.098298725 0.244140625 0.1214278375 0.248046875 0.13067948125 0.2568359375 0.1410875828125 0.2607421875 0.14340049375 0.279296875 0.1422440375 0.294921875 0.1237407484375 0.294921875 0.10292454843750001
0 0.2890625 0.20006681718750002 0.294921875 0.18618935 0.294921875 0.1723118828125 0.291015625 0.1607473265625 0.2841796875 0.1526521375 0.2763671875 0.148026315625 0.2626953125 0.148026315625 0.25 0.1561215046875 0.2421875 0.1723118828125 0.2421875 0.1838764390625 0.248046875 0.20006681718750002 0.2548828125 0.20816200624999998 0.2646484375 0.2127878296875 0.271484375 0.2116313734375 0.2841796875 0.2058490953125 0.2890625 0.20006681718750002
0 0.248046875 0.2116313734375 0.24609375 0.20006681718750002 0.2421875 0.1908151734375 0.2314453125 0.180407071875 0.2099609375 0.180407071875 0.203125 0.18618935 0.1953125 0.20006681718750002 0.1953125 0.21857010625 0.19921875 0.2278217515625 0.2080078125 0.2382298515625 0.2119140625 0.2405427625 0.23046875 0.23938630781249998 0.24609375 0.22088301875 0.248046875 0.2116313734375
0 0.240234375 0.2972090875 0.24609375 0.2833316203125 0.24609375 0.2717670640625 0.240234375 0.257889596875 0.2333984375 0.2497944078125 0.2119140625 0.247481496875 0.2041015625 0.25210731875 0.1953125 0.26482833125 0.193359375 0.2833316203125 0.197265625 0.2948961765625 0.2060546875 0.3053042765625 0.2158203125 0.3099300984375 0.224609375 0.30877364375 0.2333984375 0.3053042765625 0.240234375 0.2972090875
0 0.240234375 0.3596576890625 0.2421875 0.3365285765625 0.23828125 0.3319027546875 0.23828125 0.3272769328125 0.2294921875 0.3168688328125 0.2119140625 0.3145559203125 0.2021484375 0.31918174375 0.193359375 0.32958984375 0.19140625 0.334215665625 0.19140625 0.3550318671875 0.2021484375 0.3723787 0.2099609375 0.3770045234375 0.224609375 0.3758480671875 0.2314453125 0.3723787 0.240234375 0.3596576890625
0 0.240234375 0.4244192015625 0.2421875 0.4036030015625 0.234375 0.3874126234375 0.2236328125 0.379317434375 0.2041015625 0.3816303453125 0.19140625 0.3989771796875 0.189453125 0.4059159125 0.19140625 0.42210629062500005 0.1953125 0.4313579359375 0.2080078125 0.44176603593749997 0.224609375 0.44060958125000005 0.2314453125 0.43714021406250003 0.240234375 0.4244192015625
0 0.23828125 0.4938065375 0.2421875 0.48455489375000005 0.2421875 0.4729903375 0.2314453125 0.45101768125 0.2236328125 0.4463918578125 0.2080078125 0.4463918578125 0.193359375 0.45911287031250003 0.189453125 0.47067742656249995 0.189453125 0.48455489375000005 0.2001953125 0.5042146375 0.2080078125 0.5088404609375 0.224609375 0.5076840046875 0.2314453125 0.5042146375 0.23828125 0.4938065375
0 0.240234375 0.553942228125 0.240234375 0.5400647609375 0.236328125 0.52850020625 0.2294921875 0.5204050171875 0.2216796875 0.51577919375 0.2060546875 0.51577919375 0.1962890625 0.522717928125 0.189453125 0.5354389390625001 0.189453125 0.5562551390625 0.193359375 0.565506784375 0.2021484375 0.575914884375 0.2080078125 0.5782277953125 0.220703125 0.577071340625 0.234375 0.5678196953125 0.240234375 0.553942228125
0 0.23828125 0.625642475 0.240234375 0.604826275 0.234375 0.5909488078125 0.2255859375 0.58285361875 0.2197265625 0.5805407078125 0.2021484375 0.58285361875 0.1953125 0.588635896875 0.189453125 0.6002004515625 0.189453125 0.6233295640625001 0.193359375 0.632581209375 0.2060546875 0.642989309375 0.22265625 0.641832853125 0.2294921875 0.6383634875 0.23828125 0.625642475
0 0.236328125 0.697342721875 0.2421875 0.68115234375 0.240234375 0.6672748765625001 0.234375 0.6557103203125 0.2236328125 0.64761513125 0.2041015625 0.64761513125 0.1953125 0.6557103203125 0.189453125 0.6672748765625001 0.189453125 0.685778165625 0.1982421875 0.703125 0.2119140625 0.7100637328125 0.21875 0.708907278125 0.2294921875 0.7054379109375 0.236328125 0.697342721875
0 0.29296875 0.237073396875 0.2890625 0.2278217515625 0.2802734375 0.21741365156249998 0.2763671875 0.215100740625 0.2568359375 0.215100740625 0.24609375 0.225508840625 0.240234375 0.237073396875 0.2421875 0.2555766859375 0.24609375 0.26482833125 0.2568359375 0.27523643125 0.27734375 0.274079975 0.291015625 0.257889596875 0.29296875 0.237073396875
0 0.287109375 0.32958984375 0.291015625 0.3203381984375 0.291015625 0.30646073125 0.28515625 0.2925832640625 0.2783203125 0.284488075 0.2744140625 0.2821751640625 0.2568359375 0.2821751640625 0.244140625 0.2925832640625 0.23828125 0.30646073125 0.23828125 0.3203381984375 0.2470703125 0.3376850328125 0.2607421875 0.3446237671875 0.271484375 0.3434673109375 0.2822265625 0.3376850328125 0.287109375 0.32958984375
0 0.2890625 0.389725534375 0.2890625 0.368909334375 0.283203125 0.357344778125 0.2744140625 0.3492495890625 0.2607421875 0.346936678125 0.2490234375 0.3515625 0.2421875 0.3596576890625 0.23828125 0.3665964234375 0.236328125 0.378160978125 0.240234375 0.39435135625 0.2529296875 0.4093852796875 0.267578125 0.4105417359375 0.2763671875 0.40707236875 0.2890625 0.389725534375
0 0.2890625 0.45217413593750005 0.2890625 0.4359837578125 0.2763671875 0.41632401249999995 0.2724609375 0.4140111015625 0.2529296875 0.4140111015625 0.23828125 0.4313579359375 0.236328125 0.43829666874999995 0.23828125 0.45679995937499995 0.2529296875 0.47414679218750005 0.2734375 0.4729903375 0.28515625 0.46142578125 0.2890625 0.45217413593750005
0 0.2890625 0.5192485609374999 0.2890625 0.509996915625 0.283203125 0.49611944843750005 0.2763671875 0.48802425937500005 0.2685546875 0.4833984375 0.2490234375 0.48571134843749997 0.23828125 0.4984323609375 0.236328125 0.5238743828125 0.240234375 0.533126028125 0.2490234375 0.543534128125 0.2548828125 0.5458470390625 0.271484375 0.544690584375 0.283203125 0.533126028125 0.2890625 0.5192485609374999
0 0.28515625 0.59326171875 0.287109375 0.5816971625 0.28515625 0.5793842515625001 0.28515625 0.5678196953125 0.2724609375 0.5504728625 0.2666015625 0.54815995 0.2490234375 0.5504728625 0.236328125 0.5678196953125 0.234375 0.5747584296875 0.236328125 0.5909488078125 0.240234375 0.6002004515625 0.2529296875 0.610608553125 0.26953125 0.609452096875 0.2763671875 0.6059827296875 0.28515625 0.59326171875
0 0.28515625 0.66033614375 0.287109375 0.653397409375 0.28515625 0.632581209375 0.2705078125 0.615234375 0.2509765625 0.615234375 0.240234375 0.625642475 0.236328125 0.6348941203125 0.236328125 0.6557103203125 0.2470703125 0.6730571546874999 0.2548828125 0.6776829765625 0.26953125 0.676526521875 0.2763671875 0.6730571546874999 0.28515625 0.66033614375
0 0.337890625 0.1630602390625 0.341796875 0.15380859375 0.341796875 0.137618215625 0.337890625 0.126053659375 0.3330078125 0.12027138125 0.3212890625 0.11333264843749999 0.3134765625 0.11333264843749999 0.294921875 0.126053659375 0.291015625 0.1353053046875 0.291015625 0.1561215046875 0.296875 0.1676860609375 0.3056640625 0.17578125 0.3095703125 0.1780941609375 0.322265625 0.17693770625 0.3291015625 0.1734683390625 0.337890625 0.1630602390625
0 0.3359375 0.2324475734375 0.33984375 0.225508840625 0.341796875 0.2070055515625 0.337890625 0.1954409953125 0.3271484375 0.1827199828125 0.3095703125 0.180407071875 0.3037109375 0.1827199828125 0.29296875 0.1954409953125 0.2890625 0.2046926390625 0.2890625 0.21857010625 0.29296875 0.23013466249999998 0.3017578125 0.2405427625 0.3115234375 0.2451685859375 0.31640625 0.24401212968750002 0.3232421875 0.242855675 0.3359375 0.2324475734375
0 0.3359375 0.2948961765625 0.337890625 0.2717670640625 0.3251953125 0.25210731875 0.3056640625 0.2497944078125 0.2958984375 0.2544202296875 0.287109375 0.2671412421875 0.28515625 0.28564453125 0.2890625 0.2972090875 0.2998046875 0.3099300984375 0.3056640625 0.312243009375 0.31640625 0.3110865546875 0.3291015625 0.3053042765625 0.3359375 0.2948961765625
0 0.337890625 0.357344778125 0.3359375 0.334215665625 0.3271484375 0.3214946546875 0.3193359375 0.3168688328125 0.2998046875 0.31918174375 0.291015625 0.3272769328125 0.28515625 0.3411544 0.28515625 0.3550318671875 0.29296875 0.3712222453125 0.2998046875 0.3770045234375 0.3037109375 0.379317434375 0.322265625 0.378160978125 0.333984375 0.3665964234375 0.337890625 0.357344778125
0 0.3359375 0.42673211406249995 0.337890625 0.4059159125 0.333984375 0.39666426875 0.3232421875 0.38394325625 0.3173828125 0.3816303453125 0.2998046875 0.38394325625 0.29296875 0.389725534375 0.28515625 0.4036030015625 0.287109375 0.42673211406249995 0.3017578125 0.44407894687500005 0.3203125 0.4429224921875 0.3271484375 0.439453125 0.3359375 0.42673211406249995
0 0.3359375 0.489180715625 0.3359375 0.4729903375 0.328125 0.45679995937499995 0.3212890625 0.45101768125 0.3017578125 0.44870477031249995 0.2939453125 0.4533305921875 0.28515625 0.46605160312500005 0.283203125 0.489180715625 0.287109375 0.4984323609375 0.2998046875 0.511153371875 0.3203125 0.509996915625 0.33203125 0.4984323609375 0.3359375 0.489180715625
0 0.330078125 0.5678196953125 0.333984375 0.5585680515625 0.333984375 0.5400647609375 0.330078125 0.5308131171875 0.3154296875 0.5180921046875 0.2958984375 0.5204050171875 0.283203125 0.53775185 0.283203125 0.5585680515625 0.2939453125 0.575914884375 0.3017578125 0.5805407078125 0.31640625 0.5793842515625001 0.3212890625 0.5782277953125 0.330078125 0.5678196953125
0 0.337890625 0.6117650078125 0.33203125 0.5955746296875 0.3271484375 0.5897923515625 0.3154296875 0.58285361875 0.3037109375 0.58285361875 0.2958984375 0.587479440625 0.287109375 0.597887540625 0.283203125 0.61407791875 0.28515625 0.625642475 0.291015625 0.63720703125 0.3017578125 0.6453022203125001 0.3203125 0.6441457640625 0.333984375 0.6302682984375 0.337890625 0.6117650078125
0 0.333984375 0.6927169 0.3359375 0.6719006984375 0.33203125 0.6626490546875 0.3193359375 0.6499280421875 0.3115234375 0.64761513125 0.2978515625 0.6499280421875 0.28515625 0.664961965625 0.283203125 0.6719006984375 0.28515625 0.6927169 0.2958984375 0.707750821875 0.3056640625 0.7123766453125 0.31640625 0.7112201890625001 0.3232421875 0.707750821875 0.333984375 0.6927169
0 0.38671875 0.1283665703125 0.390625 0.1121761921875 0.38671875 0.0959858140625 0.3779296875 0.0855777140625 0.3603515625 0.0809518921875 0.3466796875 0.087890625 0.341796875 0.093672903125 0.337890625 0.10292454843750001 0.337890625 0.1214278375 0.3486328125 0.1387746703125 0.3564453125 0.14340049375 0.37109375 0.1422440375 0.3759765625 0.1410875828125 0.38671875 0.1283665703125
0 0.3828125 0.20006681718750002 0.388671875 0.18618935 0.388671875 0.1723118828125 0.3828125 0.158434415625 0.3740234375 0.1503392265625 0.3564453125 0.148026315625 0.341796875 0.158434415625 0.3359375 0.1723118828125 0.3359375 0.18618935 0.3466796875 0.2058490953125 0.3564453125 0.2127878296875 0.365234375 0.2116313734375 0.3779296875 0.2058490953125 0.3828125 0.20006681718750002
0 0.3828125 0.2671412421875 0.38671875 0.257889596875 0.38671875 0.24401212968750002 0.380859375 0.2278217515625 0.3759765625 0.22203947343750002 0.3564453125 0.21741365156249998 0.3466796875 0.22203947343750002 0.337890625 0.2324475734375 0.333984375 0.24169921875 0.333984375 0.2555766859375 0.33984375 0.2717670640625 0.3447265625 0.2775493421875 0.3564453125 0.2821751640625 0.365234375 0.281018709375 0.3740234375 0.2775493421875 0.3828125 0.2671412421875
0 0.384765625 0.324964021875 0.384765625 0.30646073125 0.380859375 0.2972090875 0.3662109375 0.284488075 0.3466796875 0.2868009875 0.333984375 0.3041478203125 0.3359375 0.3319027546875 0.3466796875 0.3446237671875 0.3525390625 0.346936678125 0.369140625 0.345780221875 0.380859375 0.334215665625 0.384765625 0.324964021875
0 0.38671875 0.3850997125 0.384765625 0.3712222453125 0.3720703125 0.3538754109375 0.3642578125 0.3515625 0.3486328125 0.3538754109375 0.3359375 0.3665964234375 0.333984375 0.3920384453125 0.337890625 0.401290090625 0.3466796875 0.411698190625 0.3505859375 0.4140111015625 0.369140625 0.41285464687499995 0.384765625 0.39435135625 0.38671875 0.3850997125
0 0.3828125 0.46373869218749997 0.384765625 0.43829666874999995 0.37890625 0.42673211406249995 0.3701171875 0.41863692500000005 0.3525390625 0.41632401249999995 0.3447265625 0.4209498359375 0.3359375 0.4313579359375 0.33203125 0.449861225 0.333984375 0.46142578125 0.3447265625 0.4764597046875 0.3564453125 0.48108552656250003 0.36328125 0.4799290703125 0.3720703125 0.4764597046875 0.3828125 0.46373869218749997
0 0.3828125 0.50537109375 0.3662109375 0.48571134843749997 0.3603515625 0.4833984375 0.3466796875 0.48571134843749997 0.333984375 0.4984323609375 0.330078125 0.5076840046875 0.33203125 0.52850020625 0.3466796875 0.5458470390625 0.3671875 0.544690584375 0.3828125 0.52618729375 0.3828125 0.50537109375
0 0.3828125 0.5955746296875 0.384765625 0.588635896875 0.3828125 0.57013260625 0.3701171875 0.5527857734375 0.3623046875 0.5504728625 0.3466796875 0.5527857734375 0.333984375 0.5678196953125 0.33203125 0.5747584296875 0.333984375 0.5955746296875 0.3486328125 0.6129214640625 0.3671875 0.6117650078125 0.3740234375 0.6082956421875 0.3828125 0.5955746296875
0 0.380859375 0.6626490546875 0.384765625 0.653397409375 0.384765625 0.6395199421875 0.380859375 0.6302682984375 0.3701171875 0.6175472859375 0.3642578125 0.615234375 0.3447265625 0.6175472859375 0.3359375 0.6279553859375 0.33203125 0.63720703125 0.33203125 0.6557103203125 0.3427734375 0.6730571546874999 0.3505859375 0.6776829765625 0.3671875 0.676526521875 0.3740234375 0.6730571546874999 0.380859375 0.6626490546875
0 0.3828125 0.7227847453125 0.3828125 0.70428145625 0.3720703125 0.686934621875 0.3642578125 0.6823088 0.3486328125 0.6823088 0.333984375 0.697342721875 0.330078125 0.7065943671875 0.33203125 0.72509765625 0.337890625 0.7366622125 0.3486328125 0.7447574015625 0.3671875 0.7436009453125 0.37890625 0.7320363890625 0.3828125 0.7227847453125
0 0.431640625 0.16537315 0.4375 0.1514956828125 0.4375 0.1399311265625 0.4287109375 0.12027138125 0.4169921875 0.11333264843749999 0.4052734375 0.11333264843749999 0.3974609375 0.1179584703125 0.388671875 0.1283665703125 0.384765625 0.137618215625 0.384765625 0.15380859375 0.388671875 0.1630602390625 0.3974609375 0.1734683390625 0.4072265625 0.1780941609375 0.416015625 0.17693770625 0.4208984375 0.17578125 0.431640625 0.16537315
0 0.431640625 0.2995219984375 0.43359375 0.2763928859375 0.4296875 0.26482833125 0.4228515625 0.2567331421875 0.4130859375 0.25210731875 0.4033203125 0.25210731875 0.3935546875 0.2567331421875 0.384765625 0.2671412421875 0.380859375 0.2787057984375 0.380859375 0.2879574421875 0.3896484375 0.3076171875 0.4052734375 0.3168688328125 0.412109375 0.3157123765625 0.4208984375 0.312243009375 0.431640625 0.2995219984375
0 0.43359375 0.35271895625 0.431640625 0.3388414890625 0.42578125 0.3272769328125 0.4169921875 0.3214946546875 0.4111328125 0.31918174375 0.3955078125 0.3214946546875 0.3828125 0.3365285765625 0.380859375 0.357344778125 0.38671875 0.3712222453125 0.3935546875 0.379317434375 0.3974609375 0.3816303453125 0.41796875 0.3804738890625 0.431640625 0.3642835109375 0.43359375 0.35271895625
0 0.431640625 0.40822882343750005 0.4296875 0.401290090625 0.4189453125 0.3885690796875 0.3994140625 0.3862561671875 0.384765625 0.3989771796875 0.380859375 0.40822882343750005 0.380859375 0.42673211406249995 0.3935546875 0.4463918578125 0.3994140625 0.44870477031249995 0.416015625 0.4475483140625 0.431640625 0.429045025 0.431640625 0.40822882343750005
0 0.4296875 0.4984323609375 0.431640625 0.4938065375 0.431640625 0.4729903375 0.4208984375 0.455643503125 0.4111328125 0.45101768125 0.3994140625 0.45101768125 0.3916015625 0.455643503125 0.380859375 0.47067742656249995 0.380859375 0.4938065375 0.3896484375 0.5088404609375 0.4013671875 0.51577919375 0.41015625 0.5146227390625 0.4228515625 0.5088404609375 0.4296875 0.4984323609375
0 0.427734375 0.5678196953125 0.431640625 0.5585680515625 0.431640625 0.5400647609375 0.4208984375 0.522717928125 0.4130859375 0.5180921046875 0.3974609375 0.5180921046875 0.3896484375 0.522717928125 0.380859375 0.53775185 0.380859375 0.5585680515625 0.3916015625 0.575914884375 0.3994140625 0.5805407078125 0.4140625 0.5793842515625001 0.4208984375 0.575914884375 0.427734375 0.5678196953125
0 0.431640625 0.621016653125 0.431640625 0.6071391859374999 0.427734375 0.597887540625 0.4189453125 0.587479440625 0.4111328125 0.58285361875 0.3935546875 0.5851665296874999 0.38671875 0.5909488078125 0.380859375 0.6025133640625 0.37890625 0.609452096875 0.380859375 0.625642475 0.384765625 0.6348941203125 0.3955078125 0.6453022203125001 0.416015625 0.6441457640625 0.427734375 0.632581209375 0.431640625 0.621016653125
0 0.427734375 0.697342721875 0.431640625 0.6880910765625 0.431640625 0.6719006984375 0.427734375 0.6626490546875 0.4189453125 0.6522409546875 0.4091796875 0.64761513125 0.3994140625 0.64761513125 0.3896484375 0.6522409546875 0.3828125 0.66033614375 0.37890625 0.6719006984375 0.37890625 0.6880910765625 0.3828125 0.697342721875 0.3916015625 0.707750821875 0.4013671875 0.7123766453125 0.412109375 0.7112201890625001 0.4189453125 0.707750821875 0.427734375 0.697342721875
0 0.48046875 0.13299239375 0.484375 0.1237407484375 0.484375 0.105237459375 0.48046875 0.0959858140625 0.4697265625 0.0855777140625 0.4462890625 0.0855777140625 0.435546875 0.098298725 0.431640625 0.1075503703125 0.43359375 0.1237407484375 0.4375 0.13299239375 0.4462890625 0.14340049375 0.4521484375 0.1457134046875 0.466796875 0.1445569484375 0.4736328125 0.1410875828125 0.48046875 0.13299239375
0 0.482421875 0.193128084375 0.484375 0.17462479375 0.478515625 0.1607473265625 0.4677734375 0.1503392265625 0.4482421875 0.1503392265625 0.431640625 0.169998971875 0.431640625 0.1908151734375 0.4423828125 0.20816200624999998 0.4501953125 0.2127878296875 0.46484375 0.2116313734375 0.4697265625 0.2104749171875 0.482421875 0.193128084375
0 0.478515625 0.2671412421875 0.482421875 0.257889596875 0.482421875 0.24169921875 0.478515625 0.2324475734375 0.4697265625 0.22203947343750002 0.4521484375 0.21741365156249998 0.4423828125 0.22203947343750002 0.431640625 0.2347604859375 0.4296875 0.257889596875 0.4375 0.274079975 0.4443359375 0.279862253125 0.4482421875 0.2821751640625 0.462890625 0.281018709375 0.4697265625 0.2775493421875 0.478515625 0.2671412421875
0 0.478515625 0.334215665625 0.48046875 0.30877364375 0.474609375 0.2972090875 0.4658203125 0.2891138984375 0.4443359375 0.2891138984375 0.431640625 0.3041478203125 0.427734375 0.313399465625 0.427734375 0.3226511109375 0.43359375 0.3388414890625 0.4404296875 0.346936678125 0.4501953125 0.3515625 0.458984375 0.35040604375 0.4716796875 0.3446237671875 0.478515625 0.334215665625
0 0.48046875 0.389725534375 0.478515625 0.3758480671875 0.474609375 0.3665964234375 0.4619140625 0.356188321875 0.4443359375 0.356188321875 0.431640625 0.368909334375 0.427734375 0.3804738890625 0.427734375 0.39435135625 0.4384765625 0.4140111015625 0.4462890625 0.41863692500000005 0.462890625 0.41748046875 0.478515625 0.3989771796875 0.48046875 0.389725534375
0 0.4765625 0.4683645140625 0.48046875 0.445235403125 0.474609375 0.4313579359375 0.4677734375 0.423262746875 0.4638671875 0.4209498359375 0.4443359375 0.4209498359375 0.431640625 0.433670846875 0.427734375 0.4429224921875 0.427734375 0.45911287031250003 0.431640625 0.4683645140625 0.4404296875 0.47877261562499995 0.4501953125 0.4833984375 0.458984375 0.48224198124999995 0.4677734375 0.47877261562499995 0.4765625 0.4683645140625
0 0.478515625 0.52618729375 0.48046875 0.5192485609374999 0.478515625 0.5030581828125 0.4638671875 0.48571134843749997 0.4560546875 0.4833984375 0.4423828125 0.48571134843749997 0.43359375 0.4938065375 0.427734375 0.5076840046875 0.4296875 0.52850020625 0.4384765625 0.5412212171874999 0.4462890625 0.5458470390625 0.462890625 0.544690584375 0.4677734375 0.543534128125 0.478515625 0.52618729375
0 0.474609375 0.6002004515625 0.478515625 0.5909488078125 0.478515625 0.57013260625 0.4677734375 0.5527857734375 0.4482421875 0.54815995 0.4384765625 0.5527857734375 0.4296875 0.565506784375 0.427734375 0.57013260625 0.427734375 0.5909488078125 0.4384765625 0.6082956421875 0.4482421875 0.6129214640625 0.4609375 0.6117650078125 0.4677734375 0.6082956421875 0.474609375 0.6002004515625
0 0.478515625 0.65802323125 0.48046875 0.6487715875 0.478515625 0.6348941203125 0.4677734375 0.619860196875 0.4580078125 0.615234375 0.4462890625 0.615234375 0.431640625 0.6279553859375 0.427734375 0.63720703125 0.427734375 0.6557103203125 0.431640625 0.664961965625 0.4404296875 0.675370065625 0.4443359375 0.6776829765625 0.462890625 0.676526521875 0.4697265625 0.6730571546874999 0.478515625 0.65802323125
0 0.478515625 0.70428145625 0.4677734375 0.686934621875 0.4599609375 0.6823088 0.4443359375 0.6823088 0.4345703125 0.6892475328125001 0.427734375 0.70196854375 0.42578125 0.7135331 0.427734375 0.72509765625 0.4443359375 0.7447574015625 0.462890625 0.7436009453125 0.478515625 0.72509765625 0.478515625 0.70428145625
0 0.52734375 0.16537315 0.53125 0.1561215046875 0.53125 0.137618215625 0.52734375 0.1283665703125 0.5166015625 0.1179584703125 0.5009765625 0.11564555937500001 0.484375 0.1283665703125 0.478515625 0.1422440375 0.478515625 0.1514956828125 0.484375 0.1676860609375 0.4892578125 0.1734683390625 0.4951171875 0.1780941609375 0.505859375 0.1792506171875 0.5185546875 0.17578125 0.52734375 0.16537315
0 0.525390625 0.2347604859375 0.529296875 0.225508840625 0.529296875 0.2046926390625 0.5234375 0.193128084375 0.5126953125 0.1850328953125 0.4951171875 0.1850328953125 0.48046875 0.20006681718750002 0.4765625 0.2116313734375 0.4765625 0.22088301875 0.482421875 0.2347604859375 0.4912109375 0.2451685859375 0.4970703125 0.247481496875 0.51171875 0.246325040625 0.5185546875 0.242855675 0.525390625 0.2347604859375
0 0.52734375 0.2972090875 0.529296875 0.2879574421875 0.52734375 0.274079975 0.521484375 0.26251541875 0.5107421875 0.2544202296875 0.4931640625 0.2544202296875 0.478515625 0.269454153125 0.474609375 0.2879574421875 0.48046875 0.3041478203125 0.4873046875 0.312243009375 0.4951171875 0.3168688328125 0.509765625 0.3157123765625 0.5146484375 0.3145559203125 0.52734375 0.2972090875
0 0.52734375 0.3596576890625 0.525390625 0.3388414890625 0.5126953125 0.323807565625 0.5048828125 0.3214946546875 0.4892578125 0.323807565625 0.482421875 0.32958984375 0.474609375 0.345780221875 0.4765625 0.3665964234375 0.4853515625 0.379317434375 0.4931640625 0.38394325625 0.51171875 0.3827868015625 0.525390625 0.3665964234375 0.52734375 0.3596576890625
0 0.52734375 0.42673211406249995 0.52734375 0.4105417359375 0.5234375 0.401290090625 0.5146484375 0.390881990625 0.5087890625 0.3885690796875 0.4931640625 0.3885690796875 0.4853515625 0.3931949015625 0.474609375 0.41285464687499995 0.4765625 0.4313579359375 0.4912109375 0.44870477031249995 0.513671875 0.4475483140625 0.51953125 0.4429224921875 0.52734375 0.42673211406249995
0 0.52734375 0.4914936265625 0.52734375 0.477616159375 0.5166015625 0.4579564140625 0.5087890625 0.4533305921875 0.4931640625 0.4533305921875 0.4853515625 0.4579564140625 0.4765625 0.47067742656249995 0.474609375 0.489180715625 0.478515625 0.500745271875 0.4892578125 0.5134662828125001 0.4951171875 0.51577919375 0.509765625 0.5146227390625 0.5234375 0.500745271875 0.52734375 0.4914936265625
0 0.5234375 0.565506784375 0.52734375 0.5562551390625 0.525390625 0.5354389390625001 0.5107421875 0.5180921046875 0.4912109375 0.5180921046875 0.48046875 0.52618729375 0.474609375 0.5400647609375 0.474609375 0.5562551390625 0.478515625 0.565506784375 0.4873046875 0.575914884375 0.4970703125 0.5805407078125 0.505859375 0.5793842515625001 0.5146484375 0.575914884375 0.5234375 0.565506784375
0 0.52734375 0.6071391859374999 0.5166015625 0.587479440625 0.5087890625 0.58285361875 0.4931640625 0.58285361875 0.478515625 0.5955746296875 0.474609375 0.604826275 0.474609375 0.6233295640625001 0.478515625 0.632581209375 0.4912109375 0.6453022203125001 0.51171875 0.6441457640625 0.525390625 0.6279553859375 0.52734375 0.6071391859374999
0 0.52734375 0.6880910765625 0.52734375 0.676526521875 0.5234375 0.664961965625 0.5126953125 0.6522409546875 0.4912109375 0.6499280421875 0.474609375 0.6695877875 0.47265625 0.68115234375 0.474609375 0.6927169 0.4873046875 0.7100637328125 0.4970703125 0.71468955625 0.50390625 0.7135331 0.51953125 0.70428145625 0.52734375 0.6880910765625
0 0.580078125 0.105237459375 0.576171875 0.0959858140625 0.5654296875 0.0855777140625 0.5439453125 0.0855777140625 0.529296875 0.10292454843750001 0.52734375 0.10986328125 0.529296875 0.126053659375 0.5458984375 0.1457134046875 0.564453125 0.1445569484375 0.578125 0.13067948125 0.580078125 0.105237459375
0 0.57421875 0.202379728125 0.580078125 0.18618935 0.580078125 0.1792506171875 0.57421875 0.1630602390625 0.5693359375 0.1572779609375 0.5556640625 0.1503392265625 0.5498046875 0.1503392265625 0.5380859375 0.15496505 0.53125 0.1630602390625 0.52734375 0.169998971875 0.525390625 0.18618935 0.52734375 0.1954409953125 0.5380859375 0.2104749171875 0.5458984375 0.215100740625 0.55859375 0.213944284375 0.5634765625 0.2127878296875 0.57421875 0.202379728125
0 0.572265625 0.2717670640625 0.578125 0.2555766859375 0.578125 0.246325040625 0.57421875 0.237073396875 0.5634765625 0.224352384375 0.5595703125 0.22203947343750002 0.5419921875 0.22203947343750002 0.52734375 0.237073396875 0.5234375 0.2486379515625 0.5234375 0.257889596875 0.529296875 0.2717670640625 0.5380859375 0.2821751640625 0.5439453125 0.284488075 0.55859375 0.2833316203125 0.5654296875 0.279862253125 0.572265625 0.2717670640625
0 0.572265625 0.3365285765625 0.576171875 0.313399465625 0.5703125 0.2995219984375 0.5634765625 0.291426809375 0.5595703125 0.2891138984375 0.5380859375 0.2891138984375 0.525390625 0.3041478203125 0.521484375 0.313399465625 0.521484375 0.3226511109375 0.52734375 0.3388414890625 0.5322265625 0.3446237671875 0.5439453125 0.3515625 0.5546875 0.35040604375 0.5634765625 0.346936678125 0.572265625 0.3365285765625
0 0.5703125 0.4059159125 0.576171875 0.389725534375 0.576171875 0.3804738890625 0.572265625 0.368909334375 0.5634765625 0.3585012328125 0.5537109375 0.3538754109375 0.5458984375 0.3538754109375 0.5341796875 0.3585012328125 0.525390625 0.3712222453125 0.5234375 0.3758480671875 0.5234375 0.39666426875 0.529296875 0.40822882343750005 0.5380859375 0.41632401249999995 0.5439453125 0.41863692500000005 0.5546875 0.41748046875 0.5634765625 0.4140111015625 0.5703125 0.4059159125
0 0.5703125 0.47067742656249995 0.57421875 0.46142578125 0.57421875 0.44060958125000005 0.5576171875 0.4209498359375 0.5400390625 0.4209498359375 0.5234375 0.44060958125000005 0.521484375 0.4475483140625 0.5234375 0.46373869218749997 0.5341796875 0.47877261562499995 0.5419921875 0.4833984375 0.556640625 0.48224198124999995 0.5615234375 0.48108552656250003 0.5703125 0.47067742656249995
0 0.5703125 0.533126028125 0.57421875 0.5123098265625 0.5703125 0.500745271875 0.5615234375 0.4903371703125 0.5517578125 0.48571134843749997 0.5400390625 0.48571134843749997 0.5341796875 0.48802425937500005 0.525390625 0.4984323609375 0.521484375 0.50537109375 0.51953125 0.5192485609374999 0.525390625 0.5354389390625001 0.5322265625 0.543534128125 0.5400390625 0.54815995 0.552734375 0.5470034953125 0.5615234375 0.543534128125 0.5703125 0.533126028125
0 0.57421875 0.5909488078125 0.57421875 0.57244551875 0.5703125 0.5631938734374999 0.5615234375 0.5527857734375 0.5537109375 0.5504728625 0.5341796875 0.5527857734375 0.525390625 0.5631938734374999 0.521484375 0.57244551875 0.521484375 0.5909488078125 0.529296875 0.604826275 0.5400390625 0.6129214640625 0.55859375 0.6117650078125 0.5703125 0.6002004515625 0.57421875 0.5909488078125
0 0.57421875 0.66033614375 0.576171875 0.653397409375 0.57421875 0.63720703125 0.5703125 0.6279553859375 0.5576171875 0.6175472859375 0.5400390625 0.6175472859375 0.5302734375 0.6244860203125 0.5234375 0.63720703125 0.521484375 0.6510844984374999 0.525390625 0.664961965625 0.5400390625 0.6799958875 0.55859375 0.6788394328125 0.5654296875 0.675370065625 0.57421875 0.66033614375
0 0.625 0.16537315 0.62890625 0.1561215046875 0.62890625 0.1399311265625 0.625 0.13067948125 0.6162109375 0.12027138125 0.6064453125 0.11564555937500001 0.5966796875 0.11564555937500001 0.58203125 0.126053659375 0.576171875 0.137618215625 0.57421875 0.1514956828125 0.578125 0.1630602390625 0.5869140625 0.17578125 0.5966796875 0.180407071875 0.609375 0.1792506171875 0.6162109375 0.17578125 0.625 0.16537315
0 0.625 0.23013466249999998 0.625 0.2070055515625 0.6142578125 0.191971628125 0.6064453125 0.18734580625 0.5927734375 0.18734580625 0.5849609375 0.191971628125 0.576171875 0.202379728125 0.572265625 0.2116313734375 0.572265625 0.225508840625 0.578125 0.23938630781249998 0.5849609375 0.247481496875 0.6015625 0.2509508640625 0.6123046875 0.247481496875 0.625 0.23013466249999998
0 0.62109375 0.3041478203125 0.625 0.2972090875 0.626953125 0.2833316203125 0.62109375 0.2671412421875 0.6142578125 0.259046053125 0.6064453125 0.2544202296875 0.5927734375 0.2544202296875 0.5849609375 0.259046053125 0.576171875 0.269454153125 0.572265625 0.281018709375 0.572265625 0.2925832640625 0.5830078125 0.312243009375 0.5966796875 0.31918174375 0.603515625 0.3180252875 0.6123046875 0.3145559203125 0.62109375 0.3041478203125
0 0.625 0.357344778125 0.623046875 0.3411544 0.6083984375 0.323807565625 0.6025390625 0.3214946546875 0.5869140625 0.323807565625 0.572265625 0.3411544 0.5703125 0.3480931328125 0.572265625 0.3642835109375 0.578125 0.3758480671875 0.5888671875 0.38394325625 0.609375 0.3827868015625 0.623046875 0.3665964234375 0.625 0.357344778125
0 0.62109375 0.433670846875 0.623046875 0.40822882343750005 0.6171875 0.39666426875 0.6103515625 0.390881990625 0.5927734375 0.3862561671875 0.5830078125 0.390881990625 0.57421875 0.401290090625 0.5703125 0.4105417359375 0.5703125 0.42673211406249995 0.5849609375 0.44870477031249995 0.6015625 0.449861225 0.6142578125 0.44407894687500005 0.62109375 0.433670846875
0 0.619140625 0.5030581828125 0.623046875 0.4914936265625 0.623046875 0.477616159375 0.619140625 0.4683645140625 0.6103515625 0.4579564140625 0.6005859375 0.4533305921875 0.5888671875 0.4533305921875 0.5810546875 0.4579564140625 0.5703125 0.4729903375 0.568359375 0.4914936265625 0.572265625 0.500745271875 0.5830078125 0.5134662828125001 0.5869140625 0.51577919375 0.60546875 0.5146227390625 0.6123046875 0.511153371875 0.619140625 0.5030581828125
0 0.623046875 0.5608809625 0.62109375 0.5354389390625001 0.6064453125 0.5204050171875 0.5869140625 0.5204050171875 0.57421875 0.533126028125 0.5703125 0.5423776734375 0.5703125 0.5585680515625 0.578125 0.5747584296875 0.5849609375 0.5805407078125 0.5888671875 0.58285361875 0.60546875 0.5816971625 0.6123046875 0.5782277953125 0.623046875 0.5608809625
0 0.62109375 0.63720703125 0.625 0.625642475 0.625 0.6117650078125 0.62109375 0.6025133640625 0.6103515625 0.5897923515625 0.6064453125 0.587479440625 0.5888671875 0.587479440625 0.5810546875 0.5921052625 0.572265625 0.604826275 0.5703125 0.621016653125 0.576171875 0.63720703125 0.5849609375 0.64761513125 0.5966796875 0.6522409546875 0.6015625 0.6510844984374999 0.6083984375 0.6499280421875 0.62109375 0.63720703125
0 0.6171875 0.7065943671875 0.623046875 0.6927169 0.623046875 0.68115234375 0.6142578125 0.6614925984375 0.6025390625 0.654553865625 0.5869140625 0.654553865625 0.57421875 0.664961965625 0.568359375 0.6788394328125 0.568359375 0.6927169 0.572265625 0.70196854375 0.5830078125 0.71468955625 0.5927734375 0.719315378125 0.599609375 0.7181589234375 0.6064453125 0.7170024671874999 0.6171875 0.7065943671875
0 0.673828125 0.13067948125 0.67578125 0.1075503703125 0.6650390625 0.0902035359375 0.6572265625 0.0855777140625 0.6435546875 0.0855777140625 0.6337890625 0.0902035359375 0.625 0.10292454843750001 0.623046875 0.1237407484375 0.6337890625 0.14340049375 0.6416015625 0.148026315625 0.65625 0.1468698609375 0.6669921875 0.1410875828125 0.673828125 0.13067948125
0 0.673828125 0.17462479375 0.6591796875 0.1572779609375 0.6533203125 0.15496505 0.6376953125 0.1572779609375 0.623046875 0.17462479375 0.62109375 0.181563528125 0.623046875 0.19775390625 0.626953125 0.2070055515625 0.6396484375 0.21741365156249998 0.658203125 0.2162571953125 0.673828125 0.19775390625 0.673828125 0.17462479375
0 0.669921875 0.269454153125 0.673828125 0.2602025078125 0.673828125 0.24401212968750002 0.6630859375 0.2266652953125 0.6552734375 0.22203947343750002 0.6376953125 0.22203947343750002 0.623046875 0.237073396875 0.619140625 0.2555766859375 0.623046875 0.2671412421875 0.6318359375 0.279862253125 0.6396484375 0.284488075 0.654296875 0.2833316203125 0.6591796875 0.2821751640625 0.669921875 0.269454153125
0 0.671875 0.32958984375 0.673828125 0.3226511109375 0.671875 0.30877364375 0.6552734375 0.2891138984375 0.6376953125 0.2891138984375 0.623046875 0.3041478203125 0.619140625 0.313399465625 0.619140625 0.3272769328125 0.6298828125 0.346936678125 0.6376953125 0.3515625 0.65625 0.35040604375 0.66796875 0.3388414890625 0.671875 0.32958984375
0 0.66796875 0.4059159125 0.671875 0.39666426875 0.671875 0.3758480671875 0.666015625 0.3642835109375 0.6552734375 0.356188321875 0.6357421875 0.356188321875 0.625 0.3642835109375 0.619140625 0.378160978125 0.619140625 0.39435135625 0.6298828125 0.4140111015625 0.6396484375 0.41863692500000005 0.654296875 0.41748046875 0.6611328125 0.4140111015625 0.66796875 0.4059159125
0 0.671875 0.46373869218749997 0.673828125 0.4544870484375 0.671875 0.4429224921875 0.6630859375 0.42788856875 0.6513671875 0.4209498359375 0.6376953125 0.4209498359375 0.6279296875 0.42788856875 0.62109375 0.43829666874999995 0.619140625 0.46142578125 0.623046875 0.47067742656249995 0.6318359375 0.48108552656250003 0.6396484375 0.48571134843749997 0.65234375 0.48455489375000005 0.6591796875 0.48108552656250003 0.671875 0.46373869218749997
0 0.673828125 0.52850020625 0.671875 0.50537109375 0.6591796875 0.4903371703125 0.6533203125 0.48802425937500005 0.6337890625 0.4903371703125 0.623046875 0.5030581828125 0.619140625 0.5123098265625 0.62109375 0.52850020625 0.625 0.53775185 0.6337890625 0.54815995 0.6376953125 0.5504728625 0.65625 0.54931640625 0.6630859375 0.5458470390625 0.673828125 0.52850020625
0 0.669921875 0.604826275 0.673828125 0.59326171875 0.673828125 0.5793842515625001 0.669921875 0.57013260625 0.6591796875 0.5574115953125001 0.6416015625 0.555098684375 0.6337890625 0.5574115953125001 0.623046875 0.57013260625 0.619140625 0.5816971625 0.619140625 0.5909488078125 0.6298828125 0.6129214640625 0.6376953125 0.6175472859375 0.6484375 0.6187037421875 0.6630859375 0.6129214640625 0.669921875 0.604826275
0 0.669921875 0.6742136109375 0.673828125 0.664961965625 0.673828125 0.6487715875 0.669921875 0.6395199421875 0.6591796875 0.62679893125 0.6552734375 0.6244860203125 0.6376953125 0.6244860203125 0.623046875 0.6395199421875 0.619140625 0.6510844984374999 0.619140625 0.66033614375 0.623046875 0.6719006984375 0.6337890625 0.6846217109375 0.6416015625 0.6892475328125001 0.65234375 0.6880910765625 0.6611328125 0.6846217109375 0.669921875 0.6742136109375
0 0.72265625 0.1607473265625 0.72265625 0.1445569484375 0.71875 0.1353053046875 0.7099609375 0.12489720468750001 0.6865234375 0.1225842921875 0.669921875 0.1422440375 0.669921875 0.1630602390625 0.673828125 0.1723118828125 0.6865234375 0.1850328953125 0.70703125 0.1838764390625 0.716796875 0.17462479375 0.72265625 0.1607473265625
0 0.71875 0.237073396875 0.72265625 0.2278217515625 0.72265625 0.2116313734375 0.71875 0.202379728125 0.7041015625 0.1896587171875 0.6826171875 0.191971628125 0.669921875 0.20931846250000002 0.669921875 0.23013466249999998 0.673828125 0.23938630781249998 0.6826171875 0.2497944078125 0.6865234375 0.25210731875 0.705078125 0.2509508640625 0.7138671875 0.2451685859375 0.71875 0.237073396875
0 0.72265625 0.2925832640625 0.720703125 0.274079975 0.7138671875 0.263671875 0.7041015625 0.2567331421875 0.6865234375 0.2567331421875 0.6767578125 0.263671875 0.671875 0.2717670640625 0.66796875 0.281018709375 0.66796875 0.2948961765625 0.671875 0.3041478203125 0.6826171875 0.3168688328125 0.6865234375 0.31918174375 0.705078125 0.3180252875 0.720703125 0.2995219984375 0.72265625 0.2925832640625
0 0.71875 0.368909334375 0.720703125 0.3642835109375 0.720703125 0.3434673109375 0.716796875 0.334215665625 0.7080078125 0.323807565625 0.6865234375 0.3214946546875 0.671875 0.334215665625 0.66796875 0.3434673109375 0.66796875 0.3619706 0.671875 0.3712222453125 0.6806640625 0.3816303453125 0.6845703125 0.38394325625 0.703125 0.3827868015625 0.7080078125 0.3816303453125 0.71875 0.368909334375
0 0.72265625 0.4313579359375 0.724609375 0.41748046875 0.72265625 0.40822882343750005 0.7119140625 0.3931949015625 0.7021484375 0.3885690796875 0.6904296875 0.3885690796875 0.6806640625 0.3931949015625 0.673828125 0.401290090625 0.669921875 0.4105417359375 0.669921875 0.429045025 0.673828125 0.43829666874999995 0.6826171875 0.44870477031249995 0.6923828125 0.4533305921875 0.703125 0.45217413593750005 0.716796875 0.4429224921875 0.72265625 0.4313579359375
0 0.71875 0.50537109375 0.724609375 0.4868678046875 0.71875 0.4683645140625 0.7099609375 0.4579564140625 0.6943359375 0.4533305921875 0.6826171875 0.4579564140625 0.671875 0.47067742656249995 0.669921875 0.4753032484375 0.669921875 0.49611944843750005 0.6806640625 0.5134662828125001 0.6943359375 0.5204050171875 0.701171875 0.5192485609374999 0.7099609375 0.51577919375 0.71875 0.50537109375
0 0.720703125 0.57013260625 0.72265625 0.5470034953125 0.71875 0.53775185 0.7099609375 0.52734375 0.7021484375 0.522717928125 0.6904296875 0.522717928125 0.6806640625 0.52734375 0.671875 0.53775185 0.669921875 0.5423776734375 0.669921875 0.565506784375 0.673828125 0.5747584296875 0.6845703125 0.5851665296874999 0.6904296875 0.587479440625 0.703125 0.5863229859375 0.7138671875 0.5805407078125 0.720703125 0.57013260625
0 0.720703125 0.6348941203125 0.72265625 0.6233295640625001 0.720703125 0.609452096875 0.7099609375 0.594418175 0.7021484375 0.5897923515625 0.6865234375 0.5897923515625 0.6767578125 0.5967310859375 0.669921875 0.6071391859374999 0.66796875 0.6279553859375 0.671875 0.6395199421875 0.6806640625 0.6499280421875 0.6884765625 0.654553865625 0.703125 0.653397409375 0.7099609375 0.6499280421875 0.720703125 0.6348941203125
0 0.716796875 0.7135331 0.720703125 0.70428145625 0.720703125 0.68115234375 0.7041015625 0.6614925984375 0.6845703125 0.6614925984375 0.671875 0.6742136109375 0.66796875 0.6834652546875 0.66796875 0.6996556328125 0.6767578125 0.7170024671874999 0.6923828125 0.7262541125 0.69921875 0.72509765625 0.7119140625 0.719315378125 0.716796875 0.7135331
0 0.771484375 0.1237407484375 0.76953125 0.105237459375 0.7607421875 0.092516446875 0.7529296875 0.087890625 0.7353515625 0.087890625 0.7275390625 0.092516446875 0.71875 0.105237459375 0.716796875 0.126053659375 0.720703125 0.1353053046875 0.7314453125 0.148026315625 0.7373046875 0.1503392265625 0.75390625 0.149182771875 0.76953125 0.13067948125 0.771484375 0.1237407484375
0 0.771484375 0.1954409953125 0.7734375 0.1885022609375 0.771484375 0.17462479375 0.7607421875 0.159590871875 0.7529296875 0.15496505 0.7333984375 0.1572779609375 0.72265625 0.1676860609375 0.71875 0.17693770625 0.716796875 0.1838764390625 0.71875 0.1954409953125 0.72265625 0.2046926390625 0.7353515625 0.21741365156249998 0.755859375 0.2162571953125 0.767578125 0.2046926390625 0.771484375 0.1954409953125
0 0.76953125 0.2671412421875 0.771484375 0.24401212968750002 0.763671875 0.23013466249999998 0.7568359375 0.224352384375 0.7373046875 0.22203947343750002 0.7294921875 0.2266652953125 0.720703125 0.237073396875 0.716796875 0.246325040625 0.716796875 0.2602025078125 0.720703125 0.269454153125 0.7314453125 0.2821751640625 0.7412109375 0.2868009875 0.751953125 0.28564453125 0.7587890625 0.2821751640625 0.76953125 0.2671412421875
0 0.76953125 0.334215665625 0.771484375 0.3110865546875 0.767578125 0.301834909375 0.7548828125 0.2891138984375 0.7333984375 0.2891138984375 0.724609375 0.2972090875 0.71875 0.30877364375 0.716796875 0.3157123765625 0.71875 0.3319027546875 0.7314453125 0.3492495890625 0.7373046875 0.3515625 0.751953125 0.35040604375 0.7607421875 0.346936678125 0.76953125 0.334215665625
0 0.771484375 0.401290090625 0.7734375 0.378160978125 0.765625 0.3619706 0.7568359375 0.356188321875 0.7353515625 0.356188321875 0.72265625 0.368909334375 0.71875 0.378160978125 0.71875 0.39435135625 0.7314453125 0.41632401249999995 0.7373046875 0.41863692500000005 0.755859375 0.41748046875 0.7626953125 0.4140111015625 0.771484375 0.401290090625
0 0.76953125 0.47067742656249995 0.7734375 0.46142578125 0.7734375 0.445235403125 0.7626953125 0.42788856875 0.7509765625 0.4209498359375 0.7392578125 0.4209498359375 0.724609375 0.4313579359375 0.71875 0.445235403125 0.71875 0.46142578125 0.72265625 0.47067742656249995 0.7333984375 0.4833984375 0.7392578125 0.48571134843749997 0.75390625 0.48455489375000005 0.7587890625 0.4833984375 0.76953125 0.47067742656249995
0 0.767578125 0.5423776734375 0.771484375 0.5354389390625001 0.7734375 0.521561471875 0.771484375 0.509996915625 0.7607421875 0.49496299375 0.7509765625 0.4903371703125 0.7373046875 0.4903371703125 0.72265625 0.5030581828125 0.71875 0.5123098265625 0.71875 0.5308131171875 0.72265625 0.5400647609375 0.7314453125 0.5504728625 0.748046875 0.553942228125 0.7568359375 0.5527857734375 0.767578125 0.5423776734375
0 0.771484375 0.6025133640625 0.7734375 0.5840100734375 0.76953125 0.57244551875 0.7607421875 0.5620374171875 0.7529296875 0.5574115953125001 0.7373046875 0.5574115953125001 0.72265625 0.57013260625 0.716796875 0.5909488078125 0.72265625 0.6071391859374999 0.7314453125 0.6175472859375 0.7412109375 0.6221731078125 0.75390625 0.621016653125 0.7607421875 0.6175472859375 0.771484375 0.6025133640625
0 0.767578125 0.676526521875 0.771484375 0.6672748765625001 0.771484375 0.6510844984374999 0.7568359375 0.6291118421874999 0.7529296875 0.62679893125 0.7333984375 0.62679893125 0.72265625 0.63720703125 0.716796875 0.6487715875 0.716796875 0.6672748765625001 0.7275390625 0.6846217109375 0.7392578125 0.69156044375 0.75 0.6904039890625 0.7587890625 0.686934621875 0.767578125 0.676526521875
0 0.814453125 0.169998971875 0.8203125 0.1561215046875 0.8203125 0.1422440375 0.81640625 0.13299239375 0.8037109375 0.12027138125 0.7822265625 0.12027138125 0.76953125 0.13299239375 0.765625 0.1422440375 0.765625 0.1561215046875 0.771484375 0.169998971875 0.7783203125 0.1780941609375 0.7900390625 0.1827199828125 0.796875 0.181563528125 0.8037109375 0.180407071875 0.814453125 0.169998971875
0 0.8671875 0.1353053046875 0.869140625 0.13067948125 0.869140625 0.10986328125 0.8525390625 0.0902035359375 0.8330078125 0.0902035359375 0.8251953125 0.0948293578125 0.818359375 0.105237459375 0.814453125 0.1237407484375 0.8203125 0.1399311265625 0.8271484375 0.148026315625 0.8369140625 0.1526521375 0.84765625 0.1514956828125 0.8564453125 0.148026315625 0.8671875 0.1353053046875
0 0.87109375 0.193128084375 0.87109375 0.17693770625 0.8642578125 0.1619037828125 0.8544921875 0.15496505 0.8427734375 0.1526521375 0.8271484375 0.159590871875 0.8203125 0.1676860609375 0.81640625 0.1792506171875 0.81640625 0.1908151734375 0.8203125 0.202379728125 0.8291015625 0.2127878296875 0.8369140625 0.21741365156249998 0.8515625 0.2162571953125 0.8671875 0.2046926390625 0.87109375 0.193128084375
0 0.818359375 0.2347604859375 0.822265625 0.2162571953125 0.8203125 0.2070055515625 0.8115234375 0.1942845390625 0.7998046875 0.18734580625 0.7880859375 0.18734580625 0.7783203125 0.191971628125 0.771484375 0.20006681718750002 0.767578125 0.20931846250000002 0.767578125 0.23013466249999998 0.7822265625 0.2497944078125 0.80078125 0.2509508640625 0.8056640625 0.2497944078125 0.818359375 0.2347604859375
0 0.8203125 0.2972090875 0.822265625 0.290270353125 0.8203125 0.2717670640625 0.8076171875 0.2567331421875 0.7861328125 0.2544202296875 0.7783203125 0.259046053125 0.76953125 0.2717670640625 0.767578125 0.2948961765625 0.7734375 0.30646073125 0.7841796875 0.3168688328125 0.8046875 0.3157123765625 0.8115234375 0.312243009375 0.8203125 0.2972090875
0 0.869140625 0.2671412421875 0.87109375 0.24169921875 0.865234375 0.23013466249999998 0.8544921875 0.22203947343750002 0.8330078125 0.22203947343750002 0.8203125 0.2347604859375 0.81640625 0.246325040625 0.81640625 0.257889596875 0.822265625 0.2717670640625 0.8330078125 0.2821751640625 0.849609375 0.2833316203125 0.8583984375 0.279862253125 0.869140625 0.2671412421875
0 0.87109375 0.32958984375 0.87109375 0.30877364375 0.8671875 0.2995219984375 0.8603515625 0.291426809375 0.8486328125 0.2868009875 0.8271484375 0.291426809375 0.818359375 0.30877364375 0.818359375 0.3272769328125 0.822265625 0.3388414890625 0.8349609375 0.3492495890625 0.85546875 0.3480931328125 0.8642578125 0.3423108546875 0.87109375 0.32958984375
0 0.8203125 0.368909334375 0.822265625 0.3411544 0.81640625 0.32958984375 0.8095703125 0.323807565625 0.7861328125 0.3214946546875 0.7783203125 0.3261204765625 0.76953125 0.3411544 0.767578125 0.3480931328125 0.76953125 0.3619706 0.7734375 0.3712222453125 0.7822265625 0.3816303453125 0.7880859375 0.38394325625 0.8046875 0.3827868015625 0.8115234375 0.379317434375 0.8203125 0.368909334375
0 0.818359375 0.44060958125000005 0.822265625 0.4313579359375 0.822265625 0.40822882343750005 0.8095703125 0.390881990625 0.7900390625 0.3885690796875 0.7802734375 0.3931949015625 0.7734375 0.401290090625 0.76953125 0.41285464687499995 0.76953125 0.42673211406249995 0.7734375 0.43829666874999995 0.7822265625 0.44870477031249995 0.7939453125 0.4533305921875 0.80078125 0.45217413593750005 0.8134765625 0.4463918578125 0.818359375 0.44060958125000005
0 0.8203125 0.50537109375 0.822265625 0.500745271875 0.822265625 0.477616159375 0.8056640625 0.4579564140625 0.7861328125 0.4579564140625 0.771484375 0.4729903375 0.767578125 0.48224198124999995 0.767578125 0.4938065375 0.771484375 0.50537109375 0.7841796875 0.5204050171875 0.80078125 0.521561471875 0.8095703125 0.5180921046875 0.8203125 0.50537109375
0 0.822265625 0.57244551875 0.82421875 0.565506784375 0.822265625 0.5423776734375 0.8095703125 0.52734375 0.8037109375 0.5250308390625 0.7841796875 0.52734375 0.771484375 0.5423776734375 0.76953125 0.54931640625 0.771484375 0.57013260625 0.7861328125 0.587479440625 0.7919921875 0.5897923515625 0.806640625 0.588635896875 0.8154296875 0.58285361875 0.822265625 0.57244551875
0 0.8203125 0.6395199421875 0.822265625 0.6302682984375 0.8203125 0.61407791875 0.81640625 0.604826275 0.8076171875 0.5967310859375 0.8017578125 0.594418175 0.7802734375 0.5967310859375 0.767578125 0.61407791875 0.765625 0.6233295640625001 0.767578125 0.63720703125 0.7734375 0.6487715875 0.7822265625 0.6568667765625 0.7880859375 0.6591796875 0.802734375 0.65802323125 0.8095703125 0.654553865625 0.8203125 0.6395199421875
0 0.8203125 0.7112201890625001 0.8203125 0.6904039890625 0.8017578125 0.6684313328125 0.7822265625 0.6684313328125 0.767578125 0.6834652546875 0.765625 0.7065943671875 0.7763671875 0.7262541125 0.7900390625 0.7331928453125001 0.80078125 0.7320363890625 0.8076171875 0.7285670234375 0.8203125 0.7112201890625001
0 0.87109375 0.401290090625 0.873046875 0.378160978125 0.869140625 0.368909334375 0.8544921875 0.356188321875 0.8369140625 0.356188321875 0.8271484375 0.3608141453125 0.818359375 0.3804738890625 0.818359375 0.3920384453125 0.82421875 0.40822882343750005 0.8310546875 0.41632401249999995 0.8369140625 0.41863692500000005 0.85546875 0.41748046875 0.8603515625 0.41632401249999995 0.87109375 0.401290090625
0 0.87109375 0.4683645140625 0.873046875 0.4475483140625 0.869140625 0.43829666874999995 0.8603515625 0.42788856875 0.8505859375 0.423262746875 0.8388671875 0.423262746875 0.8291015625 0.42788856875 0.822265625 0.4359837578125 0.818359375 0.4475483140625 0.818359375 0.46142578125 0.826171875 0.4799290703125 0.8330078125 0.48571134843749997 0.8515625 0.4868678046875 0.8603515625 0.4833984375 0.87109375 0.4683645140625
0 0.873046875 0.5354389390625001 0.873046875 0.5146227390625 0.869140625 0.50537109375 0.8603515625 0.49496299375 0.8564453125 0.49265008281249995 0.8369140625 0.49265008281249995 0.8291015625 0.4972759046875 0.8203125 0.509996915625 0.818359375 0.51693565 0.8203125 0.5354389390625001 0.8330078125 0.5527857734375 0.8427734375 0.5574115953125001 0.8515625 0.5562551390625 0.8603515625 0.5527857734375 0.873046875 0.5354389390625001
0 0.869140625 0.6117650078125 0.873046875 0.6002004515625 0.873046875 0.5909488078125 0.869140625 0.5793842515625001 0.8583984375 0.566663240625 0.8486328125 0.5620374171875 0.8388671875 0.5620374171875 0.8291015625 0.566663240625 0.818359375 0.5816971625 0.818359375 0.604826275 0.8291015625 0.6221731078125 0.8369140625 0.62679893125 0.853515625 0.625642475 0.8583984375 0.6244860203125 0.869140625 0.6117650078125
0 0.8671875 0.6788394328125 0.869140625 0.6719006984375 0.8671875 0.653397409375 0.8564453125 0.6383634875 0.8486328125 0.6337376640625 0.8330078125 0.6337376640625 0.818359375 0.6464586765625 0.814453125 0.6557103203125 0.814453125 0.6742136109375 0.818359375 0.6834652546875 0.8271484375 0.6938733546875 0.8349609375 0.698499178125 0.849609375 0.697342721875 0.8603515625 0.69156044375 0.8671875 0.6788394328125
0 0.916015625 0.3758480671875 0.921875 0.3642835109375 0.923828125 0.35040604375 0.919921875 0.3365285765625 0.9091796875 0.323807565625 0.8876953125 0.3214946546875 0.873046875 0.3319027546875 0.8671875 0.345780221875 0.8671875 0.3596576890625 0.873046875 0.37353515625 0.8798828125 0.3816303453125 0.8916015625 0.3862561671875 0.900390625 0.3850997125 0.9072265625 0.38394325625 0.916015625 0.3758480671875
0 0.923828125 0.429045025 0.923828125 0.41285464687499995 0.9052734375 0.390881990625 0.8837890625 0.390881990625 0.873046875 0.401290090625 0.869140625 0.4105417359375 0.869140625 0.433670846875 0.875 0.445235403125 0.8857421875 0.4533305921875 0.90625 0.45217413593750005 0.919921875 0.43829666874999995 0.923828125 0.429045025
0 0.91796875 0.509996915625 0.923828125 0.4938065375 0.921875 0.477616159375 0.9130859375 0.4648951484375 0.9033203125 0.4579564140625 0.8857421875 0.4579564140625 0.873046875 0.4683645140625 0.8671875 0.48224198124999995 0.8671875 0.4984323609375 0.8798828125 0.5180921046875 0.8876953125 0.522717928125 0.90234375 0.521561471875 0.9072265625 0.5204050171875 0.91796875 0.509996915625
0 0.91796875 0.5793842515625001 0.921875 0.57013260625 0.921875 0.5516293171875 0.9111328125 0.5342824828125 0.8974609375 0.52734375 0.8896484375 0.52734375 0.8798828125 0.531969571875 0.869140625 0.544690584375 0.8671875 0.54931640625 0.8671875 0.57013260625 0.87109375 0.5793842515625001 0.8798828125 0.5897923515625 0.8916015625 0.594418175 0.900390625 0.59326171875 0.9091796875 0.5897923515625 0.91796875 0.5793842515625001
0 0.919921875 0.6487715875 0.921875 0.641832853125 0.919921875 0.621016653125 0.9052734375 0.60366981875 0.8994140625 0.6013569078125001 0.8818359375 0.60366981875 0.8671875 0.621016653125 0.869140625 0.6510844984374999 0.8818359375 0.663805509375 0.8876953125 0.6661184203125 0.904296875 0.664961965625 0.9111328125 0.6614925984375 0.919921875 0.6487715875
0 0.9140625 0.7227847453125 0.91796875 0.7135331 0.91796875 0.6904039890625 0.9052734375 0.6730571546874999 0.8876953125 0.6684313328125 0.8759765625 0.6730571546874999 0.8671875 0.6834652546875 0.86328125 0.6927169 0.86328125 0.708907278125 0.8671875 0.7181589234375 0.8779296875 0.730879934375 0.89453125 0.7343493015625 0.9033203125 0.7331928453125001 0.9140625 0.7227847453125
0 0.095703125 0.7227847453125 0.099609375 0.7112201890625001 0.09765625 0.6950298109374999 0.0849609375 0.6776829765625 0.0791015625 0.675370065625 0.0595703125 0.6776829765625 0.05078125 0.6880910765625 0.046875 0.6996556328125 0.048828125 0.720471834375 0.0576171875 0.7331928453125001 0.0654296875 0.7378186671875 0.080078125 0.7366622125 0.0849609375 0.73550575625 0.095703125 0.7227847453125
0 0.095703125 0.7597913234375 0.0849609375 0.7447574015625 0.0771484375 0.7401315796875 0.0634765625 0.7401315796875 0.0556640625 0.7447574015625 0.046875 0.7551655015625001 0.044921875 0.7597913234375 0.044921875 0.7829204359374999 0.0615234375 0.80258018125 0.080078125 0.801423725 0.095703125 0.7829204359374999 0.095703125 0.7597913234375
0 0.142578125 0.7574784125 0.146484375 0.74591385625 0.146484375 0.7366622125 0.142578125 0.72509765625 0.1318359375 0.7123766453125 0.1142578125 0.7100637328125 0.1044921875 0.71468955625 0.095703125 0.729723478125 0.09375 0.7389751234374999 0.095703125 0.7551655015625001 0.1044921875 0.7678865125 0.1123046875 0.7725123359375 0.126953125 0.7713558796875 0.1318359375 0.770199425 0.142578125 0.7574784125
0 0.146484375 0.8083624593750001 0.14453125 0.796797903125 0.140625 0.7875462578125 0.1279296875 0.774825246875 0.1103515625 0.774825246875 0.09765625 0.785233346875 0.091796875 0.801423725 0.091796875 0.8106753703124999 0.095703125 0.8222399265625 0.1064453125 0.8349609375 0.1103515625 0.8372738484375001 0.126953125 0.83611739375 0.140625 0.8245528375 0.146484375 0.8083624593750001
0 0.14453125 0.884688528125 0.146484375 0.8754368828124999 0.14453125 0.8592465046875001 0.1318359375 0.8418996703125 0.1259765625 0.8395867593749999 0.1064453125 0.8418996703125 0.095703125 0.8546206828124999 0.091796875 0.86849815 0.09375 0.8823756171875001 0.09765625 0.8916272609375 0.1103515625 0.9020353625 0.12890625 0.90087890625 0.1357421875 0.8974095390624999 0.14453125 0.884688528125
0 0.193359375 0.780607525 0.193359375 0.76904296875 0.1875 0.752852590625 0.1787109375 0.7447574015625 0.1708984375 0.742444490625 0.1630859375 0.742444490625 0.1494140625 0.7493832234375 0.142578125 0.7621042359375 0.142578125 0.785233346875 0.146484375 0.7944849921875 0.1533203125 0.80258018125 0.1591796875 0.8048930921874999 0.177734375 0.8037366359375 0.1875 0.7944849921875 0.193359375 0.780607525
0 0.189453125 0.8592465046875001 0.193359375 0.8499948609375 0.193359375 0.83380448125 0.189453125 0.8245528375 0.1787109375 0.811831825 0.1591796875 0.8095189140624999 0.1494140625 0.8164576484375001 0.142578125 0.8268657484374999 0.140625 0.8453690375 0.146484375 0.8615594156249999 0.1533203125 0.8696546046875 0.1630859375 0.8742804281250001 0.171875 0.873123971875 0.1767578125 0.8719675171875 0.189453125 0.8592465046875001
0 0.240234375 0.7551655015625001 0.2421875 0.74591385625 0.240234375 0.7320363890625 0.234375 0.720471834375 0.2275390625 0.71468955625 0.2216796875 0.7123766453125 0.2021484375 0.71468955625 0.19140625 0.7274105671875 0.189453125 0.7343493015625 0.19140625 0.7574784125 0.2001953125 0.770199425 0.2080078125 0.774825246875 0.22265625 0.773668790625 0.2294921875 0.770199425 0.240234375 0.7551655015625001
0 0.28515625 0.7274105671875 0.2890625 0.7158460109375 0.2890625 0.7065943671875 0.283203125 0.6927169 0.2744140625 0.6823088 0.2548828125 0.6799958875 0.240234375 0.6927169 0.236328125 0.70196854375 0.236328125 0.7181589234375 0.2470703125 0.7378186671875 0.2548828125 0.742444490625 0.26953125 0.741288034375 0.2744140625 0.7401315796875 0.28515625 0.7274105671875
0 0.28515625 0.79217208125 0.287109375 0.785233346875 0.28515625 0.764417146875 0.2724609375 0.7493832234375 0.2646484375 0.7470703125 0.2490234375 0.7493832234375 0.2421875 0.7551655015625001 0.236328125 0.7667300578125 0.234375 0.773668790625 0.236328125 0.78985916875 0.240234375 0.7991108140625001 0.2529296875 0.8095189140624999 0.26953125 0.8083624593750001 0.2744140625 0.807206003125 0.28515625 0.79217208125
0 0.236328125 0.8268657484374999 0.23828125 0.8222399265625 0.23828125 0.7991108140625001 0.2294921875 0.7840768921875 0.2119140625 0.7771381578125001 0.2001953125 0.7817639796875 0.189453125 0.7944849921875 0.1875 0.8176141031249999 0.1982421875 0.8372738484375001 0.2060546875 0.8418996703125 0.220703125 0.840743215625 0.2275390625 0.8372738484375001 0.236328125 0.8268657484374999
0 0.23828125 0.8916272609375 0.240234375 0.8708110609374999 0.236328125 0.8592465046875001 0.2275390625 0.8488384046874999 0.2197265625 0.8442125828125 0.2060546875 0.8442125828125 0.19140625 0.85693359375 0.1875 0.8661852390625 0.1875 0.884688528125 0.193359375 0.8985659953124999 0.2001953125 0.9043482734375001 0.2099609375 0.9089740953125001 0.216796875 0.9078176390625 0.2275390625 0.9043482734375001 0.23828125 0.8916272609375
0 0.28515625 0.8592465046875001 0.287109375 0.83611739375 0.28125 0.8222399265625 0.2744140625 0.8164576484375001 0.2666015625 0.811831825 0.2548828125 0.811831825 0.2470703125 0.8164576484375001 0.23828125 0.8268657484374999 0.234375 0.83611739375 0.234375 0.8499948609375 0.240234375 0.8638723265625 0.2529296875 0.8765933390624999 0.26953125 0.8754368828124999 0.2763671875 0.8719675171875 0.28515625 0.8592465046875001
0 0.333984375 0.88931435 0.333984375 0.873123971875 0.330078125 0.8638723265625 0.3193359375 0.851151315625 0.2998046875 0.8488384046874999 0.2919921875 0.8534642265624999 0.28125 0.86849815 0.279296875 0.8754368828124999 0.28125 0.8916272609375 0.2978515625 0.91128700625 0.318359375 0.9101305515625 0.330078125 0.8985659953124999 0.333984375 0.88931435
0 0.3359375 0.752852590625 0.3359375 0.7389751234374999 0.33203125 0.729723478125 0.3212890625 0.7170024671874999 0.3017578125 0.71468955625 0.287109375 0.7274105671875 0.283203125 0.7366622125 0.283203125 0.7551655015625001 0.2939453125 0.7725123359375 0.3017578125 0.7771381578125001 0.318359375 0.7759817015625 0.330078125 0.7667300578125 0.3359375 0.752852590625
0 0.3359375 0.8153011921875001 0.3359375 0.8083624593750001 0.328125 0.78985916875 0.3212890625 0.7840768921875 0.3173828125 0.7817639796875 0.2978515625 0.7817639796875 0.287109375 0.79217208125 0.283203125 0.801423725 0.28125 0.8083624593750001 0.283203125 0.8222399265625 0.287109375 0.8314915703124999 0.2958984375 0.8418996703125 0.2998046875 0.8442125828125 0.318359375 0.8430561265625001 0.330078125 0.8314915703124999 0.3359375 0.8153011921875001
0 0.380859375 0.7944849921875 0.3828125 0.7713558796875 0.3720703125 0.7540090453125 0.3642578125 0.7493832234375 0.3466796875 0.7493832234375 0.333984375 0.7621042359375 0.330078125 0.7713558796875 0.330078125 0.7875462578125 0.3359375 0.801423725 0.3447265625 0.8095189140624999 0.3486328125 0.811831825 0.365234375 0.8106753703124999 0.3740234375 0.8048930921874999 0.380859375 0.7944849921875
0 0.380859375 0.8615594156249999 0.3828125 0.8546206828124999 0.380859375 0.8384303046875001 0.3642578125 0.818770559375 0.3447265625 0.818770559375 0.333984375 0.829178659375 0.330078125 0.8384303046875001 0.330078125 0.8592465046875001 0.333984375 0.86849815 0.3427734375 0.87890625 0.3466796875 0.8812191609375001 0.365234375 0.88006270625 0.3740234375 0.8742804281250001 0.380859375 0.8615594156249999
0 0.427734375 0.764417146875 0.431640625 0.752852590625 0.4296875 0.7366622125 0.4189453125 0.7216282890625 0.4111328125 0.7170024671874999 0.3955078125 0.7170024671874999 0.37890625 0.7366622125 0.376953125 0.74822676875 0.37890625 0.7574784125 0.3828125 0.7667300578125 0.3935546875 0.77945106875 0.3994140625 0.7817639796875 0.41015625 0.780607525 0.4208984375 0.774825246875 0.427734375 0.764417146875
0 0.42578125 0.83380448125 0.4296875 0.81298828125 0.427734375 0.8060495484375 0.421875 0.7944849921875 0.4111328125 0.786389803125 0.4033203125 0.7840768921875 0.3916015625 0.786389803125 0.380859375 0.796797903125 0.375 0.8106753703124999 0.375 0.8222399265625 0.380859375 0.83611739375 0.3876953125 0.8442125828125 0.3955078125 0.8488384046874999 0.41015625 0.8476819484375 0.4169921875 0.8442125828125 0.42578125 0.83380448125
0 0.4296875 0.8939401734375 0.427734375 0.8708110609374999 0.4208984375 0.8604029609375001 0.4111328125 0.8534642265624999 0.3935546875 0.8534642265624999 0.3837890625 0.8604029609375001 0.376953125 0.873123971875 0.375 0.884688528125 0.376953125 0.8962530843750001 0.3896484375 0.9135999171875 0.3955078125 0.9159128296875 0.412109375 0.9147563734374999 0.4189453125 0.91128700625 0.4296875 0.8939401734375
0 0.474609375 0.801423725 0.4765625 0.796797903125 0.4765625 0.7759817015625 0.4619140625 0.7563219578125 0.4423828125 0.7540090453125 0.42578125 0.773668790625 0.423828125 0.780607525 0.42578125 0.7991108140625001 0.4365234375 0.8141447375 0.4462890625 0.818770559375 0.45703125 0.8176141031249999 0.4697265625 0.8095189140624999 0.474609375 0.801423725
0 0.4765625 0.8638723265625 0.4765625 0.840743215625 0.4638671875 0.82339638125 0.4580078125 0.8210834703125001 0.4365234375 0.82339638125 0.42578125 0.8384303046875001 0.423828125 0.8476819484375 0.42578125 0.8638723265625 0.4296875 0.873123971875 0.4423828125 0.8835320718749999 0.4609375 0.8823756171875001 0.4677734375 0.87890625 0.4765625 0.8638723265625
0 0.521484375 0.7713558796875 0.525390625 0.7621042359375 0.525390625 0.74822676875 0.521484375 0.7366622125 0.5126953125 0.7262541125 0.5048828125 0.7216282890625 0.4912109375 0.7216282890625 0.4765625 0.7343493015625 0.47265625 0.7436009453125 0.47265625 0.7597913234375 0.478515625 0.773668790625 0.4853515625 0.7817639796875 0.4931640625 0.786389803125 0.505859375 0.785233346875 0.5126953125 0.7817639796875 0.521484375 0.7713558796875
0 0.5234375 0.8384303046875001 0.52734375 0.8176141031249999 0.5234375 0.8060495484375 0.5126953125 0.7933285359375 0.5029296875 0.7887027140625 0.4951171875 0.7887027140625 0.4853515625 0.7933285359375 0.4765625 0.8037366359375 0.47265625 0.81298828125 0.47265625 0.8268657484374999 0.4765625 0.8384303046875001 0.4873046875 0.851151315625 0.501953125 0.8546206828124999 0.5126953125 0.851151315625 0.5234375 0.8384303046875001
0 0.521484375 0.9078176390625 0.525390625 0.8939401734375 0.5234375 0.88006270625 0.517578125 0.86849815 0.5087890625 0.8604029609375001 0.5029296875 0.85809005 0.4833984375 0.8604029609375001 0.474609375 0.8708110609374999 0.470703125 0.88006270625 0.470703125 0.90087890625 0.474609375 0.9101305515625 0.4853515625 0.9205386515624999 0.4912109375 0.9228515625 0.505859375 0.92169510625 0.5126953125 0.9182257406250001 0.521484375 0.9078176390625
0 0.572265625 0.7320363890625 0.57421875 0.72509765625 0.572265625 0.708907278125 0.5615234375 0.6938733546875 0.5537109375 0.6892475328125001 0.5380859375 0.6892475328125001 0.5302734375 0.6938733546875 0.521484375 0.708907278125 0.51953125 0.7158460109375 0.521484375 0.7320363890625 0.5380859375 0.751696134375 0.55859375 0.7505396796875 0.568359375 0.741288034375 0.572265625 0.7320363890625
0 0.57421875 0.7782946140625 0.5654296875 0.763260690625 0.5537109375 0.7563219578125 0.5419921875 0.7563219578125 0.5302734375 0.763260690625 0.5234375 0.773668790625 0.521484375 0.796797903125 0.525390625 0.8060495484375 0.5361328125 0.818770559375 0.5400390625 0.8210834703125001 0.55859375 0.8199270140625 0.57421875 0.801423725 0.57421875 0.7782946140625
0 0.568359375 0.88006270625 0.572265625 0.8708110609374999 0.572265625 0.8476819484375 0.5595703125 0.8303351156250001 0.5498046875 0.8257092921875 0.5419921875 0.8257092921875 0.5322265625 0.8303351156250001 0.521484375 0.8453690375 0.51953125 0.8661852390625 0.5234375 0.87774979375 0.5361328125 0.89047080625 0.552734375 0.8916272609375 0.5615234375 0.8881578953125 0.568359375 0.88006270625
0 0.619140625 0.773668790625 0.623046875 0.7621042359375 0.623046875 0.74822676875 0.619140625 0.7389751234374999 0.6103515625 0.7285670234375 0.6005859375 0.7239412 0.5888671875 0.7239412 0.5830078125 0.7262541125 0.572265625 0.7389751234374999 0.568359375 0.74822676875 0.568359375 0.7621042359375 0.57421875 0.7759817015625 0.5849609375 0.786389803125 0.5888671875 0.7887027140625 0.603515625 0.7875462578125 0.6083984375 0.786389803125 0.619140625 0.773668790625
0 0.619140625 0.9101305515625 0.62109375 0.88931435 0.615234375 0.8754368828124999 0.6044921875 0.8650287828125001 0.5849609375 0.862715871875 0.5751953125 0.8696546046875 0.568359375 0.88006270625 0.564453125 0.8939401734375 0.56640625 0.9055047281249999 0.5810546875 0.9251644734375001 0.5869140625 0.9274773843749999 0.6015625 0.9263209296875001 0.6064453125 0.9251644734375001 0.619140625 0.9101305515625
0 0.619140625 0.8430561265625001 0.623046875 0.829178659375 0.62109375 0.8176141031249999 0.6171875 0.8083624593750001 0.6064453125 0.7979543578125 0.5869140625 0.795641446875 0.5810546875 0.7979543578125 0.5703125 0.8106753703124999 0.568359375 0.8153011921875001 0.568359375 0.8384303046875001 0.5810546875 0.8557771375 0.5908203125 0.8604029609375001 0.6015625 0.8592465046875001 0.6103515625 0.8557771375 0.619140625 0.8430561265625001
0 0.66796875 0.7436009453125 0.673828125 0.72509765625 0.671875 0.7135331 0.6611328125 0.6961862671875 0.6513671875 0.69156044375 0.6376953125 0.69156044375 0.623046875 0.70428145625 0.619140625 0.7135331 0.619140625 0.7320363890625 0.623046875 0.741288034375 0.6318359375 0.751696134375 0.6416015625 0.7563219578125 0.65234375 0.7551655015625001 0.6572265625 0.7540090453125 0.66796875 0.7436009453125
0 0.666015625 0.8153011921875001 0.671875 0.796797903125 0.669921875 0.7829204359374999 0.6591796875 0.7678865125 0.6513671875 0.763260690625 0.6337890625 0.763260690625 0.62109375 0.7759817015625 0.6171875 0.785233346875 0.615234375 0.79217208125 0.6171875 0.8037366359375 0.6298828125 0.82339638125 0.6396484375 0.8280222046875 0.650390625 0.8268657484374999 0.6552734375 0.8257092921875 0.666015625 0.8153011921875001
0 0.666015625 0.884688528125 0.669921875 0.8754368828124999 0.669921875 0.85693359375 0.66796875 0.8499948609375 0.6572265625 0.8372738484375001 0.6396484375 0.8326480265624999 0.6279296875 0.8372738484375001 0.619140625 0.8476819484375 0.615234375 0.8592465046875001 0.615234375 0.8708110609374999 0.6240234375 0.89047080625 0.6396484375 0.89972245 0.6484375 0.8985659953124999 0.6572265625 0.895096628125 0.666015625 0.884688528125
0 0.716796875 0.780607525 0.720703125 0.76904296875 0.720703125 0.7597913234375 0.7099609375 0.7378186671875 0.6982421875 0.730879934375 0.6865234375 0.730879934375 0.6767578125 0.73550575625 0.669921875 0.7436009453125 0.666015625 0.752852590625 0.666015625 0.76904296875 0.671875 0.785233346875 0.6806640625 0.7933285359375 0.6865234375 0.795641446875 0.701171875 0.7944849921875 0.7080078125 0.791015625 0.716796875 0.780607525
0 0.71484375 0.8523077718750001 0.720703125 0.83380448125 0.71875 0.8222399265625 0.71484375 0.81298828125 0.7041015625 0.80258018125 0.6982421875 0.8002672703125 0.6787109375 0.80258018125 0.66796875 0.8153011921875001 0.666015625 0.8430561265625001 0.671875 0.8546206828124999 0.6806640625 0.862715871875 0.6865234375 0.8650287828125001 0.701171875 0.8638723265625 0.7080078125 0.8604029609375001 0.71484375 0.8523077718750001
0 0.716796875 0.917069284375 0.71875 0.9124434625 0.71875 0.88931435 0.7060546875 0.8719675171875 0.6982421875 0.86734169375 0.6845703125 0.86734169375 0.6787109375 0.8696546046875 0.666015625 0.8870014390625001 0.6640625 0.8962530843750001 0.666015625 0.9124434625 0.6767578125 0.9274773843749999 0.697265625 0.9309467515625001 0.7060546875 0.9297902953125 0.716796875 0.917069284375
0 0.767578125 0.7505396796875 0.771484375 0.741288034375 0.771484375 0.72509765625 0.7587890625 0.7054379109375 0.7509765625 0.7008120890625 0.7353515625 0.7008120890625 0.720703125 0.7135331 0.716796875 0.7227847453125 0.716796875 0.741288034375 0.720703125 0.7505396796875 0.7294921875 0.7609477796874999 0.7392578125 0.7655736015625 0.751953125 0.764417146875 0.7568359375 0.763260690625 0.767578125 0.7505396796875
0 0.76953125 0.8083624593750001 0.76953125 0.796797903125 0.765625 0.785233346875 0.7548828125 0.770199425 0.7333984375 0.7678865125 0.7255859375 0.7725123359375 0.716796875 0.785233346875 0.712890625 0.796797903125 0.71484375 0.8106753703124999 0.720703125 0.8222399265625 0.7294921875 0.8303351156250001 0.7353515625 0.8326480265624999 0.75 0.8314915703124999 0.76171875 0.8245528375 0.76953125 0.8083624593750001
0 0.767578125 0.88006270625 0.76953125 0.8661852390625 0.763671875 0.8499948609375 0.7509765625 0.8372738484375001 0.7294921875 0.8372738484375001 0.7255859375 0.8395867593749999 0.71484375 0.8546206828124999 0.712890625 0.8638723265625 0.716796875 0.884688528125 0.7314453125 0.89972245 0.75390625 0.8985659953124999 0.76171875 0.8916272609375 0.767578125 0.88006270625
0 0.8203125 0.7782946140625 0.8203125 0.764417146875 0.81640625 0.7551655015625001 0.8056640625 0.742444490625 0.7958984375 0.7378186671875 0.7802734375 0.7401315796875 0.76953125 0.7505396796875 0.765625 0.7597913234375 0.763671875 0.7667300578125 0.765625 0.780607525 0.771484375 0.79217208125 0.7841796875 0.80258018125 0.802734375 0.801423725 0.81640625 0.7875462578125 0.8203125 0.7782946140625
0 0.814453125 0.85693359375 0.8203125 0.840743215625 0.818359375 0.8268657484374999 0.8037109375 0.807206003125 0.7802734375 0.8048930921874999 0.76953125 0.8153011921875001 0.763671875 0.8268657484374999 0.763671875 0.8453690375 0.767578125 0.8546206828124999 0.7763671875 0.8650287828125001 0.7841796875 0.8696546046875 0.80078125 0.86849815 0.8056640625 0.86734169375 0.814453125 0.85693359375
0 0.81640625 0.917069284375 0.818359375 0.9101305515625 0.81640625 0.8939401734375 0.810546875 0.8823756171875001 0.8017578125 0.8742804281250001 0.7802734375 0.8719675171875 0.7724609375 0.8765933390624999 0.763671875 0.88931435 0.76171875 0.9124434625 0.765625 0.92169510625 0.7744140625 0.9321032078125 0.7822265625 0.9367290296874999 0.80078125 0.9355725734375 0.8095703125 0.9297902953125 0.81640625 0.917069284375
0 0.869140625 0.87774979375 0.8671875 0.8638723265625 0.86328125 0.8546206828124999 0.8486328125 0.8418996703125 0.8291015625 0.8418996703125 0.8203125 0.8499948609375 0.814453125 0.8615594156249999 0.8125 0.86849815 0.814453125 0.884688528125 0.818359375 0.8939401734375 0.8291015625 0.9043482734375001 0.8349609375 0.906661184375 0.8515625 0.9055047281249999 0.8671875 0.8870014390625001 0.869140625 0.87774979375
0 0.869140625 0.8199270140625 0.87109375 0.81298828125 0.869140625 0.7944849921875 0.8525390625 0.774825246875 0.8330078125 0.774825246875 0.81640625 0.7944849921875 0.814453125 0.8037366359375 0.81640625 0.8176141031249999 0.8291015625 0.8349609375 0.8369140625 0.8395867593749999 0.8515625 0.8384303046875001 0.8583984375 0.8349609375 0.869140625 0.8199270140625
0 0.869140625 0.74591385625 0.8671875 0.720471834375 0.8525390625 0.7054379109375 0.8466796875 0.703125 0.8291015625 0.7054379109375 0.81640625 0.7227847453125 0.814453125 0.7320363890625 0.81640625 0.74822676875 0.8251953125 0.7609477796874999 0.8349609375 0.7678865125 0.8515625 0.7667300578125 0.8583984375 0.763260690625 0.869140625 0.74591385625
0 0.91796875 0.785233346875 0.91796875 0.7597913234375 0.9013671875 0.7401315796875 0.8935546875 0.7378186671875 0.8798828125 0.7401315796875 0.865234375 0.7574784125 0.86328125 0.764417146875 0.865234375 0.7829204359374999 0.8740234375 0.7979543578125 0.8857421875 0.8048930921874999 0.90234375 0.8037366359375 0.9111328125 0.7979543578125 0.91796875 0.785233346875