0 0.8890625 0.91640625 0.0328125 0.0375
0 0.85703125 0.8953125 0.028125 0.034375
0 0.82578125 0.915625 0.0296875 0.0328125
0 0.7953125 0.8953125 0.0265625 0.034375
0 0.76484375 0.915625 0.028125 0.03125
0 0.73203125 0.896875 0.028125 0.034375
0 0.70078125 0.9171875 0.028125 0.034375
0 0.66875 0.89765625 0.028125 0.034375
0 0.63671875 0.9171875 0.028125 0.0359375
0 0.6046875 0.8984375 0.03125 0.034375
0 0.5734375 0.91953125 0.028125 0.034375
0 0.540625 0.90078125 0.03125 0.0375
0 0.5734375 0.87734375 0.0296875 0.0359375
0 0.60546875 0.85703125 0.028125 0.0359375
0 0.63828125 0.87578125 0.0296875 0.034375
0 0.66953125 0.8546875 0.028125 0.034375
0 0.7015625 0.875 0.0296875 0.0375
0 0.73203125 0.8546875 0.028125 0.034375
0 0.76484375 0.875 0.028125 0.034375
0 0.7015625 0.83359375 0.0296875 0.0328125
0 0.67109375 0.81171875 0.028125 0.0328125
0 0.63984375 0.83203125 0.028125 0.0359375
0 0.60703125 0.81328125 0.0296875 0.0359375
0 0.6390625 0.7921875 0.028125 0.0375
0 0.57578125 0.83359375 0.028125 0.0359375
0 0.54140625 0.85546875 0.0296875 0.0375
0 0.54453125 0.8140625 0.028125 0.034375
0 0.5765625 0.79296875 0.0265625 0.034375
0 0.6078125 0.76953125 0.028125 0.034375
0 0.5765625 0.75078125 0.028125 0.0359375
0 0.54609375 0.7734375 0.028125 0.0359375
0 0.54609375 0.73046875 0.028125 0.0375
0 0.51015625 0.9203125 0.028125 0.03125
0 0.51015625 0.87734375 0.0296875 0.034375
0 0.51171875 0.83515625 0.028125 0.0375
0 0.5140625 0.79296875 0.028125 0.034375
0 0.5125 0.75078125 0.03125 0.0375
0 0.51328125 0.709375 0.03125 0.03125
0 0.478125 0.90234375 0.0296875 0.0375
0 0.478125 0.859375 0.0296875 0.0375
0 0.47890625 0.81640625 0.0296875 0.03125
0 0.48125 0.7734375 0.028125 0.0375
0 0.4828125 0.72890625 0.028125 0.034375
0 0.82734375 0.875 0.028125 0.0359375
0 0.7953125 0.853125 0.028125 0.034375
0 0.76484375 0.83203125 0.028125 0.034375
0 0.7328125 0.81171875 0.028125 0.0359375
0 0.703125 0.78984375 0.0265625 0.034375
0 0.67109375 0.76953125 0.028125 0.034375
0 0.64140625 0.74921875 0.0296875 0.0375
0 0.60859375 0.72890625 0.0296875 0.034375
0 0.5765625 0.7078125 0.028125 0.0359375
0 0.8875 0.87109375 0.028125 0.0375
0 0.8578125 0.853125 0.028125 0.034375
0 0.8265625 0.83203125 0.028125 0.0328125
0 0.79453125 0.8109375 0.028125 0.034375
0 0.76328125 0.79140625 0.028125 0.0328125
0 0.73203125 0.76953125 0.0296875 0.034375
0 0.70234375 0.74921875 0.028125 0.034375
0 0.671875 0.728125 0.0265625 0.034375
0 0.640625 0.70625 0.028125 0.034375
0 0.8890625 0.8296875 0.028125 0.0375
0 0.8578125 0.81171875 0.028125 0.0375
0 0.82578125 0.78984375 0.0265625 0.034375
0 0.7953125 0.7671875 0.028125 0.034375
0 0.76328125 0.74609375 0.028125 0.0375
0 0.7328125 0.72578125 0.028125 0.0328125
0 0.8875 0.78828125 0.0296875 0.034375
0 0.85625 0.76640625 0.028125 0.034375
0 0.82421875 0.746875 0.028125 0.034375
0 0.88828125 0.74453125 0.0296875 0.034375
0 0.85546875 0.72421875 0.028125 0.0375
0 0.825 0.70390625 0.028125 0.034375
0 0.79453125 0.7265625 0.0265625 0.0375
0 0.79453125 0.6828125 0.0296875 0.034375
0 0.7640625 0.70390625 0.028125 0.0328125
0 0.7640625 0.66328125 0.028125 0.034375
0 0.73359375 0.68515625 0.0296875 0.0375
0 0.70234375 0.70625 0.028125 0.034375
0 0.703125 0.6625 0.0265625 0.034375
0 0.67265625 0.68359375 0.028125 0.034375
0 0.67109375 0.640625 0.0296875 0.0375
0 0.63984375 0.6625 0.028125 0.034375
0 0.60859375 0.684375 0.028125 0.034375
0 0.5765625 0.6640625 0.03125 0.034375
0 0.60859375 0.6421875 0.028125 0.034375
0 0.57734375 0.6203125 0.028125 0.0359375
0 0.54609375 0.68359375 0.028125 0.0375
0 0.54609375 0.63984375 0.03125 0.034375
0 0.51328125 0.66484375 0.0296875 0.034375
0 0.51484375 0.621875 0.028125 0.034375
0 0.73359375 0.64140625 0.028125 0.0359375
0 0.70234375 0.61953125 0.028125 0.0375
0 0.8875 0.70234375 0.03125 0.034375
0 0.85625 0.68203125 0.028125 0.034375
0 0.825 0.66171875 0.028125 0.034375
0 0.79453125 0.64140625 0.028125 0.034375
0 0.76484375 0.6203125 0.028125 0.0359375
0 0.73359375 0.59765625 0.028125 0.0328125
0 0.70234375 0.57734375 0.028125 0.0328125
0 0.671875 0.59921875 0.0265625 0.034375
0 0.640625 0.62109375 0.025 0.0359375
0 0.6390625 0.578125 0.028125 0.034375
0 0.60859375 0.60078125 0.028125 0.0375
0 0.5765625 0.57734375 0.028125 0.0375
0 0.54609375 0.59921875 0.028125 0.0375
0 0.6078125 0.55546875 0.03125 0.034375
0 0.88671875 0.6609375 0.03125 0.034375
0 0.88671875 0.61796875 0.028125 0.034375
0 0.8546875 0.63984375 0.028125 0.0375
0 0.85703125 0.596875 0.028125 0.0328125
0 0.82421875 0.61953125 0.03125 0.034375
0 0.7953125 0.6 0.0265625 0.034375
0 0.7640625 0.5765625 0.028125 0.034375
0 0.82578125 0.5765625 0.028125 0.034375
0 0.79453125 0.5546875 0.0265625 0.034375
0 0.7625 0.53359375 0.028125 0.0328125
0 0.734375 0.55625 0.0265625 0.0359375
0 0.67109375 0.55390625 0.028125 0.034375
0 0.63984375 0.5328125 0.028125 0.0375
0 0.60859375 0.5125 0.028125 0.034375
0 0.5765625 0.53359375 0.028125 0.03125
0 0.5453125 0.55546875 0.028125 0.0375
0 0.515625 0.57734375 0.028125 0.0328125
0 0.48359375 0.64453125 0.03125 0.03125
0 0.48125 0.6 0.03125 0.0359375
0 0.48203125 0.55703125 0.028125 0.034375
0 0.48203125 0.5140625 0.0296875 0.034375
0 0.5140625 0.5359375 0.0296875 0.034375
0 0.54609375 0.5125 0.0296875 0.034375
0 0.5140625 0.49140625 0.03125 0.040625
0 0.48046875 0.46953125 0.03125 0.0375
0 0.5140625 0.44765625 0.028125 0.034375
0 0.5453125 0.46953125 0.0296875 0.0375
0 0.57734375 0.4921875 0.0296875 0.0375
0 0.60859375 0.46953125 0.028125 0.0375
0 0.5765625 0.44921875 0.028125 0.0375
0 0.63984375 0.49140625 0.0296875 0.0359375
0 0.67109375 0.5125 0.0296875 0.0375
0 0.70078125 0.5359375 0.0265625 0.034375
0 0.73203125 0.51015625 0.028125 0.034375
0 0.7015625 0.49140625 0.028125 0.0359375
0 0.671875 0.46953125 0.0296875 0.034375
0 0.6390625 0.4484375 0.028125 0.034375
0 0.8859375 0.575 0.028125 0.034375
0 0.8546875 0.55390625 0.0265625 0.034375
0 0.82421875 0.5328125 0.028125 0.034375
0 0.79375 0.5109375 0.028125 0.034375
0 0.76328125 0.490625 0.028125 0.034375
0 0.7328125 0.46875 0.0296875 0.0375
0 0.70078125 0.446875 0.028125 0.034375
0 0.88515625 0.53203125 0.0296875 0.0375
0 0.8546875 0.5109375 0.028125 0.0359375
0 0.825 0.490625 0.025 0.034375
0 0.7921875 0.46953125 0.028125 0.0375
0 0.76328125 0.4484375 0.028125 0.034375
0 0.73203125 0.42578125 0.028125 0.0375
0 0.70078125 0.40390625 0.028125 0.034375
0 0.66953125 0.42734375 0.025 0.03125
0 0.66953125 0.38359375 0.028125 0.0375
0 0.63828125 0.40625 0.028125 0.03125
0 0.6078125 0.42578125 0.028125 0.034375
0 0.6078125 0.384375 0.028125 0.0359375
0 0.5765625 0.4046875 0.0296875 0.0375
0 0.54375 0.42578125 0.0296875 0.034375
0 0.54453125 0.38515625 0.03125 0.034375
0 0.5125 0.40546875 0.028125 0.034375
0 0.48125 0.425 0.0296875 0.0359375
0 0.48046875 0.38359375 0.03125 0.0359375
0 0.5125 0.3625 0.028125 0.034375
0 0.54375 0.3421875 0.028125 0.0328125
0 0.57578125 0.36328125 0.028125 0.034375
0 0.6375 0.3640625 0.0296875 0.034375
0 0.60625 0.34296875 0.03125 0.034375
0 0.884375 0.4890625 0.028125 0.0375
0 0.85390625 0.46796875 0.028125 0.0375
0 0.82265625 0.44765625 0.028125 0.0375
0 0.7921875 0.42578125 0.028125 0.0375
0 0.7625 0.40625 0.028125 0.034375
0 0.73203125 0.38359375 0.028125 0.034375
0 0.7 0.36171875 0.028125 0.034375
0 0.66875 0.34140625 0.028125 0.034375
0 0.884375 0.4484375 0.028125 0.034375
0 0.85390625 0.42578125 0.0265625 0.034375
0 0.82265625 0.40546875 0.028125 0.034375
0 0.79296875 0.384375 0.0265625 0.0359375
0 0.76171875 0.3625 0.028125 0.0359375
0 0.73125 0.34140625 0.028125 0.0359375
0 0.6984375 0.31875 0.028125 0.034375
0 0.6671875 0.29921875 0.028125 0.034375
0 0.6375 0.32109375 0.028125 0.034375
0 0.6046875 0.2984375 0.028125 0.0359375
0 0.63671875 0.278125 0.0296875 0.03125
0 0.88515625 0.4046875 0.03125 0.034375
0 0.884375 0.36171875 0.028125 0.0375
0 0.85390625 0.3828125 0.028125 0.034375
0 0.8515625 0.340625 0.028125 0.0359375
0 0.88203125 0.31796875 0.028125 0.0359375
0 0.884375 0.275 0.034375 0.034375
0 0.85078125 0.2984375 0.028125 0.034375
0 0.821875 0.36484375 0.03125 0.0328125
0 0.82109375 0.32109375 0.028125 0.034375
0 0.790625 0.34140625 0.0296875 0.034375
0 0.76015625 0.3203125 0.028125 0.034375
0 0.78984375 0.2984375 0.028125 0.03125
0 0.81953125 0.2765625 0.028125 0.0328125
0 0.8515625 0.25625 0.028125 0.0359375
0 0.88203125 0.23515625 0.028125 0.034375
0 0.88125 0.1921875 0.03125 0.0375
0 0.8828125 0.1484375 0.028125 0.0375
0 0.85 0.16953125 0.028125 0.0359375
0 0.81796875 0.1484375 0.028125 0.0375
0 0.8515625 0.21328125 0.025 0.034375
0 0.81953125 0.2359375 0.0296875 0.03125
0 0.81875 0.19140625 0.0296875 0.034375
0 0.78984375 0.25703125 0.028125 0.034375
0 0.78828125 0.21328125 0.028125 0.034375
0 0.78671875 0.171875 0.028125 0.03125
0 0.75703125 0.15 0.028125 0.0328125
0 0.75703125 0.19296875 0.028125 0.034375
0 0.7578125 0.234375 0.03125 0.0375
0 0.759375 0.2765625 0.028125 0.034375
0 0.72890625 0.29921875 0.0265625 0.03125
0 0.72734375 0.25625 0.028125 0.034375
0 0.725 0.21171875 0.0296875 0.034375
0 0.725 0.17109375 0.0296875 0.0359375
0 0.696875 0.27890625 0.03125 0.034375
0 0.696875 0.23515625 0.028125 0.0375
0 0.6953125 0.190625 0.028125 0.034375
0 0.6953125 0.14921875 0.0296875 0.034375
0 0.665625 0.25546875 0.0296875 0.0359375
0 0.665625 0.21328125 0.0296875 0.0328125
0 0.66328125 0.16796875 0.028125 0.034375
0 0.63515625 0.23515625 0.028125 0.0375
0 0.63359375 0.1921875 0.025 0.0359375
0 0.634375 0.146875 0.0265625 0.0375
0 0.60390625 0.2546875 0.028125 0.0359375
0 0.60390625 0.2125 0.028125 0.0359375
0 0.60390625 0.1703125 0.0265625 0.0359375
0 0.57578125 0.32109375 0.028125 0.0375
0 0.57421875 0.2734375 0.028125 0.0375
0 0.57265625 0.234375 0.03125 0.034375
0 0.57265625 0.1921875 0.028125 0.0375
0 0.57265625 0.1484375 0.0328125 0.034375
0 0.54296875 0.171875 0.028125 0.0328125
0 0.5421875 0.21171875 0.028125 0.0359375
0 0.5421875 0.253125 0.0265625 0.034375
0 0.5421875 0.29765625 0.0296875 0.034375
0 0.48125 0.34296875 0.0296875 0.0375
0 0.5125 0.31953125 0.028125 0.0328125
0 0.48125 0.29921875 0.0296875 0.0375
0 0.5125 0.27734375 0.028125 0.0359375
0 0.48046875 0.25390625 0.028125 0.0359375
0 0.5125 0.2328125 0.028125 0.0328125
0 0.48046875 0.2125 0.028125 0.0375
0 0.5125 0.18984375 0.028125 0.0328125
0 0.48125 0.1671875 0.028125 0.034375
0 0.5125 0.1484375 0.0265625 0.034375
0 0.446875 0.9234375 0.028125 0.034375
0 0.384375 0.9234375 0.0296875 0.034375
0 0.3203125 0.92421875 0.0296875 0.0359375
0 0.25390625 0.9234375 0.03125 0.034375
0 0.190625 0.9265625 0.03125 0.034375
0 0.1265625 0.92734375 0.0296875 0.0375
0 0.08984375 0.92734375 0.03125 0.034375
0 0.41484375 0.9015625 0.03125 0.034375
0 0.3515625 0.9015625 0.025 0.0328125
0 0.28671875 0.90390625 0.028125 0.03125
0 0.22109375 0.90546875 0.03125 0.0328125
0 0.15859375 0.90390625 0.028125 0.03125
0 0.38359375 0.88046875 0.025 0.034375
0 0.38203125 0.8390625 0.028125 0.0328125
0 0.38359375 0.79296875 0.028125 0.034375
0 0.38359375 0.75 0.028125 0.0375
0 0.38671875 0.70703125 0.0265625 0.034375
0 0.446875 0.8796875 0.0296875 0.034375
0 0.446875 0.8359375 0.0296875 0.034375
0 0.446875 0.79453125 0.03125 0.0375
0 0.44921875 0.75078125 0.028125 0.0359375
0 0.4140625 0.85859375 0.0328125 0.034375
0 0.4140625 0.81640625 0.0296875 0.0375
0 0.41484375 0.77421875 0.028125 0.040625
0 0.4171875 0.73046875 0.03125 0.0390625
0 0.3515625 0.859375 0.03125 0.034375
0 0.3515625 0.8171875 0.028125 0.03125
0 0.3515625 0.77421875 0.0265625 0.0375
0 0.353125 0.73046875 0.0296875 0.034375
0 0.31875 0.88046875 0.03125 0.034375
0 0.3203125 0.83828125 0.0296875 0.0375
0 0.31953125 0.79609375 0.028125 0.034375
0 0.2875 0.86015625 0.028125 0.034375
0 0.2875 0.81796875 0.028125 0.0359375
0 0.31875 0.75234375 0.03125 0.034375
0 0.2875 0.77734375 0.028125 0.0328125
0 0.28671875 0.73203125 0.0296875 0.0359375
0 0.25546875 0.88359375 0.028125 0.034375
0 0.25546875 0.83984375 0.0296875 0.0375
0 0.25625 0.796875 0.0265625 0.0359375
0 0.22265625 0.8625 0.0296875 0.0375
0 0.2234375 0.81875 0.028125 0.034375
0 0.18984375 0.88125 0.028125 0.0375
0 0.190625 0.83828125 0.03125 0.034375
0 0.22265625 0.77734375 0.03125 0.034375
0 0.1921875 0.7953125 0.0265625 0.0390625
0 0.190625 0.753125 0.0296875 0.0359375
0 0.22421875 0.7328125 0.028125 0.034375
0 0.25546875 0.753125 0.03125 0.0375
0 0.25625 0.709375 0.028125 0.03125
0 0.1578125 0.8609375 0.03125 0.034375
0 0.15859375 0.81640625 0.03125 0.0359375
0 0.1609375 0.77421875 0.0296875 0.034375
0 0.159375 0.73125 0.0296875 0.034375
0 0.12109375 0.8828125 0.0328125 0.0375
0 0.125 0.83984375 0.0328125 0.034375
0 0.1265625 0.79765625 0.03125 0.034375
0 0.0796875 0.884375 0.03125 0.0359375
0 0.0890625 0.84296875 0.03125 0.034375
0 0.08671875 0.79921875 0.0328125 0.0375
0 0.12265625 0.753125 0.0328125 0.0359375
0 0.0765625 0.75859375 0.034375 0.03125
0 0.1265625 0.71015625 0.028125 0.0375
0 0.48203125 0.6875 0.0296875 0.034375
0 0.4515625 0.70859375 0.03125 0.0328125
0 0.41796875 0.68828125 0.0265625 0.034375
0 0.3875 0.66328125 0.028125 0.0328125
0 0.3546875 0.6875 0.0265625 0.0328125
0 0.32109375 0.66484375 0.03125 0.034375
0 0.3203125 0.71015625 0.0296875 0.034375
0 0.2875 0.68828125 0.0296875 0.034375
0 0.29140625 0.64453125 0.028125 0.0328125
0 0.25625 0.66640625 0.0296875 0.034375
0 0.22421875 0.68828125 0.0296875 0.0359375
0 0.19140625 0.7109375 0.0296875 0.0375
0 0.1921875 0.665625 0.028125 0.0359375
0 0.22421875 0.6453125 0.0296875 0.0328125
0 0.16015625 0.6875 0.028125 0.03125
0 0.128125 0.66484375 0.0296875 0.034375
0 0.08984375 0.7171875 0.03125 0.034375
0 0.07109375 0.67890625 0.034375 0.0328125
0 0.078125 0.6375 0.0328125 0.0359375
0 0.09375 0.59765625 0.028125 0.034375
0 0.12578125 0.6234375 0.03125 0.034375
0 0.16015625 0.6421875 0.028125 0.0328125
0 0.19296875 0.62265625 0.0296875 0.034375
0 0.16171875 0.59921875 0.028125 0.0359375
0 0.1296875 0.57578125 0.0296875 0.0359375
0 0.0984375 0.553125 0.0265625 0.03125
0 0.13125 0.53359375 0.028125 0.034375
0 0.0984375 0.51171875 0.028125 0.03125
0 0.1640625 0.55625 0.028125 0.0375
0 0.19453125 0.57890625 0.03125 0.040625
0 0.22578125 0.60234375 0.0296875 0.0375
0 0.259375 0.62421875 0.03125 0.0359375
0 0.29140625 0.603125 0.0328125 0.034375
0 0.3546875 0.64453125 0.03125 0.0375
0 0.321875 0.6234375 0.0296875 0.0375
0 0.44921875 0.66640625 0.028125 0.0375
0 0.41875 0.64375 0.0296875 0.034375
0 0.38671875 0.62265625 0.03125 0.0375
0 0.45078125 0.62265625 0.028125 0.0328125
0 0.41875 0.6015625 0.028125 0.034375
0 0.38828125 0.5765625 0.0296875 0.034375
0 0.35390625 0.60234375 0.0328125 0.034375
0 0.35625 0.55859375 0.0296875 0.0375
0 0.3234375 0.58125 0.0265625 0.034375
0 0.325 0.5359375 0.028125 0.03125
0 0.29140625 0.55859375 0.025 0.034375
0 0.259375 0.5796875 0.0296875 0.034375
0 0.4515625 0.57734375 0.028125 0.034375
0 0.4203125 0.5578125 0.028125 0.034375
0 0.3875 0.5359375 0.028125 0.034375
0 0.3578125 0.515625 0.028125 0.0375
0 0.32265625 0.49296875 0.03125 0.0359375
0 0.2921875 0.515625 0.0296875 0.03125
0 0.25859375 0.5359375 0.03125 0.0328125
0 0.228125 0.5578125 0.028125 0.03125
0 0.1953125 0.53671875 0.028125 0.034375
0 0.22734375 0.5140625 0.028125 0.034375
0 0.19765625 0.49140625 0.03125 0.034375
0 0.16484375 0.5125 0.028125 0.034375
0 0.13359375 0.48984375 0.028125 0.0375
0 0.0953125 0.46796875 0.0296875 0.0328125
0 0.165625 0.46875 0.028125 0.034375
0 0.22890625 0.47109375 0.028125 0.034375
0 0.259375 0.49296875 0.03125 0.034375
0 0.2921875 0.47265625 0.028125 0.0375
0 0.45078125 0.5359375 0.028125 0.034375
0 0.4203125 0.51484375 0.028125 0.034375
0 0.3875 0.490625 0.028125 0.0359375
0 0.35625 0.47109375 0.03125 0.0359375
0 0.32421875 0.45078125 0.03125 0.0375
0 0.45078125 0.49375 0.028125 0.034375
0 0.41875 0.47109375 0.03125 0.034375
0 0.38671875 0.44921875 0.028125 0.034375
0 0.35625 0.42734375 0.0296875 0.0359375
0 0.3234375 0.40625 0.028125 0.034375
0 0.29296875 0.428125 0.028125 0.034375
0 0.2609375 0.45078125 0.0296875 0.0375
0 0.2609375 0.4046875 0.03125 0.0359375
0 0.23046875 0.4265625 0.0265625 0.034375
0 0.19765625 0.44921875 0.03125 0.034375
0 0.19765625 0.403125 0.0296875 0.034375
0 0.16484375 0.42578125 0.0296875 0.0375
0 0.13203125 0.446875 0.03125 0.034375
0 0.09375 0.42578125 0.0296875 0.034375
0 0.13359375 0.4015625 0.0328125 0.0328125
0 0.09375 0.38359375 0.0328125 0.034375
0 0.13046875 0.35859375 0.03125 0.034375
0 0.165625 0.38046875 0.0296875 0.03125
0 0.23046875 0.38203125 0.028125 0.034375
0 0.19921875 0.359375 0.028125 0.034375
0 0.29375 0.38203125 0.028125 0.034375
0 0.3875 0.40546875 0.028125 0.0328125
0 0.41875 0.428125 0.028125 0.034375
0 0.45 0.4515625 0.028125 0.034375
0 0.4515625 0.40859375 0.028125 0.034375
0 0.41796875 0.3859375 0.0296875 0.034375
0 0.45078125 0.3625 0.025 0.0359375
0 0.41796875 0.3421875 0.0296875 0.034375
0 0.38671875 0.36328125 0.028125 0.0375
0 0.35625 0.384375 0.028125 0.034375
0 0.3234375 0.3625 0.028125 0.0359375
0 0.26171875 0.3609375 0.03125 0.0359375
0 0.2921875 0.3390625 0.028125 0.0328125
0 0.35546875 0.3421875 0.028125 0.034375
0 0.44921875 0.32109375 0.028125 0.0359375
0 0.45 0.27578125 0.028125 0.034375
0 0.44921875 0.23046875 0.028125 0.034375
0 0.45078125 0.18828125 0.028125 0.0359375
0 0.45 0.146875 0.0296875 0.034375
0 0.41953125 0.1671875 0.028125 0.034375
0 0.41953125 0.209375 0.028125 0.034375
0 0.41796875 0.25234375 0.028125 0.0375
0 0.41796875 0.29765625 0.028125 0.034375
0 0.38671875 0.31796875 0.0265625 0.0375
0 0.3875 0.2734375 0.03125 0.0375
0 0.38671875 0.23046875 0.028125 0.034375
0 0.38671875 0.18671875 0.03125 0.034375
0 0.38828125 0.14609375 0.028125 0.034375
0 0.35625 0.16484375 0.025 0.0375
0 0.32421875 0.14453125 0.0296875 0.0359375
0 0.3265625 0.18828125 0.028125 0.034375
0 0.29609375 0.1640625 0.0265625 0.0375
0 0.2609375 0.14375 0.0328125 0.0375
0 0.2625 0.18671875 0.03125 0.0359375
0 0.2625 0.2265625 0.0296875 0.0375
0 0.26171875 0.2703125 0.028125 0.034375
0 0.2609375 0.31484375 0.03125 0.0375
0 0.2921875 0.29453125 0.03125 0.0328125
0 0.29375 0.25078125 0.028125 0.040625
0 0.29296875 0.20859375 0.028125 0.034375
0 0.3234375 0.315625 0.0296875 0.0375
0 0.32421875 0.271875 0.03125 0.034375
0 0.325 0.23125 0.03125 0.0375
0 0.35546875 0.296875 0.028125 0.0359375
0 0.35625 0.25234375 0.028125 0.034375
0 0.35625 0.20859375 0.025 0.034375
0 0.22890625 0.3390625 0.028125 0.0375
0 0.1984375 0.3140625 0.03125 0.034375
0 0.16484375 0.33515625 0.028125 0.034375
0 0.13125 0.31484375 0.028125 0.0359375
0 0.09453125 0.33515625 0.03125 0.0375
0 0.09609375 0.290625 0.0328125 0.0375
0 0.0609375 0.2703125 0.03125 0.0328125
0 0.0625 0.225 0.03125 0.0359375
0 0.096875 0.24765625 0.0296875 0.0359375
0 0.13125 0.27109375 0.028125 0.034375
0 0.16328125 0.29375 0.0296875 0.03125
0 0.23046875 0.29375 0.028125 0.034375
0 0.196875 0.27109375 0.0296875 0.0375
0 0.165625 0.25 0.028125 0.0359375
0 0.13359375 0.228125 0.0296875 0.034375
0 0.09765625 0.2046875 0.03125 0.040625
0 0.06015625 0.18125 0.034375 0.0375
0 0.10234375 0.16171875 0.0296875 0.034375
0 0.06640625 0.14296875 0.034375 0.0328125
0 0.23046875 0.24921875 0.03125 0.0375
0 0.19765625 0.22890625 0.03125 0.034375
0 0.16640625 0.2078125 0.0296875 0.0375
0 0.1328125 0.18671875 0.0328125 0.0375
0 0.16640625 0.16171875 0.03125 0.0421875
0 0.13359375 0.14375 0.03125 0.0375
0 0.23046875 0.20625 0.03125 0.034375
0 0.196875 0.18671875 0.0328125 0.034375
0 0.19765625 0.14375 0.028125 0.0375
0 0.2296875 0.165625 0.0296875 0.034375