0 0.866248209375 0.2783203109375 0.8877847671874999 0.2626953109375 0.8853918171874999 0.2431640625 0.8435151796874999 0.23046875 0.8255680453125 0.2451171875 0.8255680453125 0.2666015640625 0.866248209375 0.2783203109375
0 0.8004420609375 0.1503906265625 0.774119603125 0.15234375 0.7609583734375 0.1669921875 0.7585654234375 0.1728515640625 0.7609583734375 0.1826171875 0.771726653125 0.1953124984375 0.7812984546874999 0.19921875 0.7992455875 0.1982421875 0.8052279656250001 0.1972656265625 0.8159962437500001 0.1884765640625 0.8207821453124999 0.1806640625 0.8207821453124999 0.1650390625 0.807620915625 0.15234375 0.8004420609375 0.1503906265625
0 0.8183891953125 0.0830078125 0.8159962437500001 0.09082031093750001 0.8183891953125 0.10644531093750001 0.824371571875 0.11328125 0.8363363250000001 0.11914062656249999 0.8566764078125001 0.1181640625 0.878212965625 0.1044921875 0.875820015625 0.0830078125 0.8650517359375 0.07421875 0.85547993125 0.07031249843750001 0.8363363250000001 0.07031249843750001 0.8183891953125 0.0830078125
0 0.7190817328125 0.07226562656249999 0.7011346031250001 0.0830078125 0.6987416484375 0.0869140625 0.6987416484375 0.1044921875 0.7095099312500001 0.11718750156249999 0.7214746828124999 0.12109375 0.7322429625 0.1201171875 0.7382253390625 0.11914062656249999 0.75377951875 0.10644531093750001 0.7561724734374999 0.0869140625 0.745404190625 0.076171875 0.7358323890625 0.07226562656249999 0.7190817328125 0.07226562656249999
0 0.67840156875 0.15625 0.6640438625 0.15625 0.6568650109374999 0.158203125 0.6437037828125 0.1689453109375 0.6413108328125 0.1865234359375 0.6484896828125 0.1982421875 0.6592579625 0.205078125 0.6795980453125 0.2041015640625 0.6939557484375001 0.1982421875 0.703527553125 0.1845703109375 0.703527553125 0.1787109375 0.6963486984375 0.1650390625 0.6903663250000001 0.16015625 0.67840156875 0.15625
0 0.5467892703125 0.1640624984375 0.534824515625 0.16796875 0.528842140625 0.1728515640625 0.5216632859375 0.1845703109375 0.5216632859375 0.1943359375 0.526449190625 0.2041015640625 0.5324315656249999 0.2089843734375 0.5420033703125 0.2128906265625 0.56234345 0.2119140625 0.570718778125 0.2089843734375 0.57909410625 0.2021484359375 0.5814870578125 0.1806640625 0.570718778125 0.16796875 0.5611469765625 0.1640624984375 0.5467892703125 0.1640624984375
0 0.5970412406250001 0.076171875 0.57909410625 0.09277343593750001 0.5814870578125 0.11035156406249999 0.587469434375 0.11718750156249999 0.599434190625 0.123046875 0.6221672218750001 0.12207031093750001 0.638917878125 0.10839843593750001 0.6413108328125 0.09277343593750001 0.636524928125 0.0849609375 0.6257566484375 0.076171875 0.6185777984375 0.07421875 0.5970412406250001 0.076171875
0 0.45944656562499997 0.1005859375 0.4570536140625 0.1162109375 0.47021484375 0.1308593734375 0.47978664843749996 0.1347656265625 0.497733778125 0.1337890625 0.5085020578125 0.12890625 0.5168773859375 0.1201171875 0.5192703359374999 0.1025390625 0.50132320625 0.08593750156249999 0.47739369531250003 0.08593750156249999 0.45944656562499997 0.1005859375
0 0.40321222187499994 0.169921875 0.3876580375 0.1787109375 0.3804791875 0.1904296890625 0.3804791875 0.2001953109375 0.38287213750000004 0.2060546890625 0.3960333671875 0.216796875 0.40321222187499994 0.21875 0.4187664 0.2177734359375 0.42714172968749997 0.21484375 0.4379100078125 0.2060546890625 0.44030295781250006 0.2021484359375 0.44030295781250006 0.1845703109375 0.422355828125 0.169921875 0.40321222187499994 0.169921875
0 0.441499434375 0.263671875 0.4283382015625 0.2744140625 0.4259452515625 0.2919921875 0.43910648124999996 0.30859375 0.4534641875 0.3125 0.45944656562499997 0.3115234359375 0.47500074375 0.3066406265625 0.4857690234375 0.2958984359375 0.4857690234375 0.2744140625 0.47260779375000006 0.263671875 0.44867828593750003 0.26171875 0.441499434375 0.263671875
0 0.34338844687500003 0.08984375 0.3326201671875 0.0986328125 0.3278342671875 0.10644531093750001 0.3302272171875 0.12207031093750001 0.3457814 0.1347656265625 0.3529602515625 0.13671875 0.36612148125 0.1357421875 0.379282709375 0.1308593734375 0.3876580375 0.12207031093750001 0.3900509890625 0.1044921875 0.3852650875 0.09667968906249999 0.3697109078125 0.08789062656249999 0.34338844687500003 0.08984375
0 0.2213479546875 0.251953125 0.21057967500000002 0.2607421875 0.20818672500000002 0.2783203109375 0.218955003125 0.29296875 0.22852680468750003 0.296875 0.2464739390625 0.2958984359375 0.2548492671875 0.29296875 0.2656175453125 0.2841796890625 0.268010496875 0.2646484359375 0.2548492671875 0.25 0.230919759375 0.248046875 0.2213479546875 0.251953125
0 0.268010496875 0.1767578125 0.2632245953125 0.1845703109375 0.2632245953125 0.1943359375 0.268010496875 0.2021484359375 0.281171725 0.2109375015625 0.2859576265625 0.2128906265625 0.306297709375 0.2119140625 0.3230483671875 0.2001953109375 0.3254413171875 0.1806640625 0.318262465625 0.1708984359375 0.30988713749999997 0.1660156265625 0.2859576265625 0.1640624984375 0.268010496875 0.1767578125
0 0.2129726265625 0.0888671875 0.20818672500000002 0.09667968906249999 0.20818672500000002 0.10839843593750001 0.2129726265625 0.1162109375 0.2237409046875 0.125 0.230919759375 0.126953125 0.2488668890625 0.1259765640625 0.2656175453125 0.1142578125 0.270403446875 0.10644531093750001 0.270403446875 0.09472656406249999 0.2548492671875 0.080078125 0.230919759375 0.078125 0.2129726265625 0.0888671875
0 0.1591312328125 0.1640624984375 0.1483629546875 0.1748046890625 0.145970003125 0.1806640625 0.1483629546875 0.1943359375 0.1591312328125 0.205078125 0.168703034375 0.2089843734375 0.18904311875 0.2080078125 0.20818672500000002 0.1923828125 0.21057967500000002 0.1865234359375 0.20818672500000002 0.1748046890625 0.1902395921875 0.16015625 0.168703034375 0.16015625 0.1591312328125 0.1640624984375
0 0.12802287031249998 0.2441406265625 0.11845106875 0.2441406265625 0.09571803437500001 0.2548828125 0.0909321328125 0.2626953109375 0.0909321328125 0.2763671875 0.093325084375 0.2822265640625 0.1064863125 0.29296875 0.1136651640625 0.294921875 0.1316122984375 0.2939453109375 0.1399876265625 0.2910156265625 0.1483629546875 0.2841796890625 0.1531488546875 0.2763671875 0.1531488546875 0.2626953109375 0.1399876265625 0.248046875 0.12802287031249998 0.2441406265625
0 0.1399876265625 0.08203125 0.1304158203125 0.078125 0.1064863125 0.078125 0.0909321328125 0.0869140625 0.08614622968749999 0.1044921875 0.10170041249999999 0.125 0.12204049218749999 0.1298828125 0.1304158203125 0.12890625 0.145970003125 0.1201171875 0.1531488546875 0.10839843593750001 0.1531488546875 0.0986328125 0.1483629546875 0.0888671875 0.1399876265625 0.08203125