0 0.10859375 0.1046875 0.0578125 0.0671875
0 0.109375 0.1921875 0.053125 0.065625
0 0.17109375 0.1421875 0.053125 0.065625
0 0.23203125 0.1015625 0.053125 0.0625
0 0.2921875 0.14453125 0.046875 0.065625
0 0.109375 0.27890625 0.046875 0.059375
0 0.171875 0.234375 0.05 0.059375
0 0.23046875 0.1890625 0.046875 0.059375
0 0.11328125 0.36328125 0.046875 0.0625
0 0.171875 0.32109375 0.0453125 0.059375
0 0.23046875 0.27265625 0.0484375 0.059375
0 0.29453125 0.22890625 0.05 0.05625
0 0.3515625 0.18828125 0.0484375 0.065625
0 0.35390625 0.09921875 0.0484375 0.053125
0 0.115625 0.45 0.046875 0.065625
0 0.17890625 0.40546875 0.0515625 0.0625
0 0.11953125 0.5328125 0.059375 0.071875
0 0.17578125 0.48671875 0.04375 0.0609375
0 0.23203125 0.4484375 0.0484375 0.065625
0 0.23046875 0.36171875 0.046875 0.065625
0 0.296875 0.31328125 0.046875 0.0734375
0 0.296875 0.403125 0.046875 0.065625
0 0.296875 0.48359375 0.05 0.0640625
0 0.2375 0.52890625 0.0484375 0.065625
0 0.18125 0.57109375 0.046875 0.065625
0 0.11953125 0.61640625 0.0453125 0.0609375
0 0.1171875 0.7046875 0.05 0.0671875
0 0.1234375 0.78828125 0.05 0.071875
0 0.18203125 0.75078125 0.05 0.059375
0 0.178125 0.66171875 0.0453125 0.0625
0 0.23671875 0.61484375 0.05 0.0625
0 0.29609375 0.578125 0.05 0.0625
0 0.36015625 0.53515625 0.05 0.059375
0 0.3609375 0.44453125 0.0484375 0.0625
0 0.35859375 0.3578125 0.046875 0.059375
0 0.35703125 0.27109375 0.0484375 0.059375
0 0.24375 0.70390625 0.046875 0.065625
0 0.29921875 0.66171875 0.05 0.0640625
0 0.36171875 0.6140625 0.05 0.065625
0 0.4203125 0.575 0.05 0.0625
0 0.421875 0.48203125 0.05 0.065625
0 0.42109375 0.39609375 0.05 0.0625
0 0.41875 0.31015625 0.053125 0.0625
0 0.41640625 0.22578125 0.0484375 0.0625
0 0.41640625 0.1421875 0.05 0.0625
0 0.23984375 0.7921875 0.053125 0.0640625
0 0.29609375 0.74765625 0.046875 0.065625
0 0.3609375 0.70625 0.05 0.065625
0 0.4171875 0.6609375 0.05 0.06875
0 0.4828125 0.61796875 0.053125 0.0703125
0 0.47734375 0.5328125 0.053125 0.065625
0 0.48125 0.4421875 0.046875 0.065625
0 0.48046875 0.353125 0.05625 0.071875
0 0.478125 0.2671875 0.0515625 0.059375
0 0.47421875 0.178125 0.05 0.065625
0 0.4765625 0.09296875 0.05625 0.0671875
0 0.53984375 0.1359375 0.0484375 0.06875
0 0.53671875 0.22421875 0.053125 0.0625
0 0.53984375 0.3078125 0.0484375 0.0578125
0 0.54140625 0.3984375 0.05 0.06875
0 0.54375 0.4796875 0.05625 0.06875
0 0.54453125 0.56640625 0.0515625 0.06875
0 0.54375 0.65625 0.0578125 0.06875
0 0.48515625 0.70390625 0.0546875 0.06875
0 0.4203125 0.75078125 0.053125 0.06875
0 0.48046875 0.78984375 0.05 0.075
0 0.5453125 0.746875 0.053125 0.065625
0 0.54609375 0.834375 0.05625 0.075
0 0.48671875 0.88203125 0.05625 0.065625
0 0.36328125 0.87890625 0.0578125 0.071875
0 0.35859375 0.79296875 0.05 0.0703125
0 0.421875 0.8359375 0.046875 0.059375
0 0.60078125 0.08984375 0.053125 0.065625
0 0.59765625 0.1765625 0.0484375 0.0671875
0 0.60078125 0.2625 0.0546875 0.0671875
0 0.60234375 0.35234375 0.053125 0.0625
0 0.60078125 0.4359375 0.053125 0.065625
0 0.603125 0.52734375 0.053125 0.0671875
0 0.60703125 0.61640625 0.053125 0.0671875
0 0.60546875 0.7015625 0.053125 0.065625
0 0.60625 0.7921875 0.05 0.065625
0 0.60703125 0.87734375 0.0578125 0.0640625
0 0.6703125 0.83515625 0.05 0.0609375
0 0.66953125 0.7484375 0.05 0.065625
0 0.66484375 0.659375 0.0484375 0.059375
0 0.6640625 0.571875 0.0515625 0.0625
0 0.66171875 0.48671875 0.05 0.0625
0 0.66328125 0.39765625 0.05 0.06875
0 0.659375 0.30546875 0.053125 0.0640625
0 0.659375 0.2171875 0.0515625 0.059375
0 0.65703125 0.13671875 0.0484375 0.0625
0 0.72265625 0.08125 0.0578125 0.0703125
0 0.7234375 0.17109375 0.0546875 0.06875
0 0.725 0.26171875 0.05 0.05625
0 0.728125 0.34296875 0.0484375 0.0625
0 0.72734375 0.525 0.053125 0.071875
0 0.7296875 0.61171875 0.0546875 0.065625
0 0.73203125 0.70546875 0.0515625 0.0671875
0 0.73046875 0.7890625 0.0578125 0.0640625
0 0.7328125 0.8796875 0.0578125 0.075
0 0.12265625 0.8828125 0.053125 0.071875
0 0.18203125 0.834375 0.05 0.0671875
0 0.2390625 0.88046875 0.05625 0.071875
0 0.3015625 0.83984375 0.05 0.0671875