0 0.8601788109375 0.0525591109375 0.84246773125 0.0528422671875 0.8369694046875 0.05582097968750001 0.8263737984375 0.071648925 0.8271759015625 0.0913899671875 0.8373445671875 0.107608646875 0.8476232046875 0.110576025 0.8642152125000001 0.10934715625 0.8713436343750001 0.1039333734375 0.878375028125 0.0908123203125 0.874726734375 0.0648533640625 0.8601788109375 0.0525591109375
0 0.835106425 0.1057172203125 0.8300220921875001 0.0976078828125 0.815778196875 0.0874768734375 0.7964370234375 0.0901950984375 0.7928728140625 0.092901990625 0.785537396875 0.1038597984375 0.7828852562499999 0.11305642656249999 0.785013428125 0.1281991515625 0.7900977625000001 0.136308490625 0.8001694015625 0.1448198984375 0.8093289640625001 0.14684156875 0.820118621875 0.146428165625 0.8291811609374999 0.1407425625 0.8348864828125 0.132219821875 0.837234596875 0.12085994375 0.835106425 0.1057172203125
0 0.777716840625 0.0762812421875 0.7634729453125 0.0661502328125 0.744131771875 0.06886845781249999 0.735373259375 0.0767173078125 0.73160205 0.0849682265625 0.732708178125 0.10687251406250001 0.737792509375 0.1149818515625 0.7509173375 0.12416714843750001 0.77137758125 0.122394634375 0.7822772078125 0.108729934375 0.7849293484375 0.09953330625 0.7828011765625 0.0843905828125 0.777716840625 0.0762812421875
0 0.8686914953124999 0.11313000625 0.8567827687499999 0.1125976953125 0.8474162062499999 0.116120053125 0.8351905078125 0.13438306718749998 0.8382307515624999 0.156015528125 0.8489104421875 0.1688534296875 0.8561358890624999 0.17114691875000002 0.8765961296875 0.1693744078125 0.8858656671875 0.158144775 0.888517803125 0.14894814375 0.8829353937500001 0.12326101249999999 0.8686914953124999 0.11313000625
0 0.8268330453124999 0.1521024390625 0.8149243203125 0.151570125 0.8022975718750001 0.15996262187500002 0.793940109375 0.177681990625 0.79546023125 0.188498221875 0.803390753125 0.20282547968750003 0.8142774359375 0.21011934999999998 0.8347376796875 0.2083468390625 0.846963378125 0.19008382343750002 0.8464653 0.17250603125 0.8436191093750001 0.166288115625 0.8268330453124999 0.1521024390625
0 0.881376440625 0.1753205 0.8752700625 0.1739727203125 0.8562329140625 0.1788541921875 0.8459413359375001 0.1968453859375 0.84867755625 0.21631459999999997 0.855696003125 0.2241521171875 0.8563040531249999 0.2284786125 0.8707549468750001 0.2330655921875 0.8815446046875 0.23265218906250001 0.8906071437499999 0.2269665859375 0.8989646046875001 0.2092472171875 0.8936862187499999 0.1857233296875 0.881376440625 0.1753205
0 0.782568290625 0.1318517546875 0.774223771875 0.128612553125 0.7568167156250001 0.1310589546875 0.7442869953125 0.147158721875 0.742960925 0.1517570375 0.74569714375 0.1712262515625 0.7530196203124999 0.1812270171875 0.7616681609375 0.1866294640625 0.7840625218749999 0.18458513125 0.794962153125 0.17092042968750001 0.7960941671875 0.1509075703125 0.7881636453125 0.13658031406249999 0.782568290625 0.1318517546875
0 0.8566080765624999 0.23064185781250002 0.8515237453125 0.22253251562499998 0.8353457296875 0.21267333125 0.81630858125 0.2175548015625 0.8086691390625 0.2263493640625 0.8046909359375001 0.24014430937500003 0.809057246875 0.25717845625 0.8197369328124999 0.27001635468749996 0.8269623812500001 0.272309846875 0.8435543890625 0.271080978125 0.84905271875 0.26810226406250004 0.8547580437500001 0.2595795234375 0.8587362484375 0.24578458125 0.8566080765624999 0.23064185781250002
0 0.7986104468749999 0.19687938437500002 0.7907769499999999 0.1902594 0.7804983140624999 0.1872920203125 0.770827725 0.188651134375 0.7601350984375 0.1967718078125 0.7534077296875 0.21205610937500002 0.7561439484375 0.231525325 0.7612282796875001 0.2396346625 0.7690617750000001 0.24625464687499998 0.778221340625 0.248276315625 0.7890109984375 0.24786291718750003 0.799703628125 0.2397422421875 0.8061269734375 0.2222946953125 0.8036947781249999 0.20498872499999998 0.7986104468749999 0.19687938437500002
0 0.901894878125 0.244130978125 0.89406138125 0.2375109953125 0.8837827468749999 0.2345436171875 0.8741121609375 0.235902728125 0.865049621875 0.24158833125 0.859344296875 0.25011107187500004 0.8556701171875 0.26606926406250003 0.856582190625 0.2725590015625 0.8645127125000001 0.2868862578125 0.8784525828125 0.29485402031249996 0.8853740078125 0.294984265625 0.899423853125 0.2897007265625 0.9054332015625001 0.28334123125 0.9097154296875001 0.2717095328125 0.9069792109374999 0.2522403171875 0.901894878125 0.244130978125
0 0.867358903125 0.2931041734375 0.8622745703125 0.284994834375 0.8522029328125 0.27648342812500004 0.8399901796875 0.2737878671875 0.8251252906250001 0.2802889421875 0.8154417593750001 0.302606625 0.819808071875 0.319640771875 0.8324218765625 0.33220685156249996 0.8396473234374999 0.3345003390625 0.852371096875 0.33381511875 0.857869428125 0.3308364046875 0.8668349375 0.317443528125 0.8694870734375 0.308246896875 0.867358903125 0.2931041734375
0 0.8141415796875 0.2652877953125 0.8018318000000001 0.25488496562499996 0.7915531640625 0.251917584375 0.783816696875 0.253004875 0.77475415625 0.2586904796875 0.7674187390625 0.26964828750000003 0.7650706265625 0.281008165625 0.7665907484375001 0.29182439375 0.7742172468749999 0.3039884046875 0.7820507437499999 0.31060838749999997 0.7912103078125 0.3126300578125 0.8019999640625001 0.31221665625 0.8074982937499999 0.309237940625 0.8148337109374999 0.2982801328125 0.818811915625 0.28448518749999996 0.8141415796875 0.2652877953125
0 0.900943975 0.3005169546875 0.8851670109375 0.3005282890625 0.8796686812500001 0.303507003125 0.8703991468750001 0.31473663749999997 0.8677470109375 0.323933265625 0.8704832296875 0.34340247968750004 0.8883883640624999 0.3585338703125 0.9069144921875001 0.35703318125 0.9207702796874999 0.33633509687499996 0.9180340609375 0.31686588125 0.912949728125 0.30875654375 0.900943975 0.3005169546875
0 0.8145167421874999 0.3170754609375 0.8061722250000001 0.31383625625 0.7945675203125 0.315467190625 0.7855049828125 0.3211527984375 0.7771475203125 0.3388721671875 0.779579715625 0.3561781359375 0.7846640484375 0.364287478125 0.794735684375 0.372798884375 0.805829365625 0.374548728125 0.8182491187500001 0.3717002609375 0.823443421875 0.36655830312500004 0.8314968578125 0.34667568437499996 0.8271305468750001 0.3296415375 0.8145167421874999 0.3170754609375
0 0.8809559171875 0.3617844078125 0.8730253953125 0.34745715 0.859085525 0.3394893875 0.84167846875 0.341935790625 0.8381142562499999 0.34464268124999997 0.830778840625 0.35560049375 0.8281267031249999 0.364797121875 0.8302548734374999 0.37993984531249997 0.8356432312500001 0.3902124328125 0.852636290625 0.39885408125 0.8653600671874999 0.398168859375 0.8724884859375001 0.392755078125 0.8781938125 0.3842323390625 0.8818679906250001 0.36827414687500004 0.8809559171875 0.3617844078125
0 0.7643784953125 0.248015828125 0.756751996875 0.23585181562500002 0.74087800625 0.22815587656249997 0.7292733 0.2297868125 0.7202107640625 0.23547241562500001 0.712157328125 0.255355034375 0.713981475 0.2683345109375 0.7216079718749999 0.28049851875 0.7294414671875 0.287118503125 0.74053515 0.2888683484375 0.74552245625 0.28927041875000004 0.7565191125 0.2833129875 0.7622244375 0.274790246875 0.766202640625 0.2609953046875 0.7643784953125 0.248015828125
0 0.74600116875 0.1733895015625 0.7381676765625 0.1667695171875 0.716588359375 0.16759631875 0.71109003125 0.1705750328125 0.7037546140625001 0.181532840625 0.7011024781249999 0.19072946875000002 0.70323065 0.20587219218750002 0.7083149796875 0.2139815359375 0.7142143609375 0.2208733359375 0.725612065625 0.2247864296875 0.738335840625 0.22410120781249998 0.743834165625 0.2211224953125 0.754125746875 0.20313130156249998 0.75362766875 0.18555350937499998 0.74600116875 0.1733895015625
0 0.7235486140625 0.10485084375 0.705837534375 0.1051340015625 0.7003392078124999 0.1081127140625 0.6900476249999999 0.1261039046875 0.6905457046875 0.14368169687500001 0.7004103453125 0.15773713125 0.7060057015625001 0.162465690625 0.710993003125 0.162867759375 0.72951913125 0.1613670671875 0.7433749234375 0.140668984375 0.7434848921875 0.1274176859375 0.740334678125 0.1190365203125 0.7235486140625 0.10485084375
0 0.687725403125 0.0955466375 0.6773497374999999 0.08487198124999999 0.669005221875 0.08163278125 0.64803395625 0.0867860734375 0.6377423765625 0.1047772671875 0.6404785953125 0.12424648437500001 0.6455629265625 0.132355821875 0.653396421875 0.13897580468749998 0.6606218703125 0.141269296875 0.6752797640625 0.140312253125 0.6807780921875 0.137333540625 0.6897436 0.12394065937500001 0.6920917156249999 0.112580784375 0.687725403125 0.0955466375
0 0.6981722046875001 0.15584570625 0.685862421875 0.145442878125 0.6755837875 0.14247549843750001 0.6604148734375 0.146813325 0.6484932 0.1672395828125 0.6512294203125 0.186708803125 0.6537715859375 0.19076347031250002 0.6641472515625 0.2014381234375 0.6733068156249999 0.20345979218750002 0.6860305890625 0.20277456875 0.691528915625 0.1997958546875 0.7004944296875 0.186402978125 0.7031465640625 0.17720634531249999 0.6981722046875001 0.15584570625
0 0.7063808640625 0.21425335781250002 0.69437510625 0.206013771875 0.6785981421875 0.206025103125 0.6730998171875 0.20900381875 0.6608741218749999 0.227266834375 0.661372196875 0.2448446265625 0.6712368390625 0.258900059375 0.6818195 0.264030684375 0.7003456234375001 0.2625299953125 0.7074740453125 0.2571162109375 0.712875346875 0.24643022499999997 0.7114651953125 0.22236269531250002 0.7063808640625 0.21425335781250002
0 0.7193698296875 0.27860709687499996 0.7092981921875 0.270095690625 0.7009536734374999 0.2668564875 0.681916525 0.2717379578125 0.671624946875 0.289729153125 0.6718190015625 0.3051436953125 0.6746651906250001 0.3113616125 0.6819876640625 0.321362375 0.6906362078125 0.32676482500000004 0.71109645 0.32499231093750003 0.7219960796875 0.3113276109375 0.7246482171874999 0.302130984375 0.7250622109375 0.291042928125 0.7193698296875 0.27860709687499996
0 0.7748252953125 0.308314896875 0.767502821875 0.298314134375 0.7535629484374999 0.29034637343749997 0.7400241296875001 0.2922491296875 0.7328957078125 0.2976629125 0.7245382453125 0.31538228125 0.7272744656250001 0.33485149999999997 0.7298166312500001 0.33890616875 0.7421264109375 0.3493089984375 0.7493518578125 0.35160249062500004 0.7582073984375 0.35146090937499996 0.7672699359374999 0.34577530625 0.776235446875 0.3323824296875 0.778583559375 0.3210225515625 0.7748252953125 0.308314896875
0 0.7117044984375 0.32931880625 0.7000997984375 0.33094974062500004 0.6910372578125 0.33663534375 0.682679796875 0.35435471406249996 0.6851119921875 0.37166068281250003 0.6901963234374999 0.3797700234375 0.7033211500000001 0.38895531875 0.721847278125 0.3874546296875 0.735703065625 0.3667565453125 0.732662821875 0.3451240828125 0.7200490187499999 0.3325580078125 0.7117044984375 0.32931880625
0 0.785272096875 0.3686139703125 0.78272993125 0.3645593 0.77683055 0.3576674953125 0.7601415140625 0.3511890875 0.7433425078125 0.35796198125 0.7376371828125 0.366484721875 0.733963003125 0.3824429140625 0.7428056 0.4032599109375 0.7506390953125 0.40987989375 0.7578645421875 0.41217338124999997 0.770588315625 0.41148816093749996 0.7760866453124999 0.40850944843750003 0.7837260875000001 0.39971488437499997 0.7880083171875001 0.3880831859375 0.785272096875 0.3686139703125
0 0.6487131453125 0.1407369859375 0.6410866453125 0.12857297343750002 0.633253146875 0.1219529921875 0.6229745140625 0.11898561249999999 0.6078056000000001 0.12332343750000001 0.5985360656250001 0.13455306875 0.5958839265625 0.1437497 0.598620146875 0.163218915625 0.6011623109374999 0.167273584375 0.60929983125 0.1760568140625 0.6226316578125 0.17969808437499998 0.6334213140625 0.179284684375 0.6405497328124999 0.1738709015625 0.6478851515625 0.16291309062499998 0.6502332671875 0.15155321875 0.6487131453125 0.1407369859375
0 0.6588559203125001 0.19887280937500001 0.6492953046875 0.18698062499999998 0.6417658312500001 0.18252388749999998 0.62598886875 0.182535221875 0.618556425 0.18578575625 0.609286890625 0.1970153875 0.6066347515625 0.20621201562499997 0.6116091156250001 0.2275726578125 0.6242229203125 0.24013873281250003 0.629210221875 0.2405407984375 0.6458022328124999 0.23931193281250002 0.651300559375 0.23633321875000002 0.6586359765625 0.225375409375 0.661288115625 0.21617877968750002 0.6588559203125001 0.19887280937500001
0 0.664218390625 0.251062540625 0.6544507765625001 0.24471437968749998 0.6331754843749999 0.2477044265625 0.623601925 0.2567708125 0.619623721875 0.2705657578125 0.6217518921875 0.28570848125000003 0.6268362234375 0.29381782031250003 0.6369078609375001 0.3023292265625 0.6499356609375 0.30380725000000003 0.6639855046875 0.29852371093749996 0.671320921875 0.287565903125 0.673669034375 0.276206028125 0.6718448875 0.26322655156249997 0.664218390625 0.251062540625
0 0.680357571875 0.323797446875 0.663571509375 0.30961176562500003 0.6458604265625 0.3098949234375 0.6387320078125 0.31530870312500003 0.630070521875 0.33086483125 0.6305686015624999 0.3484426234375 0.6381950984375 0.36060663125 0.6490817843750001 0.367900503125 0.6695420249999999 0.366127990625 0.6804416546875001 0.3524632890625 0.6830937921875 0.3432666625 0.6835077859375 0.3321786078125 0.680357571875 0.323797446875
0 0.67849459375 0.3736936859375 0.6701500734375 0.370454484375 0.6511129265625 0.37533595468750003 0.6451035765625 0.38169545 0.6408213468749999 0.3933271453125 0.643861590625 0.41495960781249996 0.654541278125 0.42779750937500005 0.661766725 0.430090996875 0.680292853125 0.4285903078125 0.694148640625 0.4078922234375 0.691108396875 0.3862597609375 0.68856623125 0.38220509375 0.67849459375 0.3736936859375
0 0.5904114875 0.10481126562500001 0.5784057312499999 0.0965716828125 0.56262876875 0.0965830171875 0.555196325 0.0998335515625 0.5446007203125001 0.1156615 0.5450987984375 0.1332392921875 0.5479449890625 0.13945720781249998 0.5530293203125 0.14756655000000002 0.56391600625 0.15486041875 0.58437625 0.15308790781249998 0.595275878125 0.1394232046875 0.5979280171875 0.130226578125 0.5954958203125 0.11292060781249999 0.5904114875 0.10481126562500001
0 0.6062466468750001 0.1753829265625 0.6037044796875 0.1713282546875 0.5978051015625 0.1644364484375 0.58305018125 0.1576862234375 0.5659471515625001 0.16229587031249998 0.5566776124999999 0.1735255015625 0.5543295015624999 0.184885378125 0.5593038625 0.20624601875 0.5674413828125 0.215029246875 0.576904971875 0.2192141609375 0.5934969828125001 0.21798529218749998 0.5970611921875 0.2152784015625 0.604700634375 0.20648383906249998 0.6089828671874999 0.1948521421875 0.6062466468750001 0.1753829265625
0 0.6122171640625 0.2318991484375 0.6002114062499999 0.223659565625 0.58830268125 0.2231272546875 0.5789361171875 0.22664961250000001 0.56671041875 0.244912625 0.5700546875 0.2687083375 0.5826684953125 0.2812744109375 0.5898939421875 0.28356790468750004 0.6045518328124999 0.28261085625 0.6116802546875 0.2771970734375 0.619015671875 0.266239265625 0.6198436609375 0.2440631609375 0.6122171640625 0.2318991484375
0 0.62520613125 0.2962528921875 0.6151344937500001 0.287741484375 0.6029217390625 0.28504592500000003 0.5861227328124999 0.2918188203125 0.578787315625 0.30277663125 0.5764392 0.3141365046875 0.5779593234375 0.3249527359375 0.58334768125 0.3352253203125 0.59341931875 0.3437367265625 0.6025788828125 0.34575839531249997 0.6114344234375 0.34561682031249996 0.6224310796875 0.33965938906250004 0.62813640625 0.331136653125 0.6315065609375 0.3130152171875 0.62520613125 0.2962528921875
0 0.622017084375 0.3507474453125 0.6043060015624999 0.3510306015625 0.598807675 0.35400931406249997 0.5911682328125 0.362803878125 0.5871900296875 0.376598821875 0.591860365625 0.3957962171875 0.607527359375 0.40903618125 0.6279876 0.40726366875000003 0.6388872296875 0.3935989671875 0.6415393671875 0.384402340625 0.6388031468750001 0.36493312499999997 0.622017084375 0.3507474453125
0 0.551095203125 0.14783837187499999 0.5407195406249999 0.13716371562500002 0.5323750234375 0.1339245140625 0.5169020843750001 0.13609909375 0.5097736625 0.141512875 0.501416203125 0.15923224687499998 0.5038483984375 0.176538215625 0.508932728125 0.1846475546875 0.5190043656250001 0.1931589609375 0.5300980515625 0.1949088078125 0.5370194749999999 0.1950390546875 0.5460820109375 0.189353446875 0.553417428125 0.1783956390625 0.5560695640625 0.16919900937500001 0.551095203125 0.14783837187499999
0 0.5675384109375 0.22273652031250002 0.564388196875 0.21435535468750003 0.5453639906250001 0.19827825625 0.5279569359375 0.200724659375 0.5208285125 0.20613843906249998 0.515123190625 0.21466117968749998 0.5127750765625 0.2260210578125 0.5174454125 0.24521845 0.5300592203125001 0.25778452500000004 0.539218784375 0.25980619374999997 0.550008440625 0.2593927921875 0.5555067671875 0.25641407968749996 0.5631462093749999 0.24761951718750003 0.5674284421875 0.2359878203125 0.5675384109375 0.22273652031250002
0 0.57290088125 0.2749262515625 0.5605910984375 0.2645234203125 0.5544847234375 0.26317564375 0.535447575 0.2680571125 0.5251559968749999 0.28604830312499996 0.528500265625 0.309844015625 0.5411140703124999 0.3224100890625 0.5502736328125 0.3244317609375 0.561063290625 0.32401835625 0.5701258296875 0.318332753125 0.5758311515625001 0.3098100140625 0.5792013093749999 0.2916885765625 0.57290088125 0.2749262515625
0 0.5758182093750001 0.33076858750000004 0.5674736890625 0.32752938125000003 0.5481325171875 0.33024760625 0.5445683078125 0.3329545 0.537232890625 0.343912309375 0.534884778125 0.35527218125000004 0.536708925 0.3682516609375 0.54179325625 0.3763609984375 0.55186489375 0.3848724046875 0.559090340625 0.38716589687499997 0.5737482328125 0.386208853125 0.5808766546874999 0.38079506875 0.5892341156249999 0.3630757 0.586497896875 0.3436064859375 0.5758182093750001 0.33076858750000004
0 0.59470655625 0.40201413124999996 0.578224515625 0.3899917 0.566315790625 0.3894593875 0.55888334375 0.392709925 0.546657646875 0.41097293749999997 0.5474597515624999 0.4307139796875 0.550305940625 0.4369318953125 0.5606816015625 0.447606546875 0.56790705 0.44990003749999996 0.5825649421875 0.4489429921875 0.5880632703125 0.44596427656250004 0.5940726171875 0.4396047828125 0.5996809171875 0.4233747734375 0.59470655625 0.40201413124999996
0 0.5013321171875 0.1305664 0.49624778750000004 0.12245706249999999 0.482003890625 0.11232605 0.46266271875 0.115044275 0.4488069265625 0.1357423609375 0.451543146875 0.155211575 0.4540853125 0.1592662453125 0.462222834375 0.16804947812499998 0.47168642343749995 0.1722343890625 0.488278434375 0.1710055234375 0.4918426421875 0.16829863125 0.499482084375 0.15950406875 0.5034602890625 0.1457091234375 0.5013321171875 0.1305664
0 0.499165115625 0.17829939374999998 0.4908205984375 0.1750601921875 0.475347659375 0.177234771875 0.46821923749999994 0.182648553125 0.45986177812499995 0.20036792499999997 0.46229397343749995 0.21767389375 0.467378303125 0.225783234375 0.47744994218750003 0.234294640625 0.486609509375 0.23631630937499998 0.4973991671875 0.23590290937499997 0.5028974921875 0.2329241953125 0.5148191671875 0.21249793437500003 0.511778921875 0.1908654734375 0.499165115625 0.17829939374999998
0 0.52029160625 0.25143636406250003 0.5057436828124999 0.2391421125 0.4996373078125 0.2377943328125 0.48996672031250005 0.2391534453125 0.48090418437500004 0.24483905 0.47356876249999996 0.2557968578125 0.4712206515625 0.2671567359375 0.4730447984375 0.280136209375 0.4781291296875 0.288245553125 0.493492096875 0.2993222734375 0.5100841078125 0.298093403125 0.515582434375 0.2951146890625 0.5258740171875 0.2771234984375 0.522833771875 0.255491034375 0.52029160625 0.25143636406250003
0 0.5338886203125 0.3201165984375 0.52127481875 0.307550521875 0.5129302984375 0.304311321875 0.49389315 0.309192790625 0.48492764062499993 0.32258566875 0.48257952499999995 0.333945546875 0.484099646875 0.344761775 0.49172614687499994 0.3569257859375 0.49955964531249997 0.3635457671875 0.5087192078125 0.3655674390625 0.519508865625 0.3651540359375 0.5250071921874999 0.3621753234375 0.5342767296875001 0.3509456921875 0.536624840625 0.3395858140625 0.5338886203125 0.3201165984375
0 0.5424013046875 0.38068749375 0.534263784375 0.371904265625 0.5259192640625 0.368665059375 0.5030138828124999 0.374090178125 0.4930263265625 0.394244615625 0.495154496875 0.40938734062500004 0.50023883125 0.4174966765625 0.5156018 0.42857339687499996 0.532193809375 0.42734453125 0.5393222296875 0.42193074687500004 0.54502755625 0.41340801093749996 0.5473756671875 0.4020481328125 0.5424013046875 0.38068749375
0 0.4543893375 0.1614294953125 0.44431770000000004 0.152918084375 0.4227383859375 0.1537448859375 0.4099046390625 0.1676814109375 0.40725250312499994 0.1768780390625 0.40968469843750005 0.1941840078125 0.41476903125 0.2022933515625 0.42789385625 0.21147864374999997 0.4483541 0.2097061328125 0.45792766093750004 0.200639746875 0.4619058640625 0.1868448015625 0.462015834375 0.1735935015625 0.4543893375 0.1614294953125
0 0.47022449374999997 0.2320011515625 0.46514016406250003 0.22389180937500003 0.44896215 0.21403262500000003 0.4315550953125 0.2164790265625 0.4206554640625 0.2301437265625 0.418003328125 0.23934035781250002 0.4204355234375 0.256646328125 0.42551985468750003 0.26475566562499997 0.4355914921875 0.2732670734375 0.44475105625 0.2752887421875 0.4555407171875 0.2748753421875 0.46103904375000004 0.2718966265625 0.4686784859375 0.2631020625 0.4729607140625 0.251470365625 0.47022449374999997 0.2320011515625
0 0.4835174875 0.2985181390625 0.478433153125 0.2904087984375 0.468361515625 0.281897390625 0.4580828828125 0.27893001093750003 0.446478178125 0.280560946875 0.43934975937500004 0.285974728125 0.432014340625 0.2969325359375 0.4299702515625 0.31045565937499997 0.43118634843750003 0.31910864375000003 0.43881285 0.331272653125 0.4488844875 0.339784059375 0.4538717890625 0.340186128125 0.4704638 0.3389572578125 0.474028009375 0.3362503671875 0.48299352031250004 0.3228574921875 0.4856456578125 0.313660859375 0.4835174875 0.2985181390625
0 0.4945723375 0.3631437 0.4894880078125 0.3550343609375 0.477178225 0.3446315328125 0.47107184999999996 0.34328375312500004 0.457533028125 0.34518651093749997 0.45040460937500004 0.3506002921875 0.4417431234375 0.366156415625 0.44102509999999995 0.375081225 0.445087390625 0.389952121875 0.4577011953125 0.4025182015625 0.4668607578125 0.40453986718749996 0.4795845328125 0.4038546453125 0.48671295625 0.3984408640625 0.4940483734375 0.3874830546875 0.49639648437500006 0.37612317812499996 0.4945723375 0.3631437
0 0.503389046875 0.4258778421875 0.49800069062499996 0.41560525468750004 0.481822675 0.40574606874999997 0.46634973593750007 0.4079206484375 0.4592213171875 0.4133344296875 0.45086385625 0.4310538015625 0.45360007500000005 0.4505230171875 0.46845202031250005 0.4649805171875 0.47761158437500006 0.4670021859375 0.486467125 0.466860609375 0.4955296640625 0.46117500156249996 0.50286508125 0.45021719375 0.50521319375 0.4388573203125 0.503389046875 0.4258778421875
0 0.40401820468749994 0.13983103125000002 0.39170842499999997 0.12942820156249998 0.3814297875 0.12646081874999998 0.3717592046875 0.12781993125 0.362696665625 0.1335055375 0.355361246875 0.144463346875 0.353317159375 0.1579864703125 0.3570754234375 0.17069412343749998 0.364397896875 0.1806948875 0.374165509375 0.18704305000000002 0.37915281562500003 0.1874451125 0.38994247187500003 0.18703171406250002 0.39900501093749996 0.1813461109375 0.40634042968750006 0.1703883015625 0.40868854218750006 0.159028425 0.40401820468749994 0.13983103125000002
0 0.4150730546875 0.2044565953125 0.4046973921875 0.19378193906250002 0.396352875 0.19054273906250002 0.3789458203125 0.192989140625 0.3647860046875 0.2115239796875 0.3652840828125 0.229101771875 0.37067243906249997 0.23937435625 0.378809959375 0.24815758593749998 0.39020766562500003 0.2520706765625 0.400997321875 0.251657278125 0.4100598609375 0.245971675 0.4157651859375 0.237448934375 0.419743390625 0.2236539890625 0.4150730546875 0.2044565953125
0 0.42897409687500004 0.275300075 0.4238897625 0.267190734375 0.40964586562500005 0.2570597265625 0.392238809375 0.259506128125 0.38511038750000004 0.2649199109375 0.377774971875 0.27587771875 0.3788810984375 0.29778200625 0.3817272890625 0.3039999203125 0.39210295 0.3146745734375 0.3993283984375 0.316968065625 0.4178545265625 0.315467375 0.4214187359375 0.3127604828125 0.428754153125 0.3018026734375 0.43140629218750004 0.29260604375 0.42897409687500004 0.275300075
0 0.43911687343750005 0.3334358984375 0.4203966921875 0.3195220453125 0.4029896359375 0.32196844687500004 0.3942311203125 0.329817296875 0.3888298203125 0.3405032828125 0.389631925 0.360244321875 0.3924781140625 0.3664622390625 0.4100792234375 0.379430384375 0.4286053515625 0.377929690625 0.432169559375 0.3752228015625 0.44113507343749997 0.3618299234375 0.44378720937500005 0.3526332921875 0.43911687343750005 0.3334358984375
0 0.4507797703125 0.40238795468750005 0.44569544062500005 0.3942786171875 0.43338565781250005 0.3838757859375 0.42727928281249994 0.38252800625 0.41374046093750005 0.38443076249999997 0.40661204375000004 0.389844546875 0.399276621875 0.40080235625 0.3969285109375 0.41216223125000007 0.401294821875 0.429196378125 0.4139086296875 0.44176245625000005 0.42306819375 0.443784121875 0.43385785 0.44337072187500004 0.4429203859375 0.43768512031249995 0.4502558078125 0.4267273109375 0.4529079421875 0.41753067968749996 0.4507797703125 0.40238795468750005
0 0.3627678046875 0.18312995625 0.357683471875 0.17502061875 0.3434395765625 0.16488960625 0.3240984 0.16760783125 0.3128947484375 0.179109284375 0.3102426125 0.1883059171875 0.31013264218750003 0.20155721718750003 0.315825021875 0.21399304687499998 0.32813480156249997 0.2243958796875 0.3372943671875 0.226417546875 0.34614990625000003 0.2262759703125 0.35521244531249996 0.22059036562499998 0.3625478625 0.2096325578125 0.3652 0.200435925 0.3627678046875 0.18312995625
0 0.3653811078125 0.23680904531250002 0.3509302125 0.2322220625 0.341259628125 0.233581175 0.33219709062499997 0.23926677812500002 0.32486167187500004 0.250224590625 0.32281758437499997 0.2637477109375 0.3265758484375 0.276455365625 0.3338983203125 0.28645613124999997 0.34366593437500004 0.2928042921875 0.35058735625000004 0.29293453281250004 0.359442896875 0.29279295781250003 0.3720696453125 0.28440045937499997 0.37849299062499997 0.2669529140625 0.3735186296875 0.245592275 0.3653811078125 0.23680904531250002
0 0.379793171875 0.30427174375 0.3658533 0.29630398125 0.3484462453125 0.2987503828125 0.33724258906250004 0.31025183749999996 0.3345904546875 0.31944846875 0.3344804828125 0.33269976562500003 0.33763069843750004 0.34108092968750003 0.3449531734375 0.351081690625 0.353601715625 0.3564841421875 0.374061959375 0.354711628125 0.381190378125 0.349297846875 0.389243815625 0.3294152328125 0.38741966875 0.316435753125 0.379793171875 0.30427174375
0 0.39562832812500004 0.3748434 0.37660412499999996 0.3587663 0.3556328609375 0.3639195921875 0.3453412796875 0.3819107828125 0.34583935781249997 0.399488575 0.3534658578125 0.4116525875 0.364352540625 0.41894645781250006 0.38674690156249997 0.4169021234375 0.39601643750000004 0.40567249375000003 0.398668571875 0.3964758609375 0.398474521875 0.38106131875 0.39562832812500004 0.3748434
0 0.408921321875 0.44136038749999995 0.4038369890625 0.43325104999999997 0.39569947031249997 0.42446782031249997 0.38735495000000003 0.4212286140625 0.3663836859375 0.42638190781249996 0.356092103125 0.44437310312499995 0.356286159375 0.45978765 0.3591323484375 0.4660055640625 0.3770374828125 0.48113695468750006 0.3955636109375 0.47963626562500006 0.39912781875 0.47692937031250004 0.4067672625 0.46813481250000005 0.41074546874999995 0.454339865625 0.408921321875 0.44136038749999995
0 0.2911343234375 0.1435629703125 0.2717931515625 0.14628119374999998 0.26466473281249997 0.151694975 0.25895940624999997 0.1602177171875 0.25661129531250004 0.17157759374999998 0.25813141562499997 0.182393821875 0.2657579140625 0.1945578328125 0.273591409375 0.2011778171875 0.282750975 0.2031994859375 0.2954747484375 0.2025142609375 0.3045372875 0.1968286578125 0.312590725 0.1769460390625 0.3076163625 0.1555854 0.2911343234375 0.1435629703125
0 0.3240595703125 0.2304835484375 0.316433071875 0.2183195421875 0.308599575 0.2116995578125 0.2983209375 0.20873217500000002 0.2812179078125 0.2133418265625 0.2719483734375 0.22457145781249999 0.2692962359375 0.23376808593749998 0.27203245625 0.2532373015625 0.274574621875 0.257291975 0.2868844015625 0.2676948046875 0.2941098484375 0.2699882921875 0.30683362187499996 0.269303071875 0.3158961609375 0.2636174671875 0.3232315796875 0.2526596578125 0.3255796921875 0.24129978125 0.3240595703125 0.2304835484375
0 0.3345063703125 0.290782621875 0.3294220390625 0.2826732796875 0.3193504 0.2741618734375 0.3090717640625 0.27119449375000004 0.299401178125 0.27255360624999997 0.29033864062500003 0.2782392109375 0.2830032234375 0.28919701875000003 0.2803510859375 0.2983936515625 0.2821752328125 0.3113731296875 0.2875635890625 0.32164571406250003 0.2976352265625 0.3301571203125 0.30486067499999997 0.3324506109375 0.31951856875 0.3314935671875 0.3266469875 0.3260797828125 0.33235231249999997 0.31755704218749997 0.336330515625 0.30376210000000003 0.3345063703125 0.290782621875
0 0.3455612234375 0.3554081859375 0.3404768890625 0.34729884375000003 0.3304052515625 0.3387874375 0.322060734375 0.3355482359375 0.30302358281249997 0.3404297078125 0.2940580734375 0.3538225828125 0.29140593593749997 0.363019215625 0.29323008281249996 0.375998690625 0.3008565796875 0.38816269999999997 0.308690075 0.394782684375 0.315915525 0.397076175 0.332507534375 0.39584730625 0.33607174375 0.3931404140625 0.34340716250000003 0.38218260625 0.34738536875000003 0.36838766093749997 0.3455612234375 0.3554081859375
0 0.35631204843750003 0.4178705015625 0.3512277125 0.40976116406249996 0.3430901921875 0.400977934375 0.3347456765625 0.3977387328125 0.3154045046875 0.40045695625000005 0.3045048734375 0.41412165781250004 0.3018527375 0.42331828437499996 0.3042849328125 0.4406242546875 0.3093692640625 0.44873359687500003 0.3194409015625 0.457245003125 0.32860046875000004 0.45926666875000005 0.337456009375 0.4591250921875 0.3500827546875 0.4507325984375 0.3541579875 0.44464492499999997 0.3578321703125 0.428686734375 0.35631204843750003 0.4178705015625
0 0.2495798984375 0.1846986484375 0.226674515625 0.1901237640625 0.2206651671875 0.1964832578125 0.21536089062500002 0.2148765171875 0.2194231828125 0.22974741875000002 0.22674565468750002 0.2397481796875 0.24150057343750003 0.246498409375 0.25229023125 0.2460850078125 0.2649169796875 0.2376925140625 0.2726663921875 0.2156466484375 0.26860410468749996 0.20077574843749998 0.2495798984375 0.1846986484375
0 0.2796589546875 0.2654013125 0.27233647968749997 0.25540054687499997 0.2564624890625 0.247704609375 0.24485778749999998 0.2493355421875 0.23579524843750002 0.25502115000000003 0.2271337625 0.2705772734375 0.23047803125000002 0.29437298125 0.243091834375 0.306939059375 0.2522514 0.308960725 0.2649751734375 0.308275503125 0.27047350312499996 0.30529679062500004 0.276482853125 0.2989372953125 0.28209114999999996 0.28270728125 0.2796589546875 0.2654013125
0 0.2881716390625 0.32597220781249997 0.2800341171875 0.317188975 0.26751733906249997 0.3123301734375 0.2539785203125 0.3142329296875 0.24328588906249998 0.32235360156250004 0.23686254375 0.3398011515625 0.24153288125 0.35899854531250003 0.254146684375 0.3715646203125 0.26330624999999996 0.3735862890625 0.2760300234375 0.37290106875 0.2831584453125 0.3674872828125 0.29049386250000003 0.356529475 0.293146 0.3473328453125 0.2881716390625 0.32597220781249997
0 0.286308659375 0.375868446875 0.27796414375 0.3726292453125 0.2663594375 0.37426018125 0.2572969 0.379945784375 0.2499614828125 0.39090359375 0.2473093453125 0.400100221875 0.249437515625 0.41524294531250006 0.2545218484375 0.4233522859375 0.2698848171875 0.4344290078125 0.28841094375 0.4329283140625 0.3038968234375 0.40979516250000003 0.3011606046875 0.390325946875 0.2986184390625 0.386271278125 0.286308659375 0.375868446875
0 0.29960165 0.4423854359375 0.28901899375 0.43725480625 0.2716119375 0.439701209375 0.264483515625 0.44511499375 0.256126053125 0.46283436250000004 0.2585582484375 0.48014033281249996 0.26364258125 0.48824967499999994 0.27676740781250003 0.4974349671875 0.29916176875 0.49539063437499997 0.311387465625 0.47712761718749996 0.3105853609375 0.4573865796875 0.307739171875 0.4511686640625 0.29960165 0.4423854359375
0 0.2156908046875 0.175122615625 0.20083886093749997 0.1606651171875 0.17925954375 0.16149191875 0.1701970078125 0.16717752187499998 0.16449168281249998 0.17570026249999998 0.1624475921875 0.18922338593750002 0.1665098828125 0.20409428749999997 0.1844150140625 0.21922567656249997 0.20294114218749998 0.21772498593749998 0.2084394703125 0.2147462703125 0.21577488906250003 0.2037884625 0.218427025 0.1945918359375 0.2156908046875 0.175122615625
0 0.20578733124999998 0.22394290312499998 0.19387860625 0.2234105875 0.186446159375 0.226661128125 0.17524250624999999 0.23816258124999998 0.170960275 0.249794278125 0.172784421875 0.26277375625 0.17817278125 0.2730463421875 0.193535746875 0.2841230609375 0.21399599062500002 0.28235055 0.22785178125 0.2616524640625 0.22826577656249997 0.2505644125 0.2248115375 0.240020003125 0.20578733124999998 0.22394290312499998
0 0.2358663875 0.30464556875 0.2307820546875 0.296536225 0.2187763015625 0.2882966421875 0.19750100937499998 0.2912866890625 0.1846672640625 0.3052232140625 0.182623178125 0.318746334375 0.186685465625 0.333617234375 0.19929926874999998 0.3461833140625 0.206524715625 0.3484768015625 0.2231167234375 0.3472479359375 0.2302451453125 0.3418341546875 0.2386026078125 0.3241147828125 0.239016603125 0.313026728125 0.2358663875 0.30464556875
0 0.24183690468750002 0.36116178906249996 0.23176526718749998 0.3526503828125 0.22148663281249997 0.349683003125 0.21181604687500002 0.351042115625 0.2027535078125 0.3567277203125 0.1954180890625 0.3676855296875 0.1927659546875 0.37688216093750004 0.194894125 0.3920248859375 0.20252062187500003 0.4041888921875 0.2153414234375 0.41121094375 0.23580166875000003 0.4094384296875 0.2434411125 0.40064386562500004 0.24904940937500003 0.38441385625 0.2469212375 0.3692711328125 0.24183690468750002 0.36116178906249996
0 0.2560419703125 0.434168515625 0.25065361406250003 0.42389593124999997 0.2405819765625 0.415384525 0.230303340625 0.4124171453125 0.22063275624999998 0.4137762578125 0.21157021562499997 0.41946186250000006 0.2026047046875 0.43285473906250005 0.20158266249999998 0.43961629843749994 0.2040148578125 0.45692226874999997 0.20909918906249997 0.465031609375 0.2191708265625 0.47354301562499995 0.22415813281250002 0.47394508125 0.2426842578125 0.47244439375 0.24818258593750003 0.46946567968749997 0.2538879125 0.46094293906250006 0.25786611718749997 0.44714799375 0.2560419703125 0.434168515625
0 0.1668139078125 0.20625753281249998 0.156742265625 0.19774612656249999 0.1506358921875 0.19639834843749998 0.13322883593749998 0.19884475 0.1261004140625 0.2042585328125 0.12202518437500001 0.210346203125 0.1183510015625 0.2263043953125 0.1227173140625 0.2433385421875 0.1372652375 0.2556327953125 0.14835891875 0.2573826421875 0.162712784375 0.25426234999999997 0.173308390625 0.238434403125 0.17535247812500002 0.22491128124999998 0.1715942140625 0.21220362499999998 0.1668139078125 0.20625753281249998
0 0.1810189703125 0.2792642578125 0.1703392859375 0.266426359375 0.16199476562499998 0.2631871546875 0.1426535921875 0.2659053796875 0.1355251703125 0.2713191640625 0.1284937765625 0.28444021875000003 0.1286878328125 0.2998547640625 0.1318380453125 0.3082359265625 0.1497431796875 0.323367315625 0.1682693078125 0.3218666265625 0.173767634375 0.3188879140625 0.184059215625 0.30089672031250003 0.1838651609375 0.28548217343750004 0.1810189703125 0.2792642578125
0 0.1923778453125 0.34605306874999997 0.18475134843750002 0.33388905625 0.1669432390625 0.32646494062500003 0.14984020781250001 0.3310745890625 0.140570675 0.3423042203125 0.13791853437499998 0.3515008515625 0.1406547546875 0.3709700671875 0.1457390890625 0.3790794046875 0.1535725859375 0.3856993890625 0.1607980328125 0.38799287968749996 0.177390040625 0.3867640140625 0.18451846249999998 0.3813502296875 0.19185388125 0.3703924203125 0.1942019921875 0.359032546875 0.1923778453125 0.34605306874999997
0 0.2008905296875 0.4066239609375 0.1958061984375 0.39851462187500003 0.1815622984375 0.3883836140625 0.160287009375 0.3913736609375 0.14643121875 0.41207174375 0.1494714625 0.433704209375 0.15201362812500002 0.4377588765625 0.1643234109375 0.4481617078125 0.173482975 0.4501833765625 0.18427263124999999 0.44976997343749997 0.1897709578125 0.44679126093750005 0.20067058906250002 0.43312656250000003 0.20332272499999998 0.4239299296875 0.2008905296875 0.4066239609375
0 0.2046229078125 0.4612487640625 0.1926171484375 0.453009178125 0.17490606875 0.45329233281250003 0.16940774218750002 0.4562710484375 0.158508115625 0.46993574843749997 0.15585597499999998 0.4791323765625 0.157984146875 0.4942751 0.1630684828125 0.5023844421875 0.17843145 0.513461159375 0.196957575 0.5119604703125 0.209791321875 0.4980239484375 0.2124434578125 0.48882731718750005 0.20970723750000003 0.4693581015625 0.2046229078125 0.4612487640625
0 0.1202010375 0.1973667265625 0.114812678125 0.1870941390625 0.1005687828125 0.1769631296875 0.09089819375 0.17832224218749998 0.088660053125 0.1764308203125 0.0870299609375 0.17886588750000001 0.0773593765625 0.180225 0.06513367812500001 0.1984880171875 0.06563175624999999 0.216065809375 0.0710201125 0.22633839218750001 0.0810917484375 0.23484980156250002 0.0902513140625 0.23687147031250003 0.10490920781249999 0.235914421875 0.1120376265625 0.2305006421875 0.11774295312500001 0.2219779 0.1217211609375 0.20818295781249999 0.1202010375 0.1973667265625
0 0.121391246875 0.24793685625 0.10521323281249999 0.238077671875 0.08230784687500001 0.2435027859375 0.0733423375 0.25689566406250003 0.07232029375 0.2636572234375 0.07475248906250001 0.28096319375 0.07983682187499999 0.28907253437499997 0.0899084578125 0.2975839421875 0.1010021390625 0.29933378906249997 0.10792356249999999 0.2994640296875 0.11892021875 0.2935066046875 0.129211796875 0.27551540937499996 0.1264755765625 0.2560461953125 0.121391246875 0.24793685625
0 0.1349882609375 0.3166170890625 0.11820219843749999 0.302431409375 0.1024252359375 0.30244274375 0.0949927921875 0.3056932796875 0.08276709531250001 0.32395629531250003 0.08296114843749999 0.3393708421875 0.0861113640625 0.347752003125 0.098725165625 0.36031808125000003 0.10595061406249999 0.3626115703125 0.118674390625 0.3619263484375 0.126106834375 0.35867581406250004 0.1383325296875 0.34041279687500003 0.1378344546875 0.322835003125 0.1349882609375 0.3166170890625
0 0.13760156875000001 0.3702961765625 0.1209125328125 0.36381777187500003 0.11317606250000001 0.3649050609375 0.10054931250000002 0.3732975578125 0.0948439875 0.381820296875 0.0924958765625 0.393180175 0.0971662140625 0.41237756875000003 0.10754187500000001 0.4230522203125 0.1147673234375 0.42534571093749995 0.1352275671875 0.42357319687499995 0.14612719375 0.409908496875 0.148779334375 0.4007118703125 0.1435009453125 0.3771879828125 0.13760156875000001 0.3702961765625
0 0.1400078734375 0.42951929375000003 0.11842856093750001 0.43034609531249995 0.11130013750000001 0.435759875 0.102638653125 0.45131599843750003 0.10313673125 0.468893790625 0.105982921875 0.47511170937499997 0.11442446718749999 0.48605818437500004 0.125822171875 0.4899712765625 0.1424141828125 0.48874240625 0.14954260156250002 0.48332862499999996 0.1579000671875 0.46560925312499996 0.154859821875 0.443976790625 0.1400078734375 0.42951929375000003
0 0.08926157812499999 0.3561331671875 0.076647775 0.3435670890625 0.06830325781249999 0.34032788593749996 0.049266106250000004 0.3452093578125 0.0405075953125 0.353058209375 0.038366479687499996 0.35887405625 0.0429268453125 0.39132275 0.051064365625 0.40010597968750006 0.0582898140625 0.4023994703125 0.0768159421875 0.40089878125 0.085574453125 0.393049928125 0.092605846875 0.379928875 0.0921077671875 0.3623510828125 0.08926157812499999 0.3561331671875
0 0.0977742625 0.41670405937500005 0.087702625 0.40819265312499997 0.0793581078125 0.40495345 0.061951051562500005 0.4073998515625 0.0548226296875 0.41281363437499996 0.047791235937499996 0.42593468906250004 0.047985290624999996 0.44134923437499995 0.0514395296875 0.4518936453125 0.064053334375 0.46445972031249994 0.07321289843749999 0.46648138906250003 0.0878707921875 0.46552434375 0.0949992109375 0.46011056093749997 0.103356671875 0.44239119374999997 0.10031642656249999 0.42075872812500004 0.0977742625 0.41670405937500005
0 0.1113712796875 0.48538429218749995 0.09234707343750001 0.46930719375 0.0823724609375 0.468503059375 0.07300590312500001 0.4720254171875 0.0601721546875 0.4859619390625 0.05752001875 0.49515856874999997 0.059952214062499995 0.5124645375 0.0650365453125 0.520573878125 0.07510818281250001 0.529085284375 0.08233363125 0.531378778125 0.096991525 0.5304217296875 0.10605405937500001 0.524736125 0.114411525 0.507016753125 0.1145214953125 0.49376545624999996 0.1113712796875 0.48538429218749995
0 0.9293929359374999 0.38365469218750003 0.924004578125 0.3733821046875 0.9097606828125 0.363251096875 0.8923536265625 0.3656974984375 0.8852252046875 0.37111128125000004 0.8788018609374999 0.3885588296875 0.8809300312499999 0.40370155468749996 0.8860143640624999 0.4118108921875 0.8983241421875 0.42221372187500006 0.9052455640625 0.42234396875 0.9121669875 0.42247421406249996 0.9247937374999999 0.41408171562499996 0.92886896875 0.40799404375000003 0.9309130578125 0.394470925 0.9293929359374999 0.38365469218750003
0 0.8863183875 0.4139741375 0.8740086078125 0.4035713078125 0.8656640921875001 0.40033210468749997 0.8579276203124999 0.4014193953125 0.8488650812499999 0.40710499999999994 0.8415296640625 0.41806280781250005 0.838877528125 0.427259440625 0.843851890625 0.4486200796875 0.8519894109375 0.4574033078125 0.863387115625 0.4613164 0.8741767749999999 0.4609029984375 0.8832393125 0.45521739375000003 0.8902707062499999 0.44209634062500003 0.8923147953124999 0.428573215625 0.8863183875 0.4139741375
0 0.9369935453125 0.437735846875 0.9266178828125 0.42706119375 0.9182733671875001 0.42382199218750005 0.9066686609374999 0.425452928125 0.8976061218750001 0.4311385296875 0.8892486609375 0.4488579 0.89168085625 0.4661638703125 0.8967651875 0.47427321093749997 0.9068368250000001 0.4827846171875 0.9118241328125001 0.48318668281250005 0.9284161421875 0.48195781562500006 0.9355445609374999 0.476544034375 0.9409458640624999 0.4658580484375 0.9401437593749999 0.446117009375 0.9369935453125 0.437735846875
0 0.9351305671875 0.4876320859375 0.9174194874999999 0.48791524218750004 0.9119211609375 0.49089395625 0.9013255546875 0.5067219046875 0.9024316828125001 0.5286261875 0.9075160171875 0.5367355265625 0.9175876546874999 0.5452469328125 0.9225749562500001 0.5456490015625 0.93916696875 0.5444201359374999 0.95302275625 0.52372205 0.9528287046875 0.508307503125 0.9499825124999999 0.5020895875 0.9351305671875 0.4876320859375
0 0.902153546875 0.48454579375 0.8945270484375 0.4723817875 0.88669355 0.4657618046875 0.8764149171875 0.4627944234375 0.8667443296874999 0.46415353593750003 0.8560516968749999 0.472274209375 0.8496283546875001 0.48972175625 0.8546027140625 0.511082396875 0.8691506390624999 0.52337665 0.8741379437499999 0.523778715625 0.8868617171875 0.5230934953124999 0.8939901359375 0.5176797125 0.8996954625000001 0.509156971875 0.9036736703124999 0.4953620265625 0.902153546875 0.48454579375
0 0.8974443750000001 0.5282241203125 0.889099859375 0.5249849171875 0.8774951546875001 0.5266158515625 0.86843261875 0.53230145625 0.8600751531249999 0.550020828125 0.8653535390625 0.5735447125 0.8807165078124999 0.5846214328125 0.8992426359374999 0.583120740625 0.9063710578125 0.577706959375 0.9127944031249999 0.5602594140625 0.9100581828125 0.5407901984375 0.8974443750000001 0.5282241203125
0 0.924302078125 0.5509212046874999 0.9207378703125 0.553628096875 0.9134024515625001 0.5645859046874999 0.9107503109374999 0.5737825359375 0.9128784828125 0.5889252578125 0.9179628171875001 0.5970345984375001 0.9302725953125 0.607437428125 0.93719401875 0.6075676750000001 0.9534820015625 0.604175559375 0.963773584375 0.58618436875 0.9607333406249999 0.564551903125 0.941709134375 0.548474803125 0.924302078125 0.5509212046874999
0 0.9182668421875 0.5991978453125 0.9078911796875 0.5885231921875 0.8995466609375 0.585283990625 0.8860078390625 0.5871867484375 0.8788794203125001 0.592600528125 0.87317409375 0.60112326875 0.8691958874999999 0.6149182140625 0.870411984375 0.6235711984375001 0.8783425093749999 0.6378984546875001 0.888110121875 0.644246615625 0.8972696875 0.646268284375 0.904191109375 0.646398528125 0.9132536453125001 0.6407129234375 0.9205890671875 0.6297551140625 0.922937178125 0.6183952374999999 0.9182668421875 0.5991978453125
0 0.9563281921875 0.610393475 0.9347488796875 0.6112202765625 0.9235452265624999 0.6227217296875 0.9195670203124999 0.636516675 0.924237359375 0.6557140671874999 0.932374878125 0.664497296875 0.9437725875 0.6684103890624999 0.9584304781249999 0.6674533453125 0.9655589000000001 0.6620395640625001 0.9722862687499999 0.646755259375 0.969246025 0.6251227984375001 0.9563281921875 0.610393475
0 0.9270835515625 0.6619319859374999 0.91894603125 0.6531487578124999 0.9064292515625001 0.64828995 0.8967586624999999 0.6496490625 0.8876961281250001 0.6553346671875 0.8803607109374999 0.666292478125 0.8780125953125 0.6776523531249999 0.8795327171875 0.6884685859374999 0.8849210765625 0.69874116875 0.894992715625 0.7072525781250001 0.9022181625 0.7095460671875 0.9149419359375001 0.7088608468750001 0.9220703546875001 0.7034470640625 0.929405775 0.692489253125 0.9320579109375 0.6832926234375 0.9270835515625 0.6619319859374999
0 0.9813229171875 0.6829868 0.964536853125 0.6688011234375 0.9451956812500001 0.6715193484374999 0.9416314703124999 0.6742262390625 0.934296053125 0.6851840484375 0.9316439171875001 0.694380678125 0.9340761125 0.7116866484375 0.93916044375 0.7197959875 0.9469939390625 0.7264159703125 0.9542193875 0.7287094625 0.97081139375 0.7274805921875 0.9779398171875 0.7220668109374999 0.9849712109375 0.70894575625 0.9841691078125001 0.68920471875 0.9813229171875 0.6829868
0 0.922982428125 0.7099368015625 0.911073703125 0.709404490625 0.909443609375 0.711839559375 0.899773021875 0.7131986718750001 0.8891774187499999 0.7290266171875001 0.8902835421875 0.7509309015625 0.9032013750000001 0.765660225 0.910426821875 0.7679537171875 0.9289529453125001 0.766453025 0.94117864375 0.7481900125000001 0.9403765406250001 0.7284489734374999 0.93753035 0.7222310546874999 0.922982428125 0.7099368015625
0 0.881428003125 0.7510724796875 0.87114936875 0.7481051 0.8543503625 0.75487799375 0.8486450359375001 0.7634007359375 0.8446668296875 0.77719568125 0.8464909765625 0.7901751546875 0.8541174765624999 0.8023391671875 0.8669382765625 0.8093612171875 0.8835302875 0.8081323484375 0.890658709375 0.802718565625 0.8987121453125001 0.7828359484375 0.8937377859375 0.7614753109375 0.881428003125 0.7510724796875
0 0.88268293125 0.6968497453125 0.87261129375 0.6883383390625 0.8623326609375 0.6853709609374999 0.8545961890625 0.68645825 0.8455336546875 0.6921438531249999 0.8381982359375 0.7031016609375 0.835850121875 0.7144615390625 0.8379782921875 0.7296042640625 0.843062628125 0.7377136015625 0.8508961234375001 0.744333584375 0.8581215671875 0.7466270765624999 0.876647696875 0.7451263875 0.8859172296875 0.733896753125 0.8898954375000001 0.7201018125 0.888071290625 0.7071223328125 0.88268293125 0.6968497453125
0 0.87640839375 0.6381702765624999 0.868270871875 0.629387046875 0.8557540937500001 0.6245282421875 0.8386510625 0.6291378937500001 0.8310116203125 0.63793245625 0.8270334125 0.6517273984374999 0.8320077781249999 0.6730880406249999 0.8465556968750001 0.68538229375 0.8515430046875 0.685784359375 0.864266778125 0.6850991375000001 0.869765103125 0.6821204234375 0.8787306140625001 0.6687275484375 0.8810787281250001 0.6573676703125 0.87640839375 0.6381702765624999
0 0.8359472546875001 0.39237567812499996 0.8255715921875 0.381701021875 0.8172270749999999 0.3784618203125 0.7998200203125 0.380908221875 0.788920390625 0.394572921875 0.786572278125 0.4059328 0.788396425 0.418912278125 0.7934807562499999 0.4270216171875 0.808843725 0.43809833749999993 0.8254357359375 0.43686947031249995 0.8289999437500001 0.43416257968750005 0.83500929375 0.427803084375 0.8406175906250001 0.4115730703125 0.8359472546875001 0.39237567812499996
0 0.8385605578125 0.4460547640625 0.8279778999999999 0.44092413906249994 0.8105708453125 0.443370540625 0.8013013109375 0.45460017343750003 0.797323103125 0.46839511875 0.7991472500000001 0.48137459375 0.80677375 0.49353860312500003 0.8123691015625001 0.4982671640625 0.825700928125 0.5019084328125001 0.8326223515625 0.5020386765625 0.843314978125 0.4939180046875 0.851672440625 0.4761986359375 0.8466980796874999 0.45483799375 0.8385605578125 0.4460547640625
0 0.8605991218750001 0.5256814734375 0.8552107624999999 0.5154088890625 0.845139125 0.5068974828125 0.8367946093749999 0.5036582796875 0.8232557875 0.5055610374999999 0.816127365625 0.5109748187500001 0.8080739296875 0.530857434375 0.8102021 0.5460001578125 0.815286434375 0.5541094984375 0.825358071875 0.56262090625 0.8345176359375 0.564642571875 0.8433731765625 0.5645009953125 0.8540658046875 0.5563803234375 0.8581410375 0.55029265 0.8618152203125 0.5343344578125 0.8605991218750001 0.5256814734375
0 0.8578240718749999 0.569087975 0.8494795515625 0.5658487734375 0.8320724953124999 0.568295175 0.8285082875 0.571002065625 0.8224989359375 0.5773615609375 0.8171946625000001 0.5957548203125 0.8181067343749999 0.6022445578125 0.826037259375 0.6165718140625 0.83387075625 0.623191796875 0.8410962 0.6254852890625 0.8538199765625001 0.6248000640625 0.8628825125 0.6191144609375 0.871239978125 0.6013950921875 0.8685037578125 0.5819258765625 0.8578240718749999 0.569087975
0 0.9435008703125 0.778747278125 0.9314951109375 0.7705076953125001 0.91378403125 0.77079085 0.9066556125 0.776204634375 0.89932019375 0.78716244375 0.89666805625 0.7963590734375 0.8987962265625 0.8115017953124999 0.9038805609375 0.8196111343749999 0.9170053890625001 0.82879643125 0.9374656296874999 0.8270239203124999 0.94622414375 0.8191750671875001 0.9499953515625 0.8109241484374999 0.9485851999999999 0.78685661875 0.9435008703125 0.778747278125
0 0.8518793359375 0.8004477421875 0.8353972953125 0.7884253109375 0.8179902406249999 0.7908717140625 0.8144260296875 0.7935786046875 0.8054605203125 0.80697148125 0.8031124046875 0.818331359375 0.8074787171875 0.83536550625 0.8156162374999999 0.8441487343749999 0.827013946875 0.8480618249999999 0.8436059546875001 0.8468329578124999 0.8471701640625 0.8441260671874999 0.856135678125 0.8307331906250001 0.8584837890625 0.8193733140624999 0.8518793359375 0.8004477421875
0 0.7773027421875 0.41716243124999997 0.7598956875 0.41960883281249994 0.7486920328125 0.43111028593749995 0.7460398968749999 0.44030691875 0.7487761171875 0.4597761328125 0.753860446875 0.467885471875 0.76169394375 0.4745054546875 0.7708535078125001 0.47652712499999994 0.7835772859375 0.4758419015625 0.7907057046875 0.47042811718750005 0.799063165625 0.45270875000000005 0.7963269453125 0.433239534375 0.7773027421875 0.41716243124999997
0 0.8073817984374999 0.4978650953125 0.8048396296875 0.4938104265625 0.7925298515625 0.48340759687499996 0.784185334375 0.48016839375 0.774514746875 0.48152750624999996 0.7654522078125 0.4872131109375 0.757094746875 0.5049324796875 0.7598309671875 0.5244016968749999 0.7649152984375001 0.5325110359375 0.77274879375 0.5391310203125 0.7819083609375 0.5411526890625 0.79269801875 0.5407392859375 0.7981963453125 0.5377605734375 0.8058357875000001 0.528966009375 0.8101180187500001 0.5173343125 0.8073817984374999 0.4978650953125
0 0.8158944828125 0.5584359890624999 0.8108101484375 0.5503266484375 0.8010425359375001 0.543978490625 0.785265571875 0.543989821875 0.7778331296875 0.5472403609375001 0.7701936859375 0.5560349203125 0.7659114546875 0.5676666203125 0.7680396265625 0.5828093437499999 0.77342798125 0.59308193125 0.781261478125 0.5997019109374999 0.7884869250000001 0.601995403125 0.8031448187500001 0.601038359375 0.8086431468749999 0.598059646875 0.8189347265625001 0.5800684515625 0.8187406734374999 0.56465390625 0.8158944828125 0.5584359890624999
0 0.8244071671875 0.6190068828124999 0.8076211015625001 0.60482120625 0.7882799296874999 0.60753943125 0.7847157203124999 0.6102463218749999 0.7773802984375 0.6212041296875 0.7747281640625 0.6304007625 0.7797025234375 0.6517614 0.7900781859375 0.662436053125 0.7973036328124999 0.6647295453125001 0.8138956437499999 0.663500675 0.8234692046875001 0.6544342890625 0.8277514359374999 0.6428025921875 0.8272533578125 0.6252248 0.8244071671875 0.6190068828124999
0 0.8161337859375 0.6653920984374999 0.7967926125 0.6681103234375 0.7932284046875 0.6708172171875 0.7858929828125001 0.6817750265625 0.7832408484375 0.690971653125 0.7882152078125 0.7123322921875 0.8038822015625 0.7255722578125 0.8243424453125 0.7237997468749999 0.8365681437499999 0.7055367312499999 0.8354620171875 0.683632446875 0.8303776812500001 0.675523109375 0.8161337859375 0.6653920984374999
0 0.8433666515624999 0.739876846875 0.8268846125 0.7278544171875 0.8169100031250001 0.727050284375 0.8075434390625 0.7305726421875 0.795317740625 0.7488356578124999 0.79611984375 0.7685766968750001 0.7989660328125 0.7747946109375 0.8048654125000001 0.7816864171875 0.816567146875 0.7877627546875 0.8331591546875 0.7865338890625 0.8367233625000001 0.7838269953125 0.8427327140624999 0.777467503125 0.8483410125 0.761237490625 0.8433666515624999 0.739876846875
0 0.7383293156249999 0.3994770609375 0.7285617015625 0.3931289 0.7127847390625 0.3931402328125 0.7037222 0.3988258375 0.6963867828125 0.40978364999999994 0.69495074375 0.42763326562500004 0.70094715 0.44223234062500005 0.7087806453125001 0.44885232343750003 0.7151910484374999 0.45236335156249996 0.7259807046875 0.4519499484375 0.7345322203125 0.4496451265625 0.7454318484375 0.4359804234375 0.7474759343749999 0.42245730468750003 0.7459558125 0.411641071875 0.7383293156249999 0.3994770609375
0 0.75223035625 0.47032054062500006 0.746330975 0.463428734375 0.7338142015625 0.45856993125 0.720275378125 0.4604726890625 0.71314695625 0.4658864703125 0.7047894968749999 0.4836058421875 0.7072216921875001 0.5009118109374999 0.712306021875 0.5090211515624999 0.7223776609375 0.5175325578125001 0.7315372250000001 0.5195542265624999 0.74039276875 0.51941265 0.7494553046875 0.5137270421875 0.7591388343750001 0.4914093609375 0.7576187109375 0.48059312812500005 0.75223035625 0.47032054062500006
0 0.768065515625 0.5408921999999999 0.760439015625 0.5287281890625 0.7442610015625 0.5188690046875 0.7326562984375 0.5204999406249999 0.7235937578125 0.5261855421875 0.7152362984375 0.5439049125000001 0.7179725171875 0.563374128125 0.7205146828125 0.5674288 0.732824465625 0.5778316296875 0.7419840296875 0.5798532984375 0.7508395703125 0.5797117187499999 0.761532196875 0.571591046875 0.7656074312500001 0.5655033734375 0.7692816140625001 0.5495451828125 0.768065515625 0.5408921999999999
0 0.77403603125 0.5974084234375 0.7591840859375 0.582950921875 0.74147300625 0.5832340765625 0.7359746796875 0.586212790625 0.7267051437500001 0.5974424218750001 0.72405300625 0.6066390515625 0.729331390625 0.6301629375 0.7416411734375 0.6405657671875 0.746628475 0.6409678359375001 0.7612863703125 0.6400107921875 0.7667846968750001 0.637032075 0.77575020625 0.6236391984375 0.778402346875 0.6144425703125 0.77403603125 0.5974084234375
0 0.765762653125 0.6437936375 0.7464214796875 0.6465118624999999 0.7352178281249999 0.658013315625 0.732565690625 0.6672099453125 0.7353019093750001 0.6866791625 0.737844075 0.6907338328125 0.7523919984375 0.7030280859375 0.7612475375 0.7028865093750001 0.7736672875 0.7000380390625 0.7788615890624999 0.6948960796875 0.78661100625 0.672850215625 0.7825487140625 0.6579793140625 0.765762653125 0.6437936375
0 0.7885192328125 0.714495540625 0.7723412187500001 0.704636353125 0.7533040718749999 0.7095178234375 0.7443385609375001 0.7229107046875 0.7416864234375 0.73210733125 0.74351056875 0.7450868093749999 0.7511370703125 0.7572508203125 0.7631428234375 0.7654904046875 0.7719983625 0.765348825 0.7860482046875 0.7600652890624999 0.79205755625 0.7537057953125 0.7963397875 0.7420740953125 0.7936035671874999 0.7226048796875 0.7885192328125 0.714495540625
0 0.8018122265625 0.7810125265625001 0.787264303125 0.7687182734375 0.7811579281250001 0.7673704953125 0.7695532234375 0.7690014296875 0.7604906875 0.7746870328125001 0.75345929375 0.7878080875 0.7511111796875001 0.7991679656249999 0.7548694421875 0.8118756203125 0.7621919171875 0.8218763828125001 0.77195953125 0.82822454375 0.7769468390625 0.8286266109374999 0.7896706124999999 0.8279413890624999 0.79679903125 0.8225276046875001 0.80250435625 0.8140048640625 0.8064825624999999 0.8002099218750001 0.8018122265625 0.7810125265625001
0 0.7047054125 0.45493999531249996 0.6993170578125001 0.4446674125 0.685073159375 0.4345364015625 0.6750985484375 0.4337322671875 0.6657319875 0.437254625 0.653506290625 0.4555176421875 0.65339631875 0.4687689421875 0.6568505578125 0.47931334843749995 0.671702503125 0.4937708515625 0.676689809375 0.494172915625 0.6894135859375 0.49348769531250003 0.6965420046874999 0.4880739140625 0.7038774234375 0.4771161015625 0.706225534375 0.46575622812499995 0.7047054125 0.45493999531249996
0 0.71037190625 0.5092929734375 0.7003002687500001 0.500781565625 0.696128009375 0.49916196562500004 0.6767868375 0.5018801890625 0.6655831828125 0.5133816437500001 0.662931046875 0.522578275 0.6656672671874999 0.542047490625 0.6729897390625 0.5520482515625 0.6805192109375 0.5565049890625 0.697415246875 0.55743936875 0.7075968546875 0.552699475 0.7133021796875 0.5441767343749999 0.7172803875 0.530381790625 0.715760265625 0.5195655593749999 0.71037190625 0.5092929734375
0 0.7027065765625 0.5600046828125 0.685299521875 0.5624510859375 0.675725959375 0.5715174703125 0.67144373125 0.5831491671875 0.6770261421875 0.6088363015625 0.687097778125 0.6173477078125 0.6943232265625 0.6196411953125 0.7089811203124999 0.6186841515625 0.7161095390625001 0.6132703703125 0.724467 0.5955509984375 0.7217307796875 0.5760817828125 0.7027065765625 0.5600046828125
0 0.7195637765625 0.6238147781250001 0.7112192609375 0.6205755749999999 0.695746321875 0.6227501546875 0.6886179 0.6281639375 0.6815865078125001 0.64128499375 0.6823886109374999 0.6610260328125 0.6852348015625 0.667243946875 0.7009017937500001 0.6804839125 0.7194279203125 0.678983221875 0.7265563390625001 0.6735694390625 0.7346097796875 0.6536868250000001 0.7299394390625 0.6344894328125 0.7195637765625 0.6238147781250001
0 0.7409942921875 0.6991149921875001 0.7384521234375 0.695060325 0.7261423453125 0.68465749375 0.7158637109375 0.681690115625 0.7026289140624999 0.68575611875 0.6933593765625 0.69698575 0.690707240625 0.7061823765625 0.6937474859375 0.7278148421874999 0.69628965 0.7318695109375 0.7085994328125 0.7422723421875 0.713586734375 0.742674409375 0.728244628125 0.7417173625 0.73374295625 0.7387386499999999 0.7410783734375 0.7277808390625 0.7437305125 0.718584209375 0.7409942921875 0.6991149921875001
0 0.7542872828125 0.76563198125 0.748898928125 0.7553593968750001 0.7365891453125 0.744956565625 0.7304827703125001 0.7436087859375 0.7169439484375 0.7455115421875 0.7098155296875001 0.7509253234375 0.7024801093749999 0.7618831359375 0.6998279734375 0.7710797656249999 0.7016521203125 0.7840592421875 0.707040475 0.7943318265625 0.7193502578125 0.804734659375 0.7243375640624999 0.805136725 0.7389954546874999 0.80417968125 0.7461238734375 0.7987659 0.7531552687499999 0.7856448406250001 0.7555033812499999 0.77428496875 0.7542872828125 0.76563198125
0 0.7434717375 0.8079625265624999 0.72606468125 0.8104089296874999 0.7189362625 0.8158227109375 0.7102747734375 0.8313788375 0.710468828125 0.84679338125 0.715857184375 0.85706596875 0.725928825 0.865577375 0.7331542718749999 0.867870865625 0.7478121625 0.86691381875 0.7568747015625 0.861228215625 0.7652321625 0.8435088468749999 0.759953778125 0.8199849578125 0.7434717375 0.8079625265624999
0 0.6447736640625 0.42144934687499996 0.6285956484375 0.41159016406250004 0.607624384375 0.41674345625000003 0.600288965625 0.42770126406250003 0.5976368296875 0.43689789375 0.602611190625 0.4582585359375 0.612986853125 0.46893318749999996 0.6221464171875 0.470954853125 0.6368043078125 0.469997809375 0.6403685218749999 0.46729091718750004 0.6522901921875001 0.44686465625 0.649857996875 0.42955868593749996 0.6447736640625 0.42144934687499996
0 0.64769099375 0.4772916796875 0.6354782390625 0.474596121875 0.6222434421874999 0.47866212656249996 0.6170491421875 0.4838040890625 0.612973909375 0.48989175781250005 0.6096037515625 0.50801319375 0.6203804640625 0.5285583703125 0.6370695000000001 0.535036771875 0.6514233703125 0.5319164828125 0.6636490671875 0.513653465625 0.6603047984375 0.489857759375 0.65776263125 0.48580308906249997 0.64769099375 0.4772916796875
0 0.6565077015624999 0.5400258203125 0.6481631859375 0.53678661875 0.629126034375 0.541668090625 0.620160525 0.5550609671875 0.6178124125 0.56642084375 0.619028509375 0.5750738281250001 0.6244168671875 0.5853464140625 0.639779834375 0.5964231359375 0.6583059625 0.5949224421875 0.6721617515625 0.5742243609375 0.66912150625 0.552591896875 0.666579340625 0.5485372265625 0.6565077015624999 0.5400258203125
0 0.6801763546874999 0.6172174609375001 0.674788 0.6069448765625001 0.6586099875 0.5970856890625 0.6450711640625 0.598988446875 0.6360086265625 0.6046740546875 0.6279551890625 0.6245566671875 0.6297793359375 0.6375361453124999 0.6374058328125 0.6497001578125 0.6502266359375 0.6567222046875 0.666818646875 0.6554933390625 0.67038285625 0.6527864484375 0.6780222984375001 0.643991884375 0.6820005015625 0.6301969390625 0.6801763546874999 0.6172174609375001
0 0.683300684375 0.6675157703125 0.6693608109375 0.6595480078125 0.6538878734375 0.6617225875 0.64675945 0.66713636875 0.638401990625 0.684855740625 0.6436803765625 0.708379625 0.65904334375 0.7194563453125 0.6775694703124999 0.7179556546875 0.6846978890625001 0.7125418734375 0.6927513281250001 0.6926592578124999 0.69092718125 0.6796797796875 0.683300684375 0.6675157703125
0 0.698831815625 0.7359241812499999 0.6820457546875 0.7217385046875 0.66270458125 0.7244567296875 0.6531310234375 0.7335231125 0.648848790625 0.745154809375 0.6518890359375 0.766787271875 0.6697941703125 0.7819186609375001 0.688320296875 0.7804179734375001 0.69789385625 0.7713515875 0.702176084375 0.7597198875 0.702286059375 0.7464685906249999 0.698831815625 0.7359241812499999
0 0.71019069375 0.802712990625 0.7051063578125001 0.79460365 0.6889283453124999 0.7847444640625 0.6753895234375 0.7866472203125 0.6682611046875 0.7920610031249999 0.6609256875 0.8030188140625001 0.6582735484375 0.8122154437500001 0.6604017203125 0.827358165625 0.665486053125 0.8354675046875 0.6713854296874999 0.8423593109375 0.6827831359375 0.846272403125 0.6955069125 0.8455871828125 0.7010052390625 0.84260846875 0.7086446828125 0.83381390625 0.7126228890624999 0.820018959375 0.71019069375 0.802712990625
0 0.6032192390625 0.4625850265625 0.5931476015625 0.45407362031250004 0.582868965625 0.4511062375 0.57319838125 0.4524653484375 0.5584305171875 0.46667369687500004 0.5557783796875 0.475870325 0.5585146 0.495339540625 0.5691942859375 0.5081774421875 0.577538803125 0.51141664375 0.5883284640625 0.511003240625 0.6004441875000001 0.505991528125 0.60777960625 0.4950337203125 0.6104317421875 0.48583708750000004 0.608303571875 0.470694365625 0.6032192390625 0.4625850265625
0 0.613970065625 0.5250473421875 0.6038984265625 0.5165359359374999 0.5955539078125 0.5132967328125 0.5820150890625 0.5151994906249999 0.5748866671874999 0.5206132718750001 0.56755125 0.53157108125 0.5652031375 0.5429309578125 0.569265425 0.5578018578124999 0.5765879 0.5678026234375 0.582183253125 0.57253118125 0.5952110515625 0.57400920625 0.6076308046875 0.5711607375 0.6128251062500001 0.5660187750000001 0.6205745203124999 0.5439729140625 0.619358421875 0.5353199296875 0.613970065625 0.5250473421875
0 0.624720890625 0.5875096609375 0.6101729703125 0.57521540625 0.6040665921875 0.5738676296875 0.592461890625 0.5754985640625 0.58533346875 0.58091234375 0.5753459140625 0.60106678125 0.577474084375 0.6162095046875 0.5825584171875 0.6243188468749999 0.597921384375 0.6353955671875 0.612579275 0.6344385203125 0.6180776046875 0.6314598078125 0.6299992765625 0.6110335453125 0.6272630578125 0.5915643296875001 0.624720890625 0.5875096609375
0 0.6354717171875001 0.6499719796875 0.6250960546875 0.6392973265624999 0.6167515375 0.6360581203125 0.59578026875 0.6412114156250001 0.5884448515625 0.6521692234375001 0.585792715625 0.661365853125 0.5850746953125 0.6702906609375 0.5933092421875 0.6867811625 0.6011427390625 0.693401146875 0.610302303125 0.695422815625 0.6230260796875 0.69473759375 0.6301544984375 0.689323809375 0.6361638484375 0.6829643171875001 0.6401420515625 0.669169371875 0.6354717171875001 0.6499719796875
0 0.646526565625 0.714597540625 0.6339127625 0.7020314640625 0.623634128125 0.699064084375 0.6158976578125 0.700151375 0.603270909375 0.70854386875 0.596543540625 0.7238281734374999 0.5992797609375 0.7432973890625 0.6043640906250001 0.7514067265625 0.6121975875000001 0.7580267109375 0.6213571515625 0.7600483796875 0.6340809296875001 0.7593631546874999 0.6412093484375 0.7539493734375 0.6485447671875 0.7429915640625 0.65119690625 0.7337949359375 0.646526565625 0.714597540625
0 0.6711784328125 0.8479033375 0.66833224375 0.8416854234375 0.6576525578125 0.828847521875 0.6493080375 0.8256083203125 0.6283367734375 0.8307616124999999 0.6210013546875001 0.8417194218749999 0.6170231484375 0.8555143671875 0.618239246875 0.8641673546875 0.6261697703125 0.8784946093749999 0.6340032671875 0.8851145921875 0.6389905687499999 0.8855166593750001 0.6555825796875 0.884287790625 0.66108090625 0.881309078125 0.6687203484375 0.872514515625 0.6713724890625 0.863317884375 0.6711784328125 0.8479033375
0 0.6569733703125 0.7748966125 0.6465977046875 0.7642219609375001 0.6382531874999999 0.76098275625 0.6247143656249999 0.7628855125 0.6156518265625001 0.7685711203125 0.607598390625 0.788453734375 0.6097265625 0.8035964578125 0.6151149171875 0.8138690453124999 0.6301738609374999 0.8227825171875001 0.6448317546875 0.821825471875 0.65033008125 0.818846759375 0.659295590625 0.8054538843750001 0.66194773125 0.7962572515625 0.6569733703125 0.7748966125
0 0.5534561546875 0.44531305468750004 0.545014609375 0.43436657968750003 0.5344319484375 0.4292359546875 0.518959009375 0.431410534375 0.511830590625 0.436824315625 0.50347313125 0.4545436890625 0.5059053265625 0.47184965781250005 0.51098965625 0.47995899687500004 0.5210612953125 0.488470403125 0.5260486 0.488872471875 0.5407064921875 0.4879154234375 0.546204821875 0.48493671093749996 0.55517033125 0.47154383437499997 0.556192375 0.46478227499999997 0.5534561546875 0.44531305468750004
0 0.556580484375 0.49561136406250006 0.5490510125 0.49115462499999996 0.52747169375 0.4919814265625 0.5162680421875 0.50348288125 0.51361590625 0.5126795125 0.5138099609375 0.5280940578125 0.519198315625 0.5383666421875 0.531508096875 0.5487694765625 0.5364954015625 0.549171540625 0.5511532921875 0.548214496875 0.5582817140625 0.5428007140625 0.5666391765625 0.5250813437499999 0.56420698125 0.5077753734375 0.556580484375 0.49561136406250006
0 0.572111615625 0.564019775 0.561735953125 0.553345121875 0.5514573171875 0.5503777421875 0.539852615625 0.5520086765625 0.53272419375 0.5574224578125 0.5253887749999999 0.5683802671875 0.5227366390625 0.5775768984375 0.5274069765625 0.5967742921875 0.5400207796875 0.6093403671875001 0.5491803453124999 0.6113620359375 0.558035884375 0.6112204578125 0.567098421875 0.605534853125 0.574433840625 0.59457704375 0.5770859781250001 0.585380415625 0.572111615625 0.564019775
0 0.5828624421875 0.6264820921875 0.5660763796875 0.612296415625 0.5467352046875 0.615014640625 0.5431709953125 0.6177215328125001 0.5358355765625 0.628679340625 0.533183440625 0.63787596875 0.5324654203125 0.646800778125 0.535919659375 0.6573451828125 0.5485334640625 0.6699112640625 0.5557589109375 0.67220475 0.5704168015625 0.6712477078125 0.57591513125 0.66826899375 0.5848806421875 0.6548761171875 0.587532778125 0.6456794859375 0.5828624421875 0.6264820921875
0 0.5970675046875 0.6994888171875 0.5939172921875 0.6911076578124999 0.5748930890625 0.675030553125 0.5574860328125 0.67747695625 0.5503576109375 0.6828907375 0.5423041734375 0.7027733546875 0.5438242953125 0.7135895875 0.5517548171875 0.7279168406250001 0.5645756203125 0.7349388921875 0.5811676296875 0.733710021875 0.5882960500000001 0.728296240625 0.5969575359375 0.7127401171875001 0.5954374140625001 0.7019238859375 0.5970675046875 0.6994888171875
0 0.604668115625 0.753569971875 0.5965305953125 0.74478674375 0.5859479375000001 0.7396561187499999 0.5669107906249999 0.7445375890625 0.559271346875 0.7533321515625 0.554989115625 0.7649638515625 0.5577253359375 0.7844330671875 0.5628096671875 0.7925424046875 0.5706431624999999 0.7991623890625 0.5778686109375 0.8014558796875001 0.5925265046875 0.8004988328125 0.5980248312499999 0.79752011875 0.6099465015625001 0.7770938609375 0.6072102828125 0.7576246453125 0.604668115625 0.753569971875
0 0.6084004937499999 0.808194771875 0.600871021875 0.8037380375 0.5850940578125 0.8037493687499999 0.5776616156250001 0.8069999062500001 0.5683920796875 0.8182295390625001 0.5657399421875 0.8274261671875 0.5656299703125 0.8406774671875 0.5713223515625 0.8531133015625001 0.5813939890625 0.8616247078124999 0.590553553125 0.8636463734375001 0.6013432140625 0.8632329734375 0.6104057484375 0.8575473703125001 0.619067234375 0.8419912453125 0.618265134375 0.8222502046875 0.6084004937499999 0.808194771875
0 0.49450761718749997 0.46793656562499997 0.47323232812500005 0.4709266125 0.4655928859375 0.479721175 0.46131065624999995 0.49135287187500004 0.4608966625 0.5024409265625 0.4640468765625 0.5108220875 0.47136934999999996 0.5208228515625 0.480017890625 0.5262253 0.5024122515625 0.524180965625 0.511681790625 0.5129513343750001 0.5143339250000001 0.503754703125 0.51129368125 0.48212224062500003 0.49450761718749997 0.46793656562499997
0 0.5113648203125 0.531746659375 0.5030203 0.5285074562500001 0.48561324531250005 0.5309538593750001 0.47848482499999995 0.536367640625 0.47440959375 0.5424553140625 0.4707354140625 0.5584135031249999 0.4719515125 0.567066490625 0.47733986718750004 0.577339075 0.48964964687499996 0.5877419078125 0.4985051875 0.587600328125 0.505426609375 0.5877305749999999 0.5164232640625 0.5817731453125 0.524476703125 0.5618905296875 0.519502340625 0.540529890625 0.5113648203125 0.531746659375
0 0.5198775046875 0.5923175546875 0.5115329843749999 0.589078353125 0.496060046875 0.5912529328125 0.4889316265625 0.5966667140624999 0.48057416562500005 0.6143860828125 0.483310384375 0.6338553 0.48585255156249996 0.6379099703125 0.49816233125 0.6483128 0.5073218953125 0.6503344703125 0.5216757640624999 0.6472141765625 0.526870065625 0.6420722171875 0.534923503125 0.6221895984375 0.5302531671875 0.6029922062499999 0.5198775046875 0.5923175546875
0 0.5410039921875 0.665454525 0.5283901890625 0.6528884500000001 0.5222838140625 0.6515406687499999 0.5013125453125 0.6566939640625 0.49397712812499994 0.667651771875 0.491324990625 0.6768484015625 0.49406121093750005 0.696317615625 0.49660337656250003 0.7003722859375 0.50891315625 0.71077511875 0.5200068359375 0.7125249609375001 0.5304924734375 0.7099483171875 0.5376208921875001 0.7045345328125 0.541696125 0.6984468640625 0.5453703046875 0.6824886718750001 0.5410039921875 0.665454525
0 0.535576803125 0.7180576546874999 0.523668075 0.7175253453125 0.51623563125 0.7207758796875 0.5066620687500001 0.729842265625 0.502379840625 0.741473965625 0.5022698703125 0.7547252656250001 0.5054200859375 0.7631064265624999 0.5233252187499999 0.7782378171875 0.5418513468749999 0.7767371265625 0.5557071359375 0.75603904375 0.55520905625 0.7384612515625 0.5523628671874999 0.7322433359375 0.535576803125 0.7180576546874999
0 0.566263909375 0.8030868140624999 0.558637409375 0.7909228046875 0.5508039124999999 0.784302821875 0.5405252796875 0.781335440625 0.530854690625 0.782694553125 0.5217921515625 0.7883801578125 0.5144567343750001 0.7993379671875 0.5118045984374999 0.8085345984375 0.5139327687499999 0.8236773218750001 0.521559265625 0.835841328125 0.5271546218750001 0.8405698890625001 0.5404864468749999 0.8442111593750001 0.5529061953125 0.8413626890625 0.5581004984375 0.8362207296875 0.5651318921875 0.8230996749999999 0.5674800062500001 0.811739796875 0.566263909375 0.8030868140624999
0 0.44413648281249996 0.446338103125 0.426425403125 0.44662125937499997 0.418992959375 0.44987179375 0.40870137968750003 0.4678629890625 0.4082873828125 0.478951040625 0.4117416234375 0.48949545 0.4296467609375 0.5046268390625 0.4481728859375 0.5031261484375 0.4553013078125 0.497712365625 0.46335474374999996 0.477829753125 0.45868440625 0.45863235625 0.44413648281249996 0.446338103125
0 0.46913120781249995 0.5189314296875 0.45875554531249996 0.5082567765625 0.450411025 0.5050175703125 0.43137387812499994 0.5098990453125001 0.42373443593750004 0.5186936078125 0.41975623124999994 0.53248855 0.421884403125 0.5476312734375 0.42696873437500005 0.555740615625 0.43704037187500006 0.564252021875 0.44619993593749996 0.5662736875000001 0.4550554765625 0.5661321125 0.464118015625 0.5604465078125 0.47145343281249996 0.5494886984375 0.47410556875000004 0.5402920671875 0.46913120781249995 0.5189314296875
0 0.48869874218750003 0.644127884375 0.48391843437500004 0.6381817921875 0.46774041874999994 0.6283226078124999 0.4487032703125 0.633204078125 0.44136785312500004 0.6441618859375 0.4373896484375 0.65795683125 0.43921379531250004 0.67093630625 0.4442981265625 0.6790456484375 0.4543697640625 0.6875570546875001 0.4615952109375 0.689850546875 0.4762531015625 0.6888935 0.48338152343749996 0.6834797171875 0.4890868484375 0.6749569765625 0.49276102968749996 0.6589987875000001 0.48869874218750003 0.644127884375
0 0.477643890625 0.5795023203125 0.46116185156249995 0.567479890625 0.44182067968750005 0.5701981140625 0.43224712031249996 0.5792645000000001 0.4279648921875 0.5908962 0.4281589421875 0.6063107453125001 0.43324327656249995 0.6144200843750001 0.4436189375 0.6250947359375 0.45084438593750004 0.627388228125 0.46743639375 0.6261593609375 0.47100060624999995 0.62345246875 0.47700995625 0.617092975 0.48261825312499995 0.6008629625 0.477643890625 0.5795023203125
0 0.5022957578125 0.71280811875 0.49721142656249995 0.7046987812500001 0.48296753125 0.694567771875 0.4729929171875 0.6937636359375 0.4636263546875 0.697285996875 0.45405279531250003 0.7063523796875 0.449770565625 0.7179840796875 0.452810809375 0.7396165390625 0.4612523546875 0.7505630156249999 0.47071594375 0.7547479296875 0.489242071875 0.753247240625 0.49280628125000003 0.7505403515625 0.49881563125 0.7441808562500001 0.5044239296875 0.7279508421875 0.5022957578125 0.71280811875
0 0.5004327796875 0.7627043609374999 0.4840477671875 0.7583892 0.469182878125 0.7648902718749999 0.46184745937500005 0.77584808125 0.45919532343749997 0.7850447109375 0.46162751875 0.8023506812500001 0.46671185 0.8104600203125001 0.4767834890625 0.8189714265625 0.48787716875 0.8207212734375 0.50386113125 0.8151659125 0.5111965484375001 0.8042081031249999 0.514870728125 0.788249915625 0.5060281343749999 0.7674329171875 0.5004327796875 0.7627043609374999
0 0.51962515 0.8361131515625001 0.5137257703125 0.829221346875 0.5031431125 0.824090721875 0.4857360578125 0.8265371234375 0.471880265625 0.8472352078125001 0.4720743203125 0.8626497515624999 0.48000484062500004 0.8769770078124999 0.48783833750000005 0.883596990625 0.4969979015625 0.885618659375 0.5077875625 0.8852052578125 0.518480190625 0.8770845859374999 0.5265336281249999 0.8572019718749999 0.52501350625 0.8463857390625 0.51962515 0.8361131515625001
0 0.406450296875 0.4869301359375 0.3981057765625 0.48369093281250003 0.38069872031249996 0.4861373359375 0.37194020625 0.4939861859375 0.3665389078125 0.504672171875 0.3673410078125 0.5244132109375 0.37018720156249996 0.530631128125 0.3877883078125 0.5435992734374999 0.40631443593750005 0.5420985796875 0.4134428578125 0.5366847984375 0.42149629375000003 0.51680218125 0.41682595625 0.4976047890625 0.406450296875 0.4869301359375
0 0.36512875624999996 0.48060464375 0.35974039687500003 0.47033205625 0.34356238437500003 0.46047287031249995 0.32259111875 0.4656261625 0.3136256046875 0.479019040625 0.31127749531250004 0.49037891718750004 0.3124935921875 0.4990319046875 0.32042411406250004 0.5133591578125001 0.328257609375 0.5199791406250001 0.337417178125 0.5220008093749999 0.3482068359375 0.5215874109375 0.3572693703125 0.5159018046875 0.36460478749999997 0.5049439953125 0.366952903125 0.49358412031250004 0.36512875624999996 0.48060464375
0 0.36855710625000004 0.533066196875 0.3584854671875 0.5245547890625 0.35237909218749996 0.5232070109375 0.3330379203125 0.5259252359375 0.325398478125 0.5347198 0.319790178125 0.5509498125000001 0.321614325 0.5639292890625 0.32700267968749996 0.574201875 0.33707431875 0.5827132828125 0.3462338859375 0.5847349515625 0.36252186875 0.5813428359375 0.373421496875 0.5676781359375 0.37576961249999996 0.556318259375 0.37364144062500004 0.541175534375 0.36855710625000004 0.533066196875
0 0.42848885625 0.5665568453125001 0.42086235624999996 0.5543928359375 0.4088566 0.5461532499999999 0.38758131093750003 0.549143296875 0.3766816859375 0.562808 0.3740295453125 0.5720046265625001 0.379003909375 0.5933652656249999 0.389379571875 0.604039921875 0.396605015625 0.6063334109375 0.4131970265625 0.60510454375 0.41869535312500006 0.60212583125 0.426030771875 0.591168021875 0.428682909375 0.5819713906249999 0.42848885625 0.5665568453125001
0 0.436393490625 0.622801246875 0.41960742656249994 0.60861556875 0.3983321375 0.611605615625 0.387432509375 0.625270315625 0.3847803734375 0.6344669453125 0.3897547359375 0.655827584375 0.400130396875 0.6665022359375 0.4073558453125 0.668795728125 0.42394785312499994 0.6675668625 0.42944618125 0.664588146875 0.4394337359375 0.644433709375 0.43954370625 0.631182409375 0.436393490625 0.622801246875
0 0.44714431718750003 0.6852635625 0.43676865468750004 0.6745889109375 0.42425187812500004 0.669730109375 0.4110170796875 0.6737961125 0.40225856875000005 0.6816449609374999 0.3958352234375 0.699092509375 0.3976593703125 0.712071984375 0.407524009375 0.72612741875 0.42421304531250004 0.7326058265625 0.42920035156249997 0.7330078906249999 0.44019700781250004 0.727050465625 0.44916251718750005 0.7136575875 0.451814653125 0.7044609562499999 0.44714431718750003 0.6852635625
0 0.4581991671875 0.7498891265625 0.44141310625 0.7357034515625 0.4201378125 0.7386934984375 0.4092381859375 0.7523581984375001 0.4065860484375 0.7615548249999999 0.40901824375 0.7788607953125 0.4141025765625 0.7869701375 0.4241742140625 0.79548154375 0.4313996609375 0.7977750328125001 0.44412343437499996 0.7970898109375 0.45125185625 0.7916760296875001 0.46154343593749997 0.773684834375 0.4610453578125 0.7561070421875 0.4581991671875 0.7498891265625
0 0.47210020625000004 0.8207326078125 0.46701587499999997 0.81262326875 0.4569442375 0.8041118624999999 0.44666560000000005 0.8011444796875 0.4389291328125 0.8022317687499999 0.426302384375 0.8106242671875 0.418248946875 0.83050688125 0.42007309375 0.843486359375 0.4276995921875 0.8556503718749999 0.433294946875 0.860378928125 0.4424545109375 0.8624005968749999 0.45711240468750003 0.8614435531250001 0.46261073125 0.8584648390625 0.47157624218749994 0.845071959375 0.47422837656250005 0.8358753312499999 0.47210020625000004 0.8207326078125
0 0.379611959375 0.5976917609375 0.365368059375 0.58756075 0.3534593296875 0.5870284406249999 0.3518292375 0.5894635078125 0.342158653125 0.5908226187500001 0.331867071875 0.6088138140625 0.3323651515625 0.62639160625 0.335211340625 0.632609521875 0.343652884375 0.643556 0.35311647343749997 0.6477409109375001 0.369708484375 0.64651204375 0.37683690468750003 0.6410982640625 0.38549839375 0.6255421375 0.3846962890625 0.6058010984375 0.379611959375 0.5976917609375
0 0.3867015453125 0.65515369375 0.37611888437499996 0.65002306875 0.35321350156250003 0.655448184375 0.345878084375 0.6664059921875001 0.3432259453125 0.675602625 0.345962165625 0.6950718390625 0.3566418546875 0.7079097375 0.36386730312500004 0.7102032296874999 0.38432754375 0.7084307187500001 0.3935970828125 0.697201084375 0.3978793109375 0.6855693875 0.395143090625 0.6661001718749999 0.3867015453125 0.65515369375
0 0.4084360828125 0.7326171593749999 0.40080958437499997 0.72045315 0.38463156875000004 0.710593965625 0.3691586296875 0.7127685453125 0.3620302109375 0.718182325 0.353976775 0.7380649406249999 0.3564089703125 0.7553709093750001 0.36149330156250004 0.76348025 0.369326796875 0.770100234375 0.37655224375 0.7723937249999999 0.3931442515625 0.77116485625 0.4002726734375 0.7657510750000001 0.4073040671875 0.7526300203125 0.4096521796875 0.74127014375 0.4084360828125 0.7326171593749999
0 0.41979495624999996 0.7994059671875 0.412168459375 0.787241959375 0.3959904421875 0.777382775 0.3843857421875 0.779013709375 0.375323203125 0.7846993140625 0.3650316234375 0.8026905046874999 0.36807186718749996 0.824322965625 0.3829238140625 0.8387804671874999 0.392083378125 0.8408021359375001 0.40093891875 0.8406605578124999 0.41000145625 0.8349749531249999 0.42029303437500004 0.816983759375 0.4210110546875 0.808058953125 0.41979495624999996 0.7994059671875
0 0.43084980625 0.86403153125 0.42576547500000006 0.85592219375 0.41345569531250004 0.8455193624999999 0.40734932031250004 0.84417158125 0.38831216875 0.8490530546875 0.379042634375 0.8602826859375 0.3763904984375 0.869479315625 0.37597650312500003 0.8805673703125001 0.381668884375 0.8930032000000001 0.392044546875 0.9036778546875001 0.40120411093749997 0.9056995203125 0.41392788437499994 0.9050143 0.42462051562500003 0.8968936234375 0.42869574843749997 0.89080595625 0.43236992812499997 0.8748477640625 0.43084980625 0.86403153125
0 0.31625185624999996 0.51173955625 0.3039420765625 0.5013367265625 0.2978357015625 0.4999889484375 0.2804286453125 0.5024353500000001 0.2768644328125 0.505142240625 0.2678989234375 0.51853511875 0.2652467859375 0.5277317484374999 0.2670709328125 0.5407112265625 0.27215526562500003 0.548820565625 0.28446504375 0.5592233953125 0.2936246078125 0.561245065625 0.30248014843750004 0.561103484375 0.31154268749999997 0.5554178796875 0.321834265625 0.537426690625 0.322552284375 0.52850188125 0.31625185624999996 0.51173955625
0 0.24522642656250002 0.47649906093750005 0.22588525 0.4792172859375 0.21202946250000002 0.49991537187499996 0.21506970625 0.5215478328125001 0.2299216515625 0.5360053312499999 0.24101533437499997 0.5377551781250001 0.2569992953125 0.5321998171875 0.2643347125 0.521242009375 0.26698685 0.51204538125 0.2642506296875 0.4925761640625 0.24522642656250002 0.47649906093750005
0 0.32028825625 0.5685276046875 0.30278417343749997 0.563266734375 0.2879192828125 0.5697678046875 0.27762770468750003 0.587758996875 0.28066795 0.6093914609375 0.283210115625 0.6134461296875 0.29551989375 0.6238489609375 0.306613578125 0.62559880625 0.3225975375 0.6200434453125 0.331563046875 0.60665056875 0.3339111625 0.595290690625 0.329544846875 0.57825654375 0.32028825625 0.5685276046875
0 0.3434458890625 0.649100021875 0.3358193890625 0.636936015625 0.32574775 0.6284246062500001 0.3196413765625 0.627076828125 0.3061025546875 0.6289795859375 0.29704001562500004 0.63466519375 0.2886825546875 0.6523845609375 0.2939609390625 0.6759084453125 0.30209846093750004 0.684691678125 0.313496165625 0.6886047671875 0.3262199421875 0.6879195453125 0.336912575 0.6797988734375 0.3409878046875 0.6737112015625 0.3446619859375 0.657753009375 0.3434458890625 0.649100021875
0 0.3513505234375 0.7053444265625 0.334564459375 0.691158746875 0.3245898515625 0.6903546140625 0.32295975781249997 0.6927896812500001 0.3132891703125 0.6941487937499999 0.304019634375 0.7053784249999999 0.299737403125 0.717010125 0.3021695984375 0.7343160953125001 0.307253934375 0.7424254328125001 0.3203787578125 0.7516107296875 0.34083900312500004 0.74983821875 0.3504125609375 0.7407718328125 0.3546947921875 0.7291401328125 0.35419671406250003 0.7115623421875 0.3513505234375 0.7053444265625
0 0.3668816578125 0.7737528375 0.361797325 0.765643496875 0.349487546875 0.7552406656249999 0.32984234687499997 0.755795646875 0.3243440203125 0.7587743578125 0.3137484171875 0.7746023046875 0.3151585703125 0.7986698359375 0.328076396875 0.8133991593750001 0.33530184375 0.8156926500000001 0.35189385156249997 0.8144637796875 0.35902227343750004 0.80905 0.36472759843749997 0.800527259375 0.36870580468749997 0.7867323125000001 0.3668816578125 0.7737528375
0 0.373460225 0.834595553125 0.3630845625 0.8239209000000001 0.3547400421875 0.8206816984374999 0.33926710312499997 0.822856278125 0.332138684375 0.8282700593750001 0.3234771984375 0.8438261828125 0.3233672296875 0.8570774828125 0.3268214671875 0.8676218921875 0.339435271875 0.8801879687499999 0.34666071875000004 0.882481459375 0.361318609375 0.8815244140624999 0.36844703125 0.8761106312500001 0.37578244843749997 0.8651528234375 0.3784345859375 0.855956190625 0.373460225 0.834595553125
0 0.2778476453125 0.5612563984375 0.2727633140625 0.5531470578125 0.2562812765625 0.5411246265625 0.23887422187500001 0.543571028125 0.23174579843749998 0.548984809375 0.2233883375 0.5667041828125 0.2286667234375 0.5902280671875 0.23680424375000003 0.5990112953125 0.24820194999999998 0.6029243875 0.26285984375 0.601967340625 0.26998826249999996 0.596553559375 0.2756935875 0.58803081875 0.2796717921875 0.5742358765625 0.2778476453125 0.5612563984375
0 0.2860563046875 0.6196640453125 0.26927024374999997 0.6054783687499999 0.2534932796875 0.6054897031250001 0.24606083281250002 0.6087402375 0.23842139062499998 0.6175348015625 0.2341391625 0.6291664984375 0.2340291921875 0.6424177984375 0.23717940781250002 0.6507989609375 0.255084540625 0.6659303515625 0.27554478437499996 0.6641578375 0.2791089953125 0.661450946875 0.28807450625 0.6480580687499999 0.29072664531250003 0.6388614390625 0.2860563046875 0.6196640453125
0 0.29680713281250004 0.6821263625 0.28643146875 0.6714517125 0.2780869515625 0.66821250625 0.255181565625 0.673637621875 0.249476240625 0.6821603625 0.2454980375 0.6959553078125 0.2504723984375 0.717315946875 0.256371778125 0.724207753125 0.2700076234375 0.7300122671875 0.2827314015625 0.7293270453125 0.28822972812500003 0.7263483328125 0.2991293546875 0.7126836328125 0.3014774703125 0.70132375625 0.29680713281250004 0.6821263625
0 0.3053198171875 0.7426972546874999 0.293314059375 0.734457671875 0.2681705359375 0.7379913625000001 0.26083511875 0.748949171875 0.2568569125 0.7627441187499999 0.2586810578125 0.7757235953125 0.2637653890625 0.7838329328125 0.271902909375 0.7926161640625 0.285234734375 0.7962574328125 0.292156159375 0.7963876796875 0.3047829078125 0.78799518125 0.3131403671875 0.7702758125 0.3104041484375 0.7508065968750001 0.3053198171875 0.7426972546874999
0 0.3183087828125 0.8070509984375001 0.304064884375 0.796919990625 0.28278959531250003 0.7999100375 0.2718899671875 0.8135747375 0.2692378296875 0.8227713671875 0.27167002500000004 0.8400773375 0.2767543578125 0.8481866765625 0.28682599531249997 0.8566980828125 0.2959855609375 0.8587197515625 0.30484110000000003 0.8585781718750001 0.31746784843750003 0.850185678125 0.32552128593749996 0.830303059375 0.323393115625 0.8151603390625001 0.3183087828125 0.8070509984375001
0 0.3322098234375 0.8778944765625001 0.32488735156250004 0.8678937140625 0.3151197375 0.8615455531249999 0.2957785609375 0.864263778125 0.28865014218749996 0.8696775609375 0.28294481718750003 0.8782003015625 0.2789666109375 0.8919952468749999 0.2801827078125 0.9006482312499999 0.2881132328125 0.9149754859374999 0.2959467296875 0.92159546875 0.30510629375 0.9236171390625 0.31783006875 0.9229319140625 0.3285226984375 0.9148112421875 0.33494604375 0.8973636921875 0.3353600390625 0.8862756421875 0.3322098234375 0.8778944765625001
0 0.1690648859375 0.5169835171875 0.1611343625 0.502656265625 0.15330086874999999 0.49603628125 0.14302223125 0.4930688984375 0.1259192 0.49767854843750003 0.1136935015625 0.5159415640625 0.1135835328125 0.5291928640625 0.1170377703125 0.5397372703125 0.1318897203125 0.554194771875 0.136877021875 0.5545968375 0.1534690328125 0.5533679703125001 0.158967359375 0.5503892578125 0.1663027765625 0.53943145 0.169976959375 0.5234732578125 0.1690648859375 0.5169835171875
0 0.22076208749999998 0.533983665625 0.20173788125 0.5179065625 0.18239670937500002 0.5206247859375 0.175268290625 0.526038571875 0.16721485 0.5459211875000001 0.168734971875 0.5567374187499999 0.17412333124999999 0.5670100031249999 0.182260853125 0.57579323125 0.19365855781250002 0.5797063234375 0.2118806609375 0.576042390625 0.2211501953125 0.5648127578125 0.2238023328125 0.5556161265624999 0.22391230312500002 0.5423648265625001 0.22076208749999998 0.533983665625
0 0.22927477187499998 0.594554559375 0.2169649921875 0.5841517281249999 0.2047522390625 0.5814561703125001 0.197015771875 0.5825434609375 0.1879532328125 0.588229065625 0.1806178140625 0.5991868734375 0.17724765625 0.6173083109374999 0.187720346875 0.6356902375 0.1955538421875 0.6423102187499999 0.2047134078125 0.6443318875 0.213568946875 0.644190309375 0.2261956953125 0.6357978140625 0.23322708906249998 0.622676759375 0.235271178125 0.6091536359374999 0.22927477187499998 0.594554559375
0 0.22771581875 0.646614046875 0.22160944374999997 0.64526626875 0.20257229062499998 0.6501477390625 0.19493285 0.6589423015625 0.1909546453125 0.67273724375 0.193386840625 0.6900432140625 0.19847117187500002 0.6981525546875 0.20630466875 0.7047725375 0.21963649062499999 0.708413809375 0.22655791406249998 0.70854405 0.2408147546875 0.6977164890625 0.2472380984375 0.6802689375 0.24226373906249998 0.6589083 0.22771581875 0.646614046875
0 0.2666115828125 0.790050853125 0.2478914 0.77613699375 0.2324184625 0.7783115734375 0.22009573906250002 0.78886731875 0.2163245296875 0.7971182375 0.21773468281250002 0.821185765625 0.23065250937499998 0.8359150906249999 0.23787795625000002 0.8382085796875 0.25446996718750003 0.8369797125 0.2615983859375 0.8315659312499999 0.2689338046875 0.8206081203125001 0.2715859421875 0.8114114906250001 0.2666115828125 0.790050853125
0 0.2536226125 0.725697109375 0.2390746921875 0.7134028578125 0.23296831718750002 0.712055075 0.2158652859375 0.7166647265625 0.20822584375000003 0.7254592890625 0.20261754375000002 0.7416893 0.204441690625 0.754668778125 0.21206818749999998 0.7668327875000001 0.22407394531249997 0.7750723734375 0.23099536562499998 0.7752026187500001 0.23791678749999998 0.7753328609375 0.2505435359375 0.7669403671875 0.2562488625 0.7584176265625 0.25931499687500004 0.7381329437499999 0.2536226125 0.725697109375
0 0.27960054843750004 0.854404590625 0.266986746875 0.841838515625 0.2586422265625 0.8385993125000001 0.24123517031250002 0.8410457156250001 0.2376709609375 0.84375260625 0.2270753578125 0.8595805500000001 0.22605331093749997 0.866342115625 0.231027675 0.887702753125 0.23916519374999998 0.89648598125 0.25056290312499996 0.9003990749999999 0.26328667656250004 0.8997138515625 0.272349215625 0.894028246875 0.2796846328125 0.8830704375 0.28233676874999997 0.8738738093749999 0.27960054843750004 0.854404590625
0 0.1699510703125 0.5653904015625 0.1582493390625 0.5593140625 0.150208846875 0.5582381078124999 0.1424723765625 0.559325396875 0.13340984218750002 0.5650110015625 0.1260744234375 0.5759688093750001 0.123422284375 0.5851654421875 0.12585447968750002 0.6024714109375 0.13093881406250002 0.61058075 0.1410104515625 0.61909215625 0.15017001562500001 0.621113825 0.15902555625 0.6209722484375 0.1700222125 0.61501481875 0.18000976562499998 0.59486038125 0.17757757031250002 0.5775544125 0.1699510703125 0.5653904015625
0 0.1908705625 0.6440714 0.1810059234375 0.630015965625 0.171238309375 0.6236678062500001 0.1631978140625 0.6225918484374999 0.1499630171875 0.626657853125 0.14120450625 0.634506703125 0.1347811609375 0.6519542515625 0.1369093328125 0.667096975 0.14423180468750002 0.6770977359375 0.15206530000000001 0.6837177203125 0.16315898281250002 0.6854675671875 0.1720145234375 0.6853259875 0.1846412703125 0.6769334921875 0.190042571875 0.6662475062500001 0.192086659375 0.652724384375 0.1908705625 0.6440714
0 0.20385952812500002 0.7084251421875 0.198775196875 0.7003158015625 0.188703559375 0.6918043953125 0.178424921875 0.688837015625 0.1687543375 0.6901961265625001 0.154497496875 0.7010236890625 0.14837817656250002 0.7206344859375 0.1495942734375 0.7292874671875 0.1549826296875 0.7395600546875001 0.167292409375 0.7499628859375 0.176451975 0.7519845546874999 0.1853075125 0.7518429765625 0.194370053125 0.7461573718750001 0.2003794015625 0.739797875 0.20598769843750003 0.7235678625 0.20385952812500002 0.7084251421875
0 0.19558615 0.7548103578124999 0.1778750703125 0.7550935109375 0.172376740625 0.758072228125 0.1614771140625 0.7717369265625 0.1588249765625 0.7809335546875 0.161257171875 0.7982395234374999 0.1663415046875 0.806348865625 0.17417500156250001 0.8129688500000001 0.1814004484375 0.8152623374999999 0.19992657656249999 0.81376165 0.21113022812499999 0.8022601953124999 0.21541245625 0.7906284953125 0.21267623593749999 0.7711592796875 0.19558615 0.7548103578124999
0 0.223427065625 0.8336215984375 0.20440285781249998 0.8175444953125 0.18506168750000002 0.8202627203124999 0.17385803125 0.8317641734375 0.169575803125 0.8433958734375 0.17231202343750002 0.8628650890625 0.1748541890625 0.8669197578125001 0.182991709375 0.8757029875000001 0.194389415625 0.8796160796875 0.20711319218750002 0.8789308578125 0.216175728125 0.8732452546875 0.22646730937499998 0.8552540609375001 0.2265772796875 0.8420027593749999 0.223427065625 0.8336215984375
0 0.234177890625 0.8960839140625 0.223802228125 0.8854092609374999 0.215457709375 0.882170059375 0.198050653125 0.8846164609375 0.19092223125000002 0.8900302437500001 0.182260746875 0.9055863687500001 0.1824548 0.9210009124999999 0.18560501406250002 0.9293820765625 0.195980675 0.9400567296875 0.2054442640625 0.9442416437500001 0.2181680421875 0.9435564218750001 0.22560048593749998 0.940305884375 0.23782618437499997 0.9220428703125 0.2370240796875 0.9023018328125 0.234177890625 0.8960839140625
0 0.12242613124999999 0.5500098578125 0.11510365468749999 0.54000909375 0.10146780625 0.5342045765625001 0.08599486875 0.53637915625 0.078866446875 0.5417929421875 0.0702049609375 0.5573490640625 0.0707030390625 0.5749268562500001 0.0735492296875 0.581144771875 0.0861630328125 0.59371085 0.0933884796875 0.5960043390624999 0.109980490625 0.594775471875 0.117108909375 0.589361690625 0.12281423437500001 0.58083895 0.12648841718749998 0.5648807578125 0.12242613124999999 0.5500098578125
0 0.128700671875 0.6086893265625 0.12086717656249998 0.6020693421875001 0.11058853906249999 0.5991019640624999 0.09348550781250001 0.6037116109375 0.0809557859375 0.61981138125 0.0799337421875 0.6265729421875 0.0823659375 0.6438789109374999 0.08745026875 0.6519882499999999 0.09752190937500001 0.6604996562500001 0.108615590625 0.662249503125 0.115537015625 0.66237975 0.1300978796875 0.6537154296875001 0.1368252484375 0.6384311296875 0.1375432671875 0.629506321875 0.128700671875 0.6086893265625
0 0.13446419062499998 0.6707495765625 0.126119671875 0.667510375 0.1067785 0.6702285984375 0.09965008125 0.67564238125 0.092314659375 0.6866001890625 0.0940288359375 0.7128309671874999 0.1119339703125 0.7279623578125001 0.13432833125000002 0.7259180203125 0.146858053125 0.709818253125 0.1492061671875 0.698458378125 0.14799006875 0.68980539375 0.13446419062499998 0.6707495765625
0 0.136870496875 0.72997269375 0.1194634421875 0.7324190953125 0.1158992328125 0.7351259859375 0.10397756250000001 0.7555522453125 0.10671378125 0.7750214640624999 0.12685705625000002 0.792044278125 0.14538318125 0.790543584375 0.160869065625 0.767410434375 0.1581328453125 0.7479412171875001 0.1530485125 0.7398318781250001 0.136870496875 0.72997269375
0 0.16186522187500002 0.80256601875 0.1498594671875 0.79432643125 0.130518290625 0.79704465625 0.11768454843750001 0.8109811828125 0.11503241093750001 0.8201778093750001 0.11492244062500001 0.833429109375 0.11807265468749999 0.8418102718749999 0.1359777890625 0.8569416609375 0.15643803437499998 0.85516915 0.169271778125 0.841232628125 0.171923915625 0.8320359953124999 0.1691876953125 0.8125667812499999 0.16186522187500002 0.80256601875
0 0.5764066859375 0.8612226390625001 0.5573824796875 0.8451455375 0.5399754234375 0.847591940625 0.5328470015625 0.853005721875 0.5244895406250001 0.8707250906249999 0.5272257609375 0.89019430625 0.5297679265624999 0.8942489796875 0.5420777078125 0.9046518078125001 0.5512372734375 0.906673478125 0.556224575 0.9070755437500001 0.5691553484375 0.9008462937499999 0.5794469296875 0.8828550999999999 0.579252875 0.86744055625 0.5764066859375 0.8612226390625001
0 0.4777667015625 0.875085584375 0.4676950625 0.866574178125 0.45741642968749996 0.8636067984375 0.44061741874999993 0.8703796921875 0.43032584218750003 0.8883708859375 0.4333660859375 0.9100033484375001 0.43845041562500003 0.9181126859375001 0.44404577187500005 0.9228412468749999 0.4532053375 0.9248629156250001 0.46786322968749994 0.9239058671875 0.476925765625 0.9182202640625 0.48528323125000006 0.9005008953125 0.48285103593749995 0.8831949265624999 0.4777667015625 0.875085584375
0 0.38421105 0.897057871875 0.3760735296875 0.8882746421875 0.36355675 0.8834158359375 0.35001793281250004 0.8853185937499999 0.3428895109375 0.890732378125 0.333924 0.9041252562500001 0.33290195625 0.9108868156250001 0.3353341515625 0.9281927859374999 0.3404184828125 0.9363021265624999 0.3482519796875 0.94292210625 0.35741154375 0.9449437749999999 0.37013531718750003 0.9442585546875 0.37919785625 0.938572946875 0.386533275 0.9276151390624999 0.38918541093750003 0.9184185093749999 0.38421105 0.897057871875
0 0.29095942343750003 0.9211933999999999 0.285875090625 0.9130840625 0.2758034546875 0.90457265625 0.2655248171875 0.9016052765625 0.24679169375 0.9086499937499999 0.239456275 0.9196078015625 0.23680413906250003 0.9288044296875 0.23954035937499998 0.9482736453125 0.2420825265625 0.95232831875 0.2479819015625 0.9592201234375001 0.2616177515625 0.9650246390625 0.2743415265625 0.964339415625 0.2798398515625 0.9613607015625 0.29073948125000004 0.9476960015625 0.29339161874999997 0.9384993703125 0.29095942343750003 0.9211933999999999