0 0.246875 0.1421875 0.0546875 0.071875
0 0.24765625 0.23828125 0.05 0.0640625
0 0.2453125 0.3296875 0.05 0.065625
0 0.2453125 0.41953125 0.053125 0.0625
0 0.24375 0.509375 0.053125 0.0625
0 0.24609375 0.59609375 0.0484375 0.0671875
0 0.184375 0.64609375 0.0515625 0.065625
0 0.3078125 0.1 0.053125 0.065625
0 0.303125 0.196875 0.046875 0.0703125
0 0.3046875 0.28984375 0.05 0.065625
0 0.3046875 0.37734375 0.0515625 0.0609375
0 0.30234375 0.465625 0.046875 0.059375
0 0.3046875 0.55234375 0.0484375 0.0609375
0 0.30546875 0.64140625 0.05 0.0609375
0 0.3625 0.15546875 0.05 0.0671875
0 0.36015625 0.2421875 0.046875 0.059375
0 0.3640625 0.3328125 0.0546875 0.0703125
0 0.36171875 0.42109375 0.05 0.0609375
0 0.36015625 0.51015625 0.053125 0.065625
0 0.36015625 0.596875 0.053125 0.06875
0 0.42578125 0.1015625 0.0515625 0.0625
0 0.42421875 0.19609375 0.0515625 0.0640625
0 0.42421875 0.28515625 0.0453125 0.0640625
0 0.42265625 0.378125 0.046875 0.0578125
0 0.421875 0.46640625 0.05 0.0671875
0 0.4234375 0.5546875 0.0484375 0.065625
0 0.4828125 0.1484375 0.046875 0.065625
0 0.48203125 0.24296875 0.0484375 0.0640625
0 0.47734375 0.33515625 0.0515625 0.059375
0 0.48203125 0.4234375 0.0515625 0.0640625
0 0.48046875 0.51171875 0.046875 0.0671875
0 0.48125 0.60078125 0.0546875 0.065625
0 0.54140625 0.1046875 0.0515625 0.065625
0 0.540625 0.1984375 0.0484375 0.0609375
0 0.54140625 0.29375 0.0453125 0.0640625
0 0.54140625 0.38359375 0.0484375 0.0609375
0 0.53984375 0.47109375 0.046875 0.0625
0 0.54140625 0.56015625 0.0453125 0.0625
0 0.5359375 0.64375 0.0515625 0.059375
0 0.603125 0.15703125 0.046875 0.0578125
0 0.6609375 0.10390625 0.046875 0.059375
0 0.71640625 0.16015625 0.0546875 0.0609375
0 0.66015625 0.1984375 0.0421875 0.059375
0 0.60078125 0.24453125 0.046875 0.0671875
0 0.65703125 0.2953125 0.0484375 0.0625
0 0.59609375 0.33984375 0.0453125 0.059375
0 0.5984375 0.42421875 0.05 0.0625
0 0.59609375 0.51640625 0.0421875 0.05625
0 0.65546875 0.3796875 0.0484375 0.0609375
0 0.65625 0.475 0.0515625 0.0640625
0 0.659375 0.55703125 0.05 0.0625
0 0.596875 0.60234375 0.05 0.0640625
0 0.6546875 0.64765625 0.0515625 0.0546875
0 0.778125 0.10703125 0.05 0.0625
0 0.890625 0.1171875 0.053125 0.05625
0 0.8296875 0.16171875 0.046875 0.0609375
0 0.77265625 0.2078125 0.05 0.0625
0 0.715625 0.25078125 0.040625 0.059375
0 0.771875 0.2953125 0.040625 0.0515625
0 0.71328125 0.3390625 0.046875 0.059375
0 0.8296875 0.25078125 0.053125 0.0625
0 0.88671875 0.20859375 0.0515625 0.0640625
0 0.88828125 0.29765625 0.0453125 0.0625
0 0.83046875 0.34296875 0.0453125 0.0578125
0 0.77265625 0.38671875 0.0484375 0.0609375
0 0.71328125 0.4296875 0.0453125 0.0625
0 0.7734375 0.46953125 0.05 0.0546875
0 0.83203125 0.4328125 0.05 0.0609375
0 0.88828125 0.38671875 0.046875 0.0671875
0 0.8875 0.471875 0.0484375 0.0578125
0 0.88671875 0.56328125 0.0484375 0.0609375
0 0.8328125 0.51875 0.0484375 0.065625
0 0.77109375 0.5625 0.0484375 0.0625
0 0.82734375 0.60625 0.05 0.053125
0 0.77421875 0.64921875 0.040625 0.059375
0 0.71328125 0.515625 0.046875 0.059375
0 0.7109375 0.6015625 0.0421875 0.0609375
0 0.71328125 0.690625 0.04375 0.0640625
0 0.76875 0.73828125 0.0453125 0.059375
0 0.828125 0.69765625 0.0484375 0.0625
0 0.88203125 0.6484375 0.0515625 0.065625
0 0.88671875 0.7359375 0.0515625 0.0609375
0 0.88828125 0.82734375 0.0546875 0.059375
0 0.82734375 0.7765625 0.05 0.0671875
0 0.76953125 0.82578125 0.0453125 0.059375
0 0.82890625 0.86875 0.05 0.05625
0 0.8890625 0.91328125 0.05 0.053125
0 0.7140625 0.77890625 0.0515625 0.059375
0 0.7125 0.865625 0.046875 0.059375
0 0.76875 0.91171875 0.0484375 0.059375
0 0.59296875 0.68671875 0.0515625 0.0609375
0 0.65625 0.7328125 0.0515625 0.0609375
0 0.6546875 0.821875 0.0546875 0.0609375
0 0.65546875 0.90859375 0.0484375 0.065625
0 0.5953125 0.77578125 0.04375 0.0625
0 0.59609375 0.8671875 0.0453125 0.0671875
0 0.540625 0.734375 0.05 0.065625
0 0.54140625 0.81953125 0.046875 0.0625
0 0.53828125 0.909375 0.0546875 0.0578125
0 0.4796875 0.69296875 0.0515625 0.0703125
0 0.42109375 0.640625 0.0484375 0.0578125
0 0.36015625 0.68515625 0.046875 0.059375
0 0.41953125 0.734375 0.0484375 0.059375
0 0.4796875 0.77578125 0.053125 0.0625
0 0.48046875 0.86875 0.04375 0.0609375
0 0.4234375 0.82109375 0.05 0.065625
0 0.42265625 0.91328125 0.0453125 0.0640625
0 0.36015625 0.77734375 0.0484375 0.0625
0 0.36171875 0.86484375 0.05 0.059375
0 0.3046875 0.73515625 0.046875 0.0625
0 0.30625 0.81875 0.046875 0.065625
0 0.30859375 0.9125 0.046875 0.0625
0 0.24375 0.6875 0.05 0.065625
0 0.18984375 0.73359375 0.0484375 0.0625
0 0.18984375 0.821875 0.0453125 0.059375
0 0.190625 0.9109375 0.0546875 0.06875
0 0.24921875 0.8671875 0.0515625 0.0640625
0 0.246875 0.78203125 0.05 0.0671875