0 0.18982150312499999 0.8537320234375001 0.2023142375 0.8690796015625001 0.22066654687499998 0.872070228125 0.23958360625 0.8552497828125001 0.245047203125 0.83158434375 0.232968834375 0.8101007234375001 0.209585678125 0.807194978125 0.1925716890625 0.8244547796875 0.18982150312499999 0.8537320234375001
0 0.11565706406250001 0.784263509375 0.128149796875 0.799611090625 0.1489515359375 0.800674528125 0.16596552656250002 0.7834147265625 0.168715709375 0.754137484375 0.1555446203125 0.7373869546875 0.138226165625 0.7381084171875 0.1189536078125 0.7526197203125 0.11565706406250001 0.784263509375
0 0.3650507046875 0.75459673125 0.3750940125 0.771871496875 0.39480303125 0.7776680234375 0.41317372656250007 0.7632141234375001 0.419183684375 0.737182140625 0.409008384375 0.71613788125 0.388074653125 0.7113049484375 0.37215338125 0.7238316593749999 0.3650507046875 0.75459673125
0 0.24777570624999998 0.6938704687499999 0.2325511734375 0.6903556078124999 0.228198678125 0.6918434343750001 0.2177226203125 0.6981492312500001 0.2087352625 0.7110304234375 0.20436438437499999 0.729962775 0.20517473281249998 0.73513521875 0.21263661875 0.75056768125 0.22038087968750003 0.756094603125 0.22676843125 0.758815628125 0.23927955 0.7567186875 0.25574718125 0.7418254281250001 0.26121077812500004 0.7181599890625 0.26040043125 0.7129875453125 0.25429525000000003 0.7003609890625 0.24777570624999998 0.6938704687499999
0 0.1815059015625 0.6162538515625 0.1700875046875 0.6136177078125 0.16138251718750002 0.6165933671875 0.14491488749999998 0.6314866218749999 0.140544009375 0.6504189734375 0.14161834375 0.6631304109375 0.149626590625 0.676196325 0.154111078125 0.6784779875 0.1681108953125 0.6829564421875001 0.17871895 0.6804201390625 0.18729194062500001 0.673674990625 0.193829871875 0.662720984375 0.19710803125 0.6485217203125 0.19522335 0.6306378390625 0.1815059015625 0.6162538515625
0 0.2541599578125 0.5707103359375 0.2382386875 0.583237046875 0.23469654218749997 0.5898973234375 0.2314183828125 0.6040965875000001 0.23249271875000002 0.6168080218750001 0.23859789843749998 0.6294345781249999 0.250148290625 0.6358402187500001 0.26279140624999997 0.6375127703125 0.2811621015625 0.623058871875 0.28525060625 0.6140320515625 0.28636171093749996 0.5918544421874999 0.28025652968750003 0.5792278843750001 0.2737369828125 0.5727373671875 0.2541599578125 0.5707103359375
0 0.207184809375 0.505026284375 0.18815414531250002 0.500632709375 0.17332559375 0.5084263328125 0.16733402343749998 0.5170137953125 0.1624167859375 0.538312690625 0.164037478125 0.5486575828125 0.1727240765625 0.5631264453125 0.19053003125 0.568483615625 0.19923501875 0.56550795625 0.20780800937500002 0.5587628062500001 0.21679536562499999 0.545881615625 0.21898080625 0.5364154359375 0.2179064703125 0.523704003125 0.207184809375 0.505026284375
0 0.2831820734375 0.7705934015625 0.2758154109375 0.7938194859375 0.2821845765625 0.81398503125 0.2880257703125 0.8190725984375 0.3039286578125 0.8239904093750001 0.30828115 0.8225025796875001 0.32719820781250003 0.805682140625 0.3313050984375 0.779210796875 0.3205834359375 0.76053308125 0.301552771875 0.7561395046875 0.2831820734375 0.7705934015625
0 0.36891529218749997 0.8290230328125 0.34809517031250004 0.845404115625 0.34263157187500004 0.869069559375 0.3434419203125 0.8742420046875001 0.3495471 0.8868685609375 0.35538829375000003 0.8919561296875 0.3693881109375 0.8964345796875 0.3780930984375 0.8934589234375 0.3921113015625 0.8804928546875 0.39838524531249997 0.8619998609374999 0.3981212578125 0.8544608671875 0.38794595625 0.8334166078124999 0.36891529218749997 0.8290230328125
0 0.47501419843750003 0.7862155046875 0.46740193437500005 0.7844580750000001 0.4660452234375 0.7816521734374999 0.44972797187499997 0.7828704 0.44115498124999997 0.7896155515625 0.43461705000000006 0.800569559375 0.430246171875 0.8195019109375 0.43105651875 0.8246743546875 0.43851840781250007 0.84010681875 0.44626266875000004 0.8456337406250001 0.4526502203125 0.8483547640625 0.4676107625 0.8443306312500001 0.4761837546875 0.8375854796875 0.4827216890625 0.8266314765624999 0.48545348906249997 0.8147987562499999 0.48437915 0.8020873234374999 0.47501419843750003 0.7862155046875
0 0.523346053125 0.8547054578125 0.5151874296875001 0.8553145703125 0.507160796875 0.8596931812499999 0.4957240109375 0.8745015593750001 0.492445853125 0.8887008234374999 0.49352018593749997 0.9014122562500001 0.498268659375 0.9112329125 0.5041098546875 0.9163204796875 0.5200127390625 0.9212382921875 0.5287177234375 0.9182626328125 0.5432822875000001 0.9029300203125 0.547653165625 0.88399766875 0.5460324734374999 0.8736527765625001 0.5380242265625 0.8605868609374999 0.523346053125 0.8547054578125
0 0.5661525593750001 0.74743210625 0.5563732375 0.73769633125 0.5487609734375 0.7359389015625 0.5381529203125 0.7384752015625 0.5246810765625 0.749074725 0.520592571875 0.7581015468750001 0.517860771875 0.7699342671875 0.5189351078125 0.7826457015625 0.5250402859375 0.79527225625 0.5346876125 0.8012385390625001 0.5429782359375 0.8043989187499999 0.54923379375 0.8033504468749999 0.5597098515625001 0.7970446531250001 0.5681508484375 0.78653000625 0.5730680859375 0.7652311109375 0.572257740625 0.7600586640625 0.5661525593750001 0.74743210625
0 0.482755159375 0.6658612749999999 0.4740501734375 0.66883693125 0.46302775625 0.6775092734375 0.457036184375 0.6860967328124999 0.45375802500000006 0.700295996875 0.4548323609375 0.7130074296875 0.46229424531249996 0.728439890625 0.47058486874999994 0.7316002703125 0.47887548750000003 0.734760653125 0.48758047187500003 0.7317849953125 0.5040481015625 0.7168917375 0.5076086328125 0.6927869421875 0.5020498124999999 0.6777938406249999 0.492270490625 0.6680580625 0.482755159375 0.6658612749999999
0 0.430881159375 0.6040315984375 0.4238152515625 0.5999076234375 0.40994742500000003 0.599198665625 0.3910303703125 0.61601910625 0.3861131328125 0.6373180015625 0.3877338265625 0.64766289375 0.395742071875 0.6607288062500001 0.40022655937499996 0.663010475 0.41422638125000005 0.6674889265624999 0.418578871875 0.666001096875 0.4345001421875 0.6534743875 0.4380422890625 0.6468141109375 0.4407740875 0.6349813921874999 0.4402461125 0.6199034140624999 0.430881159375 0.6040315984375
0 0.3597125046875 0.5302693546875 0.352100240625 0.528511925 0.3414921875 0.5310482234375 0.33046976875 0.5397205625 0.3239318375 0.55067456875 0.3212000390625 0.5625072859375 0.3222743734375 0.5752187234374999 0.328379553125 0.5878452796875 0.33992994374999996 0.5942509203124999 0.34631749843750004 0.5969719421875 0.352573059375 0.595923471875 0.3714901140625 0.5791030312500001 0.3764073515625 0.5578041359375 0.37559700625 0.5526316875 0.3713948921875 0.5404444875000001 0.3597125046875 0.5302693546875
0 0.2975128234375 0.4610704421875 0.2841913578125 0.4579949390625 0.27548637343750004 0.4609705953125 0.2644639546875 0.4696429359375 0.258472384375 0.4782303984375 0.254647865625 0.49479620625000004 0.256268559375 0.5051410953125 0.266858225 0.5200493203125001 0.2846641765625 0.5254064890625 0.2933691640625 0.5224308296875 0.29949272968749996 0.5176128624999999 0.309026446875 0.5023651296875 0.31121188593750004 0.492898953125 0.3101375515625 0.4801875171875 0.2975128234375 0.4610704421875
0 0.6011629468749999 0.8128465578125 0.593136315625 0.8172251671874999 0.584148959375 0.830106359375 0.57977808125 0.8490387109374999 0.581398775 0.8593835999999999 0.5861472484375 0.86920425625 0.5938915078125 0.8747311828125 0.6059882625 0.8787702812499999 0.614693246875 0.8757946203125 0.6292578109375 0.86046200625 0.6341750484374999 0.8391631109375 0.6325543546875 0.8288182187500001 0.620739975 0.814873590625 0.6011629468749999 0.8128465578125
0 0.6739706812499999 0.8795091718749999 0.6652656953125 0.8824848265625 0.6566927031249999 0.88922998125 0.650154771875 0.9001839875 0.6463302546875 0.9167497921875001 0.647950946875 0.927094684375 0.6526994203125 0.9369153406249999 0.658540615625 0.9420029078125 0.6725404359375 0.9464813609375 0.6812454203125 0.943505703125 0.6952636234375 0.9305396343749999 0.7004448484375 0.9167797265625 0.699106528125 0.8965293031250001 0.6872921484375001 0.882584675 0.6739706812499999 0.8795091718749999
0 0.8226922421875 0.903873521875 0.8086740390625 0.91683959375 0.8032104421874999 0.9405050328125 0.8040207875000001 0.9456774781249999 0.8101259687500001 0.958304034375 0.8159671625 0.9633916015624999 0.8299669828124999 0.9678700546875 0.8386719671874999 0.9648943984375 0.8526901703125 0.9519283281250001 0.858700128125 0.9258963421875 0.8525949468749999 0.9132697859375 0.8409125640624999 0.9030946546875 0.8226922421875 0.903873521875
0 0.7776201625 0.83862883125 0.7604925640625 0.8346746140624999 0.75614006875 0.8361624421875 0.74157550625 0.8514950546875 0.736111909375 0.8751604937499999 0.73692225625 0.8803329421875 0.743027434375 0.8929594984375001 0.7488686312499999 0.8980470625000001 0.7628684515625 0.9025255171875 0.771573434375 0.8995498609375 0.786137996875 0.8842172453125 0.791055234375 0.86291835 0.7902448890625 0.8577459062499999 0.7841397078125001 0.84511935 0.7776201625 0.83862883125
0 0.8603359109375001 0.79291555625 0.8459217234375 0.7945731406250001 0.8300004546874999 0.80709985625 0.82453685625 0.8307652953125 0.8253472046875 0.8359377390624999 0.8328090890625001 0.8513702000000001 0.8372935781249999 0.8536518640624999 0.8512933984375 0.85813031875 0.8599983828125 0.8551546578125 0.874562946875 0.8398220468750001 0.879480184375 0.8185231515625 0.8786698359375 0.8133507062499999 0.8739213625 0.8035300515625 0.8603359109375001 0.79291555625
0 0.7842684015625 0.7230076890625 0.7658977078125 0.7374615859375 0.760434109375 0.761127025 0.7620548031250001 0.7714719171875 0.77006305 0.7845378296875001 0.776450603125 0.7872588515625 0.784741221875 0.7904192343750001 0.7909967828125 0.7893707640625001 0.8093674796875 0.7749168640625 0.8148310765625 0.751251425 0.809818615625 0.73389178125 0.8032990703125 0.7274012640625 0.7842684015625 0.7230076890625
0 0.7190729359375 0.65810250625 0.701794959375 0.667823315625 0.6982528140625 0.6744835921875 0.6933355765625 0.6957824875 0.6941459234375 0.7009549328125 0.7016078109375 0.716387390625 0.7112551359375 0.722353671875 0.7138365578125 0.7241959796875 0.7263476765625 0.7220990390625001 0.7398195203125 0.7114995140625 0.7463574515625 0.7005455078125 0.7488252640625 0.681173796875 0.7381036046875 0.66249608125 0.7190729359375 0.65810250625
0 0.648868309375 0.7017188359375 0.629837640625 0.6973252609375 0.6169121578125 0.7055582421875 0.6109205859375 0.7141457046874999 0.6065497078125001 0.73307805625 0.6089807484375 0.7485953890625 0.6175353578125 0.7592947609375 0.6239229109375 0.7620157859375001 0.630310459375 0.764736809375 0.6433679406249999 0.760273321875 0.6519409328125 0.7535281687500001 0.6584788625 0.742574165625 0.6606643015625 0.7331079875000001 0.660136328125 0.718030009375 0.648868309375 0.7017188359375
0 0.5834088562499999 0.6292746640625 0.5681843234375 0.6257598046874999 0.5594793359375 0.6287354640625 0.5484569171875 0.637407803125 0.544914771875 0.644068078125 0.5410902531249999 0.6606338843749999 0.5421645890625 0.67334531875 0.54826976875 0.685971875 0.5598201609375 0.6923775156249999 0.5643046468749999 0.6946591828125 0.5749126999999999 0.6921228796875 0.5859351187499999 0.683450540625 0.591926690625 0.6748630828125 0.59603358125 0.6483917421875 0.5899284 0.6357651843750001 0.5834088562499999 0.6292746640625
0 0.516856678125 0.561563584375 0.49782601406250004 0.5571700093749999 0.4849005296875 0.565402990625 0.4789089578125 0.5739904499999999 0.47480206718750007 0.60046179375 0.4822639546875 0.6158942515625 0.49000821562499997 0.6214211734374999 0.502104965625 0.6254602703125001 0.5064574609375 0.6239724437499999 0.517479878125 0.6153001046875 0.5270135953125 0.6000523671875 0.5275783406250001 0.5802413015625 0.5233762265624999 0.5680541031249999 0.516856678125 0.561563584375
0 0.451397225 0.48911941406250004 0.439978828125 0.48648326875 0.43127384218750003 0.489458925 0.4202514234375 0.4981312640625 0.41316713125 0.5114518140625 0.41179203906249995 0.5260904359375 0.41395909375000006 0.53406878125 0.4187075671875 0.5438894390625 0.4245487609375 0.54897700625 0.438548578125 0.5534554578125 0.44725356562499996 0.5504798015625 0.46127176875 0.5375137328124999 0.46618900781250006 0.516214834375 0.46456831249999997 0.5058699453125 0.4598198390625 0.4960492875 0.451397225 0.48911941406250004
0 0.3867481171875 0.4218476875 0.36717109375 0.41982065625000003 0.35369925 0.43042017968749996 0.34716131875 0.4413741875 0.34442952031249996 0.45320690937499997 0.34605021406250003 0.46355179843750005 0.3535121015625 0.47898425468749994 0.3579965875 0.4812659234375 0.3719964046875 0.4857443734375 0.3807013921875 0.4827687171875 0.39172381093749997 0.47409637812499994 0.3982617421875 0.463142375 0.399900821875 0.45604274062499994 0.3980161390625 0.4381588609375 0.3867481171875 0.4218476875
0 0.3193855984375 0.348964159375 0.3060641328125 0.34588865625 0.301711640625 0.347376484375 0.28878615625 0.355609465625 0.28279458125 0.36419692812500004 0.27868769531250004 0.39066826875 0.284792875 0.40329482499999997 0.29063406875000003 0.40838239375 0.3084400171875 0.4137395640625 0.3127925125 0.41225173593750003 0.32381493125 0.40357939375 0.3303528609375 0.392625390625 0.3333670328125 0.3708871375 0.325905146875 0.3554546765625 0.3193855984375 0.348964159375
0 0.23693383906249998 0.4022164234375 0.23041429062500002 0.3957259046875 0.2176391828125 0.390283859375 0.211383625 0.3913323296875 0.1905635015625 0.4077134125 0.18509990468749998 0.4313788515625 0.190658725 0.44637195468749996 0.197856625 0.454265421875 0.21375951093749998 0.459183234375 0.2224644984375 0.456207578125 0.23348691718749998 0.4475352390625 0.2394784875 0.4389477765625 0.24166392656250002 0.4294816015625 0.241135953125 0.414403621875 0.23693383906249998 0.4022164234375
0 0.235159465625 0.2796654046875 0.22645447968750002 0.28264106093749997 0.2154320625 0.2913134 0.2118899171875 0.2979736734375 0.2075190390625 0.316906025 0.20913973125 0.3272509171875 0.2138882046875 0.3370715734375 0.22298917187499998 0.3454044 0.23563228593750002 0.34707695156249996 0.24433727031250002 0.34410129375 0.2583554734375 0.33113522500000003 0.263008725 0.3022973375 0.25690354375 0.28967078125 0.2503839984375 0.283180265625 0.235159465625 0.2796654046875
0 0.32548748125000004 0.235709559375 0.3046673578125 0.2520906453125 0.29975012031250003 0.273389540625 0.3013708125 0.283734434375 0.3119604796875 0.2986426546875 0.3259603 0.30312110937500003 0.33221585937500003 0.30207263906250004 0.3530359828125 0.2856915515625 0.3552398078125 0.2587808546875 0.344518146875 0.24010313437500003 0.33364610625 0.2351004453125 0.32548748125000004 0.235709559375
0 0.40671782656250005 0.30930204687499996 0.3909469359375 0.3081537296875 0.375025665625 0.3206804453125 0.3714835203125 0.3273407171875 0.3679229890625 0.3514455140625 0.3798693625 0.3691596390625 0.3976753125 0.374516809375 0.4020278078125 0.373028978125 0.4154996515625 0.3624294515625 0.41904179687500004 0.3557691796875 0.42260232656249996 0.3316643828125 0.415140440625 0.31623192499999997 0.40671782656250005 0.30930204687499996
0 0.45885581562500005 0.378670715625 0.44402726406250004 0.3864643390625 0.43803569375 0.3950518015625 0.432854465625 0.40881170468750005 0.432572096875 0.41871724062500004 0.44206904375 0.43835855312499994 0.461778059375 0.444155075 0.46803362187499997 0.44310660625000003 0.482051825 0.4301405359375 0.48832576875000006 0.4116475421875 0.48806178125 0.40410855312500005 0.47788647968750003 0.383064290625 0.45885581562500005 0.378670715625
0 0.5516181703124999 0.4761133625 0.5479624140625 0.46155962187500005 0.540086159375 0.4522632015625 0.524861628125 0.448748340625 0.51615664375 0.451724 0.50159208125 0.46705661562499995 0.49722120312499996 0.4859889671875 0.49803154843749997 0.4911614109375 0.5054934359375001 0.50659386875 0.5113346296875 0.5116814375 0.5234313828125 0.5157205312500001 0.53213636875 0.512744875 0.546154571875 0.49977880625 0.5483400109375001 0.490312628125 0.5507894375 0.4883854421875 0.5494327296875 0.48557954218750005 0.5516181703124999 0.4761133625
0 0.5827088171875 0.5194350828125 0.5716863984375 0.5281074218749999 0.565694828125 0.5366948812500001 0.5624166703125 0.5508941468749999 0.563491003125 0.5636055828125001 0.570952890625 0.579038040625 0.5754373765625 0.5813197031249999 0.5913402609375 0.5862375156249999 0.6042657484375 0.578004534375 0.6132531046875 0.5651233421875 0.6168136359374999 0.541018546875 0.60935175 0.5255860890624999 0.59902606875 0.51821685625 0.5827088171875 0.5194350828125
0 0.6740008578125 0.5928578109375 0.663128815625 0.587855121875 0.660679390625 0.5897823078125 0.653067121875 0.5880248781249999 0.6346964265625 0.6024787796875 0.6297791890625 0.623777675 0.6313998828125 0.6341225640625 0.6361483578125 0.6439432187499999 0.64198955 0.6490307875 0.6559893671875 0.6535092421875001 0.6646943546874999 0.65053358125 0.6757167734375 0.6418612421875001 0.6817083453125 0.633273784375 0.6841761562500001 0.613902075 0.6825554625 0.60355718125 0.6740008578125 0.5928578109375
0 0.8759531265625 0.6818577453125 0.869697565625 0.68290621875 0.8597678671875 0.6868454671875 0.85132686875 0.697360115625 0.84667361875 0.726198003125 0.8527787984374999 0.738824559375 0.8586199921875 0.7439121234375 0.8745228765625 0.7488299359374999 0.8893514296875 0.7410363125 0.8953430015625001 0.73244885 0.9008065984375 0.7087834109375 0.8991859046874999 0.698438521875 0.892534365625 0.6881785093749999 0.8759531265625 0.6818577453125
0 0.8246254828125 0.6176615234375 0.80559481875 0.6132679484375 0.7907662671875 0.621061571875 0.784774696875 0.6296490312499999 0.7806678046875 0.656120375 0.7881296921875001 0.6715528328125 0.793970884375 0.6766404015624999 0.8041645718750001 0.6802401375 0.814772625 0.6777038390625 0.8257950421875 0.6690315 0.8323329734374999 0.65807749375 0.83561113125 0.64387823125 0.834536796875 0.6311667953125 0.8246254828125 0.6176615234375
0 0.741492071875 0.5436296796875 0.7327870875 0.5466053359374999 0.721218309375 0.557644221875 0.715490721875 0.5737706703125001 0.7173754046874999 0.59165455 0.7253836515625001 0.6047204640625 0.7317712046875 0.6074414890625001 0.740061825 0.61060186875 0.750669878125 0.6080655687500001 0.765234440625 0.59273295625 0.770151678125 0.5714340609375 0.7664959234375 0.55688031875 0.75861966875 0.547583896875 0.741492071875 0.5436296796875
0 0.6735831906249999 0.47311269375 0.6601113468750001 0.483712221875 0.6535734171875001 0.494666225 0.6508416171875 0.5064989468750001 0.6524623109375 0.5168438359375 0.6585674906250001 0.5294703921874999 0.6682148171875 0.5354366765624999 0.6765054359375 0.5385970578125 0.6846640640625 0.5379879453124999 0.7011316921875 0.5230946875 0.7065952906249999 0.49942924843750003 0.7015828296875 0.4820696015625 0.69506328125 0.4755790828125 0.6735831906249999 0.47311269375
0 0.5856461484375 0.44159376406249995 0.5872668437499999 0.45193865625 0.5959534453125 0.4664075203125 0.6156624609375 0.47220404687500006 0.6364825859375001 0.4558229609375 0.6405894765625 0.42935162031249996 0.6298678140625 0.4106739046875 0.6108371499999999 0.4062803296875 0.5924664546875 0.4207342265625 0.5856461484375 0.44159376406249995
0 0.5442849765625 0.3385692453125 0.5283637078125001 0.35109595625 0.5248215625 0.3577562328125 0.521807390625 0.3794944859375 0.5273662125 0.3944875859375 0.5351104703125 0.40001451250000003 0.5510133546875 0.4049323203125 0.5639388390625 0.3966993390625 0.5734725578125001 0.3814516046875 0.5759403703125 0.36207989375 0.568478484375 0.34664743750000004 0.56005586875 0.3397175625 0.5442849765625 0.3385692453125
0 0.8891209140624999 0.5727271218750001 0.87619543125 0.580960103125 0.8702038562500001 0.5895475609374999 0.8666433250000001 0.6136523609375 0.8754619203124999 0.631890721875 0.8799464078125 0.6341723890625001 0.8939462265625 0.638650840625 0.9026512125 0.6356751828125 0.9172157750000001 0.62034256875 0.9213226671875001 0.593871228125 0.9138607765625 0.57843876875 0.8953764734374999 0.5716786500000001 0.8891209140624999 0.5727271218750001
0 0.851114740625 0.5116064 0.830727365625 0.504406925 0.8244718078125001 0.5054553953124999 0.8139957484375 0.5117611906249999 0.8080041781249999 0.520348653125 0.803086940625 0.5416475484375 0.8038972875000001 0.5468199953124999 0.8080994015625 0.5590071937500001 0.8172003671875 0.5673400187500001 0.8292971187499999 0.5713791171875 0.8380021062499999 0.56840345625 0.85256666875 0.5530708453125001 0.85774789375 0.5393109375 0.858030265625 0.5294054046875 0.8564095703125 0.5190605125000001 0.851114740625 0.5116064
0 0.76907404375 0.43284146718749994 0.7614617796875 0.43108403749999996 0.7509857203125 0.43738983437499995 0.7419983609374999 0.450271025 0.738984190625 0.472009278125 0.7431863046875 0.484196478125 0.7503842078125 0.4920899484375 0.7662870921875 0.49700775625000004 0.774992078125 0.4940321 0.7895566406250001 0.4786994875 0.7936635328125 0.45222814375000003 0.7842985765625 0.436356328125 0.7715234703125 0.43091428125000003 0.76907404375 0.43284146718749994
0 0.8945260578124999 0.47551409375000003 0.8896088203125 0.49681299062499995 0.9004624734375 0.5192602046875 0.9182684265625 0.524617371875 0.9330969781249999 0.516823746875 0.9390885515624999 0.5082362875 0.9445521484375 0.4845708453125 0.9343768453125 0.4635265859375 0.91534618125 0.459133009375 0.8945260578124999 0.47551409375000003
0 0.830423309375 0.40587582656250004 0.825506071875 0.427174721875 0.8363597265625 0.449621934375 0.8541656796874999 0.4549791015625 0.8749858015624999 0.4385980171875 0.8796390515624999 0.40976012968750003 0.8702740984374999 0.39388831562500004 0.8493403687500001 0.38905538281249996 0.836414884375 0.3972883640625 0.830423309375 0.40587582656250004
0 0.7210061750000001 0.3718905078125 0.7106804999999999 0.364521271875 0.70306823125 0.3627638421875 0.6924601796875 0.3653001453125 0.6838871890625 0.3720452984375 0.6778956140625 0.38063275625 0.6729783765625 0.40193165156250005 0.67989390625 0.41973065781249996 0.6928010046875 0.4289421953125 0.6953824265625 0.4307845046875 0.7103429703125 0.426760378125 0.7189159593750001 0.42001522500000005 0.7254538937499999 0.4090612171875 0.7287320515625 0.394861953125 0.72711135625 0.3845170640625 0.7210061750000001 0.3718905078125
0 0.6278110734375 0.29802841875 0.616788653125 0.30670075625000004 0.6097043625 0.3200213078125 0.607782909375 0.337026471875 0.6099499671874999 0.3450048171875 0.6198612781249999 0.358510090625 0.6281518984375001 0.3616704734375 0.64134136875 0.3609764796875 0.6548132156250001 0.3503769546875 0.661351146875 0.3394229484375 0.662462253125 0.3172453375 0.651740590625 0.2985676203125 0.6365160578125 0.2950527609375 0.6278110734375 0.29802841875
0 0.5043757375 0.2770091671875 0.49595312187499996 0.27007929218750004 0.4782791640625 0.2684916171875 0.46181153124999996 0.2833848765625 0.456347934375 0.307050315625 0.457158284375 0.312222759375 0.4600036890625 0.3216040578125 0.46910465781250005 0.329936884375 0.48500754218750003 0.334854696875 0.4893600328125 0.33336686718749997 0.50283188125 0.322767340625 0.5099161703124999 0.30944679375 0.5112912625 0.294808171875 0.5091242109375 0.286829821875 0.5043757375 0.2770091671875
0 0.282447159375 0.048792565625 0.274288534375 0.0494016796875 0.25537147656250003 0.06622211875 0.25045423906250003 0.0875210140625 0.2512645890625 0.0926934640625 0.255466703125 0.10488066250000001 0.26008318125 0.11093182187499999 0.266470734375 0.11365284687499999 0.280470553125 0.1181312984375 0.2848230484375 0.11664346875 0.30129067656249997 0.101750215625 0.3070182625 0.0856237640625 0.307300634375 0.0757182296875 0.2990284015625 0.055113328125000006 0.282447159375 0.048792565625
0 0.3498096828125 0.121676090625 0.334981128125 0.1294697171875 0.32654013125 0.1399843625 0.3227156140625 0.156550171875 0.325146653125 0.1720675078125 0.33179819374999997 0.182327521875 0.33628268281249996 0.184609184375 0.354088634375 0.18996635625 0.3724593296875 0.1755124546875 0.378733278125 0.157019459375 0.3784692859375 0.149480471875 0.37684859375 0.1391355828125 0.370197053125 0.12887557031250002 0.3498096828125 0.121676090625
0 0.4599787078125 0.087286271875 0.4496530265625 0.0799170359375 0.431432709375 0.080695909375 0.42041029218750003 0.089368246875 0.41332599999999997 0.10268879375 0.4119509078125 0.11732741718749999 0.4149283078125 0.1304782109375 0.4279674015625 0.1434592453125 0.44006415624999995 0.14749834374999998 0.44876914218749997 0.14452268125 0.45734213281249997 0.1377775328125 0.4638800625 0.1268235265625 0.46770458125000003 0.11025771718749999 0.4660838890625 0.09991282812499999 0.4599787078125 0.087286271875
0 0.419621628125 0.19263243125 0.4133660703125 0.193680903125 0.4004405859375 0.201913884375 0.39444901250000003 0.2105013484375 0.390078134375 0.22943370000000002 0.39034212031250004 0.2369726875 0.40038542968749996 0.2542474546875 0.4219975140625 0.260483340625 0.43927549375 0.250762528125 0.44528544999999997 0.22473054375 0.4442111140625 0.2120191078125 0.44081934843750004 0.20500435781249998 0.42723389687499996 0.1943898625 0.419621628125 0.19263243125
0 0.503147725 0.1520916046875 0.4847770265625 0.16654550625 0.47795672187499993 0.18740504375 0.4824228234375 0.2071312296875 0.4915237890625 0.2154640578125 0.505523609375 0.2199425125 0.51422859375 0.2169668515625 0.5287931609375 0.20163424062500002 0.5337103984375 0.1803353453125 0.5307329953125001 0.1671845515625 0.52408145625 0.1569245375 0.503147725 0.1520916046875
0 0.5876378421874999 0.2289293515625 0.568607178125 0.2245357765625 0.5642546859375 0.2260236046875 0.55568169375 0.2327687578125 0.5466943343749999 0.24564995 0.5439625359375 0.25748267187499996 0.5472039234375 0.278172453125 0.5492389828124999 0.28238130156249996 0.560789378125 0.28878694375 0.5709830640625 0.2923866796875 0.57778498125 0.2889716640625 0.5888074 0.2802993265625 0.5947989734375 0.27171186718749996 0.5991698515625 0.252779515625 0.598359503125 0.2476070671875 0.5876378421874999 0.2289293515625
0 0.6545827 0.1820677640625 0.636212003125 0.196521659375 0.6304844171874999 0.21264811093749997 0.6307484046875 0.22018710156250001 0.635760865625 0.23754674687500002 0.641602059375 0.242634315625 0.6594080109375 0.24799147968750002 0.6802281328124999 0.23161039687499999 0.6851453703125 0.21031150156249998 0.6835246781250001 0.199966609375 0.6755164312499999 0.1869006953125 0.6608382578125 0.18101929218749999 0.6545827 0.1820677640625
0 0.6152198171875 0.118141140625 0.6067972046875 0.1112112671875 0.5972818703125 0.1090144796875 0.5842243921875 0.11347796406249999 0.578100825 0.11829593125 0.56802075 0.1359102109375 0.5680023640625 0.153354734375 0.57546425 0.168787190625 0.5799487375 0.1710688578125 0.597754690625 0.176426025 0.605781321875 0.1720474203125 0.6166717453125 0.159605584375 0.618857184375 0.1501394078125 0.6213066109375001 0.1482122203125 0.6199682906249999 0.127961796875 0.6152198171875 0.118141140625
0 0.7246369500000001 0.15212646093749999 0.7172702859375 0.175352540625 0.7188909796875 0.18569743593750002 0.7249961609375 0.19832399218750002 0.729480646875 0.200605659375 0.7453835343749999 0.20552346875 0.7565379453125 0.200620625 0.768106721875 0.18958174375 0.7735703203125001 0.1659163 0.7620383140625 0.1420661390625 0.7449107140625 0.13811192187500002 0.7246369500000001 0.15212646093749999
0 0.7377161109375 0.2560996078125 0.7205885140625 0.252145390625 0.7082093890625 0.258011828125 0.699768390625 0.268526471875 0.6940408046875 0.28465292343750004 0.6951151390625 0.297364359375 0.70122031875 0.309990915625 0.7070615124999999 0.3150784859375 0.7191582671875001 0.3191175796875 0.725413825 0.31806910781250003 0.7437845203125 0.3036152109375 0.7495121046875 0.2874887609375 0.749794478125 0.277583225 0.7455923640625 0.2653960265625 0.7377161109375 0.2560996078125
0 0.7928498859374999 0.32117454375 0.780338765625 0.32327148906250003 0.7663205625 0.33623755625 0.760592978125 0.3523640078125 0.76031060625 0.36226953906250003 0.765869425 0.37726264062500003 0.7717106203124999 0.3823502078125 0.7876135046875 0.387268021875 0.796318490625 0.3842923609375 0.8103366968750001 0.3713262921875 0.815253934375 0.350027396875 0.8136332390625001 0.33968250625 0.8056249921875 0.3266165921875 0.7928498859374999 0.32117454375
0 0.9581526874999999 0.3518596609375 0.9391220234375 0.3474660859375 0.9183018984375 0.3638471703125 0.9141950078125 0.3903185125 0.92165689375 0.4057509671875 0.9261413812500001 0.40803263593750005 0.9420442671875 0.41295044531249997 0.9531986781249999 0.4080476015625 0.9623180296875 0.39893590625 0.9680456171875 0.3828094546875 0.9666889062499999 0.38000355468749997 0.968874346875 0.370537375 0.9581526874999999 0.3518596609375
0 0.978122396875 0.23931401874999997 0.9667039953125001 0.2366778734375 0.95609594375 0.2392141734375 0.9480693109375 0.24359278281250002 0.9396283125 0.25410743125 0.9360677828125 0.278212228125 0.9455647296875 0.2978535390625 0.963370684375 0.30321070625 0.97452509375 0.2983078625 0.9836444453125001 0.289196165625 0.9904647499999999 0.26833662812500003 0.990747121875 0.25843109375 0.9892584187500001 0.2518557 0.978122396875 0.23931401874999997
0 0.91537635625 0.17248165 0.8987951171875 0.166160890625 0.89253955625 0.167209359375 0.8796140703124999 0.1754423453125 0.8736224984375 0.18402980468750002 0.8687052609375 0.2053287 0.869515609375 0.21050114375 0.8756207890625 0.22312770468749998 0.8814619828125 0.22821526875 0.8954618 0.2326937234375 0.9041667859375 0.2297180671875 0.9181849921874999 0.21675199531249997 0.9239125765624999 0.20062554375000002 0.9236485890624999 0.19308655624999999 0.9206711890625 0.1799357625 0.91537635625 0.17248165