0 0.095274303125 0.673828125 0.0746295546875 0.6884765625 0.07341515781249999 0.70703125 0.0855591265625 0.72265625 0.114704653125 0.7265625 0.1353494 0.7138671875 0.13777819375 0.6904296875 0.11956224062500001 0.673828125 0.095274303125 0.673828125
0 0.14870776562500002 0.76171875 0.12806301874999998 0.7744140625 0.124419828125 0.794921875 0.136563796875 0.810546875 0.1681381171875 0.814453125 0.18661288125 0.7989388546875 0.1912116578125 0.7822265625 0.17785329218749998 0.765625 0.14870776562500002 0.76171875
0 0.224000375 0.525390625 0.205784421875 0.5400390625 0.20699881874999998 0.560546875 0.22157158125 0.57421875 0.2531459 0.57421875 0.26893306093749997 0.5615234375 0.26893306093749997 0.5400390625 0.25071710625 0.525390625 0.224000375 0.525390625
0 0.251931503125 0.7216796875 0.254360296875 0.7177734375 0.254360296875 0.7021484375 0.24950270937500002 0.6943359375 0.23857313750000003 0.685546875 0.23371555000000002 0.68359375 0.2094276125 0.68359375 0.1912116578125 0.6962890625 0.1863540703125 0.7080078125 0.1875684671875 0.71484375 0.1912116578125 0.7236328125 0.2045700234375 0.734375 0.2094276125 0.736328125 0.2288579625 0.736328125 0.243430725 0.73046875 0.251931503125 0.7216796875
0 0.31508014375000004 0.7958984375 0.31508014375000004 0.7841796875 0.3041505703125 0.767578125 0.28714901406250004 0.76171875 0.2725762515625 0.76171875 0.26043228281249997 0.765625 0.251931503125 0.7724609375 0.247073915625 0.7822265625 0.2482883125 0.796875 0.24950270937500002 0.8017578125 0.26043228281249997 0.8125 0.2725762515625 0.81640625 0.29200660156249997 0.81640625 0.31022255468750004 0.8037109375 0.31508014375000004 0.7958984375
0 0.3757999890625 0.7236328125 0.3782287828125 0.7041015625 0.37337119531249996 0.6962890625 0.362441621875 0.6875 0.34058247812500003 0.68359375 0.330867303125 0.685546875 0.31265134843750003 0.7001953125 0.3114369515625 0.712890625 0.31508014375000004 0.7255859375 0.32600971562500003 0.734375 0.33815368437500004 0.73828125 0.352726446875 0.73828125 0.360012828125 0.736328125 0.3757999890625 0.7236328125
0 0.429233453125 0.7841796875 0.41344629218750006 0.76953125 0.4013023234375 0.765625 0.39158714843750003 0.765625 0.37701438593750003 0.771484375 0.36851360624999996 0.7783203125 0.36365601875000003 0.7861328125 0.364870415625 0.8046875 0.37701438593750003 0.81640625 0.3867295609375 0.8203125 0.4085887046875 0.8203125 0.41830387968749994 0.81640625 0.429233453125 0.8037109375 0.429233453125 0.7841796875
0 0.1899972609375 0.6015625 0.1632805296875 0.599609375 0.14263578125 0.6142578125 0.1402069875 0.6181640625 0.14142138437500001 0.634765625 0.145064575 0.6416015625 0.1632805296875 0.65234375 0.1875684671875 0.650390625 0.205784421875 0.6357421875 0.205784421875 0.6162109375 0.1899972609375 0.6015625
0 0.1499221640625 0.5341796875 0.131706209375 0.51953125 0.124419828125 0.517578125 0.104989478125 0.51953125 0.0892023171875 0.5302734375 0.0843447296875 0.5380859375 0.0855591265625 0.552734375 0.0892023171875 0.5595703125 0.10013189062500001 0.568359375 0.104989478125 0.5703125 0.129277415625 0.5703125 0.1499221640625 0.5537109375 0.1499221640625 0.5341796875
0 0.213070803125 0.4853515625 0.21792839062499997 0.4697265625 0.21549959687500003 0.4677734375 0.21549959687500003 0.4599609375 0.20214122968749998 0.447265625 0.1899972609375 0.443359375 0.17785329218749998 0.443359375 0.1657093234375 0.447265625 0.1572085453125 0.4541015625 0.1499221640625 0.4677734375 0.1511365609375 0.474609375 0.15477975156249998 0.4833984375 0.1681381171875 0.494140625 0.1729957046875 0.49609375 0.19242605468750001 0.49609375 0.2045700234375 0.4921875 0.213070803125 0.4853515625
0 0.1572085453125 0.4052734375 0.1596373390625 0.3974609375 0.1572085453125 0.3818359375 0.146278971875 0.37109375 0.136563796875 0.3671875 0.117133446875 0.3671875 0.09891749375 0.3779296875 0.0940599046875 0.3857421875 0.095274303125 0.40234375 0.09891749375 0.4091796875 0.107418271875 0.416015625 0.11956224062500001 0.419921875 0.13413500312499999 0.419921875 0.1511365609375 0.412109375 0.1572085453125 0.4052734375
0 0.2762194421875 0.4091796875 0.2810770296875 0.3994140625 0.2810770296875 0.3916015625 0.2737906484375 0.3798828125 0.2628610765625 0.37109375 0.2580034875 0.369140625 0.23614434375 0.369140625 0.224000375 0.375 0.21549959687500003 0.3837890625 0.213070803125 0.3896484375 0.2142852 0.3984375 0.21792839062499997 0.4091796875 0.2288579625 0.41796875 0.24100193124999997 0.421875 0.2531459 0.421875 0.2628610765625 0.419921875 0.2762194421875 0.4091796875
0 0.32965290625 0.4873046875 0.33451049374999997 0.4794921875 0.33451049374999997 0.4697265625 0.3272241125 0.4580078125 0.3138657453125 0.44921875 0.28957780781250003 0.447265625 0.27136185468749996 0.4599609375 0.26650426718750003 0.4677734375 0.2677186640625 0.4765625 0.26893306093749997 0.4853515625 0.2822914265625 0.49609375 0.29443539531249996 0.5 0.3090081578125 0.5 0.318723334375 0.49609375 0.32965290625 0.4873046875
0 0.38551516406249997 0.5517578125 0.3830863703125 0.5439453125 0.3697280046875 0.53125 0.355155240625 0.52734375 0.34301127187499997 0.52734375 0.335724890625 0.529296875 0.31993773124999997 0.5419921875 0.31750893750000003 0.5458984375 0.318723334375 0.560546875 0.31993773124999997 0.5654296875 0.330867303125 0.576171875 0.34058247812500003 0.580078125 0.362441621875 0.580078125 0.3830863703125 0.5654296875 0.38551516406249997 0.5517578125
0 0.434091040625 0.6474609375 0.438948628125 0.6376953125 0.438948628125 0.6298828125 0.43166224687500004 0.6162109375 0.4207326734375 0.609375 0.4158750859375 0.607421875 0.39401594218749997 0.607421875 0.37337119531249996 0.6220703125 0.37094240156249997 0.6279296875 0.3721567984375 0.634765625 0.3757999890625 0.6474609375 0.3867295609375 0.65625 0.3988735296875 0.66015625 0.4110174984375 0.66015625 0.4231614671875 0.65625 0.434091040625 0.6474609375
0 0.49238209218750006 0.7197265625 0.49238209218750006 0.7060546875 0.47659493125 0.689453125 0.46445096250000006 0.685546875 0.45473578750000004 0.685546875 0.43773423125 0.69140625 0.43166224687500004 0.6962890625 0.426804659375 0.7041015625 0.42801905625 0.72265625 0.44016302500000004 0.736328125 0.4498782 0.740234375 0.46687975625 0.740234375 0.47659493125 0.736328125 0.4875245046875 0.7275390625 0.49238209218750006 0.7197265625
0 0.21792839062499997 0.3310546875 0.220357184375 0.3115234375 0.2094276125 0.296875 0.19971243593750002 0.29296875 0.17785329218749998 0.29296875 0.1596373390625 0.3037109375 0.15477975156249998 0.3115234375 0.15599414843749998 0.32421875 0.1596373390625 0.3330078125 0.1681381171875 0.33984375 0.17785329218749998 0.34375 0.1972836421875 0.34375 0.21185640625 0.337890625 0.21792839062499997 0.3310546875
0 0.1644949265625 0.2529296875 0.16935251406250001 0.2451171875 0.16935251406250001 0.2314453125 0.1584229421875 0.216796875 0.138992590625 0.2109375 0.124419828125 0.212890625 0.10863266875 0.2236328125 0.10377508124999998 0.2314453125 0.104989478125 0.24609375 0.10863266875 0.2529296875 0.117133446875 0.259765625 0.12684862187499998 0.263671875 0.143850178125 0.263671875 0.15599414843749998 0.259765625 0.1644949265625 0.2529296875
0 0.1839252765625 0.0771484375 0.17663889531250002 0.0634765625 0.1657093234375 0.0546875 0.138992590625 0.0546875 0.12320543125000001 0.0654296875 0.11834784375 0.0732421875 0.11956224062500001 0.087890625 0.12320543125000001 0.0947265625 0.13413500312499999 0.103515625 0.138992590625 0.10546875 0.1632805296875 0.10546875 0.17906768906249998 0.0947265625 0.1839252765625 0.0771484375
0 0.232501153125 0.1708984375 0.232501153125 0.1533203125 0.227643565625 0.1455078125 0.21671399375 0.13671875 0.21185640625 0.134765625 0.1899972609375 0.134765625 0.1717813078125 0.1455078125 0.1669237203125 0.1533203125 0.1681381171875 0.16796875 0.1717813078125 0.1748046875 0.1827108796875 0.18359375 0.1875684671875 0.185546875 0.21185640625 0.185546875 0.23007235937499998 0.1748046875 0.232501153125 0.1708984375
0 0.2956497921875 0.0830078125 0.2883634109375 0.0673828125 0.2798626328125 0.060546875 0.27500504531250003 0.05859375 0.2531459 0.05859375 0.234929946875 0.0693359375 0.23007235937499998 0.0771484375 0.23128675625 0.091796875 0.232501153125 0.0966796875 0.24585951874999998 0.107421875 0.25071710625 0.109375 0.27500504531250003 0.109375 0.2907922046875 0.0966796875 0.2956497921875 0.0830078125
0 0.3466544625 0.1533203125 0.341796875 0.1455078125 0.32600971562500003 0.13671875 0.3017217765625 0.13671875 0.28350582343749997 0.1513671875 0.2810770296875 0.1572265625 0.2822914265625 0.166015625 0.28350582343749997 0.1728515625 0.29443539531249996 0.18359375 0.3041505703125 0.1875 0.328438509375 0.1875 0.3466544625 0.1728515625 0.3466544625 0.1533203125
0 0.3952303390625 0.2509765625 0.3952303390625 0.2314453125 0.3794431796875 0.216796875 0.360012828125 0.21484375 0.347868859375 0.21875 0.33451049374999997 0.2294921875 0.32965290625 0.2412109375 0.330867303125 0.244140625 0.33451049374999997 0.2548828125 0.347868859375 0.265625 0.352726446875 0.267578125 0.3745855921875 0.267578125 0.3818719734375 0.265625 0.3952303390625 0.2509765625
0 0.3369392875 0.3291015625 0.3369392875 0.3095703125 0.323580921875 0.294921875 0.3090081578125 0.291015625 0.2992929828125 0.291015625 0.28714901406250004 0.294921875 0.2786482359375 0.3017578125 0.27136185468749996 0.3134765625 0.2725762515625 0.3203125 0.2737906484375 0.3271484375 0.2822914265625 0.337890625 0.2968641890625 0.34375 0.316294540625 0.34375 0.32600971562500003 0.33984375 0.3369392875 0.3291015625
0 0.3879439578125 0.4130859375 0.3928015453125 0.4052734375 0.3928015453125 0.3896484375 0.3879439578125 0.3818359375 0.37701438593750003 0.373046875 0.350297653125 0.37109375 0.34058247812500003 0.375 0.32965290625 0.3837890625 0.32479531875 0.3935546875 0.32600971562500003 0.3984375 0.32965290625 0.4111328125 0.34058247812500003 0.419921875 0.352726446875 0.423828125 0.3697280046875 0.423828125 0.37701438593750003 0.421875 0.3879439578125 0.4130859375
0 0.443806215625 0.4697265625 0.438948628125 0.4619140625 0.42801905625 0.455078125 0.4085887046875 0.451171875 0.39158714843750003 0.45703125 0.3806575765625 0.4658203125 0.3782287828125 0.4697265625 0.3794431796875 0.482421875 0.3830863703125 0.4912109375 0.39644473593749996 0.501953125 0.4231614671875 0.50390625 0.43287664374999996 0.5 0.443806215625 0.4892578125 0.443806215625 0.4697265625
0 0.4948108859375 0.5693359375 0.4996684734375 0.5615234375 0.4996684734375 0.5498046875 0.4948108859375 0.5400390625 0.4863101078125 0.533203125 0.47659493125 0.529296875 0.45473578750000004 0.529296875 0.438948628125 0.5400390625 0.434091040625 0.5478515625 0.4353054375 0.5625 0.438948628125 0.5693359375 0.44744940624999996 0.576171875 0.45473578750000004 0.580078125 0.46930854999999994 0.58203125 0.48388131406249996 0.578125 0.4948108859375 0.5693359375
0 0.5482443499999999 0.6474609375 0.55067314375 0.6279296875 0.5373147781250001 0.61328125 0.5203132203124999 0.607421875 0.5130268390625 0.607421875 0.5008828703125 0.611328125 0.4899532984375 0.6201171875 0.4850957109375 0.6279296875 0.4863101078125 0.642578125 0.4875245046875 0.6474609375 0.5008828703125 0.658203125 0.5105980453125001 0.662109375 0.5227420140625 0.662109375 0.534885984375 0.658203125 0.5482443499999999 0.6474609375
0 0.6065354015625 0.7236328125 0.6065354015625 0.7099609375 0.6016778140625 0.7021484375 0.588319446875 0.69140625 0.5664603031250001 0.689453125 0.5543163343749999 0.693359375 0.5433867625000001 0.7021484375 0.54095796875 0.7060546875 0.542172365625 0.724609375 0.54581555625 0.7314453125 0.556745128125 0.740234375 0.5834618593750001 0.7421875 0.5931770359375 0.73828125 0.6041066078124999 0.7275390625 0.6065354015625 0.7236328125
0 0.54095796875 0.7861328125 0.53610038125 0.7783203125 0.5251708078124999 0.771484375 0.5105980453125001 0.767578125 0.5008828703125 0.767578125 0.49116769531250004 0.771484375 0.4802381234375 0.7802734375 0.475380534375 0.7880859375 0.47659493125 0.8046875 0.48266691718750004 0.8134765625 0.4960252828125 0.822265625 0.5203132203124999 0.822265625 0.54095796875 0.8056640625 0.5433867625000001 0.7998046875 0.54095796875 0.7861328125
0 0.6502536906249999 0.8154296875 0.6551112781249999 0.8076171875 0.6551112781249999 0.7919921875 0.6502536906249999 0.7841796875 0.6393241171875 0.775390625 0.6101785921875 0.7734375 0.5943914328125001 0.7841796875 0.5895338453125001 0.7919921875 0.588319446875 0.8046875 0.5943914328125001 0.8154296875 0.6028922109375 0.822265625 0.6126073859375001 0.826171875 0.6320377359375 0.826171875 0.6393241171875 0.82421875 0.6502536906249999 0.8154296875
0 0.7182599171875 0.7099609375 0.7024727578125 0.6953125 0.675756025 0.69140625 0.6551112781249999 0.7080078125 0.652682484375 0.7138671875 0.65389688125 0.728515625 0.66604085 0.7421875 0.675756025 0.74609375 0.69761516875 0.74609375 0.7182599171875 0.7294921875 0.7206887109375 0.7216796875 0.7182599171875 0.7099609375
0 0.659968865625 0.6240234375 0.6466105 0.61328125 0.6223225609374999 0.611328125 0.6150361796875 0.61328125 0.6016778140625 0.6240234375 0.5992490203124999 0.6279296875 0.6004634171875 0.646484375 0.6150361796875 0.662109375 0.6393241171875 0.6640625 0.6466105 0.662109375 0.6623976593750001 0.6494140625 0.664826453125 0.6337890625 0.659968865625 0.6240234375
0 0.6089641953125 0.5478515625 0.5907482421875 0.533203125 0.5834618593750001 0.53125 0.564031509375 0.533203125 0.5482443499999999 0.5439453125 0.54581555625 0.5498046875 0.547029953125 0.5703125 0.564031509375 0.583984375 0.573746684375 0.5859375 0.588319446875 0.583984375 0.5980346234375 0.580078125 0.6089641953125 0.5673828125 0.6089641953125 0.5478515625
0 0.55553073125 0.4873046875 0.55553073125 0.4716796875 0.5482443499999999 0.4619140625 0.534885984375 0.455078125 0.5251708078124999 0.455078125 0.5227420140625 0.453125 0.5203132203124999 0.455078125 0.5105980453125001 0.455078125 0.4948108859375 0.4658203125 0.4899532984375 0.4736328125 0.49116769531250004 0.486328125 0.4948108859375 0.4931640625 0.5081692515625 0.50390625 0.5130268390625 0.505859375 0.5324571890625001 0.505859375 0.55067314375 0.4951171875 0.55553073125 0.4873046875
0 0.4996684734375 0.4150390625 0.5045260609375 0.3994140625 0.4996684734375 0.3876953125 0.4863101078125 0.376953125 0.46202216875 0.375 0.44744940624999996 0.380859375 0.436519834375 0.3916015625 0.43773423125 0.408203125 0.438948628125 0.4130859375 0.45230699375 0.423828125 0.46445096250000006 0.427734375 0.4790237265625 0.427734375 0.4887389015625 0.423828125 0.4996684734375 0.4150390625
0 0.448663803125 0.3232421875 0.451092596875 0.3212890625 0.448663803125 0.3095703125 0.44016302500000004 0.298828125 0.43044785 0.294921875 0.4110174984375 0.29296875 0.4013023234375 0.296875 0.3903727515625 0.3056640625 0.38551516406249997 0.3134765625 0.3867295609375 0.328125 0.3903727515625 0.3349609375 0.3988735296875 0.341796875 0.4085887046875 0.345703125 0.43044785 0.345703125 0.448663803125 0.3310546875 0.448663803125 0.3232421875
0 0.4073743078125 0.0927734375 0.40494551406249996 0.0751953125 0.39644473593749996 0.06640625 0.3867295609375 0.0625 0.362441621875 0.0625 0.352726446875 0.06640625 0.341796875 0.0791015625 0.34301127187499997 0.095703125 0.3466544625 0.1025390625 0.35758403437499997 0.111328125 0.3867295609375 0.11328125 0.3988735296875 0.107421875 0.40494551406249996 0.0986328125 0.4073743078125 0.0927734375
0 0.458378978125 0.1572265625 0.44744940624999996 0.14453125 0.4353054375 0.140625 0.4207326734375 0.140625 0.4085887046875 0.14453125 0.3976591328125 0.1533203125 0.3928015453125 0.1630859375 0.39401594218749997 0.173828125 0.3976591328125 0.1806640625 0.4110174984375 0.19140625 0.43773423125 0.193359375 0.44744940624999996 0.189453125 0.458378978125 0.1767578125 0.458378978125 0.1572265625
0 0.5118124421875 0.2548828125 0.5118124421875 0.2373046875 0.5045260609375 0.2275390625 0.49116769531250004 0.220703125 0.46930854999999994 0.220703125 0.451092596875 0.2314453125 0.44623500937499994 0.2412109375 0.44744940624999996 0.25 0.448663803125 0.2568359375 0.459593375 0.267578125 0.47659493125 0.2734375 0.4935964890625 0.271484375 0.5069548546875 0.2626953125 0.5118124421875 0.2548828125
0 0.56524590625 0.3369140625 0.5676747 0.3154296875 0.5628171125 0.3076171875 0.547029953125 0.298828125 0.5227420140625 0.298828125 0.5045260609375 0.3115234375 0.5020972671874999 0.3193359375 0.5033116640624999 0.328125 0.5069548546875 0.3388671875 0.5178844265625 0.34765625 0.5275996015625 0.3515625 0.539743571875 0.3515625 0.551887540625 0.34765625 0.56524590625 0.3369140625
0 0.6004634171875 0.37890625 0.573746684375 0.376953125 0.5531019374999999 0.3935546875 0.5543163343749999 0.4140625 0.5664603031250001 0.42578125 0.5761754781249999 0.4296875 0.5980346234375 0.427734375 0.6162505765625 0.4130859375 0.6162505765625 0.3935546875 0.6004634171875 0.37890625
0 0.669684040625 0.4775390625 0.664826453125 0.4677734375 0.6514680875 0.45703125 0.6320377359375 0.455078125 0.6150361796875 0.4609375 0.6041066078124999 0.4716796875 0.6053210046874999 0.48828125 0.6089641953125 0.4970703125 0.6223225609374999 0.505859375 0.64418170625 0.5078125 0.6514680875 0.505859375 0.667255246875 0.4931640625 0.669684040625 0.4775390625
0 0.5190988234375 0.0986328125 0.5166700296875 0.0791015625 0.5033116640624999 0.068359375 0.47659493125 0.06640625 0.458378978125 0.0771484375 0.453521390625 0.0849609375 0.45473578750000004 0.099609375 0.45595018437499996 0.1044921875 0.47173734375 0.1171875 0.4960252828125 0.119140625 0.5057404578125 0.115234375 0.5166700296875 0.1044921875 0.5190988234375 0.0986328125
0 0.5676747 0.1826171875 0.57010349375 0.1767578125 0.5676747 0.1552734375 0.5616027156250001 0.1484375 0.551887540625 0.14453125 0.542172365625 0.142578125 0.5275996015625 0.14453125 0.5093836484375001 0.1552734375 0.5045260609375 0.1630859375 0.5057404578125 0.17578125 0.5118124421875 0.1865234375 0.5227420140625 0.193359375 0.5275996015625 0.1953125 0.549458746875 0.1953125 0.559173921875 0.19140625 0.5676747 0.1826171875
0 0.6259657515625 0.2529296875 0.6283945453124999 0.2509765625 0.6259657515625 0.2373046875 0.6126073859375001 0.224609375 0.585890653125 0.22265625 0.5676747 0.2333984375 0.5628171125 0.2412109375 0.564031509375 0.2578125 0.57010349375 0.2666015625 0.581033065625 0.2734375 0.6028922109375 0.275390625 0.6174649734375001 0.26953125 0.6259657515625 0.2607421875 0.6259657515625 0.2529296875
0 0.5907482421875 0.0703125 0.581033065625 0.07421875 0.57010349375 0.0869140625 0.5713178906249999 0.10546875 0.5907482421875 0.12109375 0.6126073859375001 0.12109375 0.6332521328125 0.1044921875 0.6332521328125 0.0849609375 0.6150361796875 0.0703125 0.5907482421875 0.0703125
0 0.6733272312499999 0.150390625 0.64418170625 0.1484375 0.6235369578125 0.1650390625 0.6247513546875 0.18359375 0.64418170625 0.19921875 0.66604085 0.19921875 0.675756025 0.1953125 0.6866855968750001 0.1845703125 0.6866855968750001 0.1630859375 0.6733272312499999 0.150390625
0 0.6793992156249999 0.3330078125 0.6793992156249999 0.3251953125 0.674541628125 0.3134765625 0.6636120562500001 0.3046875 0.65389688125 0.30078125 0.6393241171875 0.30078125 0.6271801484374999 0.3046875 0.6186793703125 0.3115234375 0.6113929890625001 0.3251953125 0.6126073859375001 0.328125 0.6186793703125 0.3427734375 0.6344665296875001 0.353515625 0.6563256749999999 0.353515625 0.66604085 0.349609375 0.674541628125 0.3427734375 0.6793992156249999 0.3330078125
0 0.7255462984375 0.4208984375 0.7304038859374999 0.4130859375 0.7304038859374999 0.3974609375 0.7146167265625001 0.3828125 0.69275758125 0.37890625 0.6806136125 0.3828125 0.667255246875 0.3935546875 0.6636120562500001 0.40625 0.664826453125 0.4150390625 0.675756025 0.427734375 0.68304240625 0.431640625 0.7000439640625 0.43359375 0.7146167265625001 0.4296875 0.7255462984375 0.4208984375
0 0.7231175046875 0.5556640625 0.7182599171875 0.5458984375 0.7097591390625 0.5390625 0.7024727578125 0.53515625 0.68789999375 0.533203125 0.6733272312499999 0.537109375 0.659968865625 0.5478515625 0.657540071875 0.5517578125 0.65875446875 0.568359375 0.664826453125 0.5791015625 0.6733272312499999 0.583984375 0.6781848187499999 0.5859375 0.7024727578125 0.5859375 0.7206887109375 0.5732421875 0.7231175046875 0.5556640625
0 0.888275484375 0.8212890625 0.8907042781250001 0.8134765625 0.888275484375 0.7958984375 0.8700595312500001 0.783203125 0.8603443546875 0.78125 0.8433427984374999 0.783203125 0.8251268453125 0.7958984375 0.8226980515625 0.7998046875 0.8239124484374999 0.814453125 0.8251268453125 0.8212890625 0.8299844328124999 0.8271484375 0.8409140046875001 0.833984375 0.8457715921875 0.8359375 0.8676307375000001 0.8359375 0.888275484375 0.8212890625
0 0.8348420203125 0.7314453125 0.8324132265624999 0.7099609375 0.8239124484374999 0.701171875 0.8141972734375 0.697265625 0.806910890625 0.6953125 0.7874805406250001 0.697265625 0.7692645875 0.7119140625 0.7704789843750001 0.73046875 0.77169338125 0.7353515625 0.7801941593749999 0.744140625 0.794766921875 0.75 0.8117684796875 0.75 0.8239124484374999 0.744140625 0.8348420203125 0.7314453125
0 0.897990659375 0.6435546875 0.8931330718750001 0.6318359375 0.8822034999999999 0.623046875 0.872488325 0.619140625 0.8554867671874999 0.619140625 0.8433427984374999 0.623046875 0.8348420203125 0.6298828125 0.8299844328124999 0.6376953125 0.8311988296875 0.650390625 0.8409140046875001 0.666015625 0.8530579734374999 0.671875 0.8676307375000001 0.673828125 0.8822034999999999 0.669921875 0.8931330718750001 0.6611328125 0.897990659375 0.6435546875
0 0.7814085562499999 0.6474609375 0.7814085562499999 0.6396484375 0.774122175 0.6240234375 0.768050190625 0.619140625 0.755906221875 0.615234375 0.7291894890624999 0.615234375 0.7158311234375 0.6298828125 0.7170455203125 0.65234375 0.7316182828125 0.666015625 0.7389046640625 0.66796875 0.7583350156249999 0.66796875 0.768050190625 0.6640625 0.7789797625 0.6533203125 0.7814085562499999 0.6474609375
0 0.8311988296875 0.544921875 0.8190548609375 0.5390625 0.797195715625 0.5390625 0.7789797625 0.5498046875 0.774122175 0.5576171875 0.7753365718749999 0.572265625 0.7814085562499999 0.5830078125 0.799624509375 0.591796875 0.8214836546875001 0.58984375 0.8396996078125 0.5751953125 0.8396996078125 0.5537109375 0.8311988296875 0.544921875
0 0.7814085562499999 0.4990234375 0.78383735 0.4951171875 0.78383735 0.4755859375 0.768050190625 0.4609375 0.763192603125 0.458984375 0.7437622515625 0.458984375 0.7340470765625 0.462890625 0.7231175046875 0.4716796875 0.7182599171875 0.4775390625 0.7194743140625001 0.48828125 0.7231175046875 0.5009765625 0.7267606953125 0.50390625 0.7461910453125 0.51171875 0.7583350156249999 0.51171875 0.772907778125 0.505859375 0.7814085562499999 0.4990234375
0 0.8469859890625001 0.4150390625 0.8445571953125001 0.3994140625 0.8336276234375 0.388671875 0.8239124484374999 0.384765625 0.802053303125 0.384765625 0.7814085562499999 0.4013671875 0.782622953125 0.419921875 0.78626614375 0.4267578125 0.802053303125 0.435546875 0.8093396859374999 0.4375 0.8263412421874999 0.435546875 0.8445571953125001 0.4208984375 0.8469859890625001 0.4150390625
0 0.9028482468749999 0.4931640625 0.9028482468749999 0.4833984375 0.897990659375 0.4736328125 0.88948988125 0.466796875 0.8700595312500001 0.4609375 0.8676307375000001 0.462890625 0.8579155609375 0.462890625 0.8433427984374999 0.470703125 0.8372708140625 0.4775390625 0.8384852109375001 0.49609375 0.8396996078125 0.5009765625 0.8530579734374999 0.51171875 0.8700595312500001 0.515625 0.88948988125 0.509765625 0.895561865625 0.5048828125 0.9028482468749999 0.4931640625
0 0.907705834375 0.3251953125 0.8870610875 0.30859375 0.8627731484375 0.30859375 0.8494147828124999 0.3173828125 0.8421284015625 0.3271484375 0.8433427984374999 0.34375 0.8445571953125001 0.3486328125 0.8554867671874999 0.357421875 0.86520194375 0.361328125 0.88948988125 0.359375 0.907705834375 0.3427734375 0.907705834375 0.3251953125
0 0.79112373125 0.3408203125 0.79112373125 0.3232421875 0.78383735 0.3134765625 0.772907778125 0.306640625 0.763192603125 0.3046875 0.7461910453125 0.306640625 0.7279750921875 0.3212890625 0.7255462984375 0.3271484375 0.7267606953125 0.33984375 0.7304038859374999 0.3466796875 0.7413334578125 0.35546875 0.753477428125 0.359375 0.7704789843750001 0.357421875 0.782622953125 0.3515625 0.79112373125 0.3408203125
0 0.7401190609375 0.2548828125 0.7376902671875001 0.2412109375 0.7267606953125 0.23046875 0.7170455203125 0.2265625 0.695186375 0.2265625 0.6793992156249999 0.2373046875 0.674541628125 0.2451171875 0.675756025 0.26171875 0.6793992156249999 0.2685546875 0.69275758125 0.27734375 0.7024727578125 0.279296875 0.7194743140625001 0.27734375 0.7352614734375 0.2666015625 0.7401190609375 0.2548828125
0 0.7316182828125 0.072265625 0.7219031078125 0.072265625 0.7194743140625001 0.0703125 0.7024727578125 0.072265625 0.6915431843750001 0.0791015625 0.684256803125 0.0888671875 0.6854712000000001 0.10546875 0.6866855968750001 0.1103515625 0.7000439640625 0.12109375 0.7267606953125 0.123046875 0.7474054421874999 0.1064453125 0.7474054421874999 0.0869140625 0.7316182828125 0.072265625
0 0.8615587515625001 0.0927734375 0.8518435765625 0.0791015625 0.8457715921875 0.076171875 0.8360564171875 0.07421875 0.8141972734375 0.076171875 0.8032676999999999 0.0830078125 0.79598131875 0.0927734375 0.797195715625 0.111328125 0.8141972734375 0.125 0.8384852109375001 0.126953125 0.8506291796875001 0.12109375 0.8567011640625 0.1142578125 0.8615587515625001 0.1044921875 0.8615587515625001 0.0927734375
0 0.912563421875 0.1923828125 0.914992215625 0.1865234375 0.912563421875 0.1689453125 0.9064914375 0.162109375 0.89434746875 0.15625 0.8870610875 0.154296875 0.8700595312500001 0.15625 0.8542723703125 0.1669921875 0.8494147828124999 0.1748046875 0.8506291796875001 0.189453125 0.8542723703125 0.1962890625 0.86520194375 0.205078125 0.8700595312500001 0.20703125 0.891918675 0.20703125 0.90163385 0.203125 0.912563421875 0.1923828125