0 0.9125704640625001 0.1060132640625 0.89813208125 0.094499646875 0.8727464765624999 0.09316924374999999 0.8569792515625 0.1070114609375 0.8537514984374999 0.12444455000000001 0.863472096875 0.137666721875 0.8736015734375 0.1430870984375 0.8931666125 0.145090359375 0.902602178125 0.14167324375 0.915857184375 0.1316109796875 0.9167771515625001 0.1140569484375 0.9125704640625001 0.1060132640625
0 0.7922591265625 0.10557542812500001 0.7734096125 0.089919025 0.752639575 0.0888305140625 0.73717900625 0.0968213875 0.733542378125 0.12205626562500001 0.741057415625 0.13320704218749999 0.7511868890625 0.13862741875 0.7707519265625 0.14063068437499998 0.7754697140625 0.1389221265625 0.7886225 0.1308103125 0.7936469374999999 0.12325040937500001 0.7922591265625 0.10557542812500001
0 0.8480705000000001 0.1886884 0.8403510296875 0.18143851875 0.8268109890625001 0.1748615015625 0.8129642968749999 0.17413582656249998 0.8012209484374999 0.1774319921875 0.789967065625 0.19346655 0.789455971875 0.2032187875 0.7935604453125 0.213212921875 0.809203828125 0.223811784375 0.8287688703124999 0.2258150453125 0.8454344390624999 0.21690942500000002 0.8515616609375 0.21038522187500003 0.8520727546875 0.2006329796875 0.8480705000000001 0.1886884
0 0.9084974406249999 0.2720432578125 0.9007779703125 0.26479338281250003 0.8894434953125 0.26028775312499997 0.868571234375 0.2611496921875 0.8601362281249999 0.267552953125 0.8525995703125 0.27889280312500003 0.851986259375 0.2905954953125 0.85619295 0.2986391796875 0.8661179859375 0.30796045156249996 0.8740418968749999 0.31130943437499997 0.8866835906249999 0.3129498578125 0.9054525046874999 0.3080660796875 0.91429638125 0.2938610296875 0.9148074734374999 0.2841087875 0.9084974406249999 0.2720432578125
0 0.8509208265625 0.35508123125 0.8364824421874999 0.34356761874999997 0.8227379687499999 0.3408914953125 0.8157124015624999 0.34247910625 0.806276834375 0.3458962234375 0.7953296125 0.3560794328125 0.792306296875 0.369611625 0.7943074265625001 0.3755839140625 0.8119519359374999 0.392155065625 0.8315169750000001 0.3941583328125 0.8409525406249999 0.39074121562499997 0.8543097656249999 0.378728503125 0.8551275140625 0.3631249171875 0.8509208265625 0.35508123125
0 0.7880838828125001 0.273555871875 0.7693365937500001 0.255949025 0.7485665515625 0.25486051249999997 0.7304915421875 0.268581784375 0.7276726703125 0.2782130765625 0.7336760484375 0.29612995 0.7494216484375 0.30477836406250003 0.764371125 0.3065397328125 0.7738066906250001 0.303122621875 0.787163915625 0.291109909375 0.7899827921875 0.2814786109375 0.7880838828125001 0.273555871875
0 0.720346346875 0.175149340625 0.7044985234375 0.1684513765625 0.69526739375 0.16796759375 0.685831828125 0.1713847046875 0.6749868234374999 0.17961746875 0.66986016875 0.189127815625 0.6714524171875 0.20290190312499998 0.686891365625 0.21740165937499997 0.7110719671875 0.2196468125 0.7291469765625 0.205925546875 0.7301691625 0.1864210609375 0.7280658171875001 0.1823992203125 0.720346346875 0.175149340625
0 0.6745622265625 0.0994071953125 0.66473940625 0.08813547499999999 0.6557127140625 0.0837507921875 0.632532675 0.084491784375 0.6167654484375 0.0983340015625 0.6179488265625 0.1199098765625 0.6300794265625 0.13130254375 0.6357977734375 0.13258013125 0.650747246875 0.13434150625000002 0.6577728140625 0.13275389375 0.673437821875 0.12086212656249999 0.67656335 0.10537948593749999 0.6745622265625 0.0994071953125
0 0.542529159375 0.07977490000000001 0.53350246875 0.07539021875 0.5103224265625 0.076131209375 0.4994774203125 0.08436397500000001 0.494350765625 0.093874321875 0.49373745312499995 0.1055770125 0.49794414062500003 0.1136206984375 0.507869178125 0.12294196875 0.5135875265625 0.1242195609375 0.533152565625 0.126222821875 0.5536375734375001 0.1106720515625 0.5567631046875 0.0951894109375 0.554659759375 0.09116756718749999 0.542529159375 0.07977490000000001
0 0.4370650796875 0.08304888437499999 0.4294478265625 0.073848559375 0.420421134375 0.069463878125 0.39503552656249996 0.068133475 0.376756084375 0.08575564375 0.376244990625 0.09550788125000001 0.380349459375 0.10550201562499999 0.3958906265625 0.11805132812500001 0.41545566562499997 0.1200545890625 0.424891234375 0.11663747499999999 0.43583845468750004 0.1064542640625 0.43906620625 0.089021178125 0.4370650796875 0.08304888437499999
0 0.612370046875 0.1822032765625 0.6081633531249999 0.1741595921875 0.5914171921875 0.16252503437500002 0.5706471484375 0.16143652343749998 0.5574943640625001 0.1695483375 0.552469921875 0.1771082390625 0.5496510453125001 0.186739534375 0.551549953125 0.1946622734375 0.5691944624999999 0.2112334265625 0.58875950625 0.21323668750000002 0.5934772875000001 0.211528134375 0.6067322921875 0.20146586718749998 0.611756734375 0.193905965625 0.612370046875 0.1822032765625
0 0.49026201875000003 0.1718922546875 0.475925853125 0.15842819531250002 0.4552580296875 0.1553892359375 0.4373874625 0.16520960625 0.4323630203125 0.1727695078125 0.43364861718750003 0.19239493593749998 0.44918977968749996 0.204944246875 0.468754825 0.206947509375 0.478190390625 0.2035303984375 0.4891376125 0.19334718906249998 0.4920587078125 0.18176544375 0.49026201875000003 0.1718922546875
0 0.6638725125 0.259223009375 0.6561530375 0.2519731328125 0.6448185640624999 0.24746750468749998 0.635587434375 0.246983721875 0.6238440875 0.2502798921875 0.6105890828125 0.2603421546875 0.6078724249999999 0.268023003125 0.60736133125 0.27777524531250003 0.6114658015625001 0.287769375 0.6169797109374999 0.29294786093749997 0.63172475 0.2986101296875 0.6420586593750001 0.300129609375 0.653802009375 0.29683344218749996 0.6672614515624999 0.2828702796875 0.6680792015625 0.26726669375 0.6638725125 0.259223009375
0 0.5437656125 0.2548842796875 0.5316350125 0.2434916125 0.5085571875 0.24228215468749997 0.50383940625 0.2439907140625 0.4929943984375 0.2522234734375 0.4879699609375 0.259783375 0.4873566484375 0.2714860671875 0.49146111875000004 0.281480196875 0.5014883765625 0.2888510234375 0.5117200671875 0.2923209515625 0.522053978125 0.2938404296875 0.5337973265625 0.2905442640625 0.54725676875 0.27658110156250004 0.5479723 0.2629279640625 0.5437656125 0.2548842796875
0 0.41924758281249996 0.246402759375 0.409322546875 0.23708148750000002 0.4002958546875 0.232696809375 0.37942359375 0.23355874375000002 0.368578590625 0.2417915078125 0.3635541484375 0.249351409375 0.36263418125 0.2669054421875 0.3669430921875 0.27299868125 0.3791759109375 0.28244089843750003 0.3895098203125 0.2839603765625 0.4069715171875 0.281941796875 0.417816521875 0.27370903750000003 0.4228409609375 0.2661491359375 0.4233520546875 0.25639689374999997 0.41924758281249996 0.246402759375
0 0.7094521968749999 0.338866053125 0.6864765890625 0.3357061453125 0.6684015828125001 0.349427415625 0.6652760515625 0.36491005625 0.667277178125 0.370882346875 0.6827161234375 0.3853821046875 0.7068967296875 0.3876272625 0.7176395140625 0.381344946875 0.725073953125 0.371955540625 0.7259939203125 0.35440150937500003 0.7094521968749999 0.338866053125
0 0.6058870234375 0.3500627765625 0.60168033125 0.342019090625 0.584831946875 0.33233498125 0.56165190625 0.33307597499999997 0.550806903125 0.341308734375 0.545578025 0.352769534375 0.5493758421875 0.3686150125 0.561506440625 0.3800076796875 0.5695325687499999 0.3814062125 0.5798664828125 0.38292569374999996 0.591609828125 0.379629525 0.6024548359375 0.3713967640625 0.605069275 0.3656663625 0.6058870234375 0.3500627765625
0 0.47454786562500006 0.33926797343750004 0.4603139203125 0.32385346249999997 0.43723609531249996 0.3226440046875 0.41675108749999995 0.3381947796875 0.4159333390625 0.353798365625 0.42014002968749997 0.36184205 0.4278595 0.3690919265625 0.43809119531249996 0.37256185468749997 0.4507328890625 0.374202284375 0.46016845625 0.3707851671875 0.4734234609375 0.3607229046875 0.4765489921875 0.34524026406249997 0.47454786562500006 0.33926797343750004
0 0.3335903296875 0.3133005515625 0.31743584999999996 0.31245393125 0.3080002828125 0.3158710421875 0.2945408421875 0.3298342046875 0.2937230921875 0.345437790625 0.2979297828125 0.3534814765625 0.309059821875 0.36188799843749997 0.33324042343750004 0.36413315 0.3512132140625 0.3523623296875 0.35444096406250003 0.33492924375 0.3524398375 0.32895694999999997 0.3335903296875 0.3133005515625
0 0.2959031046875 0.0609823625 0.2728252828125 0.059772904687499996 0.263389715625 0.063190015625 0.25223805312500003 0.0772741234375 0.251624740625 0.0889768109375 0.260140340625 0.10311373593749999 0.27829594375 0.1099326453125 0.2933476390625 0.1097435671875 0.3040904265625 0.1034612546875 0.311524865625 0.09407185 0.312547053125 0.07456736875 0.2959031046875 0.0609823625
0 0.176000640625 0.052742732812500005 0.1506150375 0.0514123296875 0.13756446875 0.0575736984375 0.13002780625000002 0.06891355 0.131517840625 0.0846380828125 0.137930096875 0.0947531609375 0.1457517859375 0.10005259375 0.1560857 0.10157207187499999 0.16180404375 0.10284965937499999 0.1758551765625 0.0996744390625 0.1892124 0.0876617265625 0.19033680625 0.0662067953125 0.176000640625 0.052742732812500005
0 0.36384508125 0.15548800000000002 0.3516122640625 0.146045778125 0.32622665624999997 0.14471537343750002 0.3105616484375 0.1566071421875 0.3073339 0.17404023125 0.309335025 0.180012521875 0.3191578453125 0.1912842421875 0.3293895359375 0.1947541703125 0.34203122812500003 0.1963946 0.3537745796875 0.193098428125 0.3672340203125 0.1791352703125 0.3680517703125 0.163531684375 0.36384508125 0.15548800000000002
0 0.22940201718750003 0.1376852046875 0.21565753906250001 0.135009084375 0.2063241921875 0.136475746875 0.185839184375 0.1520265203125 0.1870225625 0.173602396875 0.2025637265625 0.186151709375 0.2244365484375 0.18827591562499998 0.244921559375 0.172725146875 0.24584152812500001 0.155171109375 0.23722370625 0.1429846359375 0.22940201718750003 0.1376852046875
0 0.28259895625000003 0.22652857656249997 0.2711622609375 0.2239734 0.25008556406250004 0.22873623125 0.2416505625 0.2351394921875 0.23903612187499998 0.2408698890625 0.24032172031250001 0.2604953171875 0.25245231874999996 0.2718879875 0.26499179375000004 0.27547886093749996 0.2800434890625 0.27528978125000003 0.287171271875 0.271751725 0.30083515156249996 0.2538876671875 0.29703733906249996 0.238042190625 0.28259895625000003 0.22652857656249997
0 0.1671076171875 0.22243173437500002 0.139516446875 0.21902994062499997 0.12154365781250001 0.23080075781249998 0.118315909375 0.24823384843750002 0.12793428906249998 0.26340646875 0.1403715453125 0.268947790625 0.1576288046875 0.27083010625 0.17801159375 0.25722978125 0.18123934531250002 0.2397966953125 0.1792382171875 0.2338244015625 0.1671076171875 0.22243173437500002
0 0.23243515625 0.322667771875 0.2203045546875 0.3112751046875 0.21127786406250001 0.306890428125 0.1927133859375 0.30787330625 0.1770483796875 0.3197650734375 0.1720239375 0.327324975 0.1757195375 0.345120903125 0.185644571875 0.354442175 0.19818405 0.3580330515625 0.2062101765625 0.359431584375 0.21795352656250003 0.356135415625 0.2287985296875 0.34790265468750003 0.23382297031250002 0.340342753125 0.23243515625 0.322667771875
0 0.896193853125 0.44057561874999995 0.884961596875 0.434119546875 0.8594737734375 0.43473959375 0.84862876875 0.44297235312499994 0.843502109375 0.452482703125 0.8429910171874999 0.46223494687500005 0.8471977078125 0.47027863124999997 0.8548149593750001 0.47947895625000003 0.862738871875 0.4828279390625 0.8823039109374999 0.4848312015625 0.8917394765625 0.48141408906249994 0.9053011390625001 0.46550048125 0.9038111078125001 0.4497759484375 0.896193853125 0.44057561874999995
0 0.786523084375 0.4358059234375 0.7697769171875 0.4241713640625 0.7513146578125001 0.4232037984375 0.7418790921875 0.42662090937499997 0.72841965 0.44058407187500004 0.72770411875 0.454237209375 0.7319108062499999 0.46228089375000003 0.74755419375 0.47287975781249997 0.7671192312499999 0.47488301875000005 0.7765547984375 0.47146590625 0.7899120234375 0.45945319375000004 0.7906275546875 0.445800053125 0.786523084375 0.4358059234375
0 0.6611873046875 0.44292798906249997 0.6570828343749999 0.43293385625 0.6471577953125001 0.423612584375 0.635823321875 0.41910695625 0.6148488453125001 0.42191934375000006 0.6040038390625 0.430152103125 0.601389403125 0.4358825015625 0.6025727765625 0.45745838125000005 0.612497815625 0.46677965312499997 0.6204217234375 0.4701286359375 0.6376789828125 0.47201095156250006 0.6423967640625 0.4703023984375 0.653139553125 0.46402008281249996 0.6606762109375001 0.4526802328125 0.6611873046875 0.44292798906249997
0 0.5226397687500001 0.4151310640625 0.49966416406249997 0.41197115625 0.48179359218749995 0.4217915296875 0.4767691546875 0.42935143125 0.4780547515625 0.4489768609375 0.4879797859375 0.45829813281250004 0.495903696875 0.46164711562500005 0.5154687359375 0.46365038125 0.53595374375 0.44809960625 0.5387726203125001 0.43846831406250003 0.5368737125 0.430545575 0.5226397687500001 0.4151310640625
0 0.3913006125 0.4043362609375 0.37294057187499996 0.40141824687499994 0.36119722187500003 0.4047144125 0.35035221875 0.4129471765625 0.34702224843749996 0.43233071250000005 0.34902337499999997 0.43830300156249996 0.3566406265625 0.44750333124999997 0.36456453906249997 0.4508523125 0.3864373609375 0.45297652031249996 0.404410153125 0.4412057 0.4076379 0.4237726125 0.405636778125 0.4178003203125 0.3913006125 0.4043362609375
0 0.2813231828125 0.40541790625 0.26216701875 0.39561285156250003 0.23878253906250002 0.40025473749999996 0.23034753593750001 0.40665799687500004 0.22522087656249998 0.41616834375 0.2248120015625 0.4239701375 0.231122040625 0.43603566718750003 0.2433548578125 0.44547788437499997 0.251380984375 0.446876421875 0.259407115625 0.44827495468749995 0.275868246875 0.44327023125 0.287019909375 0.4291861234375 0.287633221875 0.41748343437499996 0.2813231828125 0.40541790625
0 0.16572963125 0.4032715171875 0.15359903125000002 0.39187885 0.1260078609375 0.3884770515625 0.11657229531249999 0.3918941625 0.1080350703125 0.4002478734375 0.10501175625 0.41378006406249995 0.106910665625 0.42170280312499997 0.114425703125 0.432853578125 0.1268629578125 0.43839490156250005 0.141812434375 0.44015627031250004 0.148838 0.4385686625 0.1645030078125 0.426676896875 0.16773075312500002 0.40924380625 0.16572963125 0.4032715171875
0 0.841823365625 0.5286711328125 0.834103890625 0.5214212546875 0.8227694187499999 0.516915628125 0.8089227234375 0.5161899531249999 0.797179371875 0.5194861234375 0.7862321515625 0.5296693328125001 0.7831066171875001 0.5451519734375 0.789416653125 0.5572174999999999 0.800546690625 0.5656240218749999 0.8224195140624999 0.56774823125 0.8402900843750001 0.55792785625 0.845416740625 0.548417509375 0.8459278343750001 0.538665265625 0.841823365625 0.5286711328125
0 0.7260253734375001 0.5304256390625001 0.7219209015625 0.5204315046875 0.7142014265625 0.513181628125 0.6960458234375 0.5063627140625 0.6749691296875 0.51112555 0.6637152484375 0.5271601031250001 0.663306375 0.534961896875 0.6695141921875 0.5489778703125 0.68525979375 0.5576262843750001 0.7002092703125 0.559387659375 0.7096448375 0.5559705421875 0.7228998421874999 0.5459082796875 0.7255142796875 0.5401778796875 0.7260253734375001 0.5304256390625001
0 0.571221140625 0.5037325421875 0.555168884375 0.500935471875 0.5458355375 0.5024021390625 0.5301705296875 0.5142939046875 0.527249434375 0.5258756484375 0.529046125 0.5357488375 0.5444850703124999 0.55024859375 0.568665675 0.5524937515625 0.5842284624999999 0.5425524328125 0.5894573375000001 0.5310916328124999 0.5877628671874999 0.5192679984375 0.571221140625 0.5037325421875
0 0.45813980625 0.49780620000000003 0.435164203125 0.4946462921875 0.42813863437500005 0.4962339046875 0.414781409375 0.5082466171875 0.41165588125 0.523729259375 0.4136570046875 0.5297015484375 0.423479825 0.54097326875 0.4314037328125 0.5443222515625 0.4509687765625 0.54632551875 0.47145378437499996 0.53077474375 0.47237375156250005 0.5132207109375 0.46596149843749995 0.50310563125 0.45813980625 0.49780620000000003
0 0.32890399375 0.49103323750000005 0.3152617390625 0.486406665625 0.301312825 0.48763143906249995 0.294185040625 0.4911695015625 0.28323781875 0.5013527109375 0.2805211609375 0.5090335578125 0.28431897500000003 0.5248790359375 0.2964495734375 0.5362717031249999 0.302167921875 0.537549290625 0.31942518125 0.5394316109374999 0.328860746875 0.53601449375 0.342320190625 0.5220513359375001 0.34103459375 0.5024259062499999 0.32890399375 0.49103323750000005
0 0.2088993109375 0.484744059375 0.1998726203125 0.480359378125 0.18371814375 0.4795127578125 0.16594979062499998 0.487382684375 0.1609253546875 0.4949425859375 0.1599031671875 0.5144470671875 0.171931546875 0.5277901828125 0.1890865890625 0.5316229484375 0.2042404984375 0.5294834234375 0.21508550624999997 0.5212506640625 0.22021216250000003 0.5117403125 0.2208254734375 0.500037625 0.2088993109375 0.484744059375
0 0.8827874859374999 0.608072284375 0.8667352234375001 0.6052752140625001 0.8574018765625 0.60674188125 0.8442490890625001 0.6148536953125 0.8392246515625 0.622413596875 0.838406903125 0.638017184375 0.842613590625 0.64606086875 0.8582569734375 0.65665973125 0.8778220156250001 0.6586629921875 0.8932825859375001 0.6506721234375 0.8983070234375001 0.643112221875 0.899329209375 0.6236077375 0.8827874859374999 0.608072284375
0 0.77281005625 0.609153928125 0.755961671875 0.59946981875 0.7327816312500001 0.6002108109375001 0.7219366265625 0.608443571875 0.7169121859375001 0.6160034734375001 0.716298875 0.6277061640625 0.720403346875 0.63770029375 0.7303283828125 0.6470215703125 0.7428678578125 0.6506124437499999 0.7485862046875 0.6518900296875 0.762637334375 0.6487148109375 0.7759945625 0.636702096875 0.7770167484375 0.6171976124999999 0.77281005625 0.609153928125
0 0.6528053734375 0.6028647484375 0.6360592078125 0.5912301906249999 0.61990473125 0.5903835703125 0.610469165625 0.5938006859375 0.5996241625 0.6020334468749999 0.5970097234375 0.60776384375 0.59829531875 0.627389275 0.6059125703125 0.6365896 0.620657609375 0.6422518703125 0.628683740625 0.643650403125 0.6451448734375 0.638645678125 0.651169875 0.634071921875 0.6589109718749999 0.6188311718749999 0.6528053734375 0.6028647484375
0 0.5279806875 0.6002345765625 0.51574786875 0.5907923562499999 0.506618959375 0.588358128125 0.4973878296875 0.5878743453124999 0.48564448281250006 0.591170509375 0.47238947500000006 0.6012327734375 0.47126506875 0.6226877078124999 0.473368415625 0.6267095484375 0.4832934546875 0.6360308203125 0.49352514531249997 0.6395007515625 0.5131924031249999 0.6395535640625 0.528857409375 0.627661796875 0.5314718484375 0.6219314 0.5320851609374999 0.6102287109375 0.5279806875 0.6002345765625
0 0.39905153125 0.587610271875 0.3824075890625 0.5740252640625 0.35922754375 0.5747662546875 0.34597253906250003 0.58482851875 0.3407436640625 0.596289315625 0.3445414765625 0.61213479375 0.354466515625 0.6214560687499999 0.3646982078125 0.624925996875 0.3750321171875 0.6264454749999999 0.3867754671875 0.623149309375 0.39762047031250003 0.6149165453125 0.40284935 0.60345575 0.39905153125 0.587610271875
0 0.273817975 0.5927818890625 0.267610159375 0.5787659140625 0.2530695578125 0.56920275 0.2298895140625 0.5699437390625001 0.216634509375 0.5800060031250001 0.211507853125 0.5895163546875 0.21109897812499998 0.597318146875 0.215203446875 0.6073122796875 0.2251284875 0.6166335515625 0.23536017656250002 0.6201034796875 0.24800187031249998 0.621743909375 0.25743743750000003 0.6183267921875 0.268282440625 0.6100940328125 0.27340909999999996 0.6005836828125 0.273817975 0.5927818890625
0 0.1563255140625 0.5827127609375 0.152118821875 0.5746690765625 0.1376804375 0.5631554624999999 0.12855152812499998 0.56072123125 0.10747483437500001 0.5654840640625001 0.094015390625 0.5794472265625 0.095300984375 0.599072653125 0.107431584375 0.61046531875 0.11997105781249999 0.6140561921875001 0.1279971890625 0.6154547296875 0.1397405390625 0.612158559375 0.15058554062500001 0.6039258000000001 0.1556099828125 0.5963658984375 0.1563255140625 0.5827127609375
0 0.8272119953124999 0.697082546875 0.8159797375 0.690626475 0.7952096984375 0.6895379640625 0.7820569093749999 0.697649778125 0.77421359375 0.714840975 0.77821585 0.7267855546875001 0.7858331015625 0.7359858859374999 0.7925520140625 0.7402496171874999 0.8051937078125 0.7418900453124999 0.8250654031250001 0.7380419640625 0.83350040625 0.731638703125 0.8360126234375 0.727858753125 0.8370348109375 0.70835426875 0.8272119953124999 0.697082546875
0 0.7004884031249999 0.6865296359374999 0.6914617109375001 0.6821449546875 0.6753072359375001 0.681298334375 0.6658716671875 0.68471545 0.6549244437499999 0.694898659375 0.6520033468750001 0.7064804015624999 0.655903384375 0.72037543125 0.66582841875 0.72969670625 0.6760601140625 0.7331666343750001 0.6934195890625 0.7330985046875 0.7089823765625 0.7231571828125001 0.711596815625 0.717426784375 0.7104134390625 0.6958509078125 0.7004884031249999 0.6865296359374999
0 0.57807371875 0.68206995625 0.5690470265625 0.6776852796874999 0.548174765625 0.6785472171875 0.5374319812499999 0.6848295281250001 0.53240754375 0.6923894296875 0.52958866875 0.7020207265625 0.5334887 0.71591575625 0.5434137375 0.72523703125 0.5536454296875 0.728706959375 0.5639793390625 0.7302264375 0.5757226890625 0.7269302703125 0.5891821328125 0.712967109375 0.5879987578125 0.6913912328125 0.57807371875 0.68206995625
0 0.4399134328125 0.6689618687500001 0.41673339374999996 0.6697028609375 0.40588838593750004 0.6779356203125 0.4008639484375 0.685495521875 0.40214954531249997 0.705120953125 0.4142801453125 0.7165136203125 0.4268196203125 0.7201044921875 0.44428131249999997 0.718085915625 0.4600485390625 0.7042436984375 0.4608662875 0.6886401125 0.45665959999999994 0.6805964265625 0.4399134328125 0.6689618687500001
0 0.31980653281250004 0.6646231390625 0.303754275 0.66182606875 0.2920109265625 0.6651222390625 0.281165921875 0.6733549984375 0.27614148125 0.6809149 0.2755281703125 0.6926175890625 0.2796326421875 0.7026117234375 0.2873521125 0.7098616046874999 0.304404934375 0.71564481875 0.3195588484375 0.7135052921875 0.3328138546875 0.703443025 0.335326075 0.6996630765625 0.33634826093750003 0.6801585921875 0.31980653281250004 0.6646231390625
0 0.1465990140625 0.6799932828124999 0.13457063125 0.666650165625 0.109287246875 0.6633693140625 0.091416675 0.673189690625 0.0863922375 0.6807495921875 0.0834711421875 0.692331334375 0.087575615625 0.7023254671875 0.0975006515625 0.7116467390625 0.1054245609375 0.714995721875 0.12037403437500001 0.716757096875 0.127399603125 0.7151694843749999 0.1454746078125 0.7014482140625 0.148497921875 0.687916021875 0.1465990140625 0.6799932828124999
0 0.888332840625 0.7892749 0.8828189343749999 0.7840964125000001 0.8645611125 0.779227953125 0.8458944171875 0.78216128125 0.8350494093749999 0.7903940453125 0.8324349703125 0.7961244421875 0.8336183484375 0.8177003203125001 0.8390300406250001 0.8248292546875 0.85598064375 0.8325629140625 0.8686223359374999 0.8342033437499999 0.8804679046875 0.8289567234374999 0.8890051250000001 0.8206030171875 0.894234003125 0.809142221875 0.888332840625 0.7892749
0 0.770227065625 0.790908459375 0.7580964671875 0.7795157921875 0.7467619921875001 0.775010165625 0.725787515625 0.7778225515625 0.7149425093749999 0.7860553109375 0.709918071875 0.7936152140625 0.709202540625 0.8072683546875 0.71561479375 0.8173834296875 0.725642046875 0.82475425625 0.7358737421875 0.8282241859375 0.74389986875 0.8296227203125 0.75564321875 0.8263265515624999 0.7664882265624999 0.8180937921875 0.7715126640625 0.8105338906249999 0.770227065625 0.790908459375
0 0.6435034749999999 0.7803555484375 0.6290650921875 0.76884193125 0.60829505 0.7677534203125 0.5952444828125001 0.7739147890625 0.58781004375 0.78330419375 0.586890075 0.8008582296875 0.604534584375 0.8174293828125 0.62640740625 0.8195535890625001 0.6468924140625 0.8040028187500001 0.6497112921875 0.794371521875 0.6477101625 0.7883992328125 0.6435034749999999 0.7803555484375
0 0.5211910093750001 0.7739454234375 0.5112659749999999 0.764624146875 0.49993150000000003 0.760118525 0.49070037031249997 0.7596347421874999 0.4789570203125 0.76293090625 0.46811201718750006 0.771163671875 0.46308757656250005 0.7787235734375 0.464475390625 0.7963985499999999 0.4766059921875 0.8077912171875001 0.486837684375 0.81126115 0.49947937812500004 0.8129015734375 0.5136327281249999 0.8077759046875 0.524784390625 0.793691796875 0.5252954843750001 0.783939553125 0.5211910093750001 0.7739454234375
0 0.400879671875 0.7735075874999999 0.39085241875 0.7661367609374999 0.377210159375 0.7615101937500001 0.3584412453125 0.7663939703125 0.3500062421875 0.77279723125 0.347391803125 0.7785276296875 0.3484729625 0.8020539546875 0.3583979984375 0.8113752265624999 0.3686296890625 0.8148451546875 0.3882969515625 0.8148979703125001 0.40155195624999995 0.8048357062499999 0.4068830484375 0.7914244609375001 0.40518858281250003 0.7796008249999999 0.400879671875 0.7735075874999999
0 0.23894765625 0.7503525484375 0.22107708750000002 0.760172921875 0.2160526453125 0.7677328234374999 0.2132337734375 0.7773641203125 0.21513267812499998 0.785286859375 0.23277718749999998 0.8018580125 0.2546500109375 0.803982221875 0.275135021875 0.7884314484375 0.27615720781249997 0.7689269671875001 0.2619232625 0.75351245625 0.23894765625 0.7503525484375