0 0.2357025359375 0.057653449999999995 0.24146558125 0.052804632812499995 0.24676948125 0.0379181578125 0.24361515625000002 0.0293462953125 0.23056854062499998 0.0158670453125 0.21970133125000002 0.0097753078125 0.20808877812499998 0.00751805625 0.1930356921875 0.0105610765625 0.1805346859375 0.0190743734375 0.1768079484375 0.038246778125000006 0.1891092140625 0.055560512500000006 0.1976539109375 0.0612007921875 0.210241384375 0.0646423921875 0.2262693890625 0.06278371875 0.2357025359375 0.057653449999999995
0 0.31220229375 0.079487384375 0.32163544375 0.074357115625 0.3273984859375 0.069508296875 0.3323297125 0.0565390625 0.32917538749999997 0.047967198437500004 0.316128771875 0.0344879484375 0.30758407656250003 0.0288476671875 0.2913264984375 0.0256875140625 0.28129110625 0.0277161921875 0.2660949171875 0.037695278124999995 0.2622817109375 0.044912790625 0.2619955046875 0.058784925 0.2746694453125 0.0741814171875 0.28321414218749996 0.0798216984375 0.29849680312500004 0.0817975078125 0.31220229375 0.079487384375
0 0.41594011093749994 0.07279127656249999 0.41278578125000004 0.06421941406250001 0.395839490625 0.04600278125 0.37261438281250003 0.041488278125 0.362578990625 0.04351695625 0.35007798437500004 0.052030253125 0.3444014109375 0.0688339671875 0.3475557359375 0.07740582968750001 0.3582798390625 0.09043363125000001 0.36914705 0.0965253625 0.38442970781249997 0.098501171875 0.39311750624999997 0.09720538749999999 0.407941021875 0.08914354062499999 0.41594011093749994 0.07279127656249999
0 0.488483559375 0.1087787875 0.4949919484375 0.1000954828125 0.4963961765625 0.080471628125 0.481399725 0.0646236875 0.4724823546875 0.0609006453125 0.4512070796875 0.05875483124999999 0.439451425 0.063433646875 0.43331570625 0.0701997078125 0.42987517343750004 0.0754999796875 0.4295889671875 0.0893721140625 0.441890234375 0.1066858453125 0.45043493124999995 0.1123261265625 0.4657175921875 0.1143019359375 0.481745596875 0.1124432640625 0.488483559375 0.1087787875
0 0.5778569953125 0.1201821796875 0.5812975312499999 0.11488190937500001 0.5823290812499999 0.0971752921875 0.5716049765625 0.08414749218749999 0.5607377687499999 0.0780557609375 0.5371399875 0.075458496875 0.5280795140625 0.07867152031249999 0.5192486093750001 0.086903371875 0.515808078125 0.09220364375 0.515521871875 0.1060757796875 0.52355079375 0.1205693703125 0.53869035 0.12948124218749998 0.551650496875 0.1310056 0.5626608046875 0.13016126562500002 0.5778569953125 0.1201821796875
0 0.662958084375 0.12876543125 0.665194128125 0.1172619859375 0.6528928609375 0.09994825625 0.6420256546875 0.093856525 0.6280905859375 0.091147821875 0.6130375031249999 0.0941908390625 0.60360435625 0.0993211078125 0.59680975625 0.12187654375000001 0.60251616875 0.13591868437500002 0.6223007453125 0.14573345625 0.63061586875 0.1463549140625 0.6466438734375 0.144496240625 0.6533818375 0.140831765625 0.662958084375 0.12876543125
0 0.748804521875 0.1335142 0.7456501984374999 0.12494233749999999 0.7326035828124999 0.111463090625 0.7236862125 0.1077400453125 0.7070559609375 0.10649713593750001 0.6841468890625 0.11895635 0.6823699875 0.14049744687500001 0.6973664421875 0.1563453890625 0.7215664687500001 0.162044240625 0.7275590843749999 0.16221424375 0.7396874171875 0.1556181875 0.7461958046875 0.14693488593749998 0.748804521875 0.1335142
0 0.8304650812500001 0.1473977265625 0.8138914640625 0.127263853125 0.7906663546875 0.12274935000000001 0.77793578125 0.1262438171875 0.767757284375 0.135208565625 0.7659803859375 0.1567496625 0.7704823046875 0.164588628125 0.7852491828125 0.17541774375000002 0.802854353125 0.1778450046875 0.81655985 0.17553487968749998 0.8236704859374999 0.1699531625 0.8298062015625 0.1631871015625 0.8304650812500001 0.1473977265625
0 0.9161117828125 0.17797352500000002 0.9187205 0.164552840625 0.9087417421874999 0.1476905609375 0.900197046875 0.142050275 0.8816169593750001 0.138438671875 0.8625210921875001 0.143680378125 0.8563853765625 0.1504464390625 0.8526586390625001 0.16961884375 0.86495990625 0.1869325796875 0.8715547656249999 0.19020416874999999 0.89148244375 0.1930828765625 0.89747505625 0.193252884375 0.909603390625 0.1866568265625 0.9161117828125 0.17797352500000002
0 1 0.1744708703125 0.9991765656249999 0.1722331921875 0.9884524609374999 0.159205390625 0.9679225359375 0.15322509687500002 0.9555646359375001 0.154802328125 0.9403684437500001 0.16478141562499998 0.93664170625 0.18395381875 0.9508928109375001 0.20363624374999997 0.955165159375 0.20645638437499997 0.9750928390625001 0.209335090625 0.99590896875 0.20144325156249998 1 0.18829586250000002 1 0.1744708703125
0 0.2107869921875 0.086634940625 0.2070602546875 0.1058073453125 0.21021458437499999 0.1143792078125 0.223633871875 0.1259412203125 0.2505290859375 0.130174278125 0.2717178921875 0.1203651953125 0.2781398140625 0.099727003125 0.2569211765625 0.07869022656249999 0.23601857499999998 0.074627171875 0.2209654890625 0.07767019375 0.2107869921875 0.086634940625
0 0.2910433265625 0.12014231875 0.3095667765625 0.142644884375 0.334139478125 0.14642649218749998 0.3455224625 0.14366491718750002 0.3553282828125 0.136617409375 0.361377534375 0.11789645625 0.34480391718750003 0.09776258125000001 0.317306459375 0.09042793593750001 0.2943973921875 0.10288715468750001 0.2910433265625 0.12014231875
0 0.43463649687499994 0.1192036296875 0.42414196562499995 0.1111946546875 0.40091685312500003 0.10668015156249999 0.3908814625 0.10870883281249999 0.37800778125 0.11913936875 0.3746537171875 0.1363945328125 0.37780804687499997 0.144966396875 0.3908546609375 0.1584456484375 0.41774987656249996 0.16267870625 0.43587081875000006 0.15625265625 0.4393113546875 0.1509523859375 0.44108825312500005 0.1294112859375 0.43463649687499994 0.1192036296875
0 0.521544321875 0.1370916375 0.5143472171875 0.13071845937499998 0.4988349890625 0.1237238296875 0.4845272484375 0.12293236562500001 0.47007640625 0.129076971875 0.463940690625 0.135843034375 0.4605866265625 0.1530981984375 0.47911007968749997 0.1756007640625 0.5013602671874999 0.1789309203125 0.5194812140625 0.1725048703125 0.52598960625 0.1638215703125 0.5285983234375 0.15040088437500002 0.521544321875 0.1370916375
0 0.61183604375 0.16857033906250002 0.6086817156250001 0.159998475 0.5979576109375 0.1469706734375 0.5913627546875 0.143699084375 0.565442459375 0.14065036875 0.5471784109375 0.15401248750000002 0.5437378749999999 0.159312759375 0.5441970203125 0.1693504125 0.551251021875 0.18265965625 0.5627204734375 0.191852978125 0.584970665625 0.1951831359375 0.6030916078125 0.188757084375 0.6096000015625 0.180073784375 0.61183604375 0.16857033906250002
0 0.6961917859375 0.1809880734375 0.6838905203125 0.1636743390625 0.6707008 0.1571311578125 0.6517480375 0.15543679375 0.6426875671875 0.1586498203125 0.63078880625 0.1702647015625 0.6297572515625001 0.1879713171875 0.644381028125 0.20573650156249998 0.6639360359375 0.21053244843750002 0.6749463484375 0.2096881140625 0.6870746765625 0.20309206093749999 0.6966509265624999 0.19102572499999998 0.6961917859375 0.1809880734375
0 0.7801748546875 0.1953230453125 0.773723096875 0.1851153890625 0.7632285640625 0.1771064125 0.73266325 0.173154796875 0.7170943828125 0.185051128125 0.7141129937499999 0.20038905156250003 0.717267321875 0.208960915625 0.7322637734375 0.22480885781249998 0.7521914546875 0.22768756406250001 0.7632017624999999 0.226843228125 0.7760754421875 0.21641269218749998 0.7798886484375 0.20919518125 0.7801748546875 0.1953230453125
0 0.86275369375 0.22928187812499998 0.8661077593750001 0.21202670937499998 0.8538064921874999 0.1947129796875 0.8239865234374999 0.186926884375 0.80990835625 0.1911542484375 0.800704778125 0.20130334218749998 0.79930055 0.220927196875 0.8024548796875 0.229499059375 0.8096519828125001 0.2358722359375 0.816246840625 0.23914383125 0.8384970328125 0.24247398750000002 0.844489646875 0.24264399218750002 0.8566179765624999 0.23604793906250002 0.86275369375 0.22928187812499998
0 0.94487339375 0.25320305468750004 0.951009109375 0.24643699218749998 0.9512953156249999 0.23256485625 0.94656383125 0.21970706093749998 0.9393667234375 0.2133338828125 0.9308220281249999 0.207693603125 0.909919428125 0.20363055000000002 0.8927734015625 0.2112409453125 0.886637684375 0.21800700625 0.8841154375 0.24338258281249997 0.8889900296875 0.2493043109375 0.90412958125 0.2582161859375 0.9194122437500001 0.2601919921875 0.9354402500000001 0.25833331875 0.94487339375 0.25320305468750004
0 0.9803431359375001 0.29392225 0.9657193578125 0.276157065625 0.9568019890624999 0.2724340234375 0.9378492265625 0.2707396609375 0.9207031999999999 0.27835005625 0.9142812765624999 0.2989882546875 0.926209871875 0.3182192296875 0.9347545671875 0.32385950937499997 0.950037225 0.32583531875 0.9610475359375 0.32499098593750003 0.9704806828124999 0.319860715625 0.98005693125 0.30779438593749997 0.9803431359375001 0.29392225
0 0.893578415625 0.26909817343750003 0.8844314734375001 0.2603563015625 0.8755141046875 0.256633259375 0.8542388328125 0.25448744687499997 0.8367201312500001 0.2640150859375 0.8302117390625 0.27269838750000003 0.8307573500000001 0.2946909359375 0.8511441718749999 0.30760729375 0.871071853125 0.31048600625 0.8891927984375 0.3040599515625 0.895328515625 0.297293890625 0.8986825796875 0.2800387265625 0.893578415625 0.26909817343750003
0 0.8146995125000001 0.2657037515625 0.8047207546875 0.248841471875 0.796176059375 0.24320118750000003 0.7802911546875 0.23812379374999998 0.7629155562500001 0.2407153640625 0.75617759375 0.2443798390625 0.750041878125 0.2511459015625 0.7470604875 0.26648382656249997 0.75898908125 0.2857148 0.767533778125 0.2913550796875 0.782816434375 0.293330890625 0.7988444421875001 0.2914722140625 0.8086502609374999 0.2844247078125 0.8146995125000001 0.2657037515625
0 0.7102431546875 0.22649752343750001 0.6846955328125001 0.22153156875 0.6648543171875 0.23060775625000002 0.65880506875 0.24932871093750003 0.66608864375 0.267656784375 0.6835507093750001 0.277020109375 0.6941883437499999 0.27809301406250003 0.7075211640625 0.2777001296875 0.719649496875 0.2711040734375 0.7265305640624999 0.2605035328125 0.7287666078124999 0.24900008749999997 0.7102431546875 0.22649752343750001
0 0.641629209375 0.226093253125 0.6309051046875 0.21306545312499997 0.6010851374999999 0.20527935312499998 0.5839391109375 0.21288975 0.5804985796875 0.218190021875 0.57760365625 0.2454828421875 0.5824782484375 0.25140457031249996 0.5956679640625 0.25794775 0.61791815625 0.2612779125 0.63334391875 0.25631765156249997 0.639479634375 0.249551590625 0.6447835343749999 0.234665115625 0.641629209375 0.226093253125
0 0.51747474375 0.1890271390625 0.4945656703125 0.2014863578125 0.4911251390625 0.206786628125 0.49121160625 0.2187415203125 0.496315771875 0.22968207812500002 0.5097350609375 0.24124408593750002 0.5319852515625 0.24457424687499998 0.5474110109375 0.2396139875 0.5566145875 0.22946489374999998 0.5592233046875 0.2160442078125 0.5406998515625 0.1935416421875 0.51747474375 0.1890271390625
0 0.4730041921875 0.21321267812500003 0.47366307343749997 0.197423303125 0.459039296875 0.1796581234375 0.4524444359375 0.176386528125 0.42884665 0.1737892671875 0.4143958125 0.17993387031250002 0.40826009374999994 0.18669993125 0.40685586406249996 0.20632378906249998 0.4172072953125 0.2212688296875 0.4257519921875 0.226909115625 0.4456796734375 0.22978782187500002 0.45436747187500004 0.2284920375 0.46956366093749996 0.21851294999999998 0.4730041921875 0.21321267812500003
0 0.3900526796875 0.18117108906249998 0.37737873906249997 0.1657745984375 0.3475587703125 0.1579885046875 0.3304127390625 0.1655988984375 0.32390435 0.1742822 0.3216683078125 0.1857856421875 0.3335969 0.205016615625 0.342141596875 0.21065689999999998 0.36206927968749997 0.2135356078125 0.36806189375 0.2137056109375 0.3825127359375 0.207561009375 0.3893937984375 0.1969604640625 0.3900526796875 0.18117108906249998
0 0.3027155453125 0.1840912828125 0.30606961093749996 0.1668361140625 0.28949599375 0.14670224375000002 0.27361109375 0.14162484687500002 0.2616258609375 0.1412848390625 0.247175021875 0.1474294421875 0.24103930468749998 0.15419550312500002 0.2376852390625 0.17145067187500002 0.24083956718750002 0.180022534375 0.25620869218750003 0.1939532359375 0.278458884375 0.19728339374999998 0.289469190625 0.19643905781249998 0.2962071578125 0.192774584375 0.3027155453125 0.1840912828125
0 0.2205093796875 0.1482152109375 0.2078354375 0.13281871875 0.1849830015625 0.1263869765625 0.1726251 0.1279642015625 0.1604967671875 0.134560259375 0.1540748453125 0.1551984578125 0.15527933437500002 0.16140162656249998 0.1702757875 0.17724957187499998 0.18750828125000002 0.18159406718749999 0.19814591875 0.1826669765625 0.2149192734375 0.1769738203125 0.22291835624999998 0.16062155625000002 0.2205093796875 0.1482152109375
0 0.2459169265625 0.24069990312499998 0.2524253203125 0.23201660156249998 0.252711528125 0.2181444671875 0.24236009531249997 0.20319942656249998 0.231865559375 0.19519045 0.20594526875 0.19214173750000002 0.1880538890625 0.2035866140625 0.1846133578125 0.2088868875 0.18432715156249999 0.22275901875 0.18748148125 0.23133088281249997 0.198578259375 0.24244144374999999 0.20517311875000002 0.24571303437499997 0.225100796875 0.2485917453125 0.23378859687500003 0.2472959609375 0.2459169265625 0.24069990312499998
0 0.33084508281249997 0.2253733671875 0.32402065 0.21708295 0.31315344375 0.21099121406250002 0.2968958671875 0.20783106093749998 0.2751048203125 0.2145385578125 0.2685964265625 0.223221859375 0.265987709375 0.23664254375 0.27986614374999996 0.2582422078125 0.3040661703125 0.263941059375 0.324136953125 0.2598837 0.3333405265625 0.24973460625000002 0.33557656874999997 0.23823116406249997 0.33084508281249997 0.2253733671875
0 0.419932315625 0.25064889687499997 0.41872782343750004 0.24444572187500002 0.4014088625 0.2281463296875 0.3781837515625 0.223631825 0.358342540625 0.2327080125 0.3522932875 0.25142896875 0.361899371875 0.2702084890625 0.37471641875 0.2786689140625 0.38767656562499997 0.2801932734375 0.3986868734375 0.2793489390625 0.41620557812500003 0.26982130312499997 0.42001878281250005 0.2626037921875 0.419932315625 0.25064889687499997
0 0.5063243625 0.2773902125 0.5074423828125 0.27163849375 0.5027108921875 0.258780696875 0.49588646406250003 0.25049028125 0.48306941718749996 0.2420298546875 0.4714568640625 0.23977260312499998 0.447343303125 0.246028646875 0.44158026093749997 0.25087747031249996 0.43664903437499997 0.2638467 0.4394306859375 0.2743358078125 0.449782115625 0.2892808484375 0.4563769765625 0.2925524390625 0.47862716406250005 0.2958825953125 0.4967481109375 0.289456546875 0.5063243625 0.2773902125
0 0.58993475625 0.2936424265625 0.5914254515625 0.2859734640625 0.5886438 0.27548436249999997 0.57559718125 0.262005109375 0.5504222375000001 0.2551219171875 0.5309536968749999 0.26228086093749997 0.5244453078125 0.2709641640625 0.5225819390625001 0.280550365625 0.5294928359375 0.3007956765625 0.5469549015624999 0.310159003125 0.5575925390625 0.311231909375 0.5736205453125 0.30937323437500003 0.5803585046874999 0.3057087609375 0.58993475625 0.2936424265625
0 0.666664084375 0.320495184375 0.6731724765625 0.311811884375 0.6754085203125 0.30030843906250004 0.6742040312500001 0.294105265625 0.6634799265625 0.281077465625 0.6549352296875 0.275437184375 0.6363551421875 0.27182558125 0.6168866015625001 0.278984525 0.6107508859374999 0.28575058750000004 0.6081421687499999 0.2991712734375 0.61542574375 0.3174993421875 0.632887809375 0.32686266875 0.6412029328125 0.3274841234375 0.6518405703125 0.3285570328125 0.666664084375 0.320495184375
0 0.7458590296875001 0.340863325 0.752969665625 0.3352816109375 0.7594780546875 0.3265983046875 0.7617140984375 0.3150948640625 0.7517353421874999 0.2982325796875 0.7389182984375 0.289772159375 0.7249832296875 0.28706345624999996 0.7176430265625 0.2876263453125 0.7028195109375 0.295688190625 0.6963111171875 0.3043714921875 0.694820421875 0.3120404546875 0.697602078125 0.3225295578125 0.70600366875 0.3351059078125 0.7145483640625 0.34074619375 0.7321535359375 0.34317345 0.7458590296875001 0.340863325
0 0.8453244921874999 0.33134707812499997 0.8421701671875 0.322775215625 0.8268010390624999 0.3088445125 0.8202061828125 0.30557292343750003 0.8035759312499999 0.304330009375 0.7837347171875 0.31340619531249997 0.7802941859375 0.3187064671875 0.7788899578125 0.338330321875 0.7853417171875 0.34853798281250004 0.7981587578125 0.35699840781250003 0.82040895 0.36032856406249997 0.8290967531250001 0.3590327796875 0.841970428125 0.34860224375 0.8453244921874999 0.33134707812499997
0 0.9103846328125 0.3748335421875 0.9225129640624999 0.368237490625 0.9289348859375 0.3475992921875 0.9238307265625 0.336658740625 0.910411434375 0.325096728125 0.9038165781249999 0.32182513749999997 0.884863815625 0.32013077343749996 0.8731081578125 0.3248095875 0.8642772546874999 0.3330414421875 0.86046405 0.3402589546875 0.8609231906250001 0.35029660625000003 0.8660273546875 0.361237159375 0.8751742968749999 0.369979028125 0.881769153125 0.373250621875 0.9016968343749999 0.376129328125 0.9103846328125 0.3748335421875
0 0.9583553796875 0.407039446875 0.9456814375 0.3916429546875 0.9228290046875 0.38521120781249996 0.9060556515625 0.3909043640625 0.8972247484375 0.399136215625 0.8926661953125 0.4101882109375 0.90189960625 0.43088497343750004 0.9170391578125001 0.4397968453125 0.92999930625 0.44132120468749997 0.9383144328125 0.441942659375 0.9558331328125 0.4324150234375 0.961137034375 0.41752854843750004 0.9583553796875 0.407039446875
0 0.8620442421875 0.4251275578125 0.8691548812500001 0.41954583906250004 0.8756632703125 0.4108625375 0.875949478125 0.3969904015625 0.8708453140625 0.3860498484375 0.8593758593749999 0.37685653124999996 0.852781 0.3735849390625 0.8338282390625 0.3718905765625 0.8193773999999999 0.3780351796875 0.8132416812500001 0.384801240625 0.809428475 0.392018753125 0.8095149421875 0.4039736484375 0.8179165375 0.41655 0.8307335796875 0.42501042031249997 0.8483387515624999 0.4274376796875 0.8620442421875 0.4251275578125
0 0.780037815625 0.36342445625 0.77149311875 0.35778417500000004 0.7529130312500001 0.354172571875 0.7303766328125 0.364714546875 0.7243273859375 0.3834355015625 0.729058871875 0.39629329687500003 0.736255978125 0.402666475 0.7471231859375 0.40875820625000003 0.7647283515625001 0.411185465625 0.7761113374999999 0.4084238921875 0.7859171578125 0.40137638437499995 0.7923390828125 0.3807381875 0.780037815625 0.36342445625
0 0.7091878296874999 0.37452362968749997 0.7091013625 0.36256873437500003 0.6944775812499999 0.344803553125 0.6878827249999999 0.3415319609375 0.6642849390625 0.338934696875 0.646393565625 0.35037957343750004 0.642953034375 0.35567984375 0.642294153125 0.37146921875 0.6487459078125 0.38167687968749997 0.663512790625 0.3925059921875 0.6811179625 0.39493325156250003 0.689805759375 0.3936374671875 0.70500195 0.3836583796875 0.7091878296874999 0.37452362968749997
0 0.5756568515625 0.323696821875 0.5581381515625 0.3332244578125 0.55357959375 0.3442764515625 0.5556159015625 0.358600034375 0.56206765625 0.3688076953125 0.5729348625 0.37489942656249997 0.5975075624999999 0.3786810359375 0.6163738578125 0.3684205046875 0.6227957796875 0.3477823078125 0.601949815625 0.3248282953125 0.5856922421874999 0.32166814375 0.5756568515625 0.323696821875
0 0.5090493781250001 0.3067702796875 0.48702875937499995 0.3084589453125 0.47183256875 0.31843803125000003 0.470055665625 0.3399791296875 0.4784572609375 0.35255548124999997 0.48700195781250005 0.35819576249999996 0.5138971734375 0.3624288234375 0.527000421875 0.3570171125 0.536204 0.34686801875 0.5395580640625 0.3296128546875 0.5222390984375 0.3133134625 0.5090493781250001 0.3067702796875
0 0.4448508890625 0.3022500796875 0.4320338421875 0.2937896578125 0.41113124531249995 0.2897266046875 0.3882221734375 0.3021858171875 0.3847816421875 0.307486090625 0.3844954359375 0.321358225 0.3895996 0.3322987796875 0.40106905312499996 0.34149209687500004 0.4279642640625 0.3457251578125 0.4433900265625 0.3407648984375 0.4525936 0.330615803125 0.45520231562499996 0.317195121875 0.4448508890625 0.3022500796875
0 0.35977963281249997 0.324512684375 0.3659153484375 0.31774662187499997 0.368151390625 0.3062431765625 0.365369740625 0.295754075 0.3546456359375 0.2827262734375 0.343778428125 0.2766345421875 0.322503153125 0.274488728125 0.30228926875 0.28548215312499997 0.2984760640625 0.292699665625 0.29856253125 0.3046545609375 0.3056165328125 0.3179638046875 0.312813634375 0.32433698125 0.33701366093749996 0.33003583281250004 0.3530416703125 0.32817715937499997 0.35977963281249997 0.324512684375
0 0.2806413234375 0.2852535828125 0.2663902171875 0.2655711578125 0.24121527343750002 0.2586879640625 0.2217467328125 0.265846909375 0.21523834375 0.2745302125 0.21225695312499998 0.2898681359375 0.2245582203125 0.3071818671875 0.23310291562500002 0.3128221515625 0.2530305984375 0.3157008578125 0.26171839375 0.3144050734375 0.273846728125 0.30780901875 0.281100465625 0.2952912359375 0.2806413234375 0.2852535828125
0 0.1986080921875 0.2732872984375 0.197403603125 0.2670841296875 0.182779821875 0.24931894375 0.174235125 0.24367866249999998 0.1552823640625 0.24198429843749997 0.1381363375 0.24959469531249998 0.1316279484375 0.258277996875 0.12939190625000002 0.2697814421875 0.1413204984375 0.2890124125 0.1564600546875 0.2979242875 0.1647751796875 0.2985457421875 0.178108 0.29815285937499997 0.19023632968749998 0.2915568046875 0.1986080921875 0.2732872984375
0 0.22086131406249998 0.357200128125 0.22616521562499997 0.342313653125 0.2233835640625 0.3318245515625 0.21265945937500003 0.31879675 0.2041147625 0.3131564703125 0.187857184375 0.3099963171875 0.166066134375 0.3167038109375 0.15993041875 0.3234698734375 0.157321703125 0.3368905546875 0.160103353125 0.3473796609375 0.168877621875 0.3580387671875 0.17742231718749998 0.363679053125 0.19735 0.36655776093750003 0.21509826875 0.36204895000000004 0.22086131406249998 0.357200128125
0 0.281130296875 0.32613709218750003 0.26143218749999997 0.32827720781249997 0.24930385937500002 0.334873265625 0.242509259375 0.3574287015625 0.2548105265625 0.37474243125 0.263355221875 0.3803827171875 0.27863788437500003 0.382358525 0.2946658890625 0.38049985 0.304471709375 0.3734523421875 0.3108936296875 0.3528141484375 0.300914875 0.3359518640625 0.281130296875 0.32613709218750003
0 0.39691300625000003 0.38147270624999996 0.398776375 0.371886503125 0.394044884375 0.35902870781249996 0.3809982703125 0.34554945937500003 0.35777315781249996 0.3410349546875 0.338304621875 0.348193896875 0.3321689015625 0.354959959375 0.3288148375 0.3722151265625 0.3387935953125 0.3890774078125 0.351610640625 0.3975378328125 0.3622482734375 0.3986107375 0.37827628281250003 0.3967520640625 0.39040461249999997 0.39015600625 0.39691300625000003 0.38147270624999996
0 0.4622861546875 0.3613502234375 0.43868836875 0.35875295937499996 0.418474484375 0.369746384375 0.416324909375 0.393204721875 0.42472650312500004 0.405781071875 0.43327119999999997 0.41142135468749996 0.4555213875 0.4147515125 0.4692268828125 0.412441390625 0.47903270625000005 0.4053938828125 0.485081953125 0.3866729296875 0.47083085156250004 0.3669905046875 0.4622861546875 0.3613502234375
0 0.5451244 0.4311737328125 0.5595752421875 0.4250291296875 0.570642184375 0.40529383281250003 0.5698103703124999 0.3971734203125 0.5610361015625001 0.386514309375 0.5462692234375 0.37568519375 0.5369791796875 0.3738793921875 0.5196035796875 0.3764709625 0.5101704359375 0.38160122812499997 0.503662040625 0.39028453281250003 0.5014259984375 0.40178797499999996 0.5061574890625 0.4146457703125 0.5129819171875 0.42293618750000006 0.523849125 0.42902791875 0.5368092718749999 0.43055227656249995 0.5451244 0.4311737328125
0 0.638770184375 0.44539727031250004 0.6539663765625 0.435418184375 0.65815225625 0.426283428125 0.6580657890625 0.41432853593749996 0.6453918437499999 0.3989320453125 0.636847146875 0.393291759375 0.620589575 0.3901316078125 0.61055418125 0.3921602890625 0.5953579921875 0.40213937499999997 0.59191745625 0.407439646875 0.5905132328125 0.427063503125 0.593065315625 0.432533778125 0.603559846875 0.440542753125 0.6101547078125 0.44381434375 0.630082384375 0.4466930546875 0.638770184375 0.44539727031250004
0 0.73935366875 0.43012929843750003 0.7247298921875001 0.41236411874999995 0.7138626859375 0.40627238437499996 0.7045726421875 0.4044665828125 0.689519553125 0.407509603125 0.6800864078125 0.4126398671875 0.6735780140625 0.42132316718749996 0.671341971875 0.4328266125 0.6741236265625 0.4433157171875 0.687170240625 0.45679496718749996 0.71137026875 0.46249381874999995 0.7173628828124999 0.462663821875 0.73525425625 0.45121894687499997 0.73935366875 0.43012929843750003
0 0.8168849828125 0.43425661406250005 0.8040679359375 0.42579618750000003 0.7854878484375 0.42218458437499995 0.7656466390625 0.4312607703125 0.75951091875 0.43802683125 0.7557841796875 0.4571992390625 0.76455845 0.4678583515625 0.777375496875 0.47631877187500005 0.7973031734375 0.4791974828125 0.8032957875 0.47936748749999997 0.8208144921875 0.46983985156249997 0.825286578125 0.4468329640625 0.8168849828125 0.43425661406250005
0 0.9116786234375001 0.47357428281249997 0.9076924796875 0.45688200625000003 0.9008680515625 0.44859158906249996 0.8880510062500001 0.44013116406249997 0.8717934312500001 0.4369710109375 0.8617580390624999 0.4389996921875 0.8465618484374999 0.44897877812500003 0.8412579484375 0.463865253125 0.8459894359375 0.47672304531250004 0.8547637031249999 0.4873821578125 0.8739460375 0.494095346875 0.8896013703125 0.49415391406250003 0.90442488125 0.486092065625 0.9116786234375001 0.47357428281249997
0 0.939521953125 0.5287285015625 0.9311203578124999 0.5161521546875 0.9225756609375001 0.5105118703125 0.9136582921875 0.5067888296875 0.8993505546874999 0.5059973671875 0.87644148125 0.518456584375 0.8719693953125001 0.541463471875 0.88696585 0.5573114140625 0.9111658796875 0.5630102609375001 0.9171584921875 0.5631802687499999 0.9350498671875 0.5517353890625001 0.9384903984375 0.5464351203125 0.939521953125 0.5287285015625
0 0.81806266875 0.49019660312499996 0.7924584140625 0.5041216093750001 0.790681515625 0.5256627078125 0.8080004765625001 0.5419621 0.8275554843749999 0.5467580453124999 0.8385657921874999 0.5459137140625 0.8506941250000001 0.5393176578125 0.8575751875 0.5287171125000001 0.85786139375 0.51484498125 0.8432376171874999 0.49707979687500004 0.81806266875 0.49019660312499996
0 0.7723011640624999 0.4962240734375 0.7677992453125 0.48838510625 0.7549821984375 0.47992468125 0.7460648296875 0.476201640625 0.7294345812499999 0.47495872656250004 0.7095933671875 0.4840349125 0.7057801609375 0.491252425 0.70474860625 0.5089590421875 0.7154727109375 0.5219868437499999 0.7240174078125 0.527627125 0.7462676 0.53095728125 0.767456403125 0.521148203125 0.771269609375 0.5139306921875 0.7723011640624999 0.4962240734375
0 0.684218684375 0.5029787453125001 0.689149909375 0.490009515625 0.6838161765625 0.47405013125 0.6713718046875 0.46367246562500003 0.6508418812500001 0.4576921734375 0.6294235078125 0.46248242968750003 0.6232877875 0.46924849062499996 0.6191883765624999 0.49033813437499996 0.6295398062500001 0.505283178125 0.638084503125 0.510923459375 0.6506719765625 0.514365059375 0.66902249375 0.5129578359375 0.6784556421875 0.50782756875 0.684218684375 0.5029787453125001
0 0.5854389 0.44696880156249996 0.5649089765624999 0.440988509375 0.5498558874999999 0.44403152968750004 0.5404227421875001 0.44916179375 0.5342870265624999 0.45592785625000004 0.5316783093749999 0.469348540625 0.5383596328125 0.4845750265625 0.547506575 0.49331689375 0.5693840921875 0.49856429531249996 0.5803944046875 0.4977199609375 0.595590590625 0.4877408734375 0.6020125171874999 0.46710267656250004 0.5854389 0.44696880156249996
0 0.45718502031249997 0.4309923390625 0.4510493015625 0.4377584 0.44769523749999995 0.455013565625 0.452426728125 0.46787136250000005 0.4615736703125 0.4766132296875 0.46816853125 0.4798848203125 0.4880962078125 0.48276353125 0.5092850125 0.4729544484375 0.5160796125 0.4503990125 0.49950599531249995 0.4302651375 0.48129858125 0.4247362953125 0.45718502031249997 0.4309923390625
0 0.4194226 0.420667546875 0.40892806718749997 0.41265857187500005 0.385330284375 0.4100613109375 0.3654890703125 0.419137496875 0.361675865625 0.42635500937500004 0.361016984375 0.442144384375 0.3733182515625 0.45945811406250003 0.3818629484375 0.4650983953125 0.4017906296875 0.46797710625000005 0.41047842812499996 0.4666813203125 0.426047290625 0.45478499531249994 0.4297740296875 0.4356125875 0.4194226 0.420667546875
0 0.34048706093750003 0.4361640875 0.343841125 0.4189089234375 0.3315398578125 0.40159519218749995 0.3229951625 0.39595490624999996 0.2943796828125 0.3943719859375 0.284946534375 0.39950225 0.2757429609375 0.40965134374999995 0.2750840796875 0.42544071875 0.287385346875 0.44275444999999997 0.29593004375 0.44839473124999996 0.3112127015625 0.4503705390625 0.3222230140625 0.44952620625 0.3343513421875 0.4429301484375 0.34048706093750003 0.4361640875
0 0.25148629843750003 0.42284345468750006 0.25492683125000004 0.4175431828125 0.25558571093750004 0.4017538078125 0.2452342796875 0.3868087671875 0.23668958281250002 0.3811684859375 0.21578698125 0.37710543125 0.1963184453125 0.384264375 0.1901827265625 0.3910304359375 0.1872013359375 0.40636835937500004 0.19035566406249999 0.4149402234375 0.2034022796875 0.428419475 0.2076746296875 0.431239615625 0.22760230625000002 0.434118325 0.2335949203125 0.4342883296875 0.25148629843750003 0.42284345468750006
0 0.1573515359375 0.3677364125 0.1368216109375 0.36175611875 0.11772574531249999 0.36699782187499996 0.10889484687499999 0.375229671875 0.1043362921875 0.3862816671875 0.10869510625 0.40105670312499997 0.11746937500000001 0.41171580937499996 0.130659090625 0.418258996875 0.141296728125 0.4193319015625 0.1523070390625 0.418487565625 0.167130553125 0.41042571875 0.173925153125 0.38787028281249997 0.1573515359375 0.3677364125
0 0.20185495000000003 0.45497940000000003 0.1895536828125 0.43766566874999996 0.182958821875 0.43439407656249995 0.15471601562499998 0.43089391250000003 0.142587684375 0.43748996562500003 0.13607929375 0.44617327187500005 0.1346750671875 0.4657971265625 0.149671521875 0.4816450671875 0.17387155 0.4873439171875 0.1848818578125 0.4864995828125 0.1973828640625 0.4779862875 0.20082339531249999 0.4726860140625 0.20185495000000003 0.45497940000000003
0 0.28704250625 0.47551754687500003 0.28426085625 0.465028440625 0.2754865875 0.45436933437500004 0.26461938125 0.44827759843750004 0.2506843125 0.4455688953125 0.2333087171875 0.448160465625 0.2200623640625 0.4605082421875 0.217453646875 0.473928928125 0.22023530156249999 0.4844180296875 0.2356044265625 0.49834873125 0.2601771265625 0.50213034375 0.26886492500000003 0.5008345578125 0.28136593125 0.49232126093749995 0.28704250625 0.47551754687500003
0 0.3738072296875 0.500341625 0.374466109375 0.48455225 0.365691840625 0.47389313906249997 0.3528747953125 0.4654327125 0.3342947078125 0.46182110937500004 0.3192416234375 0.46486413125 0.3086904515625 0.4757461171875 0.30533638750000003 0.49300128125000003 0.3104405515625 0.5039418390625 0.3261823546875 0.515955296875 0.34843254687499997 0.519285459375 0.35442515937499997 0.5194554625000001 0.369994025 0.5075591375 0.3738072296875 0.500341625
0 0.4152099171875 0.4795391171875 0.3976912171875 0.48906675312500003 0.39516896875 0.5144423296875 0.4078429078125 0.5298388218750001 0.4320429359375 0.535537671875 0.4457484328125 0.5332275484375 0.45555425468750005 0.526180040625 0.46234885156249994 0.503624603125 0.4519974203125 0.4886795640625 0.44345272343750003 0.48303927812499997 0.4152099171875 0.4795391171875
0 0.5274357921874999 0.497374253125 0.5065331937499999 0.49331120000000006 0.4964978015625 0.49533988124999995 0.48399679687499997 0.5038531749999999 0.4805562640625 0.509153446875 0.47989738437499996 0.5249428218750001 0.4830517140625 0.5335146859375001 0.4984208375 0.5474453875 0.5206710296875 0.55077554375 0.5418598328125 0.5409664656250001 0.5486544296875 0.5184110296875 0.5402528375 0.5058346796875 0.5274357921874999 0.497374253125
0 0.625470228125 0.5572186796875 0.631978621875 0.5485353749999999 0.6349600125 0.5331974515625 0.632780603125 0.525809934375 0.6156912109375 0.51452936875 0.5924660984375001 0.5100148640625 0.5801081984375001 0.5115920953125 0.5706750484375 0.516722359375 0.5642531265625 0.5373605578125 0.5670347812500001 0.547849659375 0.5758090453125 0.5585087703125 0.5843537421875 0.5641490515625 0.5996364 0.5661248578125 0.607951528125 0.5667463171875 0.625470228125 0.5572186796875
0 0.666041103125 0.5282957609375 0.6539127734375 0.534891815625 0.65101785 0.562184634375 0.6683368093750001 0.5784840265625 0.6929095125 0.582265634375 0.714470990625 0.5705393125 0.7169932390625 0.545163734375 0.7101688109375 0.5368733171875 0.6950292546875 0.52796144375 0.6834167015625 0.5257041921875001 0.666041103125 0.5282957609375
0 0.796474390625 0.5516597390625 0.7856071828125 0.5455680093749999 0.771672115625 0.54285930625 0.7593142140625 0.5444365328125 0.7417955140625 0.55396416875 0.7373234281250001 0.57697105625 0.741825346875 0.5848100265625 0.75426971875 0.5951876921875 0.783487440625 0.5998722 0.7921752421875 0.5985764140625001 0.8023537359375 0.5896116671875 0.8052486578125 0.56231885 0.796474390625 0.5516597390625
0 0.8865365390625 0.5781196140625 0.877762275 0.567460503125 0.8552825109375 0.5591115203125 0.8379069140625001 0.561703090625 0.8254059093749999 0.5702163828125 0.8216791703125 0.5893887906249999 0.8316579265625 0.6062510703124999 0.8402026234375001 0.61189135625 0.8601303 0.6147700625 0.86612291875 0.6149400703125 0.8805737578124999 0.6087954625 0.8905226828125 0.5948118890625 0.8865365390625 0.5781196140625
0 0.901392925 0.6814862953125 0.9108260687499999 0.6763560296875 0.9169617875 0.66958996875 0.9203158531250001 0.6523348015625 0.9171615234375 0.6437629375 0.904114909375 0.6302836859375 0.8859074953125001 0.6247548421875 0.87354959375 0.626332075 0.8614212609375 0.632928128125 0.8549128671874999 0.6416114328125 0.853422171875 0.6492803953124999 0.8538813171875 0.659318046875 0.8665552578125 0.6747145390625 0.8774224640625 0.6808062734375 0.8880601015625 0.681879178125 0.901392925 0.6814862953125
0 0.8224543499999999 0.616400165625 0.7996019171875 0.6099684187500001 0.789566525 0.6119971 0.7747430093750001 0.6200589453124999 0.7713024765625 0.62535921875 0.7698982484375 0.6449830734375 0.778299840625 0.6575594234375 0.7868445359375 0.6631997078125 0.8114172375 0.6669813140625 0.8201050390625 0.6656855312500001 0.8326060421875001 0.657172234375 0.8355009640625 0.6298794171875 0.8224543499999999 0.616400165625
0 0.7299265859374999 0.59642490625 0.7040062890625001 0.5933761953125 0.6891827734375 0.6014380421875 0.682388178125 0.623993478125 0.6923669343750001 0.6408557578125 0.70091163125 0.6464960421875 0.7208393125 0.64937475 0.7318496203125 0.648530415625 0.7470458109375 0.6385513281249999 0.749940734375 0.611258509375 0.7431163062499999 0.6029680921875 0.7299265859374999 0.59642490625
0 0.6641807640625 0.61846463125 0.6655849921875 0.5988407765625 0.6591332375000001 0.5886331171875 0.6459435171875 0.5820899359375 0.6177007109375 0.5785897703125 0.6059450578125001 0.5832685843750001 0.5998093375 0.5900346453124999 0.5976597625 0.6134929828125 0.6083838671875 0.6265207828125 0.6169285624999999 0.63216106875 0.6345337343749999 0.6345883265625 0.6505617390625 0.6327296515625 0.6607402328124999 0.6237649046875 0.6641807640625 0.61846463125
0 0.572112140625 0.6085270281249999 0.5786205328125 0.599843728125 0.58122925 0.5864230421875 0.5800247609375 0.5802198734374999 0.573200328125 0.5719294515625 0.5557382625 0.5625661265625 0.544125709375 0.560308875 0.5240549265625 0.5643662375 0.5169442906249999 0.5699479515625 0.51052236875 0.59058615 0.5224509625 0.60981711875 0.5333181687499999 0.6159088546875 0.5462783156250001 0.6174332109375 0.5623063203124999 0.6155745359375 0.572112140625 0.6085270281249999
0 0.49194228124999995 0.586974546875 0.49334650937499996 0.5673506890625 0.4888445859375 0.559511721875 0.4740777078125 0.54868260625 0.45782013125 0.545522453125 0.443139715625 0.5466482296875 0.4337065703125 0.5517784984375 0.426825503125 0.5623790390625001 0.42774378906250005 0.582454346875 0.4450627546875 0.5987537406250001 0.4673129453125 0.602083896875 0.4760007421875 0.6007881109375 0.48850175 0.5922748140625 0.49194228124999995 0.586974546875
0 0.406668253125 0.5544815062499999 0.396316821875 0.5395364640625 0.3877721265625 0.5338961796875 0.35952932031249996 0.5303960140624999 0.347773665625 0.535074834375 0.34163794531249997 0.5418408953125 0.33753853437500003 0.5629305375 0.352162315625 0.5806957234375 0.37636234375 0.5863945703125 0.392763021875 0.5826186578125 0.39987365625 0.5770369421875 0.406382046875 0.5683536375 0.406668253125 0.5544815062499999
0 0.3135680796875 0.5622505171875 0.319617328125 0.543529559375 0.3164629984375 0.534957696875 0.3014665484375 0.5191097546875 0.2902266671875 0.5149352640625 0.27359641562500003 0.51369235 0.2645359453125 0.516905375 0.25533236718749996 0.5270544687500001 0.25189183593750003 0.5323547421875 0.25123295625000003 0.5481441171875 0.2615843859375 0.5630891578125 0.2701290828125 0.5687294374999999 0.292379275 0.5720596 0.30106707187500004 0.570763815625 0.3135680796875 0.5622505171875
0 0.23053009375000003 0.5182540312499999 0.221755828125 0.5075949265624999 0.21088861875 0.5015031890625 0.1946310453125 0.49834303750000003 0.1799506296875 0.49946881875000004 0.1670769484375 0.509899353125 0.164554703125 0.5352749328125 0.1818736640625 0.551574321875 0.20412385624999999 0.554904484375 0.21782935 0.552594359375 0.22800784843750002 0.5436296140625 0.232939075 0.530660378125 0.23053009375000003 0.5182540312499999
0 0.079739821875 0.5128195453125 0.0982632703125 0.5353221078125 0.1228359703125 0.5391037203125 0.14132959218750002 0.530760428125 0.1497013546875 0.512490925 0.14691970000000001 0.5020018171875 0.138145434375 0.49134271093750004 0.11139332500000002 0.480173584375 0.0865344171875 0.49026410781249996 0.079739821875 0.5128195453125
0 0.178003825 0.577682796875 0.16607523125 0.5584518265625 0.1435954671875 0.5501028390625 0.1238973578125 0.552242959375 0.1113963546875 0.56075625625 0.10766961718750001 0.5799286609375 0.11959820937500001 0.5991596343750001 0.135110440625 0.6061542656250001 0.1434255640625 0.606775725 0.1567583859375 0.6063828421874999 0.1688867140625 0.5997867828125 0.17576778125 0.5891862421875 0.178003825 0.577682796875
0 0.2651412171875 0.600589634375 0.26078240468749997 0.5858146 0.253957971875 0.5775241828125 0.2411409296875 0.56906375625 0.2248833515625 0.565903603125 0.21754314375 0.566466490625 0.1996517703125 0.577911371875 0.195179684375 0.6009182578125001 0.20358127812500001 0.613494609375 0.221043346875 0.62285793125 0.22935846875000002 0.6234793890625 0.23767359687499998 0.6241008453125 0.25444695 0.6184076875 0.2651412171875 0.600589634375
0 0.3529374953125 0.6077070984375 0.3425860640625 0.59276205625 0.33404136875 0.5871217718749999 0.303476053125 0.58317015625 0.287534515625 0.5969837265625 0.285012265625 0.6223593046875 0.2898868578125 0.6282810296875 0.3050264140625 0.6371929062499999 0.32263158125 0.6396201625 0.3363370765625 0.6373100375 0.34883808437499997 0.6287967421875 0.3530239625 0.6196619906249999 0.3529374953125 0.6077070984375
0 0.4114295765625 0.598185153125 0.38978163125 0.5979565828125 0.3776532984375 0.6045526390625 0.3742127671875 0.6098529078125 0.3716905171875 0.6352284890625 0.38900948281250003 0.65152788125 0.408937159375 0.6544065875 0.41994747187500003 0.6535622515624999 0.43207580468750006 0.6469661999999999 0.4388704 0.6244107624999999 0.42694180781249996 0.6051797890625 0.4114295765625 0.598185153125
0 0.519096896875 0.6270722875 0.5062798515625 0.6186118625 0.4757145359375 0.614660246875 0.46358620781250004 0.6212563046875 0.460145671875 0.6265565718749999 0.4564189328125 0.6457289796875 0.47067004062500006 0.6654114046874999 0.4749423859375 0.6682315453125 0.49487006874999995 0.671110253125 0.5085755640625 0.668800128125 0.521449240625 0.658369590625 0.523598815625 0.6349112531250001 0.519096896875 0.6270722875
0 0.5821505671875 0.6870810234375 0.6012464296875 0.6818393171875 0.6073821500000001 0.6750732562499999 0.6123133765625 0.6621040218750001 0.6118542359375 0.65206636875 0.6054024765625 0.6418587078125 0.5902629203124999 0.6329468328125001 0.574005346875 0.6297866812499999 0.561647440625 0.6313639109375 0.552214296875 0.6364941765625 0.5460785765625 0.6432602375 0.5427245109375 0.6605154046874999 0.5439290046874999 0.666718575 0.554653109375 0.679746375 0.5738354390625 0.686459565625 0.5821505671875 0.6870810234375
0 0.693315053125 0.6917769203125 0.697128259375 0.684559409375 0.6981598124999999 0.6668527953125001 0.6917080531249999 0.6566451328125 0.6808408484374999 0.6505533984375 0.66960096875 0.64637890625 0.6529707171875 0.6451359937500001 0.6327568328125001 0.656129421875 0.6293163015625 0.6614296953125 0.628284746875 0.679136309375 0.6386361765624999 0.69408135 0.6471808734375 0.6997216359375 0.6671085515625 0.702600340625 0.6858317453125 0.6992758765625 0.693315053125 0.6917769203125
0 0.7644512437500001 0.6668056140624999 0.7412261359375 0.662291109375 0.7186897375 0.6728330875 0.7126404890625 0.691554040625 0.7245690812500001 0.710785015625 0.733113778125 0.7164253 0.7530414609375 0.71930400625 0.76405176875 0.718459671875 0.7761801015625001 0.711863615625 0.7822293484375 0.6931426609375 0.7801930453125 0.6788190765625 0.7644512437500001 0.6668056140624999
0 0.8696529484375001 0.7021773625 0.8530793359375 0.6820434890625 0.8298542234375 0.6775289843750001 0.8198188312499999 0.6795576671875 0.8042499671875 0.6914539921875 0.8005232296875 0.7106264 0.810874659375 0.725571440625 0.8194193578125001 0.7312117203125 0.8439920578125 0.7349933328125 0.8499846718749999 0.7351633359374999 0.8651808624999999 0.7251842500000001 0.868994071875 0.7179667390625 0.8696529484375001 0.7021773625
0 0.8905287453125 0.7559772328125 0.8833316421875 0.7496040546875 0.857411346875 0.7465553390624999 0.844680771875 0.7500498109375 0.834874953125 0.75709731875 0.8307755406249999 0.7781869625 0.8339298656249999 0.7867588249999999 0.8446539703125 0.7997866265625 0.8618864640625 0.804131125 0.88255949375 0.8031753546875 0.8950604999999999 0.79466205625 0.8991599125 0.773572409375 0.8905287453125 0.7559772328125
0 0.8104453515625 0.7463796406250001 0.7970260640625 0.7348176296875 0.78810869375 0.7310945890625 0.7714784421875 0.729851675 0.748569375 0.74231089375 0.7444699625 0.7634005421875 0.7548213890625 0.7783455828125 0.7633660859375 0.7839858625 0.7856162765625 0.7873160234375 0.7993217718750001 0.7850058953125 0.812195453125 0.774575359375 0.8135996765625 0.7549515046875 0.8104453515625 0.7463796406250001
0 0.7197541546874999 0.766555 0.725889875 0.7597889390625 0.7292439390625 0.7425337703125 0.7268349578125 0.7301274265625 0.7219603640625001 0.7242057015625 0.7087706453125 0.7176625140625 0.6901905578124999 0.7140509109375001 0.6778326546875 0.71562814375 0.6653316484375 0.7241414390625 0.658537053125 0.7466968765625001 0.6708383203125 0.7640106062500001 0.684028040625 0.7705537921875 0.6923431640625 0.771175246875 0.702980803125 0.7722481515624999 0.7197541546874999 0.766555
0 0.6409885203125001 0.7253786546875001 0.6397840312499999 0.7191754859375 0.6224650671874999 0.702876090625 0.599239959375 0.6983615859375 0.57939874375 0.707437775 0.5718588015625 0.7338276921875 0.5763607203125 0.7416666578125 0.5888050921875 0.7520443265625001 0.6083600953125 0.7568402734374999 0.6243881015625 0.7549815984375 0.6311260671875 0.7513171234375 0.6372617828125 0.7445510625 0.6409885203125001 0.7253786546875001
0 0.556632778125 0.7129609234375 0.54995145 0.6977344375000001 0.5408045078125 0.6889925703124999 0.51330705 0.6816579203125 0.4903979828125 0.6941171390624999 0.48667124375000004 0.713289546875 0.4966500015625 0.730151828125 0.5117895531250001 0.739063703125 0.522427190625 0.7401366078125 0.538455196875 0.738277934375 0.5478883406249999 0.7331476703125 0.554769409375 0.7225471265625 0.556632778125 0.7129609234375
0 0.43434168125 0.6663086078125 0.4125506296875 0.6730161031249999 0.4064149140625 0.6797821640625 0.4026881765625 0.698954571875 0.4038926640625 0.7051577453125 0.416939278125 0.718636996875 0.44113930625000003 0.72433584375 0.4615827640625 0.71836124375 0.4677184828125 0.7115951828125 0.471072546875 0.69434001875 0.45487160312499997 0.6722889046875 0.43434168125 0.6663086078125
0 0.3821582484375 0.692974278125 0.3847669640625 0.67955359375 0.381612640625 0.6709817296875 0.3708885359375 0.6579539296875 0.364293675 0.6546823390625 0.34069589375 0.652085075 0.3289402359375 0.6567638890625 0.3201093359375 0.66499574375 0.31592345312500003 0.67413049375 0.316009925 0.6860853875 0.3286838640625 0.70148188125 0.3352787203125 0.7047534734374999 0.35752891249999996 0.7080836296874999 0.375649859375 0.7016575796875 0.3821582484375 0.692974278125
0 0.29651155 0.662398478125 0.293357221875 0.6538266140625 0.2845829578125 0.6431675046875001 0.27371575 0.637075775 0.250117965625 0.6344785093749999 0.232226590625 0.645923384375 0.2284133859375 0.653140896875 0.22738183125 0.670847515625 0.2338335875 0.6810551703125001 0.24237828125 0.6866954562500001 0.27159600781250004 0.691379965625 0.287021765625 0.6864197046875 0.29353015937500004 0.677736403125 0.29651155 0.662398478125
0 0.20564741875 0.65866405 0.20788346249999998 0.6471606046875 0.20667896875 0.6409574296875 0.1940050296875 0.6255609390625 0.1761702890625 0.6181148578125 0.1591673640625 0.6187891828125001 0.1474117078125 0.6234680015625 0.1412759875 0.6302340625 0.13717657656249999 0.65132370625 0.1518003578125 0.6690888921875 0.173677871875 0.6743362875 0.1870106921875 0.67394340625 0.199139025 0.66734735 0.20564741875 0.65866405
0 0.1211187390625 0.6223365265624999 0.108072125 0.6088572734375 0.07825215625000001 0.6010711796875 0.057292920312499995 0.6158990875 0.05385238906249999 0.621199359375 0.053566182812499995 0.635071490625 0.0658674484375 0.6523852265625 0.0744121453125 0.65802550625 0.09433982656249999 0.6609042171875 0.11515595781250001 0.653012375 0.121291671875 0.6462463140625 0.1242730625 0.6309083890625 0.1211187390625 0.6223365265624999
0 0.107759115625 0.672466225 0.0844773734375 0.686842684375 0.0830731453125 0.7064665421874999 0.0996467578125 0.7266004109375 0.12421945937500001 0.7303820234375 0.1329072625 0.7290862390624999 0.145035590625 0.72249018125 0.151830190625 0.6999347453125 0.146726025 0.688994190625 0.1333067375 0.6774321796875 0.107759115625 0.672466225
0 0.2313411734375 0.73727660625 0.23784956093749998 0.7285933046874999 0.23850844218749997 0.7128039296875001 0.2353541171875 0.7042320671875 0.2242573390625 0.69312150625 0.2014049015625 0.6866897625 0.18904700000000002 0.6882669890625001 0.1796138546875 0.6933972578125001 0.16929225625 0.7092980703125 0.1693787234375 0.7212529625 0.17778031875 0.7338293124999999 0.18827485156249998 0.7418382875 0.20820253281249998 0.7447169953125 0.21921284062500002 0.7438726640625 0.2313411734375 0.73727660625
0 0.329086371875 0.7304104953125 0.32630471562499996 0.7199213890625 0.3194802875 0.711630971875 0.3109355921875 0.7059906875 0.2923555046875 0.702379084375 0.2728869671875 0.7095380296875 0.263683390625 0.7196871234375 0.2603293265625 0.7369422890624999 0.2687309171875 0.7495186390625 0.2772756125 0.7551589234375 0.3014756453125 0.760857771875 0.3074682578125 0.761027778125 0.322291775 0.7529659328125 0.329086371875 0.7304104953125
0 0.415019275 0.7471141609374999 0.411864946875 0.7385422968750001 0.3945459859375 0.7222429015625 0.37828840937499997 0.7190827484375 0.36593050625 0.7206599796875001 0.3564973578125 0.72579024375 0.34998896875 0.7344735499999999 0.3466349046875 0.7517287125000001 0.3497892296875 0.7603005765625 0.36320852187499997 0.7718625890624999 0.3901037328125 0.7760956453125 0.405902165625 0.769218146875 0.412037884375 0.7624520859375 0.415019275 0.7471141609374999
0 0.5020702015625 0.7580661015625 0.4936686109375 0.7454897515625001 0.485123915625 0.73984946875 0.4785290546875 0.7365778765625 0.461898803125 0.7353349640625 0.4424302671875 0.742493909375 0.4348903234375 0.768883828125 0.4514639359375 0.7890177031250001 0.4760366375 0.7927993109375 0.48472443906249996 0.7915035265625 0.49759811562499995 0.7810729890625 0.501038646875 0.7757727171875 0.5020702015625 0.7580661015625
0 0.5876304375 0.7766870078125 0.5844761078125 0.76811514375 0.5733793296874999 0.7570045828125 0.550526896875 0.7505728390625 0.53547380625 0.753615859375 0.5283631718749999 0.7591975734374999 0.5222274515625001 0.765963634375 0.5192460609375 0.781301559375 0.52885214375 0.8000810828124999 0.5397193546875 0.80617281875 0.557324521875 0.808600075 0.5633171375 0.808770078125 0.5804631625 0.8011596828125 0.5876304375 0.7766870078125
0 0.6661366656250001 0.7819986671875 0.658939559375 0.775625490625 0.6364598 0.767276503125 0.6190842015625 0.7698680734375001 0.6123462390625 0.7735325484375 0.6062105250000001 0.7802986109375001 0.6021111125 0.8013882578124999 0.6186847249999999 0.8215221312500001 0.6432574265625 0.8253037390625 0.651945228125 0.8240079546875 0.666768740625 0.8159461078125 0.670868153125 0.7948564609375001 0.6661366656250001 0.7819986671875
0 0.753819671875 0.8268980499999999 0.755969246875 0.8034397125 0.7528149187500001 0.7948678499999999 0.7456178171875 0.788494671875 0.7154251703125001 0.782625815625 0.7053897796874999 0.7846544984375 0.6901935875 0.794633584375 0.68646685 0.8138059875 0.6896211796875 0.8223778515625 0.70266779375 0.835857103125 0.7199002875 0.8402016015625 0.7305379249999999 0.8412745078125001 0.7432685015625 0.8377800375 0.753819671875 0.8268980499999999
0 0.8442246625 0.8205948281250001 0.8338732312499999 0.8056497874999999 0.8249558609375001 0.8019267453125 0.8013580796875001 0.79932948125 0.7913226875 0.8013581640625 0.781144190625 0.8103229109375001 0.7769583124999999 0.8194576625 0.7770447796875 0.8314125546875 0.7893460453125 0.8487262890625 0.8002132578125 0.8548180203125 0.8131733984375 0.856342378125 0.826506221875 0.8559494953125 0.8420750859374999 0.844053165625 0.8442246625 0.8205948281250001
0 0.7704529531250001 0.9087236375 0.7825812828125 0.9021275796875001 0.7925302078125 0.8881440062499999 0.7920710671875 0.878106353125 0.7908665734375 0.8719031796875001 0.7820923093750001 0.8612440703124999 0.771225103125 0.8551523375000001 0.752645015625 0.8515407343750001 0.7399144375 0.85503520625 0.727040759375 0.8654657421874999 0.723600228125 0.870766015625 0.723314021875 0.884638146875 0.7284181828125 0.8955787031250001 0.7375651249999999 0.9043205703125 0.7617651515625 0.910019421875 0.7704529531250001 0.9087236375
0 0.6868693625 0.842734603125 0.6802745015625 0.8394630109375001 0.656676715625 0.8368657468749999 0.6395306890625 0.84447614375 0.6333949734375001 0.8512422046875001 0.63236341875 0.8689488234375 0.6403923390624999 0.883442415625 0.6532093828125001 0.8919028390625 0.6731370640625001 0.8947815453124999 0.6872152328125 0.8905541796875 0.697393725 0.8815894359374999 0.6995433015625 0.8581310984374999 0.6868693625 0.842734603125
0 0.600936453125 0.8260309375 0.594341596875 0.822759346875 0.5753888359375 0.821064984375 0.5524797625 0.8335242015625 0.54903923125 0.8388244734375 0.5480076765625 0.8565310890625 0.5626314531250001 0.8742962734375 0.5692263140625 0.8775678656249999 0.59147650625 0.880898021875 0.6103428 0.8706374890624999 0.61378333125 0.8653372203125 0.6155602328125 0.8437961234375001 0.600936453125 0.8260309375
0 0.49625355625 0.86238855625 0.514604071875 0.8609813328125 0.5240372171875001 0.8558510671875 0.5305456109375 0.8471677625 0.532781653125 0.8356643203124999 0.530372671875 0.823257975 0.5215984078125 0.81259886875 0.5130537125 0.8069585828125 0.496796134375 0.8037984296875 0.48443823124999996 0.8053756625 0.47230990000000006 0.8119717156249999 0.46617418437499997 0.8187377765624999 0.46319279375000005 0.8340757015625 0.46560177031250005 0.8464820468750001 0.47242620312500005 0.8547724640625001 0.483293409375 0.8608642 0.49625355625 0.86238855625
0 0.408168046875 0.78856055625 0.3852589734375 0.8010197734375 0.38144576875 0.8082372859375001 0.3807868875 0.8240266609375 0.38528880781249997 0.8318656265625 0.39578333906249996 0.8398745999999999 0.4199833703125 0.845573453125 0.4286711671875 0.8442776671875001 0.441172175 0.835764371875 0.4479667703125 0.813208934375 0.431393153125 0.793075059375 0.408168046875 0.78856055625
0 0.36091584062500004 0.802256990625 0.356184353125 0.7893991953125 0.349359921875 0.781108778125 0.340815225 0.77546849375 0.3222351375 0.771856890625 0.3050891109375 0.7794672859375 0.2962582109375 0.7876991421875 0.292904146875 0.8049543046875 0.30715525 0.8246367296875 0.31142759531249997 0.8274568703125 0.32903276875 0.8298841265625001 0.3400430765625 0.829039790625 0.35449391874999997 0.8228951890625 0.36091584062500004 0.802256990625
0 0.2726604265625 0.7851018765625 0.26635177187500003 0.76795815 0.2591546703125 0.7615849734375 0.2316572125 0.754250325 0.2118159984375 0.7633265140625001 0.2030715671875 0.78351325625 0.2093802203125 0.8006569828125001 0.2185271578125 0.8093988546875 0.24077734843749998 0.8127290109375 0.2517876625 0.8118846765625 0.26391598906249997 0.8052886234375001 0.27042438281250003 0.79660531875 0.2726604265625 0.7851018765625
0 0.17528790156250001 0.790050746875 0.18142362031249998 0.7832846859375 0.1844050109375 0.7679467609375 0.1724764140625 0.7487157859375 0.1639317171875 0.7430755062500001 0.14535162968749998 0.739463903125 0.1276033609375 0.7439727140625 0.120492721875 0.749554428125 0.11369812500000001 0.7721098640624999 0.11685245468750001 0.780681728125 0.12794923281249998 0.7917922890625 0.13222157968749998 0.7946124296875 0.1498267484375 0.7970396859375 0.15814187500000002 0.7976611453125 0.17528790156250001 0.790050746875
0 0.09167750625 0.7737985328125 0.09855857031250001 0.7631979890625 0.0988447765625 0.7493258578125 0.0884933453125 0.734380815625 0.0799486484375 0.7287405312499999 0.057096215625 0.7223087890625 0.0399501890625 0.729919184375 0.0307466125 0.7400682749999999 0.0281378953125 0.753488959375 0.03091955 0.7639780640625 0.0396938140625 0.7746371734374999 0.050561021875 0.7807289046875 0.0635211671875 0.7822532640625 0.07685399062500001 0.78186038125 0.09167750625 0.7737985328125
0 0.35564177343750003 0.84798931875 0.338123071875 0.8575169546874999 0.33198735625000003 0.8642830171875 0.32983778125 0.8877413546874999 0.336662209375 0.8960317765625 0.3498519296875 0.90257495625 0.381392165625 0.9077109203125 0.3948680875 0.9003819656250001 0.3986812921875 0.893164453125 0.4000855203125 0.8735405984375 0.383884578125 0.8514894843749999 0.35564177343750003 0.84798931875
0 0.5208560921875 0.8970160203124999 0.5124544953125 0.88443966875 0.4996374546875 0.87597924375 0.473344484375 0.8748477734375 0.45508043750000005 0.8882098890625001 0.44754049374999993 0.9145998078125 0.4520424125 0.922438775 0.46253694375 0.9304477500000001 0.4917546703125 0.9351322578125 0.505087490625 0.934739375 0.5172158203125 0.9281433203124999 0.522892396875 0.91133960625 0.5208560921875 0.8970160203124999
0 0.5875201953125 0.895051603125 0.5615999031250001 0.8920028890625 0.5444538765625 0.8996132859375001 0.5383181578125 0.9063793468749999 0.5337596046875 0.9174313375 0.5331007234375 0.9332207125 0.5418749921875 0.943879825 0.5484698484375 0.9471514140625 0.5823325953125 0.9527388234374999 0.5883252109375 0.9529088328125 0.6035213984375 0.9429297453125001 0.606416321875 0.9156369249999999 0.5875201953125 0.895051603125