0 0.1231224671875 0.14756381093749998 0.10950261718750001 0.1487553921875 0.10387197031249999 0.151625584375 0.0943060296875 0.1655391625 0.0912403671875 0.17531767812500001 0.09309824531250001 0.1965533171875 0.10923917187500001 0.2129729890625 0.11938049843750001 0.2168408890625 0.12997859218750002 0.2147248875 0.134739609375 0.21311956406250002 0.14409911875 0.1968464734375 0.1435676421875 0.1683620578125 0.13131810156249998 0.1516019359375 0.1231224671875 0.14756381093749998
0 0.08891261406249999 0.2159401171875 0.07881519687500001 0.20136928593749998 0.064576053125 0.195482321875 0.0548475890625 0.19633345156249998 0.0492169421875 0.19920364375 0.037911740625 0.21564696562500002 0.038236785937500004 0.2417718625 0.043160326562500004 0.2532289875 0.05069275937499999 0.2608915015625 0.06277977812499999 0.264589175 0.07337787343749999 0.2624731734375 0.078138890625 0.26086785 0.089444090625 0.2444245328125 0.0920968921875 0.2299269859375 0.08891261406249999 0.2159401171875
0 0.1606791203125 0.10623681562500001 0.14937391875 0.122680134375 0.149492534375 0.14644551249999999 0.1542096421875 0.155543125 0.16604632187499999 0.16758421875 0.1720898328125 0.16943305625 0.1904707 0.16663615 0.2011127 0.153817215625 0.20417836406249998 0.14403870000000002 0.1997555 0.1158947421875 0.1879188203125 0.1038536515625 0.17992962031249998 0.1021750390625 0.1606791203125 0.10623681562500001
0 0.0894748921875 0.289595778125 0.0758989484375 0.2800844265625 0.0698554421875 0.278235590625 0.056442021875000005 0.2817866875 0.0436039890625 0.3031192640625 0.045668296875 0.3267144171875 0.0579178390625 0.34347454375 0.0738962421875 0.346831765625 0.080602953125 0.345056215625 0.08536397031250001 0.34345089375 0.0949299109375 0.32953731249999996 0.09799557187499999 0.31975880156250003 0.096344125 0.30088267812499997 0.0894748921875 0.289595778125
0 0.0617214109375 0.3645399546875 0.0504162078125 0.3809832765625 0.0490898046875 0.38823205 0.052686946874999994 0.406937946875 0.0670886125 0.42588735624999996 0.071186428125 0.42790642187500005 0.087621603125 0.4252797421875 0.094121878125 0.421144678125 0.1034813890625 0.4048715828125 0.104601359375 0.395263296875 0.10141708125 0.381276428125 0.0872218484375 0.3646865328125 0.0617214109375 0.3645399546875
0 0.0884034171875 0.4454207375 0.072837875 0.4467825453125 0.0654679640625 0.4521824796875 0.0563148859375 0.4708150921875 0.05837919375 0.49441024687499996 0.06309630625 0.503507853125 0.0725744296875 0.5110001421875 0.0786179390625 0.51284898125 0.09310741875 0.5103925265625 0.103292653125 0.5035574953124999 0.1091736390625 0.49234388124999995 0.109055021875 0.4685785015625 0.1043379140625 0.45948089375 0.0884034171875 0.4454207375
0 0.11412797968749999 0.548972253125 0.10208486875 0.534571646875 0.09388923593750001 0.5305335234374999 0.0800629546875 0.5293655875 0.0744323078125 0.532235784375 0.0648663671875 0.5461493625 0.0620071359375 0.558287390625 0.0632457203125 0.57244448125 0.0757016953125 0.59156411875 0.08584301875 0.5954320234375 0.0983868046875 0.5931457953125 0.103147821875 0.5915404718749999 0.1129201921875 0.579986409375 0.1159858578125 0.5702078937499999 0.11412797968749999 0.548972253125
0 0.12176592187499999 0.6362743296875 0.11469025625 0.6226279140625001 0.10306000781249999 0.6129463359375 0.08145095625 0.6124593078125 0.0703521828125 0.63126214375 0.067492953125 0.643400171875 0.0683186765625 0.6528382359375 0.0708836625 0.6597465578125 0.0850788953125 0.676336453125 0.0952202203125 0.6802043531249999 0.099981240625 0.6785990281250001 0.11037290156249999 0.6741235140625 0.1184060125 0.6650991921875 0.12300450781250001 0.6504314203125 0.12176592187499999 0.6362743296875
0 0.1324996703125 0.2323361390625 0.11304274375000001 0.23403839999999998 0.1050096328125 0.24306272343750002 0.098671878125 0.26026023593750003 0.100323325 0.2791363578125 0.10504043437499999 0.2882339703125 0.1166706828125 0.29791554531250003 0.1307033921875 0.30144299218750004 0.137410103125 0.29966744375 0.1439103828125 0.2955323796875 0.1532698921875 0.279259284375 0.154802721875 0.274370028125 0.15294484531250002 0.2531343921875 0.1324996703125 0.2323361390625
0 0.1584306640625 0.3382471734375 0.142083303125 0.3194679875 0.12241994687499999 0.318810734375 0.11678929687499999 0.32168092656249997 0.10722335624999998 0.3355945046875 0.1043641265625 0.3477325328125 0.10539628125 0.3595301109375 0.11462407031249999 0.3753658171875 0.12410219375 0.3828581015625 0.1282000109375 0.38487716562499996 0.140743796875 0.3825909375 0.14918976875 0.3782856484375 0.157016446875 0.3669018140625 0.1600821109375 0.3571232984375 0.1584306640625 0.3382471734375
0 0.1662750375 0.4279087640625 0.16135149375 0.4164516390625 0.1473626921875 0.40222125625 0.143264878125 0.40020219375000005 0.1276993359375 0.401564003125 0.1203294234375 0.40696393750000004 0.11270917656249999 0.4207072890625 0.1130342234375 0.4468321875 0.1252837640625 0.46359230937499996 0.1334793984375 0.467630434375 0.146023184375 0.46534420625 0.1564148484375 0.4608686921875 0.1642415265625 0.44948485156249995 0.16710076093749998 0.437346821875 0.1662750375 0.4279087640625
0 0.1715544234375 0.51066203125 0.16427232812499998 0.4946560984375 0.15264207968750002 0.48497452343749997 0.1485442625 0.482955459375 0.1310330265625 0.48448749375 0.1179885640625 0.503460559375 0.11810718125 0.5272259375 0.1228242875 0.5363235468750001 0.1325088453125 0.5461753500000001 0.1426501703125 0.55004325 0.1493568796875 0.5482677015624999 0.156063590625 0.5464921515625 0.16778165312499999 0.5347678640625 0.17105374375 0.5273488656249999 0.1715544234375 0.51066203125
0 0.15792146875 0.5677277921874999 0.15187795937499998 0.5658789546875 0.134573153125 0.5697705046875 0.1236808140625 0.59093285625 0.125745121875 0.6145280093750001 0.1440381703125 0.6331369718750001 0.1624190375 0.630340065625 0.17065857812500002 0.623675259375 0.1765395640625 0.61246165 0.17807239375 0.6075723890625 0.176420946875 0.5886962671875 0.1695517140625 0.5774093671875 0.15792146875 0.5677277921874999
0 0.165958509375 0.18899007968749998 0.1550661671875 0.21015243125 0.1571304765625 0.23374758906249998 0.17736922187499998 0.2521863203125 0.1938043921875 0.24955964531250002 0.1985654078125 0.2479543203125 0.2063920875 0.2365704828125 0.20945775000000003 0.22679196875000002 0.207599871875 0.205556328125 0.19340463593749999 0.1889664328125 0.18520900468749998 0.18492830625 0.165958509375 0.18899007968749998
0 0.192640515625 0.26987086250000003 0.1751292796875 0.271402896875 0.16361764843749999 0.2854867015625 0.1605519875 0.2952652171875 0.162203434375 0.3141413421875 0.16692054218750002 0.3232389484375 0.1766050984375 0.3330907546875 0.1848007328125 0.33712888125 0.19734451875 0.3348426515625 0.2057904875 0.3305373640625 0.2136171671875 0.3191535234375 0.215149996875 0.3142642671875 0.2128792578125 0.288309596875 0.192640515625 0.26987086250000003
0 0.171049159375 0.3704292609375 0.166244234375 0.382737515625 0.16768924999999998 0.3992541234375 0.186188734375 0.42022259999999995 0.2084609828125 0.41708524375 0.22084224843750003 0.4017365671875 0.22051720000000002 0.37561166875 0.21041978281249998 0.3610408375 0.2000720265625 0.354813421875 0.1881914390625 0.3534752609375 0.1788758375 0.35904542500000003 0.171049159375 0.3704292609375
0 0.20340572343750002 0.43773691562500006 0.1841552234375 0.44179869062500005 0.17326288437499998 0.4629610421875 0.1751207609375 0.4841966828125 0.187370303125 0.5009568046874999 0.197511628125 0.5048247046875 0.212001109375 0.50236825 0.2185013875 0.4982331875 0.22632806562500002 0.48684935312500005 0.228774434375 0.4699922890625 0.2257965890625 0.45836493906250003 0.20944923124999998 0.4395857515625 0.20340572343750002 0.43773691562500006
0 0.2334345296875 0.545667009375 0.22871742031250003 0.536569403125 0.2127829234375 0.5225092453125 0.2047937234375 0.5208306375 0.19332599687500002 0.52421150625 0.18028153281249998 0.5431845671875 0.1801937171875 0.564590434375 0.18491082812499998 0.5736880453125 0.1945953828125 0.583539846875 0.20473670937500002 0.5874077468750001 0.2172804984375 0.5851215187500001 0.223780775 0.58098645625 0.2316074515625 0.5696026203125 0.234673115625 0.5598241046875 0.2334345296875 0.545667009375
0 0.240158934375 0.644936890625 0.23850748593749999 0.626060765625 0.233790378125 0.6169631546875001 0.22410582343750002 0.607111353125 0.21785588281249998 0.6029029984375 0.20597529374999998 0.601564840625 0.1929747390625 0.6098349703125 0.1888330140625 0.6185188359375 0.1857673515625 0.628297353125 0.187625228125 0.6495329937500001 0.1998747703125 0.666293115625 0.2119617890625 0.6699907890625 0.21866850000000002 0.6682152390625 0.22537520625 0.6664396906250001 0.23709327187499998 0.654715403125 0.240158934375 0.644936890625
0 0.26204846875 0.1556187515625 0.2521574796875 0.143407434375 0.24396184999999998 0.1393693078125 0.2264506125 0.14090134375000002 0.21319971875000002 0.157514890625 0.21373119843750002 0.1859993015625 0.23007855625 0.2047784875 0.2402198796875 0.20864638750000003 0.2430352046875 0.2072112921875 0.2516876078125 0.20526551718750002 0.261459975 0.1937114515625 0.26605846875 0.179043684375 0.264819884375 0.164886590625 0.26204846875 0.1556187515625
0 0.2696864109375 0.24292082812500002 0.2554911765625 0.22633092812500002 0.24534985156250003 0.22246302812500002 0.2336756921875 0.22348438437499998 0.22804504531249997 0.22635458125 0.21694627500000002 0.24515741562499999 0.2166520296875 0.2642037640625 0.22157557031250003 0.27566088906249997 0.233412246875 0.28770198125 0.2435535765625 0.29156988125 0.2541516703125 0.2894538796875 0.2660761640625 0.280089109375 0.27195715 0.2688754953125 0.27307711874999996 0.25926720937500003 0.2696864109375 0.24292082812500002
0 0.2775307828125 0.3325824140625 0.27045512031249996 0.3189360015625 0.2588248703125 0.3092544234375 0.2391615140625 0.3085971703125 0.2274434484375 0.3203214578125 0.22284495468749999 0.3349892296875 0.224083540625 0.349146321875 0.231159203125 0.3627927375 0.23869163593749998 0.37045525 0.24688726718749998 0.3744933765625 0.2613767515625 0.37203692187500004 0.2661377671875 0.3704315984375 0.2757037046875 0.3565180234375 0.2785629375 0.34437999218750004 0.2775307828125 0.3325824140625
0 0.28446161718749996 0.43421180625 0.2828101703125 0.4153356828125 0.2780930625 0.406238075 0.26840850625 0.39638626875 0.2602128734375 0.3923481453125 0.2427016359375 0.3938801796875 0.234668528125 0.4029045015625 0.2298636046875 0.41521275625 0.2289500671875 0.4271805578125 0.2319279125 0.438807909375 0.2420253328125 0.4533787453125 0.254318778125 0.4594359359375 0.2668625671875 0.4571497078125 0.273362846875 0.453014640625 0.282928784375 0.4391010625 0.28446161718749996 0.43421180625
0 0.2884146046875 0.5242138484375001 0.2912738359375 0.51207581875 0.2904481125 0.5026377546874999 0.28316601874999997 0.486631825 0.2736878921875 0.47913953749999993 0.2635465671875 0.4752716375 0.2538181046875 0.47612276875 0.24644819375 0.481522703125 0.238621515625 0.49290654375000004 0.2355558546875 0.5026850546875 0.2370008703125 0.5192016625 0.241717978125 0.5282992734375 0.25140253437500004 0.538151075 0.2615438578125 0.542018978125 0.2721419546875 0.5399029765625001 0.280587928125 0.535597684375 0.2884146046875 0.5242138484375001
0 0.2951082046875 0.5783124765625 0.27876084687499997 0.5595332890625 0.259097490625 0.5588760374999999 0.25346684218750004 0.561746228125 0.24390090312499998 0.5756598078125 0.241041671875 0.587797840625 0.242073825 0.5995954171875 0.24699736562500002 0.611052540625 0.2588340453125 0.623093634375 0.26897536875 0.6269615328125 0.2737363859375 0.6253562109375 0.28781300781249997 0.6181807265625 0.293900421875 0.6093266296875 0.2969660828125 0.5995481171875 0.2951082046875 0.5783124765625
0 0.322865621875 0.13365491093749998 0.31885562031250003 0.1102299828125 0.3111167546875 0.1002079515625 0.3007689984375 0.093980540625 0.2832577671875 0.0955125734375 0.27588785625 0.100912509375 0.268061178125 0.11229634375 0.26652834687500004 0.1171856 0.268386225 0.138421240625 0.273103334375 0.1475188515625 0.2827878890625 0.1573706546875 0.29292921562499996 0.161238553125 0.3054730046875 0.158952325 0.31197328125 0.15481726406250002 0.31979995781250004 0.1434334265625 0.322865621875 0.13365491093749998
0 0.31229832968750004 0.180942159375 0.3041026953125 0.17690402968750002 0.288537153125 0.1782658390625 0.2811672453125 0.1836657765625 0.2735469953125 0.1974091296875 0.272014165625 0.202298384375 0.2736656125 0.221174509375 0.2783827203125 0.23027211718750001 0.2902194 0.242313209375 0.2962629109375 0.2441620484375 0.312698084375 0.24153536875 0.325079346875 0.22618669218749998 0.328145009375 0.2164081796875 0.3243414375 0.1953427640625 0.31229832968750004 0.180942159375
0 0.3317729484375 0.28028532500000003 0.319729840625 0.265884715625 0.31153420625 0.261846590625 0.29402296875 0.263378625 0.28425060156250004 0.2749326859375 0.2794456765625 0.2872409421875 0.28109712343750004 0.3061170640625 0.28581423125 0.3152146765625 0.2954987875 0.325066478125 0.30758580625 0.3287641515625 0.3162382078125 0.3268183796875 0.32468418125 0.3225130875 0.3325108578125 0.31112924999999997 0.3340436875 0.3062399953125 0.3317729484375 0.28028532500000003
0 0.3410623359375 0.38646352031250003 0.339204459375 0.36522787968750003 0.3344873515625 0.356130271875 0.3228571015625 0.346448696875 0.3168135921875 0.3445998578125 0.297563096875 0.34866163437500003 0.2897364171875 0.360045471875 0.28667075625 0.3698239828125 0.288528634375 0.3910596234375 0.2953978671875 0.4023465234375 0.304875990625 0.40983881093749996 0.3089738078125 0.411857871875 0.32540898125 0.409231196875 0.3319092609375 0.40509612968750003 0.33952950625 0.3913527765625 0.3410623359375 0.38646352031250003
0 0.34572243281250004 0.46213824218750005 0.34469027812499997 0.450340665625 0.32834292187499997 0.431561478125 0.32229941093750003 0.42971264062500003 0.30304891562499997 0.43377441718750004 0.29368940625 0.4500475125 0.29380802031250003 0.47381289375 0.2985251296875 0.4829105 0.310361809375 0.49495159375000003 0.31640531875 0.49680043281249997 0.3308947984375 0.494343978125 0.3356558140625 0.4927386546875 0.34522175625 0.47882507499999993 0.3478745546875 0.4643275328125 0.34572243281250004 0.46213824218750005
0 0.337720121875 0.5163338078125 0.3275787984375 0.5124659078125 0.315904640625 0.5134872640625 0.3085347328125 0.5188871984375 0.3007080546875 0.5302710390625001 0.29917522343749997 0.5351602953125 0.3010331 0.556395934375 0.305750209375 0.5654935437499999 0.3154347671875 0.5753453484375 0.3236303984375 0.5793834734375001 0.338119878125 0.5769270203125 0.350707575 0.5639378609375 0.3537732359375 0.5541593453125 0.3519153578125 0.5329237078125 0.337720121875 0.5163338078125
0 0.3174990765625 0.5989405015625 0.3044546078125 0.6179135625 0.3067253484375 0.643868234375 0.3250184 0.6624771953125 0.3433992671875 0.6596802875 0.3498995421875 0.6555452234375 0.35751979375 0.64180186875 0.3588461921875 0.6345531 0.35504262343750004 0.6134876859375 0.3429995125 0.5990870765625 0.334803878125 0.5950489515624999 0.3174990765625 0.5989405015625
0 0.380942159375 0.1475944796875 0.366953353125 0.133364096875 0.36090984531250003 0.1315152609375 0.34165935 0.13557703593749998 0.33383267031249997 0.146960875 0.3307670109375 0.1567393875 0.3294406078125 0.1639881609375 0.33283131875 0.18033454531249998 0.3397005515625 0.19162144375 0.3511243671875 0.198943503125 0.369505234375 0.19614659843749999 0.3760055140625 0.1920115328125 0.383625759375 0.1782681796875 0.384952159375 0.1710194078125 0.380942159375 0.1475944796875
0 0.37028705 0.216287590625 0.3525693828125 0.21546011250000002 0.345199475 0.22086004531249998 0.335839965625 0.23713314218749998 0.3357521484375 0.2585390046875 0.3383171359375 0.26544732656250003 0.3482081203125 0.27765864375 0.360501571875 0.28371583437500003 0.3769367453125 0.2810891546875 0.384100221875 0.2733297046875 0.388905146875 0.2610214484375 0.38899296250000004 0.23961558125 0.3840694234375 0.2281584578125 0.37028705 0.216287590625
0 0.356109509375 0.3007431203125 0.3461307078125 0.30993766875 0.34173864374999996 0.32696495468750003 0.345542215625 0.34803036875000004 0.3575853265625 0.362430975 0.36578095781250003 0.366469103125 0.3822161328125 0.3638424234375 0.393064565625 0.353383003125 0.3976630578125 0.33871523593749997 0.39365305625 0.315290303125 0.3837620703125 0.30307898906249997 0.3755664359375 0.29904085937499997 0.356109509375 0.3007431203125
0 0.39698675156249996 0.3982137984375 0.385150071875 0.38617270625 0.3750087453125 0.38230480624999996 0.3613888984375 0.3834963890625 0.34834443125000003 0.40246945 0.3484630484375 0.42623483437500004 0.3555387125 0.4398812453125 0.3671689625 0.449562825 0.3838105625 0.44929565781249997 0.3922565375 0.4449903671875 0.40008321406249997 0.43360653281249995 0.4029424453125 0.4214685046875 0.40191029062499994 0.409670921875 0.39698675156249996 0.3982137984375
0 0.40892894062499996 0.4898944515625 0.40421183125000004 0.48079684062499994 0.3945272765625 0.4709450390625 0.3863316421875 0.4669069125 0.3651354515625 0.4711389140625 0.3555695109375 0.4850524921875 0.355894559375 0.5111773890625 0.36061166875 0.5202750015625 0.3743940421875 0.532145865625 0.37849185625000004 0.5341649281249999 0.39492703125 0.5315382468750001 0.40142730625 0.527403184375 0.40751472499999997 0.5185490890625 0.41037395625000006 0.506411059375 0.40892894062499996 0.4898944515625
0 0.385773953125 0.5501708562500001 0.374306225 0.5535517296875 0.3612617609375 0.572524790625 0.3635325 0.5984794609375 0.370401734375 0.609766359375 0.379879859375 0.617258646875 0.4021521109375 0.614121290625 0.41279411093749996 0.60130235625 0.4158597765625 0.5915238453125 0.41184977343750007 0.5680989140625 0.40411090781250003 0.5580768843749999 0.393763153125 0.5518494703125 0.385773953125 0.5501708562500001
0 0.438781465625 0.1140032875 0.4377493109375 0.1022057078125 0.4216083828125 0.0857860375 0.4058364109375 0.0847883328125 0.39283585468750004 0.0930584578125 0.38500917343749996 0.10444229687499999 0.3825628046875 0.12129935624999999 0.387692775 0.1351159984375 0.3954316390625 0.14513802656250002 0.4120293359375 0.15557379375 0.42457312500000005 0.15328756875 0.4328126640625 0.14662276406250002 0.4386936515625 0.13540915 0.4409335875 0.1161925734375 0.438781465625 0.1140032875
0 0.4408765734375 0.1827696890625 0.43119201875 0.1729178828125 0.42299638437500003 0.1688797578125 0.40374588749999996 0.17294153437499998 0.397452040625 0.179436115625 0.3911142859375 0.19663362499999998 0.3927657328125 0.21550975 0.397482840625 0.22460736093749997 0.411265215625 0.2364782265625 0.417308721875 0.23832706250000002 0.42985251093750004 0.236040834375 0.436352790625 0.231905771875 0.44591873125000003 0.21799219375 0.4455936828125 0.1918672953125 0.4408765734375 0.1827696890625
0 0.44810165468749996 0.26535273125000003 0.4343192796875 0.253481865625 0.4263300796875 0.25180325312499996 0.40902527343750006 0.25569480312500004 0.4027314296875 0.26218938281250004 0.39639367187499996 0.2793868953125 0.3976322578125 0.2935439890625 0.40470792187500004 0.307190403125 0.4165446015625 0.3192314921875 0.42064241718749995 0.32125055625 0.43707759062499996 0.3186238765625 0.4435778703125 0.3144888140625 0.45293737968750003 0.29821571874999997 0.453231625 0.27916936875 0.44810165468749996 0.26535273125000003
0 0.45871744375 0.364282153125 0.45143534843750005 0.3482762203125 0.446055040625 0.3428029984375 0.4318158953125 0.3369160375 0.422087434375 0.3377671671875 0.41277183125 0.343337328125 0.405151584375 0.35708068125 0.40361875312500006 0.36196993593750004 0.4052702 0.3808460609375 0.41019373750000004 0.3923031859375 0.4239761125 0.4041740515625 0.430019621875 0.40602289062499997 0.44256340781250003 0.40373666249999995 0.4490636875 0.3996015953125 0.4568903640625 0.3882177609375 0.45871744375 0.364282153125
0 0.4409866703125 0.41932885000000003 0.425421128125 0.42069065937500005 0.41631195625000006 0.42862033593750004 0.4104309703125 0.43983394843749996 0.412701709375 0.465788615625 0.4197773734375 0.47943503125 0.4292554984375 0.4869273203125 0.43529900781249997 0.48877615937499996 0.44978848749999994 0.4863197046875 0.45802803125 0.4796549 0.4639090125 0.46844128593749995 0.4633775375 0.439956875 0.4532801203125 0.425386040625 0.4409866703125 0.41932885000000003
0 0.47246049531249995 0.5437755546874999 0.4686569234375 0.5227101453125 0.45876593750000005 0.510498825 0.45057030625000005 0.506460696875 0.44452679687499996 0.5046118609375 0.43111337499999997 0.5081629578125 0.41960174375000003 0.5222467609375 0.41653607968750006 0.532025278125 0.4203396515625 0.5530906921875001 0.429361009375 0.566566878125 0.4366870078125 0.5718698765625 0.44273051875 0.5737187140625 0.45527430625000004 0.5714324875 0.46003532343750003 0.5698271625 0.4713405234375 0.5533838453125 0.47246049531249995 0.5437755546874999
0 0.4764134828125 0.633777596875 0.47496846562500006 0.6172609890625 0.466816740625 0.6025199296875 0.456468984375 0.5962925125 0.44458839687499996 0.5949543546875 0.43158784062500005 0.603224484375 0.423761159375 0.6146083203125 0.4222283296875 0.6194975765625 0.42408620781249995 0.6407332171875 0.4290097484375 0.6521903421874999 0.4343900578125 0.657663565625 0.4505748921875 0.6633803046875 0.45922729218749997 0.661434528125 0.4639883125 0.6598292046875 0.47181498906249997 0.64844536875 0.4764134828125 0.633777596875
0 0.5007801859375001 0.17277364687500002 0.5036394203125 0.16063561875000001 0.5024008359375001 0.1464785265625 0.49747729218750003 0.1350213984375 0.48779273749999996 0.1251695984375 0.47765141250000004 0.12130169843750001 0.4679229484375 0.12215282812499999 0.454922390625 0.1304229578125 0.45057423593749996 0.1367473109375 0.44597574218749997 0.1514150828125 0.44700789687500003 0.1632126609375 0.45193143750000003 0.1746697859375 0.46376812031250003 0.18671087656250002 0.47196375156250003 0.190749003125 0.4864532296875 0.1882925484375 0.49295350937500004 0.1841574859375 0.5007801859375001 0.17277364687500002
0 0.45340725312499996 0.2363576375 0.45700439375 0.25506353593750003 0.4638736265625 0.2663504359375 0.4755038765625 0.27603201093749996 0.4977761296875 0.27289465625 0.5066788671875 0.2626054625 0.5112773625 0.247937690625 0.507267359375 0.2245127625 0.4911264328125 0.2080930921875 0.4677781171875 0.2101358046875 0.454527225 0.226749353125 0.45340725312499996 0.2363576375
0 0.504807884375 0.297244003125 0.49251443437500003 0.2911868125 0.47131824531250005 0.295418815625 0.46349156562499993 0.30680265156250003 0.4606323328125 0.31894068125 0.46464233593750004 0.342365609375 0.48078326093749996 0.3587852796875 0.486826771875 0.36063411875 0.49937055937499997 0.3583478890625 0.511295053125 0.348983115625 0.515436778125 0.3402992484375 0.5167631796875 0.33305047656250003 0.5125467453125 0.30726603125 0.504807884375 0.297244003125
0 0.5201846875 0.3945681046875 0.5059894546875 0.37797820625 0.4958481296875 0.3741103078125 0.482228278125 0.37530189062499997 0.46877095312500006 0.38955592031249997 0.465705290625 0.39933443281250003 0.4671503078125 0.41585104375000004 0.4744324015625 0.431856971875 0.4839105265625 0.43934926093750004 0.49405185312500005 0.44321715937499995 0.502704253125 0.44127138437499996 0.5111502265625 0.436966096875 0.5189769046875 0.42558225624999996 0.5220425640624999 0.41580374375 0.5201846875 0.3945681046875
0 0.527734815625 0.5032760421875 0.52567050625 0.4796808875 0.5155730875 0.4651100546875 0.503279640625 0.4590528625 0.49355117656249997 0.45990399374999996 0.48055061875 0.4681741234375 0.47620246406250005 0.47449847656250005 0.47293037031249996 0.48191747500000004 0.47222326406250004 0.49624479531250004 0.47971178906249995 0.5146102421875 0.487244221875 0.5222727546875 0.495439853125 0.5263108812499999 0.5118750265625 0.5236842 0.5183753062500001 0.5195491375 0.526201984375 0.5081653 0.527734815625 0.5032760421875
0 0.48818856093749996 0.5554761953125 0.4803618828125 0.566860034375 0.4804804984375 0.5906254140625 0.48540403593750003 0.6020825390625 0.49508859375 0.611934340625 0.49918641093750005 0.6139534046875 0.51951296875 0.6109862734375 0.5334270640625001 0.590748340625 0.5335148796875 0.5693424734375 0.5212653375 0.5525823515625 0.50702619375 0.5466953875 0.49924342499999996 0.547376290625 0.48818856093749996 0.5554761953125
0 0.5602401390625 0.11288733124999999 0.5590015546875 0.0987302390625 0.5540780140625 0.0872731140625 0.5402956421875 0.0754022484375 0.5208387140624999 0.0771045078125 0.50978385 0.0852044109375 0.5036964328125 0.0940585078125 0.502163603125 0.0989477640625 0.50381505 0.11782388749999999 0.5087385890625 0.1292810125 0.52057526875 0.141322103125 0.5287709031250001 0.1453602296875 0.5413146890625 0.14307400625 0.54607570625 0.1414686828125 0.555848078125 0.1299146171875 0.5602401390625 0.11288733124999999
0 0.5593574015625 0.17002638125 0.5457814625 0.16051503281249999 0.5206938828125 0.165087484375 0.5144000375 0.1715820640625 0.5095951140625 0.183890321875 0.5138115437499999 0.2096747640625 0.5321045953125 0.228283725 0.53814810625 0.2301325640625 0.5487462 0.2280165609375 0.5552464796875001 0.2238814984375 0.56481241875 0.2099679203125 0.5663452484375 0.2050786609375 0.5640745093749999 0.1791239921875 0.5593574015625 0.17002638125
0 0.5717124515625 0.26642606562500004 0.564636790625 0.25277965 0.5532129718750001 0.2454575890625 0.5471694640625 0.24360875312500002 0.5298646578125 0.2475003015625 0.5183530234375 0.26158410625 0.517026625 0.2688328796875 0.5212430546875 0.29461732343749997 0.537383984375 0.31103699218749997 0.5434274953125 0.31288583281250004 0.5559712796875 0.31059960468750003 0.562471559375 0.3064645375 0.5702982375000001 0.2950807015625 0.5733638984375 0.285302190625 0.5717124515625 0.26642606562500004
0 0.5244581359375 0.3537754375 0.523544596875 0.36574324062499997 0.52652244375 0.3773705921875 0.544815496875 0.39597955156250003 0.565142053125 0.393012421875 0.57338159375 0.3863476140625 0.5790561484375 0.3727744890625 0.5769918406250001 0.349179334375 0.5647422984375 0.33241920937499997 0.5526552796875001 0.32872153437499996 0.540981121875 0.329742890625 0.5244581359375 0.3537754375
0 0.5848362125000001 0.4388409203125 0.5799126734375 0.4273837953125 0.5702281171875 0.41753199375000005 0.5466733734375 0.417215190625 0.5393034625 0.4226151234375 0.531476784375 0.43399896406250005 0.529943953125 0.4388882203125 0.5320082609375001 0.46248337343749996 0.544051371875 0.47688398281250005 0.556344821875 0.48294117343750004 0.5649972234375 0.48099539687500004 0.5753888875000001 0.4765198828125 0.5814763046875 0.4676657859375 0.586074796875 0.4529980125 0.5848362125000001 0.4388409203125
0 0.5780724890625 0.5071935828125 0.5698768578125 0.503155453125 0.5523656203125 0.5046874890625 0.5373754640625 0.5238307796874999 0.536049065625 0.5310795484375 0.5400590656250001 0.5545044796874999 0.555993559375 0.5685646328125 0.56203706875 0.570413471875 0.57652655 0.56795701875 0.5854292937500001 0.557667828125 0.5902342171875 0.54535956875 0.591560615625 0.5381107984375 0.587757046875 0.517045384375 0.5780724890625 0.5071935828125
0 0.56020999375 0.594349078125 0.550894390625 0.5999192375 0.5395891875000001 0.6163625609375 0.5397078046875 0.6401279390625 0.5444249140624999 0.6492255515625 0.5601529796875 0.6609261921875 0.578533846875 0.6581292859375 0.5874365859374999 0.647840090625 0.5920350812499999 0.6331723234375 0.5905900640625 0.6166557125 0.585872953125 0.6075581046874999 0.5740362718750001 0.5955170125 0.56020999375 0.594349078125
0 0.623033784375 0.1359245109375 0.6159581234375 0.1222780953125 0.606479996875 0.1147858078125 0.5887623328125 0.1139583265625 0.5714136187500001 0.128552809375 0.5685543890625 0.14069084062499998 0.5702058359375 0.159566965625 0.57277081875 0.1664752828125 0.5846074984375 0.178516375 0.5928031328125 0.1825545046875 0.60923830625 0.1799278234375 0.6157385828125 0.17579275781249998 0.6218260015625 0.16693866562499998 0.6262180640625 0.1499113765625 0.623033784375 0.1359245109375
0 0.6230029874999999 0.090753265625 0.6242415718750001 0.10491035468750001 0.63173009375 0.1232758015625 0.64551246875 0.135146665625 0.6658390265625 0.1321795375 0.681492384375 0.10941186249999998 0.6815801968749999 0.088005996875 0.676863090625 0.0789083890625 0.667178534375 0.0690565828125 0.655091515625 0.0653589109375 0.63410175625 0.0719504265625 0.6230029874999999 0.090753265625
0 0.610020121875 0.20006881875000002 0.5829868546875 0.20481149687500003 0.57536660625 0.21855485156249999 0.5802023296875001 0.2514178421875 0.5900933187499999 0.26362915937500003 0.5982889499999999 0.2676672859375 0.6127784296875001 0.2652108328125 0.61753945 0.26360550781250003 0.627311821875 0.25205144687500003 0.63037748125 0.242272934375 0.6283131734375 0.2186777765625 0.6160636312500001 0.20191765468749998 0.610020121875 0.20006881875000002
0 0.590211934375 0.287394540625 0.58238525625 0.29877837500000004 0.5810588562500001 0.3060271484375 0.5833295953125 0.3319818203125 0.5880467031250001 0.34107943125 0.6016226453125 0.35059078125 0.6219492046874999 0.34762364843750004 0.6376025624999999 0.3248559765625 0.635951115625 0.305979853125 0.6312340078124999 0.296882240625 0.619397328125 0.2848411484375 0.6114081234375 0.283162540625 0.590211934375 0.287394540625
0 0.62703526875 0.3721432203125 0.616893940625 0.368275321875 0.6052197875 0.3692966765625 0.5898167671875 0.3837209359375 0.58675110625 0.393499446875 0.588402553125 0.4123755703125 0.5987064 0.42930592343749996 0.615097665625 0.43738217500000004 0.6218043765625 0.43560662499999997 0.630250346875 0.4313013359375 0.6430883796875 0.4099687578125 0.6412305015624999 0.38873311718750003 0.6365133937499999 0.379635509375 0.62703526875 0.3721432203125
0 0.6496941671875 0.48547325468749997 0.64886844375 0.47603519375000003 0.6441513343749999 0.46693758125 0.6344667796875 0.45708578125 0.6262711453125 0.4530476515625 0.610705603125 0.454409459375 0.6033356953125 0.45980939843749996 0.595509015625 0.47119323281250003 0.592443353125 0.48097174843749996 0.5940947999999999 0.49984787343750003 0.6041922171875 0.5144187046875001 0.6145399734375 0.520646121875 0.6253444984375001 0.5208896359375 0.6320512093749999 0.5191140875 0.643769275 0.5073898 0.6496941671875 0.48547325468749997
0 0.6168107125 0.5466007921875 0.6074951109375 0.5521709515625 0.5979291703125 0.5660845328125 0.59825421875 0.592209428125 0.6051234515624999 0.6034963265625 0.6186993921874999 0.6130076765625 0.6370802609374999 0.6102107734375 0.6459829984375001 0.5999215796875 0.6490486609375 0.5901430671875 0.648723615625 0.5640181703125 0.6366805046875 0.5496175609375 0.6284848703125 0.545579434375 0.6168107125 0.5466007921875
0 0.6724579203125 0.1518098515625 0.648903178125 0.15149305156249998 0.6395875765625 0.1570632109375 0.6335001578125 0.165917309375 0.6306409281249999 0.1780553375 0.632292375 0.1969314609375 0.6447483484375 0.2160511 0.6548896734375 0.21991900000000003 0.6693791515624999 0.2174625453125 0.683912540625 0.20430316093749998 0.6887174640625 0.19199490624999999 0.6892181390625 0.17530806875 0.6842946015625 0.16385094375 0.6724579203125 0.1518098515625
0 0.6955296828125 0.2698589140625 0.6921389734375001 0.253512534375 0.6874218640625 0.244414925 0.677943740625 0.23692263750000003 0.6545954265625 0.23896535000000002 0.6489647781250001 0.2418355453125 0.6411381 0.25321938125 0.6380724390625 0.26299789375 0.6397238859375001 0.28187401562500003 0.64444099375 0.290971628125 0.658223365625 0.3028424953125 0.6642668734375 0.3046913296875 0.6768106625 0.3024051046875 0.6815716796875 0.3007997828125 0.6911376203125 0.286886203125 0.6955296828125 0.2698589140625
0 0.686187865625 0.38717743437499996 0.6983627 0.3694692453125 0.6980376546875 0.3433443484375 0.677592478125 0.322546096875 0.6581355515625 0.3242483578125 0.6448846578125 0.3408619046875 0.6418189921875 0.3506404171875 0.6456225640625 0.37170583281249997 0.663915615625 0.39031479375 0.686187865625 0.38717743437499996
0 0.7069141812499999 0.444803515625 0.705882028125 0.43300593750000005 0.6988063640625 0.419359521875 0.6871761140625 0.40967794218750003 0.6694584484375 0.40885046562499994 0.6584035828125 0.41695036874999997 0.6507833359374999 0.4306937203125 0.649250503125 0.43558297812499996 0.65090195 0.45445909999999995 0.657977615625 0.468105515625 0.6674557421875 0.47559779999999996 0.6734992484375 0.4774466390625 0.68798873125 0.4749901859375 0.6927497484375 0.47338486093750004 0.70384851875 0.4545820265625 0.7069141812499999 0.444803515625
0 0.703172209375 0.5140805937499999 0.6891834078125 0.4998502109375 0.6714657421875 0.4990227328125 0.6640958343750001 0.5044226671875001 0.6545298921875 0.5183362453125 0.6516706625 0.530474275 0.6527028171875 0.5422718515625 0.6576263546875001 0.5537289765625 0.6694630359375 0.56577006875 0.6755065453125 0.56761890625 0.6899960234375 0.565162453125 0.6991051953125 0.5572327765625 0.7054429484375 0.540035265625 0.7065629203125 0.5304269749999999 0.703172209375 0.5140805937499999
0 0.74785236875 0.10598369375000001 0.7317114421875 0.0895640203125 0.7217765484374999 0.08805563749999999 0.70447174375 0.091947184375 0.6953186640625 0.110579796875 0.6944051250000001 0.1225476 0.698002265625 0.14125349843749999 0.7162953171875001 0.15986245937500002 0.7327304890625 0.1572357796875 0.739230765625 0.15310071249999999 0.747057446875 0.141716878125 0.7501231078124999 0.1319383609375 0.7510366484375 0.11997055781249999 0.74785236875 0.10598369375000001
0 0.744022584375 0.1966666359375 0.7304466453125 0.1871552859375 0.7049462078125 0.1870087078125 0.6953802671875 0.2009222875 0.690988203125 0.2179495765625 0.691607496875 0.22502812187500001 0.7014545765625 0.2479423734375 0.7089870078125 0.2556048828125 0.72388935 0.2578674640625 0.7381723984375 0.2530514921875 0.747738340625 0.23913791718750002 0.7508040046875 0.2293594015625 0.7489461265624999 0.208123759375 0.744022584375 0.1966666359375
0 0.7563776375 0.2930663203125 0.7443345265625 0.27866571093750003 0.72251904375 0.2758191671875 0.711464178125 0.283919071875 0.7053767625 0.2927731671875 0.7007782671875 0.3074409359375 0.7022232828125 0.323957546875 0.7069403953125 0.3330551546875 0.71662495 0.342906959375 0.722668459375 0.3447557953125 0.7391036343749999 0.3421291140625 0.745603909375 0.3379940515625 0.7567026828125 0.3191912171875 0.758235515625 0.3143019609375 0.7563776375 0.2930663203125
0 0.7601241921875 0.38070884375 0.7575592078125 0.373800525 0.7500267734375 0.366138009375 0.735787634375 0.36025105 0.7280048609375 0.36093195312500004 0.7169499953125 0.369031853125 0.70912331875 0.38041569218750004 0.7060576562499999 0.3901942046875 0.707709103125 0.409070328125 0.7124262124999999 0.41816794062499996 0.7240564609375 0.427849515625 0.7300999703125 0.42969835312500004 0.74264375625 0.42741212656250005 0.7491440359375 0.42327706249999997 0.7619820703125 0.40194448437499997 0.7601241921875 0.38070884375
0 0.7191637203125001 0.4615636375 0.7115434734375 0.4753069890625 0.7100106453125 0.48019624531250005 0.712074953125 0.5037914 0.7219659390625 0.51600271875 0.7301615703125 0.52004084375 0.7485424375 0.517243940625 0.7626629640625 0.499365521875 0.7657286265625001 0.4895870109375 0.764283609375 0.4730704 0.7479362515625 0.4542912171875 0.732164278125 0.4532935078125 0.7191637203125001 0.4615636375
0 0.7534220703125001 0.539403996875 0.73570440625 0.5385765203124999 0.7246495390625001 0.54667641875 0.71702929375 0.5604197703125 0.7154964609375 0.5653090328125 0.7171479078125 0.5841851546875 0.72939745 0.6009452765625001 0.74148446875 0.60464295 0.7520825640625 0.60252695 0.760322103125 0.59586214375 0.7696816125 0.5795890515625 0.7697694265624999 0.558183184375 0.76505231875 0.549085571875 0.7534220703125001 0.539403996875
0 0.6752122984375 0.5866652578125 0.6619614031250001 0.6032788015625 0.6601343281250001 0.6272144109375 0.665057865625 0.6386715359374999 0.674742421875 0.6485233375 0.6788402375 0.650542403125 0.6933297203125 0.648085946875 0.6980907375000001 0.6464806249999999 0.7093959375 0.6300373031250001 0.7124615984375 0.6202587890625 0.7110165828125 0.6037421843749999 0.692723534375 0.5851332234375 0.6752122984375 0.5866652578125
0 0.18385245781249998 0.673638825 0.17677679375 0.6599924109375 0.1651465484375 0.650310834375 0.14742888125 0.6494833515625 0.14179823281249998 0.6523535468749999 0.1322322921875 0.6662671265625 0.1297859234375 0.683124184375 0.13297020312500002 0.697111053125 0.1471654359375 0.7137009484375 0.1532089453125 0.7155497875 0.167698425 0.713093334375 0.17245944062500002 0.711488009375 0.18049255 0.7024636890625 0.1848846109375 0.685436403125 0.18385245781249998 0.673638825
0 0.1270453078125 0.71902759375 0.12427389062500001 0.7097597609374999 0.11243720937499999 0.69771866875 0.10424157812499998 0.69368054375 0.092567421875 0.6947019 0.0869367734375 0.6975720890625 0.0773708328125 0.7114856703125 0.07471803437499999 0.725983215625 0.0757501875 0.7377807921875 0.0806737265625 0.7492379171875 0.0882061609375 0.75690043125 0.09640179531250001 0.76093855625 0.11089127343750001 0.758482103125 0.12281576718750001 0.7491173328125 0.126957490625 0.7404334609375 0.1270453078125 0.71902759375
0 0.13232469375 0.8017808625 0.1274011546875 0.7903237375 0.12202084531249999 0.784850515625 0.1077817046875 0.7789635500000001 0.094161853125 0.7801551328125 0.08438948125 0.7917091984375 0.07979099218749999 0.806376965625 0.0812360078125 0.8228935765625 0.0915398546875 0.8398239249999999 0.10188761093750001 0.8460513421875 0.11463783125 0.84612463125 0.1213445390625 0.8443490812500001 0.12676875625 0.8391193703125 0.1326497421875 0.8279057609375 0.13232469375 0.8017808625
0 0.124028140625 0.87502278125 0.11798462968750001 0.87317394375 0.10067982812500001 0.87706549375 0.09090745624999999 0.8886195578124999 0.0878417953125 0.8983980734375001 0.089699671875 0.919633709375 0.1017427796875 0.93403431875 0.1099384140625 0.93807244375 0.1283192796875 0.9352755390624999 0.1330802953125 0.93367021875 0.1424398046875 0.9173971234374999 0.14355977656250002 0.9077888328125001 0.140169065625 0.891442453125 0.124028140625 0.87502278125
0 0.1822626140625 0.7451051953125 0.17473018125 0.73744268125 0.16653455 0.7334045546875 0.1509690078125 0.7347663640625 0.1377181125 0.7513799078125001 0.13485887968750002 0.7635179375 0.1360974640625 0.77767503125 0.13866245 0.7845833515625 0.1485534375 0.7967946703125001 0.16279258125 0.802681634375 0.167553596875 0.8010763109375001 0.1816302140625 0.7939008265624999 0.1875111984375 0.7826872171875 0.19190326093750001 0.765659928125 0.1822626140625 0.7451051953125
0 0.1928784 0.84403461875 0.1903134171875 0.8371262984375001 0.17847673749999998 0.82508520625 0.170281103125 0.8210470796875 0.1605526390625 0.821898209375 0.1512370375 0.8274683703125 0.1416710984375 0.84138195 0.14013826875 0.8462712046875 0.1419961453125 0.8675068453125 0.146713253125 0.8766044546874999 0.158343503125 0.8862860328125001 0.17043052187500002 0.88998370625 0.1751915390625 0.888378384375 0.185583203125 0.8839028671875001 0.19320344843749998 0.870159515625 0.1928784 0.84403461875
0 0.24717758281250002 0.725160415625 0.24635185937499998 0.7157223515625 0.24142831875 0.7042652281249999 0.2295916390625 0.692224134375 0.22549382499999998 0.6902050734375 0.20992828281250003 0.6915668828125 0.2006126796875 0.6971370421875001 0.19299243125 0.7108803953125 0.19249175624999998 0.7275672281250001 0.19998028125 0.7459326734375 0.20536058906250002 0.7514058968749999 0.21161052656249998 0.7556142484375 0.22436074687500002 0.7556875390625 0.23475241093750002 0.751212021875 0.24431835156249998 0.7372984437500001 0.24717758281250002 0.725160415625
0 0.23938170625000002 0.7817154984375 0.223196871875 0.775998759375 0.208044190625 0.7820795984375 0.2002175109375 0.7934634375 0.198184003125 0.8150395265625001 0.20352040468750002 0.8312156859375 0.21105283749999998 0.8388781968749999 0.217302778125 0.8430865515624999 0.2319986890625 0.8429896109374999 0.242390353125 0.8385140953124999 0.24847777031249998 0.8296599984374999 0.2528698296875 0.8126327140624999 0.25204410625 0.80319465 0.23938170625000002 0.7817154984375
0 0.2557906640625 0.8908371796875001 0.241389 0.8718877656249999 0.23319336562499998 0.8678496359375 0.21568213281249998 0.8693816703125 0.20243123437500002 0.88599521875 0.1995720046875 0.8981332468750001 0.200810590625 0.912290340625 0.205527696875 0.92138795 0.217157946875 0.931069528125 0.22320145624999999 0.9329183625 0.23963662968750002 0.9302916874999999 0.24439764687499999 0.9286863625 0.25396358750000003 0.914772784375 0.25682281875 0.9026347546875 0.2557906640625 0.8908371796875001
0 0.2960833484375 0.656687165625 0.2803552796875 0.6449865265625 0.2686811265625 0.6460078828125 0.259365525 0.6515780437500001 0.25153884375 0.662961884375 0.24847318125 0.6727403953125 0.2497117671875 0.6868974890625 0.2546353078125 0.6983546140625 0.2643198640625 0.7082064156250001 0.27446119062499996 0.712074315625 0.27922220625 0.7104689953125 0.29329882343749997 0.7032935109375 0.302658334375 0.6870204156249999 0.30080045625 0.665784775 0.2960833484375 0.656687165625
0 0.3064927046875 0.753257078125 0.29941704062499996 0.7396106625 0.28993891562499996 0.732118375 0.2722212484375 0.7312908953124999 0.2548725390625 0.7458853750000001 0.25333970625 0.750774634375 0.2554040140625 0.7743697875 0.2603275578125 0.7858269124999999 0.2678599875 0.793489428125 0.276055621875 0.797527553125 0.2905451015625 0.7950710984375 0.29530611875 0.793465775 0.30487205781250004 0.779552196875 0.3079377203125 0.7697736843749999 0.3064927046875 0.753257078125
0 0.288054825 0.8226310937499999 0.27638066875 0.82365245 0.265325803125 0.831752353125 0.2592383875 0.8406064453125 0.25770555625 0.8454957046875 0.2597698640625 0.8690908593750001 0.266845528125 0.8827372765625 0.278269346875 0.890059334375 0.2985959046875 0.88709220625 0.3107707375 0.8693840125 0.313010678125 0.8501674359375 0.3059350140625 0.8365210203125001 0.29625045625 0.82666921875 0.288054825 0.8226310937499999
0 0.36433201249999997 0.71966588125 0.3609413015625 0.7033195015625 0.348898190625 0.6889188921875 0.340702559375 0.684880765625 0.327082709375 0.6860723484375 0.31776710625 0.691642509375 0.309940428125 0.7030263437500001 0.308407596875 0.7079156046875 0.310265475 0.7291512421874999 0.3149825828125 0.738248853125 0.32681926250000004 0.7502899453125 0.332862771875 0.7521387796875 0.3473522515625 0.7496823312500001 0.35385253125 0.7455472624999999 0.3630056109375 0.7269146546874999 0.36433201249999997 0.71966588125
0 0.353057609375 0.781280446875 0.34486197500000004 0.777242321875 0.33124212656249996 0.778433903125 0.323872215625 0.7838338390625 0.31451270625 0.8001069328125 0.31678344531249997 0.8260616046875 0.332924375 0.8424812749999999 0.33896788437500003 0.8443301125 0.3534573640625 0.8418736578124999 0.3643057984375 0.8314142390624999 0.36737145937500004 0.8216357265625 0.367665703125 0.8025893765625 0.362742165625 0.7911322515625 0.353057609375 0.781280446875
0 0.3182592640625 0.8877494578125 0.322269265625 0.9111743859375 0.331953821875 0.921026190625 0.34209514531249996 0.924894090625 0.3624217046875 0.9219269593750001 0.3730637078125 0.9091080249999999 0.3748907828125 0.8851724187500001 0.3583369953125 0.864033715625 0.3481956703125 0.860165815625 0.332836559375 0.863887140625 0.32480345 0.8729114593749999 0.3182592640625 0.8877494578125
0 0.393618325 0.6398324453125 0.38778124531249997 0.6403431234375 0.3702261015625 0.6525780953125 0.3656276078125 0.6672458625 0.367072625 0.6837624734375 0.37199616562500004 0.6952195984375 0.381680721875 0.7050713984375 0.3857785375 0.7070904640625 0.4041594046875 0.70429355625 0.41065968125 0.7001584921874999 0.41981275937499996 0.6815258828124999 0.4177484515625 0.657930728125 0.40785746562499997 0.6457194109375 0.393618325 0.6398324453125
0 0.393679925 0.730174940625 0.378733675 0.73861529375 0.36916773593749996 0.7525288734375 0.37123204374999996 0.7761240265625 0.3834815859375 0.7928841484375 0.39167722031249996 0.7969222796875 0.40811239062500004 0.7942956 0.4146126703125 0.7901605328125 0.42049365625 0.7789469234374999 0.42252716250000005 0.7573708296875 0.41739719218750004 0.7435541921875 0.4077126375 0.7337023859375 0.393679925 0.730174940625
0 0.4226765796875 0.82630745625 0.41514414843749997 0.818644946875 0.4069485140625 0.8146068171874999 0.39138297187500004 0.815968625 0.3781320765625 0.8325821734375 0.3750664171875 0.8423606890625001 0.37907641718749996 0.8657856171875 0.3846631546875 0.8736183562500001 0.3950109109375 0.8798457703125001 0.4030001140625 0.8815243828125 0.413598209375 0.8794083796875001 0.4183592265625 0.8778030578125 0.42792516562499994 0.863889478125 0.42975224375 0.8399538718749999 0.4226765796875 0.82630745625
0 0.4604219734375 0.686294553125 0.450693509375 0.6871456828125 0.448541384375 0.6849563921875 0.435540828125 0.693226521875 0.42618131875 0.7094996171875 0.428039196875 0.7307352546875 0.43275630468750004 0.7398328671875001 0.44653867500000005 0.7517037328125 0.47075662031250004 0.7483961484375 0.47750723749999996 0.7359176671875 0.48016003906250004 0.721420121875 0.4791278859375 0.70962254375 0.47420434375 0.69816541875 0.4604219734375 0.686294553125
0 0.47969016406250004 0.7832782015624999 0.47000560468749997 0.7734264 0.46180997343749997 0.7693882750000001 0.448190121875 0.7705798578125 0.43299353749999997 0.7873636265624999 0.42992787187500003 0.79714214375 0.43116645781249996 0.8112992374999999 0.43844855312500003 0.8273051656250001 0.4438288609375 0.8327783890625 0.45591587968749997 0.8364760609375 0.4704053609375 0.8340196109375 0.48125379375 0.8235601921875 0.48431945625 0.8137816796875 0.48461370156249994 0.7947353296874999 0.47969016406250004 0.7832782015624999
0 0.49328379843750003 0.8938349796875 0.4920452125 0.8796778843749999 0.48732810625 0.870580278125 0.4733393 0.85634989375 0.45930659062499996 0.8528224468750001 0.4517302484375 0.8558628640625001 0.43847935312499997 0.8724764125 0.4354136921875 0.8822549234375 0.43685870781249997 0.898771534375 0.4415758171875 0.9078691437499999 0.45105394062500004 0.91536143125 0.45709745156250003 0.9172102687500001 0.47742400937499996 0.9142431375 0.48586998281250005 0.9099378453125 0.4902181375 0.9036134921875 0.49328379843750003 0.8938349796875
0 0.4827820375 0.66175133125 0.482694221875 0.683157196875 0.48741133281250004 0.6922548078124999 0.503345828125 0.7063149609375 0.525618078125 0.7031776015625 0.534314390625 0.69052889375 0.53337005 0.6573254546875 0.5213269375 0.642924846875 0.51313130625 0.6388867203124999 0.49951145468749997 0.6400783031249999 0.488663025 0.65053771875 0.4827820375 0.66175133125
0 0.5225085078125 0.7236590484375001 0.504997275 0.7251910828125 0.49153995000000006 0.7394451156249999 0.488680715625 0.75158314375 0.49012573281250005 0.7680997546875 0.49484284375 0.7771973625 0.5066795234375 0.7892384546875 0.5127230296875 0.79108729375 0.5291582046875 0.7884606140625 0.5356584828125001 0.7843255515625 0.5415394703125 0.7731119375 0.5437794078125 0.7538953609375 0.5408015609375 0.7422680109375001 0.5225085078125 0.7236590484375001
0 0.5238965125 0.8067527703125 0.5122223546875 0.8077741265625 0.4970257671875 0.8245579 0.49396010468749996 0.8343364125000001 0.4954051203125 0.8508530234375 0.4979701046875 0.8577613390625001 0.5078610953125 0.869972659375 0.5160567265625 0.8740107874999999 0.53443759375 0.8712138812499999 0.54093786875 0.867078815625 0.54681885625 0.8558652062500001 0.5462873796875 0.8273807953125001 0.53209214375 0.810790896875 0.5238965125 0.8067527703125
0 0.5466078359375001 0.696586084375 0.54374860625 0.7087241140625 0.546932884375 0.7227109828125 0.567378059375 0.7435092328125 0.5857589265625001 0.740712328125 0.5959880640625 0.7231743609375 0.59781514375 0.6992387546875001 0.5952501578125 0.6923304328125 0.581261353125 0.6781000546875 0.5654893796875 0.677102346875 0.5561737765625 0.6826725062500001 0.5466078359375001 0.696586084375
0 0.6030945296875 0.7819920234375 0.5908449890624999 0.7652319015625 0.5807036625 0.7613639984375 0.5709751984375 0.762215128125 0.5653445515625 0.7650853234375 0.5523000875 0.784058384375 0.552212271875 0.8054642515625 0.5614400609375 0.821299953125 0.568766059375 0.8266029500000001 0.5728638796875 0.8286220156249999 0.59124474375 0.825825109375 0.5977450234374999 0.8216900468749999 0.6051588390625 0.8055871765625 0.606278809375 0.795978890625 0.6030945296875 0.7819920234375
0 0.592232990625 0.848325621875 0.574515325 0.8474981390625 0.5634604609375 0.8555980421875 0.55737304375 0.864452140625 0.55430738125 0.8742306515625 0.5555459671875 0.8883877453125001 0.565849815625 0.90531809375 0.58203465 0.91103483125 0.590687053125 0.90908905625 0.604763671875 0.901913571875 0.6108510859375 0.8930594765625001 0.608580346875 0.8671048046875001 0.6017111140625 0.8558179062500001 0.592232990625 0.848325621875
0 0.6499051859375 0.6447523734375 0.642372753125 0.6370898609375 0.6302857328125 0.6333921874999999 0.6205572703125 0.6342433171875 0.6095024046875 0.6423432203125 0.6034149890625 0.6511973156249999 0.6018821578125 0.656086571875 0.6041528984375 0.68204124375 0.6202938234375 0.6984609140625 0.6263373343749999 0.700309753125 0.6408268125000001 0.6978532984375 0.6455878296875001 0.696247975 0.6516752484375 0.687393878125 0.654828725 0.6562095 0.6499051859375 0.6447523734375
0 0.6599016796875 0.73660325 0.6498042640625 0.72203241875 0.64160863125 0.7179942890625 0.6260430890625 0.7193560984375 0.6204124421875 0.7222262921875 0.6108465 0.7361398734375 0.60881299375 0.7577159640625 0.6137365328125 0.7691730890625 0.6255732140625 0.78121418125 0.6376602296875 0.78491185625 0.644366940625 0.7831363062500001 0.6528129093749999 0.7788310171874999 0.658900328125 0.7699769203125 0.6613466953125 0.7531198609375 0.6599016796875 0.73660325
0 0.642996634375 0.8010880109375 0.6352138609375 0.8017689156250001 0.625898259375 0.8073390781249999 0.6163323187499999 0.8212526578125001 0.6145052421874999 0.8451882640624999 0.61942878125 0.8566453890625001 0.6291133359375001 0.8664971906250001 0.6351568453125 0.868346028125 0.6535377125 0.8655491218750001 0.661777253125 0.8588843171875 0.6676582390625 0.8476707078124999 0.6653875 0.8217160359375001 0.6531379578125 0.8049559140625 0.642996634375 0.8010880109375
0 0.682643809375 0.6716078125 0.6752738984375 0.677007746875 0.665914390625 0.6932808421875001 0.66818513125 0.7192355140625 0.6759239921875 0.729257540625 0.6862717468749999 0.7354849578125 0.7046526156249999 0.7326880499999999 0.7100768328125 0.72745834375 0.7164145875 0.7102608312500001 0.7165024015625 0.6888549640625 0.7064049828125001 0.6742841296875 0.6982093515625001 0.6702460046875001 0.682643809375 0.6716078125
0 0.72414034375 0.7761570375 0.7116843703125 0.7570373984375001 0.70758655625 0.7550183374999999 0.6900753203125001 0.756550371875 0.6809661484375 0.76448005 0.6735523328124999 0.7805829156249999 0.6726387921875 0.7925507171875 0.6756166421875001 0.80417806875 0.68765975 0.818578678125 0.6958553828125 0.822616803125 0.7103448640625001 0.8201603499999999 0.7205300968749999 0.8133253171874999 0.7264110828125 0.8021117078125 0.7279439125 0.7972224515625 0.72414034375 0.7761570375
0 0.7225504984375 0.8476234078125 0.7091809890625 0.840471571875 0.6975068296875 0.841492928125 0.6862455359374999 0.8472333171875001 0.67709245625 0.8658659265624999 0.6791567656249999 0.88946108125 0.6836674453125 0.8961991749999999 0.69314556875 0.903691459375 0.7078414796875 0.9035945218749999 0.7164938796875 0.9016487468750001 0.7238637906250001 0.8962488125 0.72995120625 0.8873947203125001 0.7326040093749999 0.8728971734375 0.7225504984375 0.8476234078125