0 0.154319240625 0.080078125 0.12758677031250001 0.080078125 0.11422053750000001 0.0888671875 0.10936009218750001 0.0986328125 0.10936009218750001 0.11035156093750001 0.11422053750000001 0.11816406093750001 0.12515655 0.126953125 0.132447221875 0.1289062515625 0.1506739 0.1279296875 0.1591796875 0.125 0.17011569531249998 0.1123046875 0.1725459203125 0.1044921875 0.17011569531249998 0.09472656093750001 0.1628250234375 0.08496093906249999 0.154319240625 0.080078125
0 0.251528209375 0.0859375 0.2405921984375 0.09277343906249999 0.2357317515625 0.10058593906249999 0.2357317515625 0.1142578125 0.24666775937500002 0.1289062515625 0.25638865625 0.1328125 0.277045565625 0.1318359390625 0.2940571328125 0.11816406093750001 0.29648735937500004 0.1123046875 0.2940571328125 0.0986328125 0.2806909 0.0859375 0.270970003125 0.083984375 0.251528209375 0.0859375
0 0.3827603171875 0.0859375 0.369394084375 0.09277343906249999 0.3621034125 0.1044921875 0.3621034125 0.11621093906249999 0.369394084375 0.1279296875 0.3778998703125 0.1328125 0.38519054218750004 0.134765625 0.403417221875 0.1337890609375 0.42042879375000003 0.1220703125 0.422859015625 0.11621093906249999 0.42042879375000003 0.10058593906249999 0.41556834374999996 0.09277343906249999 0.40463233593750003 0.0859375 0.3827603171875 0.0859375
0 0.5091319765625 0.08984374843750001 0.5018413046875 0.091796875 0.49333551875000003 0.0986328125 0.48847507187500006 0.1064453125 0.48847507187500006 0.1220703125 0.49333551875000003 0.1298828125 0.5067017515625001 0.138671875 0.5224982093749999 0.1396484390625 0.533434221875 0.1367187484375 0.5468004546875 0.1259765609375 0.5492306796875 0.11035156093750001 0.5443702296875 0.10058593906249999 0.533434221875 0.091796875 0.5091319765625 0.08984374843750001
0 0.6500849843750001 0.095703125 0.6282129656250001 0.09375 0.6160618437500001 0.099609375 0.6075560609374999 0.10839843906249999 0.6051258359375 0.1220703125 0.6099862828125 0.1318359390625 0.62092229375 0.140625 0.6330734125 0.1445312515625 0.6391489734375 0.1435546875 0.65494543125 0.138671875 0.6634512171875 0.1298828125 0.6658814421875 0.1259765609375 0.6658814421875 0.11035156093750001 0.6610209921875 0.10253906093750001 0.6500849843750001 0.095703125
0 0.7545846265625 0.087890625 0.7448637296875 0.091796875 0.7339277171874999 0.10253906093750001 0.731497496875 0.11816406093750001 0.740003278125 0.130859375 0.7570148515625 0.138671875 0.767950859375 0.1376953125 0.7788868671875 0.134765625 0.7898228781250001 0.1259765609375 0.794683325 0.10839843906249999 0.7922531 0.10253906093750001 0.7764566453125 0.08984374843750001 0.7545846265625 0.087890625
0 0.8785260609375 0.087890625 0.8615144921875 0.09375 0.8554389312499999 0.10058593906249999 0.85300870625 0.1044921875 0.85300870625 0.1220703125 0.8615144921875 0.1328125 0.8760958359375 0.138671875 0.89189229375 0.1376953125 0.9028283046875 0.1328125 0.9137643125 0.1220703125 0.9137643125 0.1064453125 0.9003980796875 0.091796875 0.8882469578125001 0.087890625 0.8785260609375 0.087890625
0 0.18834237812500002 0.162109375 0.1725459203125 0.1728515609375 0.1676854734375 0.1806640609375 0.17011569531249998 0.1943359390625 0.185912153125 0.208984375 0.193202828125 0.2109375 0.20413883593749999 0.2099609390625 0.212644621875 0.208984375 0.2260108546875 0.1982421875 0.2284410765625 0.1943359390625 0.2284410765625 0.1767578125 0.212644621875 0.162109375 0.18834237812500002 0.162109375
0 0.33901628281249996 0.1640625 0.322004709375 0.162109375 0.30985359218749997 0.166015625 0.3013478046875 0.1728515609375 0.29648735937500004 0.1806640609375 0.29648735937500004 0.1943359390625 0.2989175796875 0.2001953125 0.30985359218749997 0.208984375 0.322004709375 0.212890625 0.332940721875 0.2119140609375 0.3438767296875 0.208984375 0.349952290625 0.2041015609375 0.3572429625 0.1904296875 0.3572429625 0.1845703125 0.352382515625 0.1748046875 0.33901628281249996 0.1640625
0 0.4435159234375 0.166015625 0.43136480156249996 0.169921875 0.422859015625 0.1767578125 0.42042879375000003 0.1806640609375 0.42042879375000003 0.2001953125 0.4337950265625 0.212890625 0.44594614843749997 0.216796875 0.45445193125000005 0.2158203125 0.46538794218749996 0.212890625 0.478754175 0.2001953125 0.478754175 0.1845703125 0.47389372500000004 0.1748046875 0.46538794218749996 0.1679687484375 0.4435159234375 0.166015625
0 0.567457359375 0.173828125 0.5577364625000001 0.177734375 0.5468004546875 0.1884765609375 0.5443702296875 0.1962890609375 0.5468004546875 0.2080078125 0.5601666875 0.220703125 0.567457359375 0.2226562515625 0.5856840421875 0.2216796875 0.6002653859375 0.2138671875 0.6051258359375 0.2041015609375 0.6051258359375 0.1923828125 0.6002653859375 0.1826171875 0.589329378125 0.1757812515625 0.567457359375 0.173828125
0 0.686538346875 0.173828125 0.6756023359375 0.1845703125 0.6731721140625 0.1943359390625 0.6756023359375 0.2041015609375 0.69139879375 0.216796875 0.69868946875 0.21875 0.7144859234375 0.2177734390625 0.7266370453125 0.2119140609375 0.7339277171874999 0.2001953125 0.7339277171874999 0.1865234390625 0.7181312640625 0.171875 0.6962592437499999 0.169921875 0.686538346875 0.173828125
0 0.8177704546875001 0.169921875 0.8056193359374999 0.173828125 0.79711355 0.1806640609375 0.7922531 0.1982421875 0.79711355 0.2080078125 0.8080495578125 0.216796875 0.8129100078124999 0.21875 0.8335669125 0.2177734390625 0.848148259375 0.2099609390625 0.8578691562499999 0.1943359390625 0.85057848125 0.1806640609375 0.8445029234374999 0.1757812515625 0.8274913515625 0.169921875 0.8177704546875001 0.169921875
0 0.13973789375 0.240234375 0.122726325 0.2421875 0.10449964062499999 0.2568359390625 0.1069298671875 0.2763671875 0.122726325 0.2890625 0.13001699687499998 0.291015625 0.1433832296875 0.2900390609375 0.149458790625 0.2890625 0.1603948015625 0.2822265609375 0.1652552484375 0.2744140609375 0.1652552484375 0.2568359390625 0.147028565625 0.2421875 0.13973789375 0.240234375
0 0.26853977812499996 0.2421875 0.24666775937500002 0.2421875 0.23330152656249997 0.2509765609375 0.2284410765625 0.2587890609375 0.2284410765625 0.2724609390625 0.2393770875 0.2851562515625 0.25638865625 0.291015625 0.2648944421875 0.2900390609375 0.27583045 0.287109375 0.2843362359375 0.2802734390625 0.2891966828125 0.2724609390625 0.2891966828125 0.2587890609375 0.2819060109375 0.2490234390625 0.26853977812499996 0.2421875
0 0.3924812140625 0.2460937484375 0.37060919531250003 0.2460937484375 0.354812740625 0.2587890609375 0.352382515625 0.2646484390625 0.354812740625 0.2802734390625 0.3657487484375 0.291015625 0.37546964531250004 0.294921875 0.391266103125 0.2939453125 0.3997718859375 0.291015625 0.410707896875 0.2802734390625 0.413138121875 0.2744140609375 0.410707896875 0.2587890609375 0.4022021109375 0.25 0.3924812140625 0.2460937484375
0 0.50427153125 0.248046875 0.4921204078125 0.251953125 0.478754175 0.2626953125 0.47632395 0.2666015609375 0.47632395 0.2822265609375 0.4921204078125 0.296875 0.5079168671875001 0.2998046875 0.523713325 0.294921875 0.53221910625 0.2880859390625 0.5346493328124999 0.2841796875 0.5346493328124999 0.2646484390625 0.523713325 0.2539062515625 0.50427153125 0.248046875
0 0.6282129656250001 0.2539062515625 0.6172769546875 0.2626953125 0.6148467328125 0.2666015609375 0.6148467328125 0.2841796875 0.6282129656250001 0.296875 0.6379338625 0.3007812515625 0.6513000953125 0.2998046875 0.65980588125 0.296875 0.6707418890625 0.2880859390625 0.6731721140625 0.2646484390625 0.6573756562499999 0.251953125 0.6379338625 0.25 0.6282129656250001 0.2539062515625
0 0.7363579421875001 0.2685546875 0.7339277171874999 0.2744140609375 0.7363579421875001 0.2861328125 0.7545846265625 0.3007812515625 0.77767175625 0.2998046875 0.7922531 0.2880859390625 0.794683325 0.2822265609375 0.7922531 0.2646484390625 0.7740264203125 0.251953125 0.7570148515625 0.251953125 0.7363579421875001 0.2685546875
0 0.8578691562499999 0.2607421875 0.85300870625 0.2685546875 0.85300870625 0.2841796875 0.8602993812499999 0.2939453125 0.8736656140625 0.3007812515625 0.8943225187499999 0.2998046875 0.9161945375 0.2841796875 0.9161945375 0.2744140609375 0.9113340875 0.2646484390625 0.8955376296875001 0.251953125 0.8760958359375 0.25 0.8578691562499999 0.2607421875
0 0.8469331453125 0.337890625 0.8372122484375 0.333984375 0.8250611296875 0.333984375 0.8129100078124999 0.337890625 0.799543775 0.3486328125 0.79711355 0.3662109390625 0.799543775 0.3720703125 0.8104797828124999 0.380859375 0.8202006796875001 0.384765625 0.8359971375 0.3837890609375 0.8445029234374999 0.380859375 0.85300870625 0.3740234390625 0.8627296031249999 0.3603515609375 0.8627296031249999 0.3564453125 0.8554389312499999 0.3447265609375 0.8469331453125 0.337890625
0 0.69868946875 0.333984375 0.688968571875 0.337890625 0.6780325609375 0.3466796875 0.6756023359375 0.3505859390625 0.6756023359375 0.3662109390625 0.6962592437499999 0.3828125 0.7169161484375 0.3818359390625 0.731497496875 0.3720703125 0.74121839375 0.3525390609375 0.7387881671875001 0.3466796875 0.73028238125 0.3398437484375 0.7132708125 0.333984375 0.69868946875 0.333984375
0 0.584468928125 0.328125 0.5650271328125 0.328125 0.552876015625 0.333984375 0.5468004546875 0.3408203125 0.5443702296875 0.3583984390625 0.5577364625000001 0.373046875 0.567457359375 0.376953125 0.5832538171875 0.3759765609375 0.5917596031250001 0.373046875 0.6002653859375 0.3662109390625 0.6051258359375 0.3564453125 0.6051258359375 0.3466796875 0.5941898250000001 0.3320312515625 0.584468928125 0.328125
0 0.4289345765625 0.330078125 0.410707896875 0.3447265609375 0.410707896875 0.3623046875 0.4240741296875 0.375 0.4386554734375 0.3789062515625 0.444731034375 0.3779296875 0.4532368203125 0.376953125 0.46660305312499994 0.3662109390625 0.46903327812500006 0.3623046875 0.46903327812500006 0.3447265609375 0.45080659531249995 0.330078125 0.4289345765625 0.330078125
0 0.2891966828125 0.3349609390625 0.2843362359375 0.3427734390625 0.2843362359375 0.3544921875 0.29770246875 0.369140625 0.3074233671875 0.373046875 0.3256500453125 0.3720703125 0.34266161875 0.3603515609375 0.3450918390625 0.3564453125 0.3450918390625 0.3408203125 0.33172560624999997 0.326171875 0.304993140625 0.3242187484375 0.2891966828125 0.3349609390625
0 0.19563305 0.322265625 0.18348193125 0.3242187484375 0.1652552484375 0.3388671875 0.1628250234375 0.3466796875 0.1652552484375 0.3544921875 0.17862148125 0.369140625 0.190772603125 0.373046875 0.20413883593749999 0.3720703125 0.212644621875 0.369140625 0.22358062968749998 0.3603515609375 0.2260108546875 0.3408203125 0.2211504046875 0.3330078125 0.20778417187499998 0.3242187484375 0.19563305 0.322265625
0 0.1105752015625 0.40625 0.0996391953125 0.4169921875 0.09720896875 0.4228515609375 0.0996391953125 0.4365234390625 0.113005428125 0.4492187484375 0.122726325 0.453125 0.1409530078125 0.4521484390625 0.147028565625 0.451171875 0.1603948015625 0.4384765609375 0.1628250234375 0.4287109390625 0.15796457656250001 0.4150390609375 0.14216811875 0.404296875 0.1105752015625 0.40625
0 0.26853977812499996 0.4101562515625 0.244237534375 0.408203125 0.2284410765625 0.4169921875 0.22358062968749998 0.4248046875 0.22358062968749998 0.4404296875 0.23451663749999999 0.453125 0.244237534375 0.4570312515625 0.2624642171875 0.4560546875 0.270970003125 0.453125 0.2819060109375 0.4423828125 0.2819060109375 0.4326171875 0.2843362359375 0.4306640609375 0.2819060109375 0.4228515609375 0.26853977812499996 0.4101562515625
0 0.3924812140625 0.4140625 0.3827603171875 0.4101562515625 0.3657487484375 0.4101562515625 0.349952290625 0.4189453125 0.3450918390625 0.4267578125 0.3450918390625 0.4423828125 0.3584580765625 0.4570312515625 0.3730394203125 0.4609375 0.37911498125 0.4599609390625 0.3900509890625 0.4570312515625 0.40098700000000004 0.4482421875 0.405847446875 0.4384765609375 0.405847446875 0.4306640609375 0.40098700000000004 0.4208984390625 0.3924812140625 0.4140625
0 0.50427153125 0.408203125 0.4945506328125 0.412109375 0.483614621875 0.4248046875 0.483614621875 0.4423828125 0.4994110796875 0.455078125 0.5067017515625001 0.4570312515625 0.5224982093749999 0.4560546875 0.531003996875 0.453125 0.541940003125 0.4423828125 0.541940003125 0.4228515609375 0.531003996875 0.412109375 0.5212831 0.408203125 0.50427153125 0.408203125
0 0.6282129656250001 0.4101562515625 0.6099862828125 0.4208984390625 0.6051258359375 0.4287109390625 0.6051258359375 0.4404296875 0.6075560609374999 0.4462890609375 0.62092229375 0.4570312515625 0.6330734125 0.4609375 0.6391489734375 0.4599609390625 0.6585907671875 0.4521484390625 0.6658814421875 0.4404296875 0.6658814421875 0.4306640609375 0.6610209921875 0.4208984390625 0.6500849843750001 0.412109375 0.6282129656250001 0.4101562515625
0 0.7448637296875 0.421875 0.7363579421875001 0.4287109390625 0.731497496875 0.4365234390625 0.731497496875 0.4482421875 0.7448637296875 0.462890625 0.7545846265625 0.466796875 0.7728113046875 0.4658203125 0.7873926531250001 0.4580078125 0.7922531 0.4501953125 0.7922531 0.4345703125 0.7764566453125 0.419921875 0.7570148515625 0.4179687484375 0.7448637296875 0.421875
0 0.8760958359375 0.419921875 0.8639447171875 0.423828125 0.8554389312499999 0.4306640609375 0.85057848125 0.4384765609375 0.85057848125 0.4521484390625 0.8578691562499999 0.4619140609375 0.8663749390625 0.466796875 0.8785260609375 0.470703125 0.887031846875 0.4697265609375 0.8979678546875001 0.466796875 0.9089038625000001 0.4580078125 0.9137643125 0.4482421875 0.9137643125 0.4365234390625 0.8955376296875001 0.421875 0.8760958359375 0.419921875
0 0.8299215765625 0.501953125 0.8177704546875001 0.501953125 0.8056193359374999 0.505859375 0.794683325 0.5146484390625 0.7922531 0.5322265609375 0.794683325 0.5380859390625 0.8056193359374999 0.548828125 0.8177704546875001 0.552734375 0.8311366874999999 0.5517578125 0.8396424734375 0.548828125 0.8554389312499999 0.5361328125 0.8578691562499999 0.5244140609375 0.8554389312499999 0.5166015609375 0.8493633703125001 0.509765625 0.8299215765625 0.501953125
0 0.684108121875 0.494140625 0.674387225 0.498046875 0.6634512171875 0.5068359390625 0.6585907671875 0.5224609390625 0.6658814421875 0.5341796875 0.674387225 0.541015625 0.6792476749999999 0.5429687484375 0.7023348046875 0.5419921875 0.7108405875 0.5390625 0.7193463734375001 0.5302734390625 0.7217766 0.5126953125 0.7084103671875 0.498046875 0.6962592437499999 0.494140625 0.684108121875 0.494140625
0 0.5771782562500001 0.4921875 0.5601666875 0.4921875 0.541940003125 0.5029296875 0.5370795578124999 0.5107421875 0.5370795578124999 0.5205078125 0.541940003125 0.5302734390625 0.550445790625 0.537109375 0.5601666875 0.541015625 0.5783933671875 0.5400390609375 0.5929747140625 0.5322265609375 0.6002653859375 0.5205078125 0.6002653859375 0.5126953125 0.5954049390625 0.5029296875 0.586899153125 0.4960937484375 0.5771782562500001 0.4921875
0 0.4435159234375 0.4882812515625 0.4289345765625 0.4921875 0.41799856875 0.5009765609375 0.41556834374999996 0.5048828125 0.41556834374999996 0.5224609390625 0.43136480156249996 0.537109375 0.44959148437499996 0.5380859390625 0.4605274921875 0.5351562515625 0.471463503125 0.5244140609375 0.47389372500000004 0.5205078125 0.47389372500000004 0.5048828125 0.4605274921875 0.4921875 0.4435159234375 0.4882812515625
0 0.3171442640625 0.494140625 0.29527224375 0.494140625 0.2819060109375 0.5029296875 0.277045565625 0.5107421875 0.277045565625 0.5263671875 0.29284201875 0.541015625 0.3001326953125 0.5429687484375 0.31592915312500003 0.5419921875 0.32443493437500004 0.5390625 0.332940721875 0.5322265609375 0.3378011671875 0.5224609390625 0.335370946875 0.5068359390625 0.3268651609375 0.498046875 0.3171442640625 0.494140625
0 0.17862148125 0.4882812515625 0.1603948015625 0.4990234390625 0.1555343515625 0.5087890609375 0.15796457656250001 0.5205078125 0.1652552484375 0.5302734390625 0.17376103437499998 0.5351562515625 0.18105170625 0.537109375 0.1944179390625 0.5361328125 0.205353946875 0.533203125 0.21385973281249998 0.5244140609375 0.2187201828125 0.5126953125 0.21628995781250002 0.5029296875 0.198063275 0.4882812515625 0.17862148125 0.4882812515625
0 0.1373076671875 0.5703125 0.115435653125 0.5703125 0.09720896875 0.5849609390625 0.09477874375 0.5908203125 0.09720896875 0.6044921875 0.115435653125 0.619140625 0.13609255781250001 0.6181640609375 0.14459834375 0.615234375 0.1555343515625 0.6044921875 0.15796457656250001 0.5986328125 0.1555343515625 0.5830078125 0.149458790625 0.576171875 0.1373076671875 0.5703125
0 0.25395843125 0.576171875 0.2393770875 0.576171875 0.232086415625 0.578125 0.2187201828125 0.5888671875 0.21628995781250002 0.5927734390625 0.21628995781250002 0.6103515609375 0.229656190625 0.623046875 0.24180731249999998 0.626953125 0.2478828703125 0.6259765609375 0.26124910625000003 0.623046875 0.2721851140625 0.6142578125 0.2746153390625 0.6103515609375 0.2746153390625 0.5908203125 0.263679328125 0.580078125 0.25395843125 0.576171875
0 0.3681789734375 0.5703125 0.3560278515625 0.576171875 0.347522065625 0.5849609390625 0.3450918390625 0.5947265609375 0.347522065625 0.6064453125 0.3560278515625 0.615234375 0.3730394203125 0.6210937484375 0.38154520625 0.6201171875 0.3924812140625 0.6171875 0.403417221875 0.6083984390625 0.405847446875 0.6044921875 0.405847446875 0.5869140609375 0.3900509890625 0.572265625 0.3681789734375 0.5703125
0 0.513992428125 0.5742187484375 0.48969018281250004 0.576171875 0.47632395 0.5869140609375 0.47389372500000004 0.5927734390625 0.47632395 0.6103515609375 0.4945506328125 0.623046875 0.5152075375 0.6220703125 0.523713325 0.619140625 0.53221910625 0.6103515609375 0.5346493328124999 0.6044921875 0.53221910625 0.5869140609375 0.5261435453125001 0.580078125 0.513992428125 0.5742187484375
0 0.6379338625 0.578125 0.6306431906250001 0.576171875 0.6160618437500001 0.578125 0.5978351609375 0.5927734390625 0.6002653859375 0.6142578125 0.61363161875 0.625 0.62092229375 0.626953125 0.6367187484375 0.6259765609375 0.6452245343749999 0.623046875 0.6561605421875 0.6123046875 0.6585907671875 0.6064453125 0.6561605421875 0.5908203125 0.647654759375 0.5820312515625 0.6379338625 0.578125
0 0.7643055234375 0.5820312515625 0.7472939546874999 0.580078125 0.7375730578125 0.5820312515625 0.7290672703125 0.5869140609375 0.7193463734375001 0.6044921875 0.7217766 0.6142578125 0.73028238125 0.625 0.7472939546874999 0.630859375 0.7557997359375 0.6298828125 0.76916596875 0.626953125 0.77767175625 0.6201171875 0.78253220625 0.6103515609375 0.78253220625 0.6005859390625 0.7715961953125 0.5859375 0.7643055234375 0.5820312515625
0 0.8906771828125001 0.587890625 0.8688051640625 0.587890625 0.85057848125 0.6025390609375 0.848148259375 0.6123046875 0.85057848125 0.6201171875 0.85300870625 0.6259765609375 0.8639447171875 0.634765625 0.884601621875 0.6376953125 0.8931074078125001 0.6367187484375 0.9040434156250001 0.6298828125 0.9113340875 0.6201171875 0.9113340875 0.6064453125 0.9003980796875 0.591796875 0.8906771828125001 0.587890625
0 0.8202006796875001 0.666015625 0.8007588859375 0.666015625 0.784962428125 0.6748046875 0.78010198125 0.6826171875 0.78010198125 0.6982421875 0.7873926531250001 0.7080078125 0.8007588859375 0.7148437484375 0.82141579375 0.7138671875 0.8299215765625 0.7109375 0.8384273625 0.7021484390625 0.8408575875000001 0.6962890609375 0.8384273625 0.6787109390625 0.8299215765625 0.669921875 0.8202006796875001 0.666015625
0 0.667096553125 0.666015625 0.6561605421875 0.6767578125 0.6537303203125 0.6845703125 0.6561605421875 0.6962890609375 0.674387225 0.7109375 0.6974743546875 0.7099609390625 0.7096254765625 0.7021484390625 0.7144859234375 0.6943359390625 0.7144859234375 0.6767578125 0.701119690625 0.6640625 0.6768174499999999 0.662109375 0.667096553125 0.666015625
0 0.5553062359375 0.658203125 0.5370795578124999 0.6689453125 0.53221910625 0.6767578125 0.53221910625 0.6904296875 0.541940003125 0.7021484390625 0.550445790625 0.7070312515625 0.5553062359375 0.708984375 0.5711026953125 0.7080078125 0.58203870625 0.703125 0.5905444890625 0.6943359390625 0.5929747140625 0.6767578125 0.5905444890625 0.6708984390625 0.5771782562500001 0.6601562515625 0.5553062359375 0.658203125
0 0.4483763703125 0.658203125 0.4289345765625 0.658203125 0.4192136796875 0.662109375 0.40827767187499997 0.6728515609375 0.405847446875 0.6865234390625 0.410707896875 0.6962890609375 0.4216439046875 0.705078125 0.43136480156249996 0.708984375 0.444731034375 0.7080078125 0.4532368203125 0.705078125 0.461742603125 0.6982421875 0.46660305312499994 0.6904296875 0.46660305312499994 0.6748046875 0.461742603125 0.6669921875 0.4483763703125 0.658203125
0 0.33172560624999997 0.65625 0.3268651609375 0.654296875 0.302562915625 0.654296875 0.2891966828125 0.6630859390625 0.2843362359375 0.6708984390625 0.2843362359375 0.6865234390625 0.3001326953125 0.701171875 0.3074233671875 0.703125 0.3207896 0.7021484390625 0.33172560624999997 0.6992187484375 0.34023139375 0.6923828125 0.3450918390625 0.6845703125 0.3450918390625 0.6728515609375 0.34266161875 0.6669921875 0.33172560624999997 0.65625
0 0.168900584375 0.65625 0.1506739 0.6689453125 0.14824367968750002 0.6884765609375 0.1531041265625 0.6962890609375 0.168900584375 0.705078125 0.1895574890625 0.7041015609375 0.2065690609375 0.6923828125 0.20899928281250002 0.6748046875 0.20413883593749999 0.6669921875 0.193202828125 0.658203125 0.18834237812500002 0.65625 0.168900584375 0.65625
0 0.09234851875 0.7509765609375 0.08748807187499999 0.7587890609375 0.0899182984375 0.7783203125 0.10328453124999999 0.7890625 0.1105752015625 0.791015625 0.1288018859375 0.7900390609375 0.14824367968750002 0.7744140609375 0.14824367968750002 0.7568359390625 0.13001699687499998 0.7421875 0.122726325 0.740234375 0.10571475625 0.7421875 0.09234851875 0.7509765609375
0 0.25395843125 0.736328125 0.23451663749999999 0.736328125 0.22236551875 0.7421875 0.21385973281249998 0.7529296875 0.21385973281249998 0.7705078125 0.232086415625 0.7851562515625 0.2551735453125 0.7841796875 0.2697548890625 0.7744140609375 0.2746153390625 0.7646484390625 0.2746153390625 0.7548828125 0.2697548890625 0.7470703125 0.25881888124999997 0.7382812515625 0.25395843125 0.736328125
0 0.37546964531250004 0.740234375 0.3681789734375 0.740234375 0.3560278515625 0.744140625 0.347522065625 0.7509765609375 0.34266161875 0.7587890609375 0.34266161875 0.7744140609375 0.3535976265625 0.787109375 0.3657487484375 0.791015625 0.38154520625 0.7900390609375 0.3900509890625 0.787109375 0.40098700000000004 0.7763671875 0.403417221875 0.7685546875 0.40098700000000004 0.7548828125 0.3924812140625 0.7460937484375 0.37546964531250004 0.740234375
0 0.48482973593749995 0.744140625 0.4775390609375 0.7460937484375 0.46660305312499994 0.7548828125 0.461742603125 0.7646484390625 0.461742603125 0.7744140609375 0.464172828125 0.7802734390625 0.4775390609375 0.791015625 0.48725995781250003 0.794921875 0.500626190625 0.7939453125 0.520067984375 0.7822265609375 0.5224982093749999 0.7783203125 0.5224982093749999 0.7607421875 0.5115622015625 0.748046875 0.5018413046875 0.744140625 0.48482973593749995 0.744140625
0 0.5954049390625 0.7568359390625 0.5905444890625 0.7646484390625 0.5905444890625 0.7763671875 0.5929747140625 0.7822265609375 0.608771171875 0.794921875 0.61363161875 0.796875 0.6294280765625 0.7958984390625 0.6403640875 0.7929687484375 0.6537303203125 0.7802734390625 0.6537303203125 0.7626953125 0.6379338625 0.748046875 0.61363161875 0.7460937484375 0.5954049390625 0.7568359390625
0 0.7570148515625 0.75 0.7521544 0.748046875 0.73028238125 0.748046875 0.7144859234375 0.7587890609375 0.7096254765625 0.7685546875 0.7096254765625 0.7763671875 0.7169161484375 0.7880859390625 0.725421934375 0.794921875 0.74364861875 0.7978515609375 0.7545846265625 0.796875 0.767950859375 0.7880859390625 0.7728113046875 0.7783203125 0.7728113046875 0.7685546875 0.767950859375 0.7587890609375 0.7570148515625 0.75
0 0.8906771828125001 0.744140625 0.8688051640625 0.744140625 0.85300870625 0.7548828125 0.848148259375 0.7646484390625 0.848148259375 0.7724609390625 0.85300870625 0.7822265609375 0.8663749390625 0.7929687484375 0.8736656140625 0.794921875 0.88946206875 0.7939453125 0.9028283046875 0.7890625 0.9113340875 0.7822265609375 0.9137643125 0.7783203125 0.9137643125 0.7626953125 0.8955376296875001 0.7460937484375 0.8906771828125001 0.744140625
0 0.8031891109375 0.826171875 0.7873926531250001 0.8369140609375 0.78253220625 0.8447265609375 0.784962428125 0.8603515609375 0.7983286609375 0.873046875 0.8177704546875001 0.876953125 0.8287064656249999 0.8759765609375 0.848148259375 0.8603515609375 0.848148259375 0.8486328125 0.843287809375 0.8388671875 0.8274913515625 0.826171875 0.8177704546875001 0.8242187484375 0.8031891109375 0.826171875
0 0.283121121875 0.8320312515625 0.2746153390625 0.8408203125 0.2721851140625 0.8603515609375 0.277045565625 0.8681640609375 0.2904117984375 0.876953125 0.31592915312500003 0.8759765609375 0.332940721875 0.8623046875 0.332940721875 0.8427734390625 0.322004709375 0.8320312515625 0.3122838125 0.828125 0.29284201875 0.828125 0.283121121875 0.8320312515625
0 0.1555343515625 0.8388671875 0.1506739 0.8466796875 0.1506739 0.8623046875 0.168900584375 0.876953125 0.1846970421875 0.8779296875 0.20049350000000002 0.873046875 0.20899928281250002 0.8662109390625 0.2114295078125 0.8427734390625 0.193202828125 0.828125 0.171330809375 0.828125 0.1555343515625 0.8388671875
0 0.8736656140625 0.908203125 0.8615144921875 0.912109375 0.85057848125 0.9208984390625 0.848148259375 0.9248046875 0.848148259375 0.9423828125 0.85300870625 0.9501953125 0.8688051640625 0.9609375 0.8736656140625 0.962890625 0.88946206875 0.9619140609375 0.8979678546875001 0.958984375 0.9089038625000001 0.9501953125 0.9161945375 0.9326171875 0.9137643125 0.9267578125 0.8931074078125001 0.9101562515625 0.8736656140625 0.908203125