0 0.8104591031249999 0.0344564828125 0.794666196875 0.03550944375 0.789525371875 0.039289415625000004 0.7829508875 0.0498831890625 0.7800835625 0.06351078125000001 0.7840621875 0.080744103125 0.7931816406250001 0.0941974546875 0.8044020984375001 0.099386378125 0.8227654203125001 0.0964434296875 0.833343978125 0.077145875 0.83070004375 0.057011289062500005 0.8265234749999999 0.0476030328125 0.8104591031249999 0.0344564828125
0 0.8105807015625001 0.1044427421875 0.8035368109375 0.10866207812499999 0.7954296921874999 0.129982175 0.80054506875 0.1521393078125 0.815274753125 0.16818711718749998 0.820316603125 0.168319675 0.8367768578125 0.1658160859375 0.848121734375 0.14115536875 0.8430063578125001 0.1189982359375 0.824470546875 0.10382914375 0.8105807015625001 0.1044427421875
0 0.8534096046874999 0.181424540625 0.842288115625 0.17232308125 0.8335390984375 0.16915670625 0.816979878125 0.175572828125 0.8096390734375 0.1915297640625 0.8086748171875 0.204717996875 0.8170279515625 0.2235345109375 0.8262463734375001 0.23307532343749998 0.83375966875 0.23523042656249998 0.8502199218750001 0.2327268390625 0.8534576812499999 0.22938622187500002 0.8607984828124999 0.21342928749999998 0.8609964218749999 0.20560421718750002 0.8534096046874999 0.181424540625
0 0.8538281140624999 0.23967319374999999 0.839938275 0.2402867921875 0.8328943843750001 0.2445061265625 0.8263198968750001 0.255099896875 0.8234525734375 0.2687274875 0.8274312 0.2859608109375 0.8335108312499999 0.2949297109375 0.8477711093750001 0.304603084375 0.8642313609375 0.3020994984375 0.8707068765624999 0.2954182609375 0.8761446140625001 0.27990068125 0.8698924859374999 0.25281974375 0.8538281140624999 0.23967319374999999
0 0.8802957328125001 0.3152460453125 0.8716456890625001 0.3081671359375 0.8609936046875 0.305440115625 0.851478271875 0.307636903125 0.8430996875 0.31475749999999997 0.8368956375 0.3356382390625 0.84391408125 0.357356015625 0.8556039421875001 0.3689193734375 0.8631172390625 0.371074478125 0.877674428125 0.36901025 0.88414994375 0.36232901093750003 0.889587678125 0.346811434375 0.8869437421875 0.3266768484375 0.8802957328125001 0.3152460453125
0 0.8856571265625 0.3775397921875 0.876908109375 0.3743734125 0.861683578125 0.37788827343750003 0.8524397078125 0.39428456562499997 0.8509070781249999 0.4050108953125 0.8579255203124999 0.42672867031250006 0.8696153843750001 0.4382920296875 0.8790317453125001 0.4400077765625 0.8897827984375001 0.4388222640625 0.8994960734375 0.42880040468749997 0.9035991171875001 0.41618408906250004 0.8973469906249999 0.389103153125 0.8856571265625 0.3775397921875
0 0.9132614953125 0.45803645 0.9071818625000001 0.4490675515625 0.8903511749999999 0.4412841703125 0.8737919484375001 0.4477002875 0.867785840625 0.4607559640625 0.866253209375 0.47148229218750004 0.8702318359375001 0.48871561718749995 0.87631146875 0.49768451562499993 0.8874329546874999 0.5067859718750001 0.8924748093750001 0.50691853125 0.9051289296875 0.505293659375 0.9102697531249999 0.5015136828125 0.9155095484375 0.49382117187499996 0.917808496875 0.47773167968749997 0.9132614953125 0.45803645
0 0.9106401906249999 0.511800653125 0.8948472828125 0.512853609375 0.8897064546875001 0.5166335859375 0.8810309640625 0.5354917828125 0.8842432734375001 0.5580882734375 0.8903229078124999 0.5670571734375 0.9045831828124999 0.576730546875 0.9210434359375 0.5742269578125 0.9321903718750001 0.5573913078125 0.9278413125 0.5298710109375 0.9242331171875 0.5229246562500001 0.9106401906249999 0.511800653125
0 0.7742273171875 0.0207797046875 0.7562598781250001 0.0080725125 0.7391322828125 0.0120267296875 0.7358945234375 0.015367349999999998 0.7285537203125 0.0313242859375 0.7283557796875 0.039149351562500004 0.7317660312500001 0.053920775 0.738414040625 0.06535157968750001 0.747064084375 0.0724304875 0.7545773812500001 0.074585590625 0.7691345703125 0.07252136406250001 0.7756100859374999 0.0658401234375 0.7802815046875 0.0556857140625 0.7812457609375 0.0424974796875 0.7742273171875 0.0207797046875
0 0.7851989390624999 0.08566791406249999 0.77654889375 0.07858900156250001 0.7658968109375001 0.07586198281249999 0.7499059609375001 0.08474000625 0.7438998515625 0.097795678125 0.7429355921874999 0.11098391249999999 0.7518571046875 0.1322623296875 0.7629785906250001 0.1413637859375 0.774298021875 0.1426401734375 0.7863837640625 0.1385534 0.7909562171875 0.1323115234375 0.7952572 0.111870134375 0.791278575 0.0946368125 0.7851989390624999 0.08566791406249999
0 0.8047216390624999 0.16154756406249998 0.8016818203125 0.1570631125 0.788088890625 0.14593910937500001 0.7818113171875 0.14479527812499998 0.7652520921875 0.1512114 0.7571449734375 0.1725315015625 0.76226035 0.194688634375 0.76530016875 0.19917308281249999 0.774518590625 0.2087138953125 0.783934953125 0.2104296453125 0.7965890718749999 0.208804771875 0.8017298953124999 0.2050247953125 0.809070696875 0.18906785937499998 0.8092686406249999 0.1812427921875 0.8047216390624999 0.16154756406249998
0 0.8181647015625 0.22845831562500002 0.804003396875 0.214872409375 0.782501290625 0.21724344062499998 0.773257421875 0.2336397328125 0.771724790625 0.2443660625 0.77874323125 0.266083834375 0.790433096875 0.2776471984375 0.7979463906250001 0.2798023015625 0.8125035781250001 0.2777380703125 0.8209811312499999 0.266704940625 0.823848453125 0.253077353125 0.8223412703124999 0.23786657187500002 0.8181647015625 0.22845831562500002
0 0.8218209703125 0.28336635 0.8130719546874999 0.280199975 0.794041290625 0.28459355 0.7874668015624999 0.2951873203125 0.784599478125 0.3088149109375 0.7885781046875 0.326048234375 0.7946577375 0.335017134375 0.8089180140625001 0.3446905078125 0.8272813343750001 0.341747559375 0.8372915187500001 0.3199881046875 0.8346475828125 0.2998535203125 0.8310393921875001 0.2929071671875 0.8218209703125 0.28336635
0 0.8469538984374999 0.361840465625 0.8333609703124999 0.3507164625 0.82080581875 0.3484288 0.808621103125 0.3564281109375 0.802614990625 0.36948378593750003 0.8010823609375001 0.3802101140625 0.8081008046875 0.40192788906250004 0.8241651765625001 0.4150744390625 0.829207028125 0.41520699531250005 0.8399580828125 0.414021478125 0.8450989078125 0.41024150625000005 0.8524397078125 0.39428456562499997 0.8539723390624999 0.3835582375 0.8469538984374999 0.361840465625
0 0.8584938953125001 0.42919057499999996 0.8473724078125 0.420089115625 0.8367203249999999 0.4173620984375 0.823967234375 0.42289950625 0.8173927453125 0.433493275 0.8145254234375001 0.447120865625 0.82211224375 0.4713005453125 0.828859221875 0.47881881093749995 0.838843959375 0.4829964609375 0.8553042140624999 0.4804928734375 0.8604450375000001 0.4767129 0.8672174640625 0.458294059375 0.8645735296874999 0.43815947343749995 0.8584938953125001 0.42919057499999996
0 0.8744084015625001 0.49812387343750003 0.8608154718750001 0.48699987031249997 0.854537896875 0.48585603906249997 0.8412164328125 0.48893154218749996 0.8347409171875 0.4956127796875 0.8293031796875001 0.511130359375 0.8308103656249999 0.5263411359375 0.83802675 0.54023384375 0.844773728125 0.5477521109375 0.8566615328125 0.5514904031250001 0.869315653125 0.5498655328125001 0.87579116875 0.54318429375 0.8819952203125 0.52230355 0.87744821875 0.502608321875 0.8744084015625001 0.49812387343750003
0 0.7365109750000001 0.06579093593749999 0.7248211125 0.054227571875000005 0.7122659609374999 0.0519399125 0.6981781781249999 0.060378576562499994 0.6935067609375001 0.07053299375 0.6912078125 0.0866224890625 0.6970895046875001 0.1034164546875 0.7056405812500001 0.1144079015625 0.7206671734375 0.1187181078125 0.7295151578125 0.1179719484375 0.7378937421875 0.11085135625 0.7440977921874999 0.0899706109375 0.739550790625 0.070275384375 0.7365109750000001 0.06579093593749999
0 0.74691421875 0.1282172359375 0.733889665625 0.11955513749999999 0.71676206875 0.12350935468749999 0.7069498234375 0.13744374374999999 0.7054171921875 0.1481700734375 0.7105325687499999 0.17032720625 0.724693871875 0.1839131140625 0.73220716875 0.1860682171875 0.7448612890625 0.184443346875 0.7513368046875 0.1777621078125 0.75754085625 0.1568813640625 0.7529938546875 0.1371861359375 0.74691421875 0.1282172359375
0 0.7700451109374999 0.21104324375 0.7664369203125 0.20409689062499997 0.75417868125 0.1900716265625 0.7454296640625 0.1869052484375 0.7269673734375 0.193760728125 0.7188602546875 0.21508082968750003 0.72340725625 0.2347760578125 0.7294868921875 0.24374495624999998 0.740608378125 0.2528464125 0.7456502328125 0.25297896875000003 0.758304353125 0.2513540984375 0.7634451765625 0.247574121875 0.7686849734375001 0.2398816109375 0.7715522953125 0.2262540203125 0.7700451109374999 0.21104324375
0 0.7768401671875 0.2665231921875 0.7632472390625 0.2553991890625 0.742313503125 0.2602321234375 0.7370737109375 0.2679246328125 0.7334400703124999 0.2869153875 0.736850321875 0.301686809375 0.74292995625 0.31065570937500003 0.7540514453125 0.3197571640625 0.765370871875 0.32103355312500004 0.7787913078125 0.31404551718749996 0.7834627281250001 0.3038911046875 0.7857616765625 0.287801609375 0.7834881765625 0.2779539953125 0.7768401671875 0.2665231921875
0 0.78971485625 0.33097204375 0.7747872359375 0.322749303125 0.7576596343750001 0.3267035203125 0.754421878125 0.33004413593750004 0.7468831359375 0.3538261421875 0.7502933859375001 0.36859756250000003 0.75637301875 0.3775664609375 0.767494509375 0.38666792031249997 0.7769108703125001 0.38838366562500004 0.783855790625 0.388076865625 0.7941374390625 0.380516915625 0.800341490625 0.35963617187499997 0.7957944890624999 0.33994094218750004 0.78971485625 0.33097204375
0 0.7950762499999999 0.3932657859375 0.7844241656250001 0.3905387703125 0.774908834375 0.39273555781249997 0.76653025 0.39985615 0.7624272078125001 0.41247247031249995 0.761660890625 0.41783563125 0.7667762671875 0.4399927640625 0.7815059468750001 0.456040571875 0.79472844375 0.45687760781250003 0.803008053125 0.45366954374999996 0.8114856093749999 0.44263641875 0.8137845546875001 0.426546921875 0.8092375531249999 0.40685169375 0.7950762499999999 0.3932657859375
0 0.8226806171875 0.4737624453125 0.8134621953125001 0.46422163281250006 0.8047131796875 0.46105525937499997 0.789488646875 0.46457011875000004 0.7830131312499999 0.471251353125 0.7781437718750001 0.489230834375 0.7832591484375 0.5113879671875 0.786298965625 0.515872415625 0.7998918953125 0.52699641875 0.80493375 0.527128978125 0.8175878703125001 0.5255041046875 0.8240633875000001 0.5188228687499999 0.8302674375000001 0.49794212499999996 0.8257204359375001 0.478246896875 0.8226806171875 0.4737624453125
0 0.820627684375 0.529988553125 0.8067378453125 0.5306021546874999 0.8015970203125 0.5343821281250001 0.79368784375 0.5478771625000001 0.7921552109375 0.5586034921875 0.7967022125 0.5782987203125 0.8052532875 0.589290165625 0.8145706828125 0.5949184453125 0.8348370656249999 0.5915361421875 0.8448472515625 0.5697766859375 0.842771690625 0.5521040015625001 0.8391635000000001 0.5451576499999999 0.820627684375 0.529988553125
0 0.67499639375 0.029426790624999997 0.6567320421875 0.028457198437499998 0.6445473296875 0.0364565109375 0.6404442859375 0.0490728265625 0.6396779687499999 0.05443599375 0.644793346875 0.0765931265625 0.657051584375 0.0906183859375 0.6638975328125001 0.0942241234375 0.6727455203125 0.0934779640625 0.6829282 0.0898305484375 0.690837378125 0.07633551718750001 0.6923700109375 0.0656091875 0.6866862593749999 0.040990149999999996 0.67499639375 0.029426790624999997
0 0.6951864375000001 0.1038558125 0.680258815625 0.095633071875 0.6631312203124999 0.0995872890625 0.659893459375 0.10292790468749999 0.65388735 0.11598358281250001 0.6529230921875 0.1291718125 0.6588047859375 0.1459657828125 0.6785763203124999 0.1621461515625 0.6931335078124999 0.16008191875 0.6996090234375 0.153400684375 0.7050467578124999 0.1378831015625 0.7060110171875 0.12469487187499999 0.6951864375000001 0.1038558125
0 0.7086295 0.1707665640625 0.695604946875 0.162104465625 0.6765742828125 0.166498040625 0.667132471875 0.1907194015625 0.671679475 0.21041462968750002 0.6777591078125 0.219383528125 0.689547940625 0.2270343546875 0.71171739375 0.22321269375 0.7198245125 0.2018925953125 0.718317328125 0.186681815625 0.7147091359375 0.1797354625 0.7086295 0.1707665640625
0 0.7317603921875 0.25359257031250004 0.727583825 0.24418431406250002 0.7158939625 0.232620953125 0.7071449453125 0.22945457500000002 0.69382348125 0.232530078125 0.687347965625 0.23921131562500003 0.6811439109374999 0.2600920578125 0.6851225375000001 0.2773253828125 0.691202171875 0.28629428125 0.702323659375 0.29539574062499996 0.7073655140625 0.29552829687500004 0.7219227015625 0.29346406875 0.7251604578124999 0.29012345 0.7304002546875 0.2824309390625 0.7332675765625 0.2688033484375 0.7317603921875 0.25359257031250004
0 0.7410268875 0.3110950671875 0.7318084671875 0.30155425 0.7230594515625001 0.298387875 0.705931853125 0.3023420921875 0.702694096875 0.3056827109375 0.6974543 0.313375221875 0.6951553515625 0.3294647140625 0.6985656031249999 0.3442361375 0.7046452375000001 0.35320503593749997 0.7189055125 0.3628784046875 0.7372688328125 0.3599354640625 0.7405065890625 0.35659484531249996 0.7465127015624999 0.34353917031250003 0.7480453328125 0.33281284218749996 0.7410268875 0.3110950671875
0 0.740877025 0.366881815625 0.7212779828125 0.3688134875 0.71280043125 0.3798466171875 0.709166790625 0.398837371875 0.7120086671875 0.41114688906249997 0.7180883 0.42011578906249997 0.724835278125 0.4276340546875 0.7348200171875 0.43181170468749996 0.749377203125 0.429747478125 0.75585271875 0.42306623749999994 0.762056771875 0.40218549843750007 0.7575097703125 0.3824902703125 0.740877025 0.366881815625
0 0.7739926500000001 0.45388546874999997 0.7679130171875 0.4449165703125 0.7592629703125 0.43783766249999995 0.748610890625 0.43511063906249997 0.7339547328125 0.44108740312499994 0.72938228125 0.44732928281250006 0.725081296875 0.46777066874999995 0.7279231734375 0.48008018750000003 0.73457118125 0.491510990625 0.743221228125 0.4985899 0.7507345234375 0.500745003125 0.765291709375 0.4986807765625 0.7704325359374999 0.4949007984375 0.7756723296875 0.4872082890625 0.777971278125 0.4711187984375 0.7739926500000001 0.45388546874999997
0 0.787435715625 0.520796225 0.7843958984375 0.5163117734375 0.7751774765625 0.5067709609375 0.7664284593749999 0.5036045812500001 0.7512039265625 0.5071194421875 0.7447284125 0.51380068125 0.739859053125 0.5317801625 0.7449744296875 0.5539372921875 0.7480142468750001 0.5584217437500001 0.759135734375 0.5675231984375 0.7685520953125 0.5692389453125 0.777400084375 0.568492790625 0.7857786671875 0.56137219375 0.7917847765625 0.5483165203125 0.79198271875 0.540491453125 0.787435715625 0.520796225
0 0.8039185968749999 0.592191425 0.7972705890625 0.580760625 0.7798715281249999 0.5705153359375 0.7614092359375 0.5773708140625 0.7554031250000001 0.590426490625 0.7538704921875 0.6011528187499999 0.7608889359375001 0.622870590625 0.7701073593750001 0.6324114078124999 0.7819951609375 0.6361497 0.7927462140625 0.634964184375 0.8011247984375001 0.6278435906250001 0.8065625328125 0.6123260109374999 0.8067604734374999 0.60450094375 0.8039185968749999 0.592191425
0 0.65257810625 0.09294773437500001 0.6428902796875 0.077032484375 0.636711675 0.07197611875 0.6197820171874999 0.06810526875 0.6062626109375 0.0790058390625 0.60139325 0.0969853203125 0.6065086265625 0.11914244843749999 0.6095484453125 0.1236269015625 0.623141375 0.134750903125 0.6281832281249999 0.134883459375 0.6427404140624999 0.13281923281250002 0.6459781734375001 0.12947861249999998 0.6519842828125 0.116422940625 0.65428323125 0.10033344375 0.65257810625 0.09294773437500001
0 0.666021171875 0.15985848593750002 0.65690171875 0.146405140625 0.6438771640625001 0.1377430375 0.6248465000000001 0.1421366125 0.6154046906249999 0.166357978125 0.6199516921875 0.18605320625 0.6260313265625 0.19502210312499998 0.6346813703125 0.2021010125 0.6421946671875001 0.204256115625 0.6548487890625 0.2026312453125 0.6599896109375 0.19885126875 0.6673304140625 0.182894334375 0.668294671875 0.1697061 0.666021171875 0.15985848593750002
0 0.6728162249999999 0.21533843749999998 0.6616947375 0.20623697968750002 0.6439987640625 0.2077292953125 0.636954871875 0.2119486265625 0.6301824453125 0.2303674671875 0.6322580046875 0.24804014843750002 0.636434571875 0.25744840468749997 0.648124434375 0.26901176875 0.65563773125 0.271166871875 0.6682918515625 0.2695419984375 0.6766704359375 0.2624214046875 0.682306109375 0.23907875625 0.6788958593750001 0.22430733749999998 0.6728162249999999 0.21533843749999998
0 0.6732347328125 0.2735870890625 0.6593448937499999 0.27420069062499997 0.6523010031250001 0.27842002187500003 0.643625509375 0.29727821875 0.64683781875 0.319874709375 0.6529174531249999 0.3288436078125 0.667177728125 0.3385169828125 0.68554105 0.3355740359375 0.695551234375 0.3138145796875 0.6898674812500001 0.2891955421875 0.68131640625 0.27820409687500003 0.6732347328125 0.2735870890625
0 0.6872461765625 0.3429597484375 0.6695502 0.3444520625 0.658403265625 0.36128771249999997 0.6568706328125 0.3720140421875 0.6638890749999999 0.3937318171875 0.68118916875 0.40788963906250003 0.697649421875 0.4053860484375 0.708994296875 0.3807253328125 0.7080554890624999 0.36797645625 0.70331054375 0.3561062953125 0.6872461765625 0.3429597484375
0 0.7056321203125 0.413915590625 0.694980040625 0.4111885734375 0.68546470625 0.41338536093749995 0.674317771875 0.4302210125 0.6727851390625 0.440947340625 0.676763765625 0.4581806640625 0.6828433984375 0.46714956250000006 0.6939648875 0.47625101875000003 0.7052843156249999 0.4775274125 0.7135639265625 0.4743193484375 0.723376171875 0.46038495937499996 0.7249088015625 0.4496586296875 0.719793425 0.427501496875 0.7056321203125 0.413915590625
0 0.732668115625 0.4919503484375 0.7215466265625 0.48284888906249995 0.710894546875 0.48012187187500005 0.696238390625 0.48609863750000004 0.6909985921875 0.49379114375000005 0.6881312687500001 0.5074187343750001 0.693246646875 0.5295758671875 0.705504884375 0.54360113125 0.71301818125 0.5457562359375 0.727575365625 0.5436920046875 0.73271619375 0.5399120296875 0.7387223015625 0.5268563546875 0.7402549328125 0.516130025 0.732668115625 0.4919503484375
0 0.749719371875 0.5658074531249999 0.7466795562499999 0.5613230046875 0.7374611328125 0.5517821890625 0.7287121156249999 0.5486158140625 0.7083467609375 0.5559106468749999 0.70137639375 0.5821545578125 0.70308151875 0.5895402671875 0.71276934375 0.60545551875 0.721419390625 0.6125344312500001 0.7308357515624999 0.614250178125 0.7396837406250001 0.6135040187499999 0.7448245640625 0.6097240421875 0.7527337421875 0.5962290109375 0.7542663734375 0.58550268125 0.749719371875 0.5658074531249999
0 0.5972421296875 0.0616399546875 0.5886910546874999 0.050648509375 0.5806093812500001 0.046031499999999996 0.56101034375 0.047963175000000004 0.5526317609375 0.05508376875 0.54852871875 0.06770008749999999 0.5517410265625 0.0902965734375 0.5553492203125 0.09724292968750001 0.5670390828125 0.108806290625 0.5745523796875001 0.11096139375 0.59101263125 0.108457803125 0.5942503859375 0.10511718437499999 0.6002565 0.0920615125 0.60178913125 0.08133518281249999 0.5972421296875 0.0616399546875
0 0.6106851953125 0.12855070468750002 0.604605559375 0.11958180624999999 0.5940524500000001 0.11294225625000001 0.5744534078125 0.114873928125 0.5631085312499999 0.13953464375 0.564615715625 0.154745425 0.5682239078125 0.1616917765625 0.5743035421875 0.17066067499999998 0.586092375 0.1783115015625 0.6063587625 0.174929203125 0.6142679390625 0.1614341671875 0.615800571875 0.1507078375 0.6142933875 0.1354970625 0.6106851953125 0.12855070468750002
0 0.6074955125 0.1798530078125 0.5897995375 0.1813453203125 0.5799872953125 0.1952797140625 0.5771199703125001 0.2089073 0.581098596875 0.22614062812500002 0.5902180484375 0.23959397500000001 0.5963966515625 0.24465034062500002 0.60143850625 0.24478289687500002 0.6198018265624999 0.2418399546875 0.6298120109374999 0.2200804953125 0.628304828125 0.20486971718749997 0.624128259375 0.1954614609375 0.6074955125 0.1798530078125
0 0.6406111390625 0.2668566609375 0.6314916875 0.2534033140625 0.6209385765625 0.246763759375 0.6019079125 0.251157334375 0.5918977265625001 0.27291679375 0.5939732859375 0.2905894765625 0.5975814781250001 0.297535828125 0.6173530125 0.313716196875 0.6300071328125 0.3120913265625 0.6364826484375 0.3054100875 0.642488759375 0.29235441406249996 0.6440213906250001 0.281628084375 0.6406111390625 0.2668566609375
0 0.645503128125 0.32277597187499996 0.63304695 0.3165757734375 0.61591935 0.3205299921875 0.612681590625 0.32387061093749997 0.60667548125 0.336926284375 0.6057112234375001 0.35011451875 0.614632734375 0.3713929359375 0.6282256640625 0.3825169390625 0.6332675171875 0.38264949375 0.6491593953125 0.37768400625 0.654399190625 0.3699914953125 0.65803283125 0.35100074062500003 0.6546225796875 0.33622931875 0.645503128125 0.32277597187499996
0 0.670537084375 0.405162615625 0.66445745 0.39619371718749996 0.6533359640625 0.3870922625 0.640780815625 0.384804596875 0.6285960968750001 0.3928039109375 0.6225899874999999 0.4058595828125 0.6216257296875 0.4190478171875 0.6238992296875 0.42889543124999996 0.630547240625 0.44032623437499996 0.6416687265625 0.449427690625 0.6491820234375 0.45158279375 0.658030009375 0.45083663906250004 0.6664085937500001 0.44371604218750005 0.6724147031250001 0.4306603703125 0.6739473375 0.419934040625 0.670537084375 0.405162615625
0 0.6692504687499999 0.456025559375 0.6458452953125 0.458835946875 0.63793611875 0.47233098125 0.6356371703125 0.48842047343750006 0.6373422953125 0.49580618281250005 0.6470301218750001 0.5117214375 0.65881895625 0.5193722640625 0.67908534375 0.5159899593749999 0.68699451875 0.5024949296875 0.6885271515625 0.49176860156249996 0.68398015 0.4720733734375 0.6692504687499999 0.456025559375
0 0.6974232125000001 0.538984125 0.6788874 0.523815028125 0.6617598015625 0.5277692453125 0.6585220453125 0.5311098640624999 0.6525159328125001 0.5441655390625 0.6509833 0.5548918671874999 0.654961928125 0.5721251953125 0.6610415609375 0.58109409375 0.6696916078124999 0.588173003125 0.67910796875 0.5898887484374999 0.6879559578125 0.58914259375 0.6963345375000001 0.5820219984375 0.7031069640625 0.5636031578125 0.70159978125 0.54839238125 0.6974232125000001 0.538984125
0 0.71390609375 0.610379328125 0.7078264609375 0.601410428125 0.6991764140625001 0.5943315171875 0.688524334375 0.5916044984375 0.679009 0.5938012859375 0.6706304171874999 0.6009218796875 0.664426365625 0.6218026234375 0.6714448078124999 0.6435203953124999 0.683134671875 0.6550837578125 0.6906479671875 0.6572388625000001 0.7033020890625 0.6556139890625 0.7116806687499999 0.6484933953125 0.7171184046875 0.6329758140624999 0.7173163453125 0.6251507468749999 0.71390609375 0.610379328125
0 0.553446153125 0.09768228749999999 0.5423246625 0.088580828125 0.5316725828125 0.0858538109375 0.518919490625 0.0913912171875 0.5110103140625 0.10488624843750001 0.50947768125 0.115612578125 0.5140246828125 0.13530780625 0.5201043171874999 0.14427670625 0.5312258062499999 0.153378159375 0.5362676609375 0.1535107203125 0.5508248453125 0.1514464890625 0.558635053125 0.1418639921875 0.5621697234374999 0.126785771875 0.5617992875 0.11649879999999999 0.553446153125 0.09768228749999999
0 0.5513932203125 0.1539083953125 0.5361686890625 0.1574232546875 0.53293093125 0.16076386874999998 0.5276911359375 0.1684563796875 0.5248238125 0.182083971875 0.5329790078125 0.2087255515625 0.5421974281249999 0.21826636875 0.5497107234375 0.220421471875 0.5661709765625 0.21791788437499998 0.5759832203124999 0.2039834953125 0.577515853125 0.193257165625 0.5724004765624999 0.1711000328125 0.5513932203125 0.1539083953125
0 0.582235346875 0.2310644328125 0.56921079375 0.22240233437499998 0.5501801265624999 0.2267959109375 0.5401699421874999 0.248555365625 0.5452853203125 0.2707124984375 0.551364953125 0.2796813984375 0.560015 0.2867603109375 0.5694313625 0.28847605625 0.5782793500000001 0.28772989843749996 0.5866579296875 0.2806093046875 0.592861984375 0.2597285609375 0.5883149828125 0.24003333124999998 0.582235346875 0.2310644328125
0 0.5807507890625 0.2897524453125 0.5655262578125 0.2932673046875 0.559050740625 0.299948540625 0.5541813828125 0.31792802343750004 0.5545518171875 0.3282149953125 0.559296759375 0.34008515625 0.571554996875 0.3541104203125 0.57906829375 0.3562655234375 0.5955285453125 0.3537619359375 0.606873421875 0.32910121718749996 0.6059346140625 0.316352340625 0.6017580453125 0.306944084375 0.5807507890625 0.2897524453125
0 0.61272966875 0.37183229375 0.5991367390625 0.360708290625 0.5814407625 0.36220060468750004 0.576299940625 0.36598058125 0.5681928218750001 0.3873006796875 0.5697000046875 0.40251146093749995 0.5733081984374999 0.4094578125 0.5830949953125 0.421460528125 0.5930797328125 0.42563818124999997 0.6076369203125 0.423573953125 0.6127777437499999 0.41979397656249995 0.620118546875 0.40383704062500003 0.6163378609375 0.3787786453125 0.61272966875 0.37183229375
0 0.6131481765625 0.4300809484375 0.59735526875 0.431133903125 0.592214446875 0.43491387968749995 0.585639959375 0.44550764843749996 0.582772634375 0.4591352390625 0.5903594562500001 0.4833149203125 0.6070911703124999 0.4950108359375 0.6254544921875 0.4920678890625 0.6354646765624999 0.470308434375 0.6339574921875 0.455097653125 0.6297809234375 0.44568939687500003 0.6131481765625 0.4300809484375
0 0.62715961875 0.499453603125 0.6081289515625 0.503847178125 0.598118765625 0.525606634375 0.5996259515625 0.5408174140625001 0.6032341421875 0.5477637671875 0.609313778125 0.556732665625 0.6211026109375 0.5643834921875001 0.63946593125 0.56144055 0.647943484375 0.5504074203125 0.6508108078125 0.536779828125 0.6456954296874999 0.5146226953124999 0.62715961875 0.499453603125
0 0.64744863125 0.5699700875 0.638699615625 0.5668037125 0.62537815 0.569879215625 0.6189026328125 0.5765604515625 0.61269858125 0.5974411953125001 0.6166772078125 0.61467451875 0.6227568421874999 0.62364341875 0.6314068890625 0.63072233125 0.6408232500000001 0.6324380765625001 0.6515743031250001 0.6312525609375 0.6599528859375 0.6241319671875 0.6655885640625 0.600789321875 0.65913849375 0.5815334515624999 0.64744863125 0.5699700875
0 0.5083663781250001 0.0847516625 0.498678553125 0.06883641093750001 0.479944796875 0.0614923828125 0.46205088281249995 0.0708097671875 0.45737946406249996 0.080964178125 0.45641520625 0.0941524125 0.4586887078125 0.1040000265625 0.4683765328125 0.1199152765625 0.47702658124999997 0.12699418906249998 0.4864429421875 0.1287099359375 0.4952909265625 0.1279637765625 0.5036695109375 0.120843184375 0.5104419390625 0.10242434375000001 0.5100715046875 0.0921373734375 0.5083663781250001 0.0847516625
0 0.514593059375 0.13776971093749998 0.5015685046875 0.1291076078125 0.48253783749999996 0.1335011828125 0.4793000828125 0.136841803125 0.47329396875 0.14989747656250002 0.4717613375 0.16062380468749998 0.4746032140625 0.1729333234375 0.48125122343750004 0.1843641265625 0.49237271250000003 0.19346558281249998 0.501789071875 0.1951813296875 0.5106370578125 0.19443517500000002 0.5190156421875 0.18731457812500002 0.52521969375 0.16643383750000001 0.5206726921875 0.146738609375 0.514593059375 0.13776971093749998
0 0.5305075640625 0.20670300937500002 0.5131085015625 0.196457721875 0.5016901046875 0.1990938671875 0.49331152031250003 0.206214459375 0.48787378593749997 0.2217320359375 0.48767584375000006 0.2295571046875 0.49051771874999994 0.24186662343749998 0.497165728125 0.2532974265625 0.5107586562499999 0.2644214296875 0.5196066453125 0.2636752703125 0.5316923921875001 0.2595884953125 0.5382668765624999 0.2489947234375 0.5411342 0.23536713593749997 0.5365871984374999 0.2156719078125 0.5305075640625 0.20670300937500002
0 0.5290230078125 0.26539101718749997 0.513798475 0.2689058765625 0.5073229593749999 0.275587115625 0.5018852234375 0.29110469375000003 0.503392409375 0.3063154734375 0.5075689765625 0.31572373125 0.5161200515625 0.3267151734375 0.52543744375 0.33234345625 0.5418976953125 0.32983986875000004 0.547038521875 0.32605989062499996 0.5551456406249999 0.3047397921875 0.5500302640625 0.282582659375 0.5290230078125 0.26539101718749997
0 0.5493120234375 0.3359075046875 0.5278099140625 0.33827853750000003 0.5185660484375 0.3546748296875 0.5170334140625 0.365401159375 0.521012040625 0.3826344828125 0.5270916765625 0.39160338125 0.5413519499999999 0.40127675625 0.5578122015625 0.3987731671875 0.569725453125 0.37657435 0.5665131453125001 0.35397786249999996 0.5604335093749999 0.3450089640625 0.5493120234375 0.3359075046875
0 0.5774847656250001 0.41886606875 0.5589489515625 0.403696971875 0.5399182875 0.408090546875 0.530476478125 0.4323119109375 0.5350234796875 0.45200713906249995 0.538063296875 0.45649158593749994 0.5472817203125 0.4660324046875 0.55726645625 0.4702100546875 0.568017509375 0.4690245375 0.5763960906250001 0.46190394062499995 0.581067509375 0.45174953125000006 0.583366459375 0.435660034375 0.5774847656250001 0.41886606875
0 0.5729603953125 0.47306963281250003 0.5609736187500001 0.4732438734375 0.553929728125 0.4774632078125 0.5460205499999999 0.4909582375 0.544487915625 0.5016845671875 0.5490349171875 0.5213797953125 0.5520747359375 0.52586424375 0.5612931578125 0.535405059375 0.5688064515625 0.5375601640625 0.5871697734375 0.5346172171875 0.5971799578125 0.5128577625 0.5914962046875 0.48823872343749997 0.5817094109375 0.47623600625 0.5729603953125 0.47306963281250003
0 0.6018994531249999 0.550665028125 0.5888749 0.5420029265624999 0.57498505625 0.5426165296875001 0.5698442328125 0.546396503125 0.5619350562500001 0.5598915359375 0.560402421875 0.5706178656249999 0.5649494234375 0.5903130953125 0.571029059375 0.59928199375 0.5847209578125 0.6064934625 0.6030842796875 0.6035505156250001 0.61099345625 0.5900554859375 0.6125260890625001 0.57932915625 0.6079790875 0.559633928125 0.6018994531249999 0.550665028125
0 0.4683765328125 0.1199152765625 0.4628652765625 0.1134082828125 0.44546621249999996 0.10316299531249999 0.4340478109375 0.105799140625 0.42433453906249996 0.11582099531250001 0.4207998703125 0.1308992140625 0.42117030624999996 0.14118618593750001 0.42952343906249996 0.16000269843749998 0.44311637031249995 0.17112670624999998 0.4500612890625 0.17081990625000001 0.4608123421875 0.1696343890625 0.46595316875000004 0.165854415625 0.47406028593749994 0.1445343140625 0.4736898515625 0.1342473421875 0.4683765328125 0.1199152765625
0 0.47012973437500005 0.17526266875000002 0.46138071875 0.1720962921875 0.44425311875 0.1760505109375 0.4410153640625 0.17939113125 0.43634394218750006 0.1895455421875 0.43404499375 0.2056350375 0.4363184953125 0.2154826515625 0.4429665046875 0.22691345625 0.45655943125 0.23803745781250002 0.4616012875 0.2381700140625 0.47425540625 0.236545140625 0.4807309234375 0.2298639046875 0.48750335 0.21144506562499998 0.48238797343749995 0.1892879328125 0.47012973437500005 0.17526266875000002
0 0.498302478125 0.25822123124999996 0.48357279843749995 0.2421734234375 0.4653084484375 0.2412038328125 0.45169007343749995 0.2560169390625 0.4488227484375 0.269644528125 0.4528013765625 0.2868778546875 0.45888100937500004 0.29584675312500003 0.47247393750000005 0.30697075625000003 0.483224990625 0.305785240625 0.48636378281250003 0.3063571578125 0.4947423609375 0.2992365625 0.502083165625 0.2832796265625 0.50284948125 0.2779164609375 0.498302478125 0.25822123124999996
0 0.5153537359375 0.3320783390625 0.5087057265625 0.3206475359375 0.4975842375 0.31154608125 0.48693215624999997 0.308819059375 0.47931989062499997 0.3105764890625 0.47094130781250004 0.3176970859375 0.46473725468750005 0.3385778265625 0.46928425625000003 0.35827305468750004 0.475363890625 0.3672419546875 0.4840139375 0.3743208671875 0.4934303 0.3760366125 0.5022782875 0.3752904546875 0.5106568671875 0.36816986093750004 0.5153282875 0.358015446875 0.5176272359375 0.34192595312499996 0.5153537359375 0.3320783390625
0 0.5287968015625 0.3989890921875 0.522717165625 0.39002019374999997 0.5072211703125 0.3793355484375 0.49009357031249995 0.383289765625 0.4868558140625 0.38663038437499997 0.47951501093750004 0.4025873203125 0.4793170703125 0.4104123875 0.482727321875 0.4251838109375 0.4888069578125 0.434152709375 0.49992844375 0.443254165625 0.507441740625 0.44540926875000003 0.51819279375 0.44422375625 0.524668309375 0.43754251718750004 0.53067441875 0.42448684375 0.5322070531249999 0.41376051406250003 0.5287968015625 0.3989890921875
0 0.5361602296875 0.45693094375000004 0.5206642328125 0.44624629843749997 0.5035366359375 0.450200515625 0.500298878125 0.45354113749999997 0.494292765625 0.46659680937500003 0.492760134375 0.4773231390625 0.49977857812500004 0.4990409140625 0.5089970015625 0.50858173125 0.520884803125 0.5123200203125 0.529732790625 0.5115738671875001 0.540014440625 0.5040139109374999 0.5450817406249999 0.4782093609375 0.5428082390625 0.468361746875 0.5361602296875 0.45693094375000004
0 0.556819678125 0.5377344046875 0.5501716671875 0.5263036015625 0.53277260625 0.5160583125 0.5194511421875 0.5191338156249999 0.5129756265625 0.5258150546875 0.507537890625 0.5413326328125 0.507339946875 0.5491577000000001 0.5137900171875 0.5684135703125001 0.52547988125 0.5799769296874999 0.532993175 0.582132034375 0.5475503625 0.58006780625 0.5526911875 0.5762878296875 0.5586972968749999 0.56323215625 0.5596615546875 0.5500439218750001 0.556819678125 0.5377344046875
0 0.5691259921875 0.5997213515625 0.563046359375 0.5907524515625 0.5524932437500001 0.584112896875 0.53346258125 0.5885064718749999 0.526987065625 0.5951877109375 0.522686078125 0.6156290953125 0.5260963296875001 0.6304005171875 0.532175965625 0.6393694171875001 0.5432974515625 0.6484708734375 0.5527138140625001 0.6501866187500001 0.559658734375 0.649879821875 0.5680373171875 0.642759225 0.5748097453125001 0.6243403843750001 0.572734184375 0.6066677031250001 0.5691259921875 0.5997213515625
0 0.4136089328125 0.0910694015625 0.4043905109375 0.0815285890625 0.3912669875 0.07677902343750001 0.3817516546875 0.0789758109375 0.3733730703125 0.0860964046875 0.36603227031249996 0.1020533390625 0.36640270625000004 0.11234031093750001 0.371716021875 0.12667237656250002 0.38026709687500004 0.1376638234375 0.3939589984375 0.1448752921875 0.4085161859375 0.1428110609375 0.41175394218749994 0.1394704390625 0.4204294359375 0.1206122421875 0.42062737656250004 0.1127871765625 0.4136089328125 0.0910694015625
0 0.430660190625 0.164926509375 0.42458055781250004 0.155957609375 0.41345906718750003 0.14685615000000002 0.3938600296875 0.148787825 0.3887192015625 0.15256779843749999 0.3806120859375 0.17388789843750002 0.388767278125 0.20052947968749998 0.405498996875 0.21222539999999998 0.4238623171875 0.209282453125 0.4271000734375 0.205941834375 0.43310618593749994 0.1928861609375 0.43463881562499995 0.18215983125 0.430660190625 0.164926509375
0 0.42556744375 0.21666816875 0.41167759843749996 0.21728176562499998 0.4046337078125 0.2215011015625 0.3980592234375 0.23209486875000002 0.39652659218749997 0.2428211984375 0.3974654 0.255570075 0.40164196875 0.26497833125 0.41019304375 0.2759697765625 0.4195104359375 0.28159805625 0.4397768234375 0.278215753125 0.44978700624999995 0.256456296875 0.44827982187500004 0.2412455171875 0.4441032546875 0.23183726093749998 0.42556744375 0.21666816875
0 0.44338501093750005 0.28516210625 0.425689040625 0.286654421875 0.42054821249999996 0.290434396875 0.41187272343750003 0.3092925921875 0.41394828125 0.326965278125 0.41812485156249996 0.336373534375 0.43542494062500003 0.35053135625 0.4537882609375 0.347588409375 0.4622658140625 0.33655528281249997 0.46513313749999996 0.3229276921875 0.460017759375 0.30077055937499997 0.44338501093750005 0.28516210625
0 0.473460825 0.3676813109375 0.45929951874999997 0.3540954078125 0.4377974125 0.3564664359375 0.42931985937499995 0.36749956250000004 0.4264525359375 0.3811271546875 0.4309995375 0.4008223828125 0.43707917187499995 0.40979128125 0.44572921875000004 0.41687019375 0.45324251562500006 0.419025296875 0.46779970000000004 0.4169610671875 0.47427521562499997 0.41027983125 0.479144578125 0.3923003484375 0.47706901718749994 0.3746276671875 0.473460825 0.3676813109375
0 0.48747226406250005 0.4370539671875 0.46893645156249997 0.42188487500000005 0.45180885000000004 0.42583909374999995 0.4417986671875 0.4475985484375 0.4433058515625 0.4628093296875 0.44748241875000005 0.47221758593749996 0.4572692140625 0.48422030468750005 0.4647825109375 0.48637540625 0.48504889687499997 0.482993103125 0.49162338437499997 0.47239933437500004 0.493156015625 0.46167300468750005 0.4910804578125 0.4440003234375 0.48747226406250005 0.4370539671875
0 0.48485095781250004 0.49081817499999997 0.47476724687500005 0.49055305625 0.46582029374999995 0.49521175 0.45581010624999996 0.5169712046875 0.457317290625 0.532181984375 0.46092548281249995 0.5391283375 0.46700511875000006 0.5480972359375 0.47879395156250004 0.5557480625 0.4971572703125 0.552805121875 0.50773583125 0.5335075671875 0.5039551453125 0.5084491703125 0.49787551093750004 0.499480271875 0.48485095781250004 0.49081817499999997
0 0.5118869484374999 0.568852928125 0.49639095624999996 0.5581682828125001 0.47926335625 0.5621225 0.476025596875 0.5654631203125 0.4698215453125 0.5863438609375 0.4707603546875 0.5990927375 0.4749369234375 0.60850099375 0.48472371875000003 0.6205037109375 0.49470845625 0.6246813625 0.5092656437499999 0.62261713125 0.515741159375 0.6159358953125 0.5219452109375 0.5950551515625 0.517966584375 0.5778218265625 0.5118869484374999 0.568852928125
0 0.5302728984375 0.6398087734375 0.5191514109375001 0.6307073187500001 0.508499328125 0.627980296875 0.49384317031249997 0.6339570609375 0.48573605156250005 0.6552771609375 0.486674859375 0.6680260359375 0.49085142968750006 0.6774342921875001 0.500638225 0.6894370109375 0.5106229625 0.6936146609375 0.52518015 0.6915504328125001 0.530320975 0.68777045625 0.5376617765625 0.6718135203125 0.5378597171874999 0.66398845 0.5302728984375 0.6398087734375
0 0.35925984375 0.12047217968749999 0.3529822671875 0.119328346875 0.3364230453125 0.1257444703125 0.32908224218750004 0.141701403125 0.3275496109375 0.1524277328125 0.3370394953125 0.17616805625 0.34816098125 0.1852695109375 0.355674278125 0.1874246140625 0.3702314671875 0.1853603875 0.3767069828125 0.178679146875 0.3823426578125 0.1553365046875 0.3753242140625 0.1336187296875 0.35925984375 0.12047217968749999
0 0.3929438453125 0.2099377359375 0.3838243953125 0.196484390625 0.37764579062500003 0.1914280234375 0.36509064062499996 0.189140365625 0.3574783734375 0.1908977953125 0.34909979375 0.1980183859375 0.34289574375 0.2188991328125 0.3474427453125 0.2385943609375 0.3535223765625 0.24756325937499998 0.35970098125 0.252619625 0.371588784375 0.25635791406249997 0.3823398390625 0.2551724015625 0.3907184203125 0.2480518046875 0.39615615625 0.23253422656249997 0.396354096875 0.224709159375 0.3929438453125 0.2099377359375
0 0.40334709531249996 0.27236404062499997 0.39222560624999997 0.263262584375 0.375864321875 0.2618536359375 0.36882043124999997 0.2660729703125 0.3603428796875 0.2771061015625 0.35804393125 0.29319559375000004 0.3608858078125 0.3055051125 0.367533815625 0.316935915625 0.37865530625 0.3260373703125 0.39187779843750004 0.326874403125 0.4020604796875 0.323226984375 0.40863496406250005 0.3126332125 0.4115022875 0.299005621875 0.4069552859375 0.27931039375 0.40334709531249996 0.27236404062499997
0 0.4234381671875 0.350705596875 0.4167901578125 0.33927479374999997 0.3993910953125 0.32902950625 0.38416656250000003 0.332544365625 0.377691046875 0.3392256046875 0.3733900609375 0.3596669875 0.3773686890625 0.37690031562500004 0.383448321875 0.3858692140625 0.39209836875000004 0.39294812343749996 0.399611665625 0.39510322656249997 0.4141688515625 0.393039 0.420644365625 0.3863577609375 0.426082103125 0.3708401828125 0.42628004375 0.363015115625 0.4234381671875 0.350705596875
0 0.4357444828125 0.41269254375 0.429664846875 0.40372364374999997 0.4191117359375 0.3970840890625 0.401415759375 0.398576403125 0.3962749375 0.4023563796875 0.388934134375 0.418313315625 0.39271481874999997 0.44337170937500003 0.3963230125 0.45031806249999995 0.40306998906249997 0.45783633281249997 0.413054728125 0.46201398281249995 0.42951498125 0.45951039375 0.435990496875 0.45282915468749996 0.441428234375 0.437311575 0.43935267343750006 0.4196388953125 0.4357444828125 0.41269254375
0 0.44861916874999996 0.47714139062500005 0.43749768125 0.46803993593750004 0.42684559999999994 0.4653129171875 0.4154272 0.46794906249999996 0.408951684375 0.47463029843750004 0.4035139484375 0.490147875 0.4050211328125 0.50535865625 0.4091977 0.5147669140625 0.4214559390625 0.528792178125 0.42896923437499995 0.53094728125 0.44542948750000005 0.5284436921875 0.44866724687500004 0.525103071875 0.45467335625 0.5120473984375 0.456205990625 0.5013210703125 0.44861916874999996 0.47714139062500005
0 0.46567042656249996 0.5509984984375 0.462630609375 0.5465140468749999 0.44466316875 0.5338068546875 0.4294386375 0.537321715625 0.42296312187499996 0.5440029546875 0.417895821875 0.5698075031250001 0.419600946875 0.5771932140625 0.429288775 0.5931084671875 0.4429806734375 0.6003199375 0.4575378625 0.59825570625 0.462678684375 0.5944757296875001 0.46868479531249996 0.58142005625 0.47021742812499995 0.5706937265625001 0.46567042656249996 0.5509984984375
0 0.47968186562500004 0.6203711546874999 0.47360222968750004 0.61140225625 0.46304911875 0.6047627015625 0.44535314374999996 0.6062550171875001 0.4402123203125 0.610034990625 0.43287151875 0.6259919265625 0.431338884375 0.63671825625 0.4336123859375 0.6465658703125 0.440260396875 0.6579966734375 0.4470073765625 0.6655149437500001 0.45699211406250007 0.66969259375 0.47345236718750006 0.6671890046875 0.48326460937500004 0.6532546171875 0.48479724218750003 0.6425282875 0.4832900578125 0.6273175078125 0.47968186562500004 0.6203711546874999
0 0.32530155625 0.1166430140625 0.3186535484375 0.1052122109375 0.30315755 0.094527565625 0.2841268859375 0.098921140625 0.2741167015625 0.1206806 0.279800453125 0.145299634375 0.28284027031250003 0.149784084375 0.2964332 0.16090808750000002 0.3014750546875 0.16104064375 0.31603224218750003 0.158976415625 0.3225077578125 0.15229517812499999 0.32717917500000004 0.1421407609375 0.3281434328125 0.12895253281250002 0.32530155625 0.1166430140625
0 0.3381762453125 0.18109186093750002 0.3351364296875 0.1766074140625 0.3259180078125 0.1670665953125 0.3171689921875 0.163900221875 0.3000413921875 0.1678544390625 0.2935658765625 0.1745356734375 0.28926489218749996 0.1949770609375 0.29267514375000003 0.20974848437500002 0.2993231515625 0.221179284375 0.3079731984375 0.22825819531249997 0.317389559375 0.2299739421875 0.33004367968750004 0.22834906875 0.3365191953125 0.2216678328125 0.3425253078125 0.2086121609375 0.342723246875 0.2007870890625 0.3381762453125 0.18109186093750002
0 0.3491478703125 0.24598006875 0.33802638125 0.23687861406250002 0.3165242734375 0.23924964218749997 0.3100487578125 0.24593087812499997 0.30594571406250004 0.25854719843749996 0.3097264 0.2836055875 0.31580603281249997 0.2925744875 0.330066309375 0.302247859375 0.3484296296875 0.29930491406250004 0.3516673859375 0.2959642984375 0.35920612812499997 0.2721822921875 0.3552275015625 0.25494896875 0.3491478703125 0.24598006875
0 0.36923894218750003 0.324321625 0.3625909328125 0.312890821875 0.3451918703125 0.30264553437499997 0.32996733749999996 0.30616039375000004 0.32672958125 0.3095010125 0.3214897859375 0.31719352343749996 0.31919083593750003 0.3332830171875 0.3226010890625 0.3480544390625 0.32924909687500004 0.35948523906249996 0.33789914374999996 0.3665641515625 0.345412440625 0.3687192546875 0.359969625 0.36665502499999997 0.36511044843749996 0.3628750515625 0.3711165609375 0.3498193734375 0.37264919218750003 0.3390930453125 0.36923894218750003 0.324321625
0 0.3857218234375 0.395716828125 0.376033996875 0.3798015734375 0.3611063765625 0.3715788328125 0.3407410203125 0.3788736703125 0.3345369671875 0.3997544109375 0.33908396875 0.4194496390625 0.345163603125 0.4284185390625 0.359423878125 0.4380919125 0.3758841328125 0.43558832656249996 0.379121890625 0.4322477078125 0.385696375 0.421653934375 0.38742694843750003 0.40310253906250004 0.3857218234375 0.395716828125
0 0.400499578125 0.45972631875000003 0.39385156875 0.4482955140625 0.3827300796875 0.439194059375 0.37645250625000004 0.438050228125 0.361227975 0.4415650875 0.354752459375 0.4482463265625 0.3498830984375 0.466225809375 0.35443009999999997 0.4859210375 0.360509734375 0.4948899375 0.3691597796875 0.5019688437500001 0.3785761421875 0.503684590625 0.38742413125 0.5029384359375 0.395802709375 0.4958178390625 0.4018088234375 0.4827621671875 0.4027730796875 0.4695739328125 0.400499578125 0.45972631875000003
0 0.4078630078125 0.5176681703125 0.396741521875 0.5085667140625 0.3771424796875 0.5104983859375001 0.370666965625 0.5171796265624999 0.3652292296875 0.532697203125 0.36787316406250004 0.5528317890625 0.3769926140625 0.5662851359375 0.390684515625 0.5734966046875 0.40524170000000004 0.5714323765625 0.41171721562499997 0.5647511390625 0.41792127187499994 0.5438703984375 0.41394264375 0.5266370703125001 0.4078630078125 0.5176681703125
0 0.40884989374999997 0.5783787296875 0.3898192296875 0.5827723046875 0.38191005312500004 0.5962673359374999 0.38037741875000003 0.606993665625 0.38017947812499997 0.6148187359375 0.3849244203125 0.62668889375 0.39100405625 0.6356577921875 0.4027928875 0.64330861875 0.42305927499999996 0.63992631875 0.43306945937499997 0.618166859375 0.4309939015625 0.600494178125 0.4273857078125 0.593547825 0.40884989374999997 0.5783787296875
0 0.44500533906250006 0.6698668343749999 0.4383573296875 0.65843603125 0.42476440000000004 0.647312028125 0.4089714921875 0.648364984375 0.400592909375 0.65548558125 0.39592149062500004 0.6656399921875 0.3941909171875 0.6841913921875 0.40501549375 0.7050304484375001 0.4111941 0.7100868140625 0.42498497031250004 0.71338575 0.430026821875 0.713518309375 0.44164316406250004 0.70305709375 0.4470808984375 0.6875395156249999 0.44727883906250004 0.6797144484375 0.44500533906250006 0.6698668343749999
0 0.2834086453125 0.152245984375 0.2673442734375 0.139099434375 0.2591636328125 0.138394965625 0.24450747499999997 0.144371725 0.2392676796875 0.15206423593750001 0.23640035781250002 0.165691828125 0.24151573437499999 0.1878489609375 0.24759536875000002 0.1968178609375 0.2562454125 0.20389676875 0.2656617765625 0.20561251875000003 0.27641282968750003 0.2044270015625 0.28479141406249997 0.1973064046875 0.2881281421875 0.19005325625 0.2898587140625 0.1715018546875 0.2834086453125 0.152245984375
0 0.288201665625 0.21207782812499998 0.27754958125 0.20935081093750002 0.26613118125 0.21198695625 0.26099035625 0.215766928125 0.2536495546875 0.23172386406249998 0.257998615625 0.2592441640625 0.27272829375 0.275291971875 0.28975692343750004 0.27525028749999997 0.2980365359375 0.272042228125 0.30327633125000003 0.2643497171875 0.3069099703125 0.24535896250000003 0.30293134374999997 0.228125640625 0.288201665625 0.21207782812499998
0 0.313902965625 0.2930138453125 0.29536715468749997 0.2778447484375 0.27443341875 0.28267768125 0.26709261875 0.2986346203125 0.2661283625 0.31182285 0.26840186250000003 0.3216704640625 0.27504987187499996 0.3331012671875 0.2861713609375 0.34220272343749997 0.295587721875 0.3439184734375 0.3044357078125 0.343172315625 0.312814290625 0.33605171875 0.31958671875 0.31763288125 0.318079534375 0.3024221015625 0.313902965625 0.2930138453125
0 0.32734603125 0.359924596875 0.3156561671875 0.3483612375 0.3031010203125 0.3460735765625 0.295488753125 0.34783100624999996 0.28711016875 0.35495160000000003 0.28243874999999996 0.3651060140625 0.28147449375 0.3782942484375 0.28431636875 0.3906037640625 0.290964378125 0.40203456718749997 0.30208586875 0.41113602499999996 0.30959916249999997 0.41329112968750004 0.32225328124999997 0.41166625625000003 0.32872879843749997 0.40498502031249994 0.33493285 0.3841042765625 0.3303858484375 0.3644090484375 0.32734603125 0.359924596875
0 0.33965234375 0.42191154375 0.3266277921875 0.4132494453125 0.30569405625 0.418082378125 0.297586940625 0.4394024765625 0.2996625 0.4570751609375 0.30327069375 0.46402151406250003 0.320570784375 0.47817933593750006 0.34083717187499996 0.4747970296875 0.3487463484375 0.461302 0.3502789796875 0.450575671875 0.345731978125 0.43088044375 0.33965234375 0.42191154375
0 0.3469168046875 0.48376593437500004 0.3362647203125 0.48103891406250004 0.31970550000000003 0.48745503437500004 0.312364696875 0.5034119703125 0.3119688125 0.519062103125 0.31671375625 0.5309322640625 0.32526483125 0.5419237109374999 0.33581794375 0.5485632671875 0.342762865625 0.5482564640625001 0.3497077875 0.5479496640625 0.3580863671875 0.540829071875 0.3656251109375 0.5170470640625 0.35860666874999997 0.49532929374999995 0.3469168046875 0.48376593437500004
0 0.35465066875 0.5519947593750001 0.3394261375 0.55550961875 0.3329506203125 0.562190853125 0.32751288437500004 0.57770843125 0.3273149453125 0.5855335015625001 0.3337650125 0.604789371875 0.34545487656249996 0.6163527328125 0.352968171875 0.6185078359375 0.369428425 0.6160042484375 0.380773303125 0.5913435296875 0.379834490625 0.5785946546875 0.375657925 0.569186396875 0.35465066875 0.5519947593750001
0 0.3835897296875 0.6295901546875 0.37303661718750003 0.622950603125 0.3553406421875 0.6244429171875 0.35019981875 0.6282228937500001 0.34209269999999997 0.6495429921875 0.34720807656249997 0.671700125 0.356994875 0.6837028421875 0.3669796109375 0.68788049375 0.3834398625 0.6853769046875 0.389915378125 0.67869566875 0.3955510578125 0.6553530203125 0.3927091828125 0.6430435046875 0.3835897296875 0.6295901546875
0 0.2280726703125 0.120938209375 0.219422621875 0.113859296875 0.2068674734375 0.1115716328125 0.1954490734375 0.114207778125 0.184302140625 0.13104343125 0.1827695078125 0.1417697609375 0.186179759375 0.15654118125 0.18978794999999998 0.16348753124999998 0.2014778125 0.1750508921875 0.21717175156250001 0.1779104703125 0.2305921890625 0.1709224328125 0.2365982984375 0.15786676093750002 0.23756255468749998 0.14467852812499998 0.23472067812500003 0.132369009375 0.2280726703125 0.120938209375
0 0.24569230156250002 0.1972572171875 0.234002440625 0.1856938578125 0.22525342343750002 0.18252747656249999 0.210028890625 0.18604233750000002 0.2035533765625 0.19272357812500002 0.1973493234375 0.2136043171875 0.20075957500000002 0.22837574218749998 0.209879025 0.24182908749999998 0.22357092500000003 0.24904055625 0.24193424375 0.24609761562500002 0.2451720015625 0.24275699374999998 0.2525128046875 0.2268000609375 0.25271074531250004 0.2189749921875 0.24569230156250002 0.1972572171875
0 0.256663925 0.262145421875 0.23545872656250003 0.25277885 0.2227056375 0.25831625625 0.2147964609375 0.2718112875 0.21326382968750002 0.2825376171875 0.21781083125 0.3022328453125 0.220850646875 0.306717296875 0.2325405109375 0.31828065625 0.24005380625 0.320435759375 0.2546109921875 0.31837153281249997 0.2610865078125 0.31169029375 0.267290559375 0.29080954999999997 0.26274355781250003 0.2711143203125 0.256663925 0.262145421875
0 0.27257843125000003 0.33107872031249996 0.2570824359375 0.320394075 0.245095659375 0.3205683203125 0.23805176874999998 0.3247876515625 0.2280415859375 0.346547109375 0.2331569625 0.36870424218750003 0.23923659531250002 0.37767314218750003 0.251025428125 0.38532396874999997 0.2731948796875 0.3815023078125 0.2784346765625 0.373809796875 0.282068315625 0.35481904375 0.2786580640625 0.3400476203125 0.27257843125000003 0.33107872031249996
0 0.2749000046875 0.3888880171875 0.257204034375 0.39038033125 0.25206320625 0.3941603078125 0.243387715625 0.4130185046875 0.245463275 0.4306911875 0.24963984374999998 0.44009944375 0.2613297046875 0.4516628015625 0.268843003125 0.453817909375 0.287206321875 0.4508749640625 0.2972165046875 0.4291155046875 0.2945725703125 0.40898091875000003 0.2884929375 0.40001202031250005 0.2749000046875 0.3888880171875
0 0.2976604640625 0.461427053125 0.2864400046875 0.45623813125 0.26931240624999997 0.4601923484375 0.260834853125 0.47122547499999995 0.25796752968750003 0.484853065625 0.26251453125 0.5045482953125 0.268594165625 0.51351719375 0.284757509375 0.522751209375 0.29931469375 0.520686978125 0.304455515625 0.516907 0.3125626375 0.495586903125 0.307447259375 0.4734297703125 0.2976604640625 0.461427053125
0 0.32393014062500003 0.5448249734374999 0.3178505078125 0.535856075 0.302354509375 0.525171425 0.28332384374999997 0.5295650015625 0.27331365937499996 0.551324459375 0.2789974125 0.5759434984375 0.28203723125 0.58042794375 0.2931587171875 0.5895294 0.3025750796875 0.59124515 0.31332613125000003 0.590059634375 0.31846695937499997 0.58627965625 0.3271424515625 0.567421459375 0.3273403921875 0.5595963921875 0.32393014062500003 0.5448249734374999
0 0.33794158125 0.6141976296875 0.33186194687500004 0.6052287296875 0.31883739218749996 0.5965666281249999 0.308753684375 0.5963015171875 0.293331209375 0.6076414437500001 0.28959860000000004 0.63054473125 0.29604866875 0.6498006015625 0.301559928125 0.656307596875 0.3190579609375 0.66264035 0.32790595 0.6618941953124999 0.333046771875 0.65811421875 0.34095595 0.6446191875 0.3424885828125 0.6338928578125 0.33794158125 0.6141976296875
0 0.3458733859375 0.6746013875 0.33284883125000003 0.6659392859375 0.318958990625 0.6665528843749999 0.3119151 0.67077221875 0.30380798124999997 0.6920923203125 0.305883540625 0.7097650015625 0.30949173281250003 0.716711353125 0.32679182500000004 0.7308691781250001 0.34515514375 0.7279262328125 0.351630659375 0.72124499375 0.3557337046875 0.708628678125 0.3519530203125 0.6835702859375 0.3458733859375 0.6746013875
0 0.188453259375 0.1663887953125 0.1710541984375 0.15614350625 0.1525919078125 0.1629989875 0.1473521109375 0.1706914984375 0.1444847875 0.184319084375 0.149600165625 0.20647621875 0.1526399828125 0.21096066875 0.168704353125 0.2241072140625 0.177552340625 0.2233610609375 0.1928758453125 0.215933665625 0.19831357968750002 0.20041608906250002 0.199277834375 0.1872278546875 0.19396451875 0.1728957890625 0.188453259375 0.1663887953125
0 0.2079759578125 0.2422684453125 0.196286096875 0.23070508437499998 0.1875370796875 0.2275387109375 0.1704094796875 0.231492928125 0.16116561093749998 0.247889221875 0.16020135625 0.2610774546875 0.16304323125 0.27338696875 0.16665142187499998 0.2803333265625 0.1783412875 0.291896684375 0.187090303125 0.295063059375 0.1959382890625 0.2943169046875 0.2042178984375 0.2911088421875 0.2107923875 0.280515075 0.21442602656249998 0.261524315625 0.21158415000000003 0.24921480156250003 0.2079759578125 0.2422684453125
0 0.20535465 0.29603265156249997 0.1895617421875 0.29708560781250004 0.18442091875 0.300865584375 0.1744107359375 0.3226250390625 0.1795261125 0.34478217187500004 0.1868414640625 0.35476234687499997 0.199297646875 0.360962540625 0.217660965625 0.35801959375000003 0.228239525 0.33872204375 0.22445883906250003 0.3136636484375 0.213436321875 0.300649659375 0.20535465 0.29603265156249997
0 0.23429371250000003 0.37362804843749997 0.22317222343749998 0.3645265921875 0.21442320625 0.36136021406249996 0.203004809375 0.363996359375 0.193291534375 0.3740182171875 0.189558925 0.3969215046875 0.19848043437500001 0.41819992343749995 0.2096019234375 0.427301378125 0.22092135000000002 0.42857776718749996 0.2349101609375 0.42405163593750006 0.24225096562499998 0.40809470000000003 0.243783596875 0.3973683703125 0.24037334531250001 0.3825969484375 0.23429371250000003 0.37362804843749997
0 0.2560899109375 0.45935531406249996 0.2513449703125 0.44748515624999996 0.2396551046875 0.43592179375000006 0.23090608906250001 0.4327554171875 0.21568155625 0.436270278125 0.20920604062499998 0.4429515140625 0.2043366796875 0.4609309953125 0.20945205625000002 0.483088128125 0.215531690625 0.49205702812499996 0.2260848046875 0.49869658125000005 0.23112665937500002 0.49882913906250004 0.24568384375000002 0.49676490624999997 0.252159359375 0.490083671875 0.257597096875 0.47456609375000003 0.2547552203125 0.46225657656249997 0.2560899109375 0.45935531406249996
0 0.2487236609375 0.501249359375 0.22778993125000002 0.5060822921875 0.21777974375000003 0.5278417515625 0.22289512031249997 0.5499988796874999 0.23268191875 0.562001596875 0.24266665468749998 0.566179246875 0.26102997499999997 0.56323630625 0.2723748515625 0.5385755828125001 0.26782785 0.5188803546874999 0.2617482140625 0.50991145625 0.2487236609375 0.501249359375
0 0.2801341625 0.5808673015625 0.2690126734375 0.5717658484375 0.25645752499999996 0.5694781828125 0.239131984375 0.58125746875 0.23559731718750002 0.5963356937500001 0.24128106875 0.620954725 0.24432088749999997 0.6254391765625 0.2554423734375 0.6345406328125 0.2667618015625 0.6358170203125 0.2737067234375 0.6355102203125 0.282085303125 0.6283896265625 0.2888577328125 0.6099707875 0.28317398125 0.5853517546875 0.2801341625 0.5808673015625
0 0.30022523749999996 0.6592088578124999 0.2941456015625 0.650239959375 0.283024115625 0.641138503125 0.2704689640625 0.6388508390625 0.2563811828125 0.6472895078125 0.250375071875 0.6603451828125 0.24997919062500001 0.6759953203125 0.26080376875 0.6968343765625 0.27382832343749997 0.7054964781249999 0.2788701765625 0.705629034375 0.2877181625 0.7048828796875 0.2928589875 0.701102903125 0.30210285625 0.6847066093749999 0.30363548906250004 0.6739802796875 0.30022523749999996 0.6592088578124999
0 0.127507053125 0.13248655468749998 0.1168549734375 0.1297595359375 0.10163044218749999 0.13327439531250002 0.095154925 0.13995563125 0.08971718906250001 0.155473209375 0.094832565625 0.1776303421875 0.10091220000000001 0.186599240625 0.11517247500000001 0.19627261406250002 0.1354388609375 0.192890309375 0.145449046875 0.1711308546875 0.142805109375 0.1509962703125 0.1361571015625 0.139565465625 0.127507053125 0.13248655468749998
0 0.159856365625 0.2248533734375 0.156248175 0.21790702187500002 0.150168540625 0.208938121875 0.1371439875 0.2002760234375 0.11944801093749999 0.20176833749999998 0.1097347390625 0.2117901921875 0.10620006875000002 0.22686841093750001 0.1149236390625 0.255971896875 0.13165535625 0.26766781875 0.1500186734375 0.26472487031249997 0.1532564328125 0.2613842515625 0.1592625453125 0.24832857968750002 0.1607951765625 0.23760225 0.159856365625 0.2248533734375
0 0.155529934375 0.271231865625 0.14678091875 0.2680654921875 0.13345945312500002 0.27114099375 0.1269839375 0.277822228125 0.1207798859375 0.298702971875 0.1241901375 0.3134743921875 0.1314065203125 0.3273671 0.14443107500000002 0.3360291984375 0.149472928125 0.3361617578125 0.16022398124999998 0.3349762421875 0.16860256406250002 0.327855646875 0.1753749921875 0.309436809375 0.1696912390625 0.284817771875 0.155529934375 0.271231865625
0 0.16706993125 0.338581978125 0.1474708921875 0.34051365 0.14233006875 0.3442936265625 0.135557640625 0.3627124625 0.1376332 0.3803851484375 0.14180976875 0.3897934046875 0.15349963125 0.40135676406250004 0.161012928125 0.4035118671875 0.179376246875 0.400568921875 0.18728542343750001 0.387073890625 0.18881805625 0.3763475625 0.1806628640625 0.34970598124999996 0.16706993125 0.338581978125
0 0.18735894687500002 0.4090984640625 0.1786099296875 0.4059320890625 0.1595792625 0.41032566406250004 0.1495690796875 0.43208512031249996 0.15525283125 0.45670415625 0.15829264999999998 0.4611886046875 0.16503962656249999 0.46870687499999997 0.176927434375 0.4724451671875 0.19148461875 0.47038093593749997 0.19796013437499999 0.4636997015625 0.2041641859375 0.44281895625 0.19657736875 0.41863927968750003 0.18735894687500002 0.4090984640625
0 0.1931897453125 0.47776664999999996 0.17415908125 0.482160225 0.16414889375 0.50391968125 0.16926427187499998 0.5260768140625001 0.17534390625000001 0.5350457125 0.1871327390625 0.5426965390625 0.20930219062500002 0.5388748765625 0.21587667812500003 0.5282811093750001 0.21817562812500002 0.5121916125 0.21115718125 0.4904738375 0.1931897453125 0.47776664999999996
0 0.2270716875 0.5594071359375 0.2153818234375 0.5478437765625 0.2066328078125 0.5446774015625 0.191408275 0.5481922625 0.184932759375 0.554873496875 0.1802613421875 0.5650279125 0.179297084375 0.578216146875 0.185747153125 0.5974720171875 0.1912584125 0.6039790093749999 0.2061860296875 0.6122017515625 0.213130953125 0.611894953125 0.2162697390625 0.6124668671875 0.227886078125 0.60200565625 0.23255750000000003 0.5918512406249999 0.2335217578125 0.57866300625 0.2270716875 0.5594071359375
0 0.23994637812500003 0.6238559875 0.22445038125 0.6131713421875 0.20732278124999998 0.617125559375 0.1988452296875 0.6281586859375 0.19597790625 0.641786278125 0.2005249078125 0.66148150625 0.20660454375 0.6704504046875 0.21525458749999998 0.6775293171875 0.222767884375 0.6796844203125 0.23732506875 0.677620190625 0.24380058437500002 0.6709389546875 0.25000463906250003 0.650058209375 0.2460260125 0.6328248859375 0.23994637812500003 0.6238559875
0 0.26250889375 0.7042200890625 0.256429259375 0.695251190625 0.245307771875 0.68614973125 0.23465568750000002 0.6834227140625 0.227043421875 0.68518014375 0.21866483906249998 0.6923007375 0.212658728125 0.7053564140625 0.211694471875 0.7185446437499999 0.213967971875 0.7283922578124999 0.22061598125 0.7398230625 0.23173746875 0.7489245171875 0.24305689843749997 0.750200909375 0.25000181875 0.749894109375 0.25838040156250003 0.7427735125 0.2643865109375 0.7297178390625 0.26478239531250003 0.714067703125 0.26250889375 0.7042200890625
0 0.105657140625 0.198469403125 0.095969315625 0.18255415156250002 0.087319271875 0.1754752375 0.0766671875 0.17274822031249998 0.0652487859375 0.17538436562499998 0.0587732703125 0.1820656015625 0.0525692203125 0.2029463453125 0.056547846874999995 0.2201796703125 0.0656672953125 0.233633015625 0.0812622640625 0.24040512656250002 0.0939163859375 0.2387802578125 0.0990572078125 0.23500028125 0.10639801093750001 0.21904334531249997 0.107362265625 0.20585511250000002 0.105657140625 0.198469403125
0 0 0.1814346828125 0.006525189062500001 0.20320395468750002 0.017646675 0.2123054109375 0.025159971875 0.2144605140625 0.039717159375 0.21239628124999999 0.048095740625 0.205275690625 0.0537314171875 0.1819330453125 0.04728135 0.1626771734375 0.033120046874999996 0.14909126718750002 0.0078118046875 0.15234101093750002 0 0.16932178125 0 0.1814346828125
0 0.05768459687500001 0.2251034734375 0.0402855359375 0.2148581859375 0.023157934375 0.218812403125 0.0199201765625 0.22215302499999998 0.013914065625 0.235208696875 0.0129498109375 0.2483969296875 0.015791687500000002 0.26070645 0.0224396953125 0.27213725312500003 0.037935690625000004 0.2828218984375 0.0429775453125 0.28295445468749997 0.0518255328125 0.2822083 0.0602041140625 0.27508770312499997 0.0683112328125 0.2537676015625 0.0637642296875 0.2340723734375 0.05768459687500001 0.2251034734375
0 0.113020571875 0.25641125468750003 0.10189908437499999 0.24730979999999997 0.09315006718749999 0.2441434203125 0.0779255359375 0.24765827968749998 0.0746877765625 0.2509989 0.06658066093750001 0.2723190015625 0.0716960375 0.2944761296875 0.074735853125 0.29896058124999997 0.08832878125 0.310084584375 0.0977451453125 0.3118003296875 0.1065931328125 0.3110541765625 0.1149717140625 0.303933578125 0.1196431359375 0.2937791640625 0.12137370624999999 0.27522776718749997 0.113020571875 0.25641125468750003
0 0.054865348437499996 0.286692746875 0.0428785734375 0.2868669890625 0.03583468125 0.29108632343749996 0.024489806250000003 0.315747040625 0.029036809375 0.33544226875 0.03511644375 0.3444111671875 0.043766489062500004 0.3514900796875 0.051279784375000005 0.3536451828125 0.0696431046875 0.3507022375 0.08022166562500001 0.3314046859375 0.076440978125 0.30634629062499996 0.0703613453125 0.2973773921875 0.054865348437499996 0.286692746875
0 0.11534214843749999 0.31422055000000004 0.1090645734375 0.31307671875 0.08679615 0.3208109140625 0.08059209843750001 0.3416916578125 0.08817891875 0.3658713328125 0.0949258953125 0.3733896046875 0.111188209375 0.3787110828125 0.12003619531250001 0.37796492812500004 0.128414778125 0.37084433125 0.1351872046875 0.35242549218749997 0.129503453125 0.3278064578125 0.11534214843749999 0.31422055000000004
0 0.1404750765625 0.39269466249999996 0.1249790796875 0.38201001875 0.111089240625 0.38262361562499997 0.10404535 0.38684295 0.0974708625 0.3974367234375 0.0951719140625 0.41352621562499997 0.10219035781250001 0.43524399062499997 0.11578328593750001 0.44636799375 0.12329658437499999 0.44852309687499997 0.1359507015625 0.4468982265625 0.14242621718749998 0.4402169890625 0.1470976375 0.4300625765625 0.1493965859375 0.41397308125 0.1404750765625 0.39269466249999996
0 0.0868442265625 0.3687725953125 0.0732512984375 0.3576485921875 0.0669737203125 0.3565047609375 0.0517491875 0.360019621875 0.0452736734375 0.3667008609375 0.0398359390625 0.3822184375 0.039637996875 0.39004350625 0.042479873437499996 0.4023530234375 0.051599324999999995 0.4158063703125 0.06462388125 0.42446847187500003 0.073471865625 0.4237223140625 0.0855576109375 0.419635540625 0.092132096875 0.40904176718749996 0.094999421875 0.3954141765625 0.08988404375 0.37325704375 0.0868442265625 0.3687725953125
0 0.1575263328125 0.46655177031250006 0.1520150734375 0.4600447765625 0.13899051875 0.45138267499999996 0.130809878125 0.450678203125 0.12319761250000001 0.452435634375 0.114819028125 0.45955622656250006 0.1101476109375 0.46971064218749997 0.10784866093750001 0.48580013437499997 0.1137303546875 0.5025940984374999 0.1192416140625 0.5091010984375 0.13226616875 0.517763196875 0.1411141546875 0.5170170374999999 0.146156009375 0.5171495984375001 0.156437659375 0.50958964375 0.16244376875 0.4965339703125 0.1622712765625 0.47842193125000004 0.1575263328125 0.46655177031250006
0 0.10332710781250001 0.44016780000000005 0.08479129375 0.424998703125 0.06385756249999999 0.42983163593749996 0.053847378125 0.4515910953125 0.054786185937499995 0.46433996874999994 0.062570946875 0.48069457968749996 0.0736924328125 0.48979603593750004 0.083108796875 0.49151178125 0.09576291718749999 0.48988690625000003 0.1009037421875 0.48610693437499997 0.10901085937499999 0.4647868328125 0.1069353015625 0.4471141515625 0.10332710781250001 0.44016780000000005
0 0.11182728593749999 0.5030334562500001 0.09689966875 0.49481071718749997 0.07977206875000001 0.498764934375 0.073296553125 0.5054461734375 0.0686251328125 0.5156005859375 0.0676608765625 0.5287888187500001 0.070502753125 0.5410983375 0.0771507609375 0.5525291359375 0.09264675781250001 0.5632137859374999 0.101494746875 0.5624676281250001 0.1135804890625 0.558380853125 0.118152940625 0.552138971875 0.12245392343749999 0.531697584375 0.117906921875 0.51200235625 0.11182728593749999 0.5030334562500001
0 0.1745775890625 0.5404088734375 0.1679295796875 0.528978075 0.15243358125 0.5182934265625 0.1334029171875 0.5226870015625 0.130165159375 0.5260276203124999 0.1228243578125 0.54198455625 0.12262641562500001 0.549809628125 0.1296448609375 0.5715273984375 0.1432377890625 0.5826514015625001 0.1507510859375 0.584806509375 0.16340520625 0.583181634375 0.16854602968750002 0.5794016578125001 0.175120515625 0.568807890625 0.1774194640625 0.5527183921875001 0.1745775890625 0.5404088734375
0 0.12336728593749999 0.570383571875 0.1152856140625 0.5657665640625 0.0975896421875 0.5672588765625 0.092448815625 0.5710388546875 0.08243863125 0.5927983078125 0.0875540078125 0.614955440625 0.0936336421875 0.623924340625 0.10979698281250001 0.6331583562499999 0.1262572375 0.6306547671875 0.134734790625 0.6196216421875 0.1376021140625 0.60599405 0.1319183609375 0.5813750125 0.12336728593749999 0.570383571875
0 0.1844124609375 0.600373275 0.17576241718750002 0.593294365625 0.16511033125000002 0.59056734375 0.1555949984375 0.5927641312499999 0.147216415625 0.5998847296875 0.1398756140625 0.6158416640625 0.139677671875 0.6236667312499999 0.14916755937499998 0.647407053125 0.1602890453125 0.6565085093749999 0.1716084765625 0.657784896875 0.1785533953125 0.657478096875 0.190169734375 0.6470168843749999 0.195039096875 0.6290374015625 0.1904920953125 0.6093421734375 0.1844124609375 0.600373275
0 0.14726449218749998 0.6478464109375001 0.138046071875 0.63830559375 0.12929705625000001 0.63513921875 0.11216945625000001 0.6390934359375 0.105693940625 0.645774671875 0.10235721093750001 0.653027825 0.1011950140625 0.6740411265625 0.10593995468749999 0.6859112875 0.11449103281249999 0.6969027328124999 0.1269472109375 0.7031029265625001 0.133892134375 0.7027961281249999 0.14921563437500002 0.6953687359375 0.153887053125 0.6852143203125001 0.155617628125 0.6666629234375 0.15334412656250002 0.656815309375 0.14726449218749998 0.6478464109375001
0 0.20223003281250002 0.668867215625 0.18483096875 0.658621928125 0.16960643749999998 0.6621367890625 0.163130921875 0.668818028125 0.15692687031250002 0.68969876875 0.16394531406249999 0.71141654375 0.1756351765625 0.7229799046875 0.1850515390625 0.7246956499999999 0.1977056609375 0.7230707796875 0.2074189328125 0.713048921875 0.21171992031250003 0.6926075375 0.20830966874999998 0.6778361140625 0.20223003281250002 0.668867215625
0 0.15890346093750002 0.7112839859375 0.1457799375 0.70653441875 0.1311237796875 0.7125111828125 0.12321460312500002 0.7260062171875 0.12168196875 0.736732546875 0.1267973453125 0.7588896765625 0.1298371625 0.7633741281249999 0.14095865000000002 0.7724755828125 0.148471946875 0.7746306875 0.16302913125000001 0.772566459375 0.169504646875 0.7658852203125 0.1762770765625 0.7474663796875001 0.170593325 0.722847346875 0.15890346093750002 0.7112839859375
0 0.9371078078125 0.5873735078125 0.9265546953125 0.580733953125 0.9088587203125 0.58222626875 0.903717896875 0.5860062421875 0.8963770953125 0.601963178125 0.9007261546875001 0.6294834781249999 0.9204976890625 0.6456638453125 0.9369579421875001 0.6431602578125 0.9467701859375 0.6292258687500001 0.9483028203125 0.6184995390625 0.9431874421875 0.59634240625 0.9371078078125 0.5873735078125
0 0.95776725625 0.6681769671875 0.9516876218749999 0.65920806875 0.9386630671875 0.6505459671875 0.9266762937499999 0.65072020625 0.919632403125 0.6549395421875001 0.9096222171875 0.6766990015625 0.91530596875 0.7013180343750001 0.9294672734375 0.714903940625 0.9369805703124999 0.71705904375 0.9477316234375 0.7158735328125 0.95611020625 0.708752934375 0.9621163171875 0.6956972625 0.9623142578125 0.6878721953125 0.95776725625 0.6681769671875
0 0.967602128125 0.7281413671875 0.9502030671874999 0.7178960796875 0.934978534375 0.7214109390625 0.9285030187500001 0.7280921734375 0.92363365625 0.74607165625 0.924572465625 0.7588205343750001 0.93178885 0.7727132375 0.9429103375000001 0.7818146984375 0.950423634375 0.7839698 0.9630777546875 0.7823449265625 0.968218578125 0.77856495 0.9747930640625 0.76797118125 0.9763256968749999 0.757244853125 0.967602128125 0.7281413671875
0 0.9680206359374999 0.7863900171875 0.9560338640625 0.7865642609375 0.94708690625 0.79122295 0.9397461046875 0.8071798890625 0.9382134703125 0.8179062187499999 0.9410553453125001 0.8302157328125 0.9477033562500001 0.8416465359374999 0.9588248421875001 0.8507479921875 0.9638666984375 0.8508805515625 0.9803269531250001 0.8483769640625001 0.985467775 0.8445969874999999 0.9922402031249999 0.82617815 0.9865564515624999 0.8015591140625 0.9680206359374999 0.7863900171875
0 0.8853800234375001 0.5630120796875 0.8792014187499999 0.5579557140625 0.8641748296875 0.55364550625 0.8500870484374999 0.5620841750000001 0.8433146218750001 0.580503015625 0.8489983734375001 0.6051220484375001 0.8520381890625 0.6096065 0.8631596781249999 0.61870795625 0.8744791046874999 0.6199843453125 0.8795209609375 0.6201169015625 0.8898026078125 0.6125569515625 0.896006659375 0.5916762062500001 0.8914596578125 0.571980978125 0.8853800234375001 0.5630120796875
0 0.886935284375 0.6261845421875 0.8711423765624999 0.6272374984375 0.8660015546875 0.6310174749999999 0.857326059375 0.6498756718750001 0.85996999375 0.6700102578125 0.8635781859374999 0.6769566109375 0.8808782781250001 0.69111443125 0.8992415984375001 0.6881714890625 0.9092517828125001 0.6664120296875 0.9071762250000001 0.6487393484374999 0.9029996562499999 0.6393310921875 0.886935284375 0.6261845421875
0 0.9164427203125 0.70624184375 0.909695740625 0.6987235734375 0.89847528125 0.6935346515624999 0.8832507484375001 0.6970495125 0.8800129921875 0.70039013125 0.8740068828125 0.713445803125 0.8724742484375 0.7241721328125 0.876452875 0.74140545625 0.8825325109375 0.75037435625 0.8911825546875001 0.75745326875 0.9005989187500001 0.7591690140625 0.9094469046875 0.7584228562499999 0.9178254875 0.7513022625 0.9240295375 0.7304215187499999 0.9194825359375001 0.710726290625 0.9164427203125 0.70624184375
0 0.93653379375 0.7845833984375 0.9298857843749999 0.7731525953125 0.9143897859375001 0.76246795 0.897262190625 0.7664221671875 0.8859173124999999 0.7910828859375 0.8935041312499999 0.8152625640625001 0.90519399375 0.826825925 0.9146103562500001 0.8285416703124999 0.9253614109375 0.8273561578124999 0.930502234375 0.82357618125 0.9378430375000001 0.8076192453125 0.9393756703125 0.7968929171875 0.93653379375 0.7845833984375
0 0.8537433140624999 0.6169922109375 0.8476636796875001 0.6080233109375001 0.8264584859375 0.5986567375 0.8123707046875 0.6070954046875 0.8063645921875 0.62015108125 0.805400334375 0.6333393109375 0.8112820296875001 0.65013328125 0.8167932859375 0.6566402765625 0.825443334375 0.6637191875 0.8348596953125 0.665434934375 0.8437076796874999 0.6646887765625 0.8488485078125001 0.6609087984375 0.8554229921875001 0.6503150296875 0.8577219406250001 0.634225534375 0.8537433140624999 0.6169922109375
0 0.8616751203125 0.6773959671875 0.8486505640625 0.6687338656249999 0.831522965625 0.6726880828125 0.8230454140625 0.6837212140625 0.820178090625 0.6973488046874999 0.8247250921875 0.7170440328125001 0.8308047265624999 0.7260129328125 0.839454771875 0.733091840625 0.8507742015625 0.7343682328125001 0.8558160546875 0.7345007890625 0.8660977015625001 0.7269408359375 0.8728701328125 0.708522 0.8677547546875 0.6863648671875 0.8616751203125 0.6773959671875
0 0.877589625 0.746329265625 0.8601905625 0.7360839796875001 0.8417282734375 0.7429394593749999 0.8349558453125001 0.7613582937500001 0.83759978125 0.7814928796875 0.84671923125 0.7949462296875 0.86041113125 0.8021577000000001 0.8749683171875 0.8000934687499999 0.8814438328125 0.7934122328125001 0.8876478875 0.7725314890625 0.8836692609375 0.7552981640625 0.877589625 0.746329265625
0 0.8848540843749999 0.808183653125 0.8761050671874999 0.805017278125 0.8608805359374999 0.8085321375 0.85440501875 0.8152133734375001 0.8503019765625 0.8278296921875 0.8510428453125 0.8484036359375 0.8632021140624999 0.866341434375 0.8700480609374999 0.8699471671874999 0.8941205828125 0.8656861484375 0.9027960765625 0.8468279546874999 0.9001521421875 0.8266933671875 0.8965439484375001 0.8197470125 0.8848540843749999 0.808183653125
0 0.8184984125 0.6640259859375 0.8124187796875001 0.6550570859375 0.794451340625 0.6423498953125 0.7811298765625 0.645425396875 0.7746543609375001 0.6521066359375001 0.767881934375 0.670525475 0.7760371265625 0.69716705625 0.79276884375 0.708862971875 0.809229096875 0.7063593890625001 0.812466853125 0.70301876875 0.8198076578125001 0.6870618328125 0.8207719125 0.6738736000000001 0.8184984125 0.6640259859375
0 0.8283332859374999 0.723990384375 0.8103658453125 0.7112831921875 0.790000490625 0.7185780312500001 0.7832280640625 0.7369968703125 0.785303621875 0.7546695515625 0.788911815625 0.7616159031249999 0.8062119078125001 0.7757737296875 0.8245752265625 0.7728307812499999 0.8330527796875 0.7617976515625 0.8359201031250001 0.748170065625 0.8313731015625001 0.7284748375000001 0.8283332859374999 0.723990384375
0 0.8281834203124999 0.779777134375 0.8123905125 0.7808300890625001 0.8072496859375 0.7846100671875 0.799340509375 0.7981051031249999 0.797807878125 0.8088314296875 0.8023548796875 0.828526659375 0.8221264125 0.8447070265625 0.8404897328125 0.84176408125 0.85049991875 0.820004621875 0.8478559812500001 0.7998700359375001 0.8417763484374999 0.7909011375 0.8281834203124999 0.779777134375
0 0.745961315625 0.61464785 0.7269306515625 0.619041425 0.716920465625 0.640800884375 0.71842765 0.6560116625 0.7220358421874999 0.6629580140625 0.7281154734374999 0.6719269140625 0.739904309375 0.679577740625 0.758267628125 0.6766347984375 0.7696125046875 0.6519740765625001 0.765065503125 0.6322788484374999 0.75898586875 0.6233099484375 0.745961315625 0.61464785
0 0.7790769421875 0.701651503125 0.7668187046875 0.6876262390625001 0.7580696890625 0.6844598640624999 0.7409420890625 0.6884140828125 0.7377043296875 0.6917547015625 0.7330329109375 0.7019091125 0.731302340625 0.7204605125 0.7366156562499999 0.7347925734375 0.74516673125 0.745784021875 0.75829025625 0.7505335843750001 0.7709443765625 0.7489087109375 0.7774198921875 0.742227475 0.7834260046875 0.7291718031250001 0.78362394375 0.7213467312499999 0.7790769421875 0.701651503125
0 0.778927078125 0.7574382578125001 0.7701780609375 0.754271878125 0.7536188359375 0.7606880015625 0.74704435 0.77128176875 0.745313778125 0.7898331703125 0.751195471875 0.806627134375 0.7604138921875 0.8161679484375 0.77039863125 0.8203455984374999 0.7868588828124999 0.817842015625 0.798203759375 0.7931812921875 0.79308838125 0.771024159375 0.7900485671874999 0.7665397109375001 0.778927078125 0.7574382578125001
0 0.8095712625000001 0.8424193640625001 0.8010201875 0.8314279171875001 0.7904670765625 0.824788365625 0.7746741687500001 0.825841321875 0.7695333421874999 0.8296212984375 0.761624165625 0.8431163296875 0.7600915328125 0.8538426593749999 0.764638534375 0.8735378875 0.7676783546875 0.8780223375 0.78441006875 0.8897182562499999 0.8027733890625001 0.886775309375 0.8060111453125 0.8834346937499999 0.8120172578125 0.8703790171874999 0.8135498890624999 0.8596526875 0.8095712625000001 0.8424193640625001
0 0.7231725921875001 0.6678818234375 0.7120511046875 0.6587803640625001 0.705773528125 0.6576365359375 0.6905489953124999 0.6611513953125 0.6873112390625 0.6644920125 0.6813051265625 0.6775476890625 0.679772496875 0.6882740187499999 0.683182746875 0.7030454359375 0.6923021984375 0.7164987875 0.70980023125 0.7228315421875 0.7186482203125 0.72208538125 0.7283614921875 0.7120635281250001 0.7326624749999999 0.691622140625 0.729252225 0.676850721875 0.7231725921875001 0.6678818234375
0 0.7285339859375 0.730175565625 0.7197849703125 0.7270091921875 0.7045604390625 0.7305240515625 0.6939818765625 0.7498216078125 0.6977625625 0.774879996875 0.7124922406249999 0.7909278109375 0.727617803125 0.79132548125 0.7378004828125 0.7876780671875 0.745141284375 0.7717211265625 0.744400415625 0.7511471828125 0.7347125906249999 0.73523193125 0.7285339859375 0.730175565625
0 0.7210433187499999 0.8019192515625001 0.7159024921875 0.805699228125 0.7098963828125 0.81875490625 0.7083637515625 0.829481234375 0.7159505687500001 0.8536609109375 0.7326822875000001 0.8653568296874999 0.7510456078125001 0.862413884375 0.7610557906250001 0.840654425 0.7548036625 0.8135734875 0.738739290625 0.8004269374999999 0.7210433187499999 0.8019192515625001
0 0.6695417421875 0.643959753125 0.65842025625 0.634858296875 0.6521426781249999 0.633714465625 0.6407242796875 0.6363506109375 0.6323456984375 0.64347120625 0.6261416468750001 0.664351946875 0.6295518984374999 0.6791233703125 0.6356315296874999 0.6880922703125 0.64675301875 0.697193725 0.6580724484375 0.6984701140625 0.663114303125 0.6986026734374999 0.6747306421875 0.68814145625 0.6796000015625 0.6701619796875 0.675621375 0.6529286515625 0.6695417421875 0.643959753125
0 0.69096750625 0.71940005 0.6848878734375 0.71043115 0.6737663859375 0.701329690625 0.6560704109375 0.7028220078125 0.6509295875000001 0.7066019812500001 0.6430204078124999 0.7200970171875001 0.641487778125 0.7308233453125 0.6485062203124999 0.7525411156249999 0.660196084375 0.76410448125 0.6677093796875 0.766259584375 0.6822665640625 0.7641953531250001 0.6874073921875 0.760415375 0.6934135015625 0.747359703125 0.6949461328125001 0.7366333734375 0.69096750625 0.71940005
0 0.6969962484375001 0.7802431640624999 0.6801655578125 0.7724597765625 0.6706502249999999 0.7746565640624999 0.6622716421875 0.7817771625 0.6554992171875 0.8001960015625 0.6636544109375 0.8268375812500001 0.6728728328125 0.8363783937499999 0.6803861265625 0.8385334984374999 0.6968463828125 0.8360299124999999 0.7066586265625 0.8220955203125 0.70819125625 0.8113691921875 0.7072524484375 0.7986203203125 0.6969962484375001 0.7802431640624999
0 0.700454571875 0.842976265625 0.6884677984375001 0.84315050625 0.6814239078125001 0.847369840625 0.6714137234375 0.8691293 0.673489284375 0.88680198125 0.677097475 0.8937483343749999 0.69439756875 0.9079061546875 0.7146639515625 0.9045238546875 0.7239078218749999 0.8881275609375001 0.7195587609375 0.8606072625 0.713479128125 0.8516383640624999 0.700454571875 0.842976265625
0 0.617813959375 0.619598328125 0.6023179625 0.6089136828124999 0.5851903640625 0.6128679 0.5767128109375 0.6239010265625 0.5738454875000001 0.63752861875 0.5783924890625001 0.657223846875 0.5844721234375 0.6661927453125001 0.5974966765625 0.674854846875 0.6044415984375 0.674548046875 0.6094834515625001 0.674680603125 0.6197651 0.667120653125 0.6244365203125 0.6569662375 0.62616709375 0.638414840625 0.617813959375 0.619598328125
0 0.633728465625 0.6885316265625 0.6269814859375 0.6810133578124999 0.6157610265625 0.6758244343750001 0.6005364953125001 0.6793392953125 0.594060978125 0.68602053125 0.588425303125 0.7093631796875 0.590698803125 0.7192107937500001 0.6003866296875 0.7351260453124999 0.61093974375 0.7417656 0.6159815953125001 0.74189815625 0.62673265 0.7407126390625 0.6351112296875 0.7335920484375 0.6397826515625 0.72343763125 0.6407469078125 0.710249403125 0.633728465625 0.6885316265625
0 0.649642971875 0.7574649265625 0.63605004375 0.7463409234375 0.6183540671875 0.7478332375 0.6132132453125 0.7516132140625 0.60453775 0.7704714109374999 0.607181684375 0.790605996875 0.6107898765625001 0.79755235 0.6224797390625 0.8091157078125001 0.6299930359375 0.8112708109375 0.644550221875 0.8092065859375 0.6496910484375 0.8054266078125 0.6564634734375 0.78700776875 0.6538195375 0.7668731828124999 0.649642971875 0.7574649265625
0 0.667262603125 0.833783934375 0.66175134375 0.8272769390624999 0.6531012984375 0.8201980265625 0.6405461484375 0.817910365625 0.626458365625 0.8263490328125 0.6196859390625 0.844767871875 0.6253696921875 0.869386909375 0.6284095078124999 0.8738713562499999 0.6395309953125 0.8829728125 0.6489473578125 0.8846885625 0.6596984140625 0.8835030453125 0.666173928125 0.8768218078125001 0.6721800390625 0.863766134375 0.67200754375 0.8456540953125 0.667262603125 0.833783934375
0 0.5856088749999999 0.6711165546875 0.579529240625 0.6621476546875 0.57087919375 0.65506874375 0.560227109375 0.652341721875 0.5526148421875 0.654099153125 0.5442362640625 0.6612197484375 0.53956484375 0.6713741640625 0.5378342703125 0.689925559375 0.548658846875 0.7107646203125 0.5623507453125 0.7179760890625 0.5769079328125 0.7159118578125 0.5820487562500001 0.71213188125 0.5872885515624999 0.7044393703125 0.5895875 0.688349878125 0.5856088749999999 0.6711165546875
0 0.58432225625 0.7219794953124999 0.5628201515625 0.7243505265625 0.5530079078125001 0.738284915625 0.551475275 0.7490112453125 0.5560222765625 0.7687064734375 0.5621019109375001 0.777675371875 0.5763621859375 0.7873487453125 0.5909193703125 0.7852845140625 0.5973948874999999 0.7786032796875 0.6035989390625 0.7577225359375 0.595443746875 0.7310809546875 0.58432225625 0.7219794953124999
0 0.5983336984375 0.79135215 0.5895846828125 0.7881857765625 0.57302545625 0.79460189375 0.56568465625 0.810558834375 0.5641520234375 0.8212851640625001 0.5706020921875 0.840541034375 0.5879021828125001 0.8546988546875 0.6062655015625 0.851755909375 0.616077746875 0.8378215203125 0.61894506875 0.8241939281249999 0.6094551859374999 0.8004536109375 0.5983336984375 0.79135215
0 0.6110104453125 0.86362606875 0.5971206046875001 0.8642396671875 0.59197978125 0.86801964375 0.5841695734375 0.8776021421875001 0.5814012203125001 0.8873172 0.58404515625 0.9074517859375 0.587653346875 0.9143981374999999 0.6049534390625 0.9285559593749999 0.6252198265625 0.9251736578124999 0.6352300109375 0.9034142 0.6325860734375001 0.8832796140625 0.6265064421875 0.8743107140624999 0.6110104453125 0.86362606875
0 0.5467557796875 0.711203978125 0.5320261000000001 0.695156165625 0.5105239921875 0.6975271953125 0.49917911562499995 0.722187915625 0.500117925 0.7349367890625 0.5073343109375 0.748829496875 0.5209272390625 0.7599535000000001 0.52596909375 0.7600860546875 0.5386232140625 0.7584611859375 0.5437640375 0.7546812093749999 0.5503385234375 0.744087434375 0.55187115625 0.7333611062500001 0.5467557796875 0.711203978125
0 0.5601988421875 0.7781147296875 0.5509804234375 0.7685739171875 0.5397599640624999 0.7633849890625 0.52453543125 0.7668998499999999 0.5212976765625 0.7702404703125 0.51319055625 0.7915605718750001 0.513560990625 0.8018475437499999 0.5183059328125 0.8137177 0.5280927265625001 0.8257204187499999 0.538077465625 0.82989806875 0.5545377203124999 0.827394484375 0.5577754796875001 0.8240538640624999 0.5651162796875 0.8080969296875 0.5660805375 0.7949086953125 0.5601988421875 0.7781147296875
0 0.5606173546875 0.8363633828125 0.5429213796875 0.8378556953125 0.53778055625 0.841635671875 0.5325407609374999 0.8493281843749999 0.5289071203125 0.8683189375 0.531180621875 0.8781665515625001 0.5408684484374999 0.894081803125 0.5545603484375 0.901293271875 0.5710206 0.8987896843750001 0.582365475 0.874128965625 0.5802899171875 0.856456284375 0.5742102828125 0.8474873859375001 0.5606173546875 0.8363633828125
0 0.49559637187499994 0.689304453125 0.4895167359375 0.6803355546875001 0.47839525 0.6712340953125 0.4555584515625 0.6765063859375 0.4468829578125 0.6953645828125 0.4500952671875 0.7179610734375 0.45617490156249996 0.7269299734375 0.46482495 0.734008884375 0.4742413109375 0.73572463125 0.48689543124999995 0.7340997578125 0.4920362546875 0.7303197796875 0.4980423640625 0.7172641078125 0.49957499843750003 0.706537778125 0.49559637187499994 0.689304453125
0 0.48993525 0.7385842078125 0.4709045828125 0.7429777843750001 0.46766682656249997 0.746318403125 0.4616607140625 0.7593740765625 0.46069645625 0.7725623109375 0.4629699578125 0.782409925 0.469617965625 0.7938407234375 0.48073945625 0.8029421843750001 0.48825275 0.8050972875 0.4990038015625 0.8039117703124999 0.5073823859375 0.796791178125 0.5135864375 0.775910434375 0.5084710609374999 0.7537533 0.48993525 0.7385842078125
0 0.5107926375 0.8115625968750001 0.4982374890625 0.8092749375 0.4854843953125 0.8148123406250001 0.4789099109375 0.8254061125 0.4760425875 0.8390337046875 0.4805895890625 0.8587289328125 0.48362940468750004 0.8632133812499999 0.499693775 0.8763599296875 0.5066386984375 0.8760531328125 0.5206275109375 0.871526996875 0.5300693187500001 0.8473056359375001 0.5255223171875001 0.8276104078125 0.5194426828125 0.8186415109375 0.5107926375 0.8115625968750001
0 0.5334541234375 0.888014165625 0.52537245 0.8833971578125001 0.5076764796875 0.8848894703125 0.5012009640625 0.8915707093749999 0.49519485156250004 0.904626384375 0.49366221875000005 0.9153527125 0.49650409531250006 0.92766223125 0.5031521046874999 0.939093034375 0.5155093125 0.9492057624999999 0.5376787671875001 0.9453841046875 0.5476889500000001 0.9236246453125 0.545613390625 0.9059519640625 0.5420051984375001 0.8990056125000001 0.5334541234375 0.888014165625
0 0.456743278125 0.7293918765625 0.4382074625 0.7142227812499999 0.4191767984375 0.71861635625 0.4127012828125 0.7252975953125 0.408400296875 0.745738978125 0.4118105484375 0.7605104015624999 0.4178901828125 0.7694793 0.42901166875 0.7785807546875 0.4384280328125 0.7802965000000001 0.44346988906249996 0.7804290625 0.4569892953125 0.7695284921875001 0.4618586546875 0.751549009375 0.46091984531249997 0.738800134375 0.456743278125 0.7293918765625
0 0.46828327343750004 0.7967419859375 0.4571617875 0.78764053125 0.4465097015625 0.784913509375 0.4388974359375 0.7866709390625 0.4305188578125 0.7937915359375001 0.4245127453125 0.806847209375 0.4229801125 0.8175735375000001 0.4263903640625 0.8323449625 0.4324699984375 0.8413138609375 0.4435914875 0.8504153156250001 0.45110478125000003 0.8525704187500001 0.461855834375 0.8513849078125 0.4702344171875 0.8442643109375 0.47643846874999995 0.8233835656249999 0.47132309218749996 0.8012264375000001 0.46828327343750004 0.7967419859375
0 0.48780597343750004 0.8726216375 0.4692701625 0.85745254375 0.4521425609375 0.8614067609375 0.44079768281250004 0.8860674796874999 0.44591306093750005 0.9082246125 0.4656845953125 0.92440498125 0.4821448484375 0.9219013921875 0.4899550578125 0.91231889375 0.49405810156249996 0.8997025781250001 0.491414165625 0.8795679921874999 0.48780597343750004 0.8726216375
0 0.403680803125 0.7079317109375001 0.3976011671875 0.6989628125 0.38647968125 0.68986135625 0.3636428828125 0.695133646875 0.35840308906249996 0.70282615625 0.354769446875 0.7218169109375 0.3576113234375 0.7341264296875 0.3642593328125 0.7455572296875 0.37290938125 0.7526361421875001 0.38042267500000004 0.7547912453125 0.39497986093750004 0.7527270125000001 0.40012068593750005 0.748947040625 0.4061267953125 0.7358913640625 0.4076594296875 0.725165034375 0.403680803125 0.7079317109375001
0 0.42073205937499997 0.7817888187500001 0.4140840484375 0.7703580156250001 0.39858805625 0.7596733703125 0.38146045625 0.7636275875 0.3749849390625 0.7703088234375 0.3695472015625 0.7858264 0.3716227640625 0.8034990859375 0.37827077187499997 0.8149298843749999 0.3918637015625 0.8260538921875 0.39690555625 0.8261864484375 0.40955967656250003 0.824561575 0.4147005 0.8207816015624999 0.42204130156249997 0.8048246625000001 0.4230055609375 0.7916364328125 0.42073205937499997 0.7817888187500001
0 0.43360674843749997 0.8462376656249999 0.42001381875000005 0.8351136625000001 0.41373624375 0.8339698312499999 0.3971770203125 0.840385953125 0.3898362171875 0.8563428890625 0.38887195937499996 0.8695311218749999 0.40026491249999996 0.8928320828125 0.41081802500000003 0.8994716374999999 0.41585987968750004 0.8996041953124999 0.428514 0.897979325 0.434989515625 0.8912980859375 0.44119356718749997 0.8704173468749999 0.436646565625 0.8507221171875001 0.43360674843749997 0.8462376656249999
0 0.45256107187500005 0.9196554156250001 0.44648143593749995 0.9106865171875 0.43345688125 0.9020244156249999 0.41252315156249997 0.9068573484375 0.4025129640625 0.9286168078125 0.4076283421875 0.950773940625 0.413707978125 0.9597428390625 0.422358025 0.9668217468750001 0.43177438593749995 0.9685374937500001 0.440622371875 0.9677913390624999 0.4490009546875 0.9606707421875 0.45424075 0.95297823125 0.4565396984375 0.9368887390625 0.45256107187500005 0.9196554156250001
0 0.36539608437500004 0.7504810390625 0.3593164484375 0.7415121390625 0.353137846875 0.7364557734375 0.338111253125 0.7321455671875 0.3324020546875 0.7334636390625 0.3207857140625 0.7439248515625 0.316484728125 0.7643662390625 0.3204633546875 0.7815995625000001 0.32901443124999996 0.7925910078125 0.33956754375 0.7992305578125001 0.346512465625 0.7989237625000001 0.3515543203125 0.79905631875 0.3618359671875 0.7914963687500001 0.3678420765625 0.7784406921875 0.36937471093749996 0.7677143625 0.36539608437500004 0.7504810390625
0 0.37636770468749997 0.8153692421875001 0.3701891046875 0.81031288125 0.3500216859375 0.8097826484375 0.3429777953125 0.8140019828125 0.33563699375 0.82995891875 0.33487067656249997 0.8353220796875 0.3405544296875 0.8599411187499999 0.3578545203125 0.8740989390625 0.37812090625 0.8707166390625 0.3860300828125 0.8572216031250001 0.3877606578125 0.8386702078124999 0.3860555328125 0.8312844984375 0.37636770468749997 0.8153692421875001
0 0.400635346875 0.9031190546874999 0.3964587796875 0.8937107984375 0.37982603125000003 0.8781023484375 0.35889230156249996 0.8829352796875 0.34888211406249997 0.9046947375000001 0.3509576765625 0.922367421875 0.3551342421875 0.9317756781250001 0.364352665625 0.941316490625 0.37624046875 0.945054784375 0.3888945890625 0.9434299109375001 0.3940354109375 0.939649934375 0.40060989999999996 0.9290561640625 0.40214253125 0.9183298359375 0.400635346875 0.9031190546874999
0 0.3081570421875 0.719612615625 0.29266104375 0.7089279703125 0.2755334484375 0.7128821875 0.2722956890625 0.7162228078124999 0.266289578125 0.7292784812499999 0.2647569453125 0.7400048109374999 0.2693039484375 0.7597000390625 0.27234376562499996 0.764184490625 0.28593669374999997 0.7753084921875 0.2909785484375 0.77544105 0.3036326671875 0.773816175 0.3120112515625 0.7666955828125 0.317646928125 0.7433529375 0.31423667499999997 0.7285815140625 0.3081570421875 0.719612615625
0 0.333191 0.8019992640625 0.327111365625 0.7930303656250001 0.31161536875 0.7823457203124999 0.299628596875 0.7825199609375 0.2925847046875 0.7867392953125 0.284675528125 0.8002343265625 0.28314289375 0.81096065625 0.284081703125 0.8237095328124999 0.2912980875 0.8376022359374999 0.3048910171875 0.8487262390625 0.30993287187499996 0.8488588 0.32258699218750003 0.8472339249999999 0.327727815625 0.8434539484375 0.3329676078125 0.8357614375000001 0.33603287656249997 0.8143087781249999 0.333191 0.8019992640625
0 0.34225955468749997 0.8673268265624999 0.335512575 0.8598085624999999 0.32429211874999997 0.8546196343749999 0.3052614515625 0.859013209375 0.29525126562500004 0.88077266875 0.3009350171875 0.9053917031250001 0.30397483593749997 0.9098761546875 0.315096325 0.918977609375 0.3264157515625 0.9202539984375001 0.333360671875 0.9199472015625 0.3417392546875 0.9128266046875 0.34851168125 0.894407765625 0.347004496875 0.8791969875 0.34225955468749997 0.8673268265624999
0 0.348955640625 0.9267193125000001 0.33773518125 0.9215303921875 0.318704515625 0.9259239671874999 0.3107953390625 0.939418996875 0.3084963890625 0.9555084890625001 0.311338265625 0.9678180078124999 0.3204577171875 0.9812713578125001 0.33414961718749997 0.9884828265625 0.3506098703125 0.9859792390625 0.3570853859375 0.979298003125 0.3638578125 0.9608791625 0.3587424359375 0.9387220296875001 0.348955640625 0.9267193125000001
0 0.27595195625 0.7711308421874999 0.2667335359375 0.7615900250000001 0.25798451875 0.75842365 0.247900809375 0.7581585343749999 0.234381403125 0.7690591046875 0.23008041875 0.7895004906249999 0.2340590453125 0.8067338124999999 0.24013868125 0.8157027109375001 0.2487887265625 0.822781625 0.256302021875 0.8249367296875001 0.2689561421875 0.8233118546875 0.277334721875 0.8161912625 0.28353877656250004 0.7953105171875 0.278991775 0.775615290625 0.27595195625 0.7711308421874999
0 0.29604303125000003 0.8494723984375 0.28635520468750003 0.833557146875 0.27142758125 0.8253344015625 0.2562030484375 0.8288492625 0.249727534375 0.8355305015625 0.2435234828125 0.8564112406250001 0.246933734375 0.871182665625 0.25358174375 0.88261346875 0.2622317875 0.8896923765625001 0.2697450859375 0.8918474796875 0.2843022734375 0.889783253125 0.29077778906249996 0.8831020125 0.2967838984375 0.8700463421875 0.29774815781249997 0.85685810625 0.29604303125000003 0.8494723984375
0 0.30264014375000003 0.9127774171875 0.28467270624999996 0.9000702234375 0.2656420390625 0.9044638 0.2624042828125 0.907804415625 0.2563981703125 0.9208600921875 0.254865540625 0.9315864218750001 0.25884416718750003 0.9488197453125 0.2649237984375 0.9577886453125 0.273573846875 0.96486755625 0.28108714218749997 0.9670226609375 0.29564432812499997 0.9649584296875 0.3007851546875 0.961178453125 0.3088922703125 0.9398583546875001 0.3068167125 0.9221856718750001 0.30264014375000003 0.9127774171875
0 0.22175273281250002 0.7447468703125 0.21063124218749998 0.7356454125 0.1999791625 0.73291839375 0.190463828125 0.7351151812500001 0.1820852453125 0.7422357749999999 0.17588119375 0.76311651875 0.1804281953125 0.782811746875 0.18650783124999998 0.7917806453125 0.2014354484375 0.8000033875 0.208380371875 0.7996965890625 0.2218008078125 0.7927085484374999 0.22837529375 0.7821147796875 0.229907928125 0.7713884515625 0.22479255 0.7492313187499999 0.22175273281250002 0.7447468703125
0 0.23272435468750002 0.8096350765624999 0.2221712421875 0.802995525 0.2044752671875 0.8044878375 0.19933444375 0.8082678156249999 0.191425265625 0.8217628453125 0.18989263437499998 0.8324891750000001 0.1974794515625 0.8566688499999999 0.21421117031249998 0.868364771875 0.23257448749999998 0.865421825 0.241052040625 0.8543887 0.243919365625 0.8407611078125001 0.24184380781249998 0.8230884265625 0.23272435468750002 0.8096350765624999
0 0.25034398593749996 0.885954084375 0.2342796125 0.8728075343749999 0.22800204062499999 0.8716637078125 0.21144281406249998 0.878079825 0.20200100625 0.9023011875 0.2065480078125 0.921996415625 0.21262764218750002 0.9309653156250001 0.2256521953125 0.9396274140624999 0.23069405 0.9397599734375 0.241445103125 0.9385744578124999 0.24982368593749998 0.9314538625000001 0.25449510625 0.92129945 0.25679405312500003 0.9052099546875001 0.25034398593749996 0.885954084375
0 0.26251441249999996 1 0.2692728609375 0.985308940625 0.26833405 0.9725600671875 0.2599809171875 0.9537435546875 0.24885943125 0.9446420953124999 0.23630427968749998 0.9423544343750001 0.222216496875 0.9507931 0.2141093796875 0.9721132015625 0.21922475624999999 0.9942703343750001 0.2222645734375 0.9987547828125001 0.22378616093749998 1 0.26251441249999996 1
0 0.181564946875 0.787735553125 0.16416588125 0.777490265625 0.14703828593749999 0.7814444828125 0.13569340937500002 0.806105203125 0.140808784375 0.82826233125 0.1574415328125 0.8438707875 0.1624833859375 0.8440033421875001 0.1789436375 0.841499759375 0.18541915312499999 0.83481851875 0.1910548328125 0.8114758734375 0.18764458125 0.7967044515625 0.181564946875 0.787735553125
0 0.19557638593749999 0.8571082078125001 0.18198345625 0.8459842046875 0.1604813484375 0.8483552328125 0.149136471875 0.8730159562500001 0.1512120328125 0.8906886359374999 0.1578600421875 0.902119440625 0.16898153124999998 0.9112208953125001 0.176494825 0.9133759984375001 0.18914894531249998 0.9117511296874999 0.1988622203125 0.9017292703124999 0.2029652640625 0.8891129546875 0.2027927703125 0.8710009171875001 0.19557638593749999 0.8571082078125001
0 0.21129294999999998 0.9338665796875001 0.2052133171875 0.9248976796875 0.1921887625 0.9162355765625 0.1725897203125 0.9181672531249999 0.1647795171875 0.9277497484375001 0.1606764703125 0.9403660640625 0.16445715625 0.9654244593750001 0.17671539687499999 0.9794497234374999 0.18670013125 0.9836273703125 0.20125732031250002 0.9815631421875001 0.2077328359375 0.9748819046874999 0.21373894531249998 0.9618262312500001 0.2152715765625 0.9510999015625 0.21129294999999998 0.9338665796875001
0 0.1525212765625 0.9137244843750001 0.14644164375 0.9047555859375 0.132848715625 0.8936315828125 0.1119149796875 0.8984645171875 0.10057010468750001 0.9231252328125 0.1026456640625 0.9407979140625 0.1092936734375 0.9522287171875 0.1204151609375 0.9613301734374999 0.13173459062499998 0.962606565625 0.1367764453125 0.9627391218750001 0.1489611578125 0.9547398109375 0.15630196406250002 0.938782875 0.156499903125 0.9309578078125 0.1525212765625 0.9137244843750001
0 0.1724395484375 1 0.16729903125 0.9777339749999999 0.15313772812499998 0.964148071875 0.1297325546875 0.9669584562500001 0.1185856203125 0.9837941062500001 0.11762136249999999 0.996982340625 0.1185965671875 1 0.1724395484375 1