0 0.113900059375 0.05859375 0.104308475 0.060546875 0.09112005 0.06933593593750001 0.0863242578125 0.07910156406249999 0.0863242578125 0.09277343593750001 0.08872215312500001 0.09863281406249999 0.104308475 0.111328125 0.12469059375 0.11230468593750001 0.1462716578125 0.10058593593750001 0.15106745 0.09277343593750001 0.15106745 0.07910156406249999 0.1378790203125 0.064453125 0.1306853359375 0.060546875 0.113900059375 0.05859375
0 0.18104114843750002 0.064453125 0.1714495640625 0.068359375 0.16305693125 0.07714843593750001 0.160659034375 0.08691406406249999 0.1678527234375 0.10839843593750001 0.18104114843750002 0.115234375 0.206219059375 0.11425781406249999 0.2122138015625 0.11328125 0.22300433125 0.10058593593750001 0.22540222812500002 0.08300781406249999 0.2206064359375 0.07519531406249999 0.2026222171875 0.064453125 0.18104114843750002 0.064453125
0 0.23978960468750002 0.07714843593750001 0.2349938125 0.09667968593750001 0.2469832921875 0.11621093593750001 0.2625696140625 0.12890625 0.270962253125 0.1279296859375 0.2997370046875 0.11425781406249999 0.304532796875 0.08886718593750001 0.28654857499999997 0.0703125 0.2625696140625 0.06640625 0.2481822375 0.0703125 0.23978960468750002 0.07714843593750001
0 0.11989480156250001 0.1298828140625 0.11989480156250001 0.1513671859375 0.1378790203125 0.166015625 0.16305693125 0.1650390640625 0.1690516734375 0.1640625 0.1822400984375 0.1513671859375 0.1822400984375 0.1298828140625 0.1690516734375 0.1171875 0.1378790203125 0.115234375 0.11989480156250001 0.1298828140625
0 0.081528465625 0.1787109359375 0.07913056874999999 0.1962890640625 0.0839263609375 0.2060546859375 0.0995126828125 0.21875 0.11749690625 0.2177734359375 0.1390779703125 0.2041015640625 0.1438737625 0.1826171859375 0.12349164374999999 0.166015625 0.104308475 0.1640625 0.092319 0.16796875 0.081528465625 0.1787109359375
0 0.1558632421875 0.1806640640625 0.1558632421875 0.2021484359375 0.160659034375 0.2099609359375 0.173847465625 0.21875 0.196627475 0.2177734359375 0.207418009375 0.212890625 0.21581064374999998 0.2041015640625 0.21581064374999998 0.1826171859375 0.197826425 0.16796875 0.1714495640625 0.169921875 0.1558632421875 0.1806640640625
0 0.245784346875 0.171875 0.23019802031249997 0.1826171859375 0.23019802031249997 0.2080078140625 0.245784346875 0.220703125 0.270962253125 0.2197265640625 0.276956990625 0.21875 0.2901454203125 0.2060546859375 0.287747525 0.1826171859375 0.276956990625 0.173828125 0.264967515625 0.169921875 0.245784346875 0.171875
0 0.21940748437500002 0.1171875 0.199025371875 0.1259765640625 0.19422957968750001 0.1357421859375 0.196627475 0.1533203140625 0.20142326718749998 0.1611328140625 0.2098159015625 0.166015625 0.2349938125 0.1669921859375 0.245784346875 0.1640625 0.2565748765625 0.1533203140625 0.2565748765625 0.1357421859375 0.2433864453125 0.12109375 0.23379486093750002 0.1171875 0.21940748437500002 0.1171875
0 0.270962253125 0.1552734359375 0.2841506828125 0.16796875 0.31412438125 0.1689453140625 0.330909653125 0.1552734359375 0.32851175781249997 0.1318359359375 0.3129254359375 0.12109375 0.291344365625 0.12109375 0.270962253125 0.1337890640625 0.270962253125 0.1552734359375
0 0.347694925 0.1357421859375 0.3452970296875 0.1552734359375 0.3656791484375 0.171875 0.3884591578125 0.1728515640625 0.39445390156250004 0.171875 0.40764232656250005 0.1591796859375 0.40764232656250005 0.1396484359375 0.392056 0.125 0.3656791484375 0.125 0.347694925 0.1357421859375
0 0.311726484375 0.08496093593750001 0.31412438125 0.10839843593750001 0.3345064953125 0.119140625 0.357286509375 0.11816406406249999 0.363281246875 0.1171875 0.37407178281250003 0.10644531406249999 0.37407178281250003 0.08300781406249999 0.3536896640625 0.0703125 0.32491491093749997 0.072265625 0.311726484375 0.08496093593750001
0 0.304532796875 0.2060546859375 0.3273128125 0.224609375 0.350092821875 0.2236328140625 0.36687809374999997 0.2099609359375 0.36687809374999997 0.1884765640625 0.3464959796875 0.173828125 0.3273128125 0.173828125 0.30693069375 0.1865234359375 0.304532796875 0.2060546859375
0 0.121093753125 0.224609375 0.11270111406250001 0.2333984359375 0.11509900937499999 0.2587890640625 0.1306853359375 0.271484375 0.1558632421875 0.2724609359375 0.17744430625000002 0.2666015640625 0.17984220312500002 0.2333984359375 0.16425588124999999 0.22265625 0.1522663953125 0.21875 0.1402769203125 0.21875 0.121093753125 0.224609375
0 0.1894337875 0.2373046859375 0.1894337875 0.2607421859375 0.2026222171875 0.2734375 0.2278001234375 0.2744140640625 0.2361927625 0.2734375 0.25177908437499996 0.2607421859375 0.2541769796875 0.2412109359375 0.23379486093750002 0.224609375 0.205020109375 0.224609375 0.1894337875 0.2373046859375
0 0.26137066875000003 0.2470703140625 0.26616646093749996 0.2626953140625 0.27935489062499996 0.2734375 0.3093285890625 0.2724609359375 0.3261138609375 0.2587890640625 0.3261138609375 0.2412109359375 0.30333385156250003 0.224609375 0.2841506828125 0.2265625 0.2637685640625 0.2392578140625 0.26137066875000003 0.2470703140625
0 0.092319 0.26953125 0.07433477656250001 0.2841796859375 0.07433477656250001 0.3056640640625 0.0899210984375 0.322265625 0.1103032171875 0.3232421859375 0.12349164374999999 0.318359375 0.134282178125 0.3076171859375 0.13668007499999998 0.2880859359375 0.1282874359375 0.275390625 0.11150216875 0.26953125 0.092319 0.26953125
0 0.185836940625 0.2734375 0.173847465625 0.2734375 0.1594600890625 0.27734375 0.1486695546875 0.2861328140625 0.1486695546875 0.3115234359375 0.166653771875 0.326171875 0.1846379953125 0.3251953140625 0.19542852500000002 0.32421875 0.206219059375 0.3154296859375 0.213412746875 0.3037109359375 0.213412746875 0.2919921859375 0.2026222171875 0.279296875 0.185836940625 0.2734375
0 0.2361927625 0.279296875 0.22300433125 0.2880859359375 0.22540222812500002 0.3173828140625 0.23379486093750002 0.32421875 0.2541769796875 0.3271484359375 0.2721611984375 0.32421875 0.2805538359375 0.3173828140625 0.285349628125 0.3056640640625 0.2829517328125 0.2900390640625 0.26736540625 0.27734375 0.2361927625 0.279296875
0 0.30812964374999996 0.28515625 0.2997370046875 0.2919921859375 0.297339109375 0.3095703140625 0.31052753437499997 0.328125 0.3357054453125 0.3310546859375 0.351291771875 0.326171875 0.3620823015625 0.3154296859375 0.3620823015625 0.2939453140625 0.3464959796875 0.28125 0.33210860468750003 0.27734375 0.30812964374999996 0.28515625
0 0.3656791484375 0.228515625 0.348893871875 0.234375 0.3405012375 0.2412109359375 0.3381033421875 0.2587890640625 0.3464959796875 0.2734375 0.3560875640625 0.27734375 0.376469678125 0.2783203140625 0.392056 0.2734375 0.4004486390625 0.2646484359375 0.40284653437499995 0.2451171859375 0.389658109375 0.232421875 0.38006652500000004 0.228515625 0.3656791484375 0.228515625
0 0.3908570546875 0.08300781406249999 0.3860612625 0.09082031406249999 0.3860612625 0.11230468593750001 0.39924969374999997 0.125 0.4268254953125 0.1259765640625 0.44600866406249995 0.12011718593750001 0.4532023515625 0.10253906406249999 0.4508044546875 0.09082031406249999 0.435218128125 0.076171875 0.404045484375 0.07421875 0.3908570546875 0.08300781406249999
0 0.42202970312500004 0.1416015640625 0.42202970312500004 0.1591796859375 0.435218128125 0.17578125 0.4448097125 0.1796875 0.46519183125 0.1787109359375 0.484375 0.1630859359375 0.484375 0.1435546859375 0.47118657500000005 0.130859375 0.461594990625 0.126953125 0.4400139203125 0.12890625 0.42202970312500004 0.1416015640625
0 0.378867575 0.1962890640625 0.378867575 0.2060546859375 0.3860612625 0.2216796859375 0.404045484375 0.23046875 0.4268254953125 0.2294921859375 0.4436107671875 0.2158203140625 0.44600866406249995 0.1962890640625 0.42322865312499997 0.177734375 0.39924969374999997 0.177734375 0.3812654703125 0.1904296859375 0.378867575 0.1962890640625
0 0.45440129687499997 0.23046875 0.4400139203125 0.23046875 0.41723391093749995 0.2431640640625 0.414836015625 0.2646484359375 0.4256265453125 0.279296875 0.4328202375 0.283203125 0.44840655937499996 0.2841796859375 0.467589728125 0.2783203140625 0.47718131250000007 0.2666015640625 0.4795792078125 0.2529296859375 0.474783415625 0.2431640640625 0.46399288125 0.234375 0.45440129687499997 0.23046875
0 0.4184328609375 0.283203125 0.39445390156250004 0.283203125 0.376469678125 0.2939453140625 0.37407178281250003 0.3154296859375 0.3872602078125 0.330078125 0.3968517921875 0.333984375 0.40764232656250005 0.3330078140625 0.4184328609375 0.33203125 0.43162128749999995 0.3232421859375 0.438814975 0.3115234359375 0.438814975 0.3017578140625 0.43641707968750004 0.2958984359375 0.4184328609375 0.283203125
0 0.1282874359375 0.32421875 0.113900059375 0.328125 0.1031095296875 0.3408203140625 0.1031095296875 0.3583984359375 0.10790532187499999 0.3662109359375 0.12349164374999999 0.376953125 0.1486695546875 0.3759765640625 0.1570621875 0.373046875 0.1678527234375 0.3623046859375 0.1678527234375 0.3388671859375 0.1522663953125 0.326171875 0.1450727125 0.32421875 0.1282874359375 0.32421875
0 0.2242032765625 0.328125 0.19542852500000002 0.330078125 0.1822400984375 0.3388671859375 0.17984220312500002 0.3447265640625 0.1822400984375 0.3681640640625 0.193030634375 0.37890625 0.2206064359375 0.3798828140625 0.22899906875 0.37890625 0.23978960468750002 0.3701171859375 0.24458539531249998 0.3623046859375 0.24458539531249998 0.3427734359375 0.2361927625 0.333984375 0.2242032765625 0.328125
0 0.298538059375 0.330078125 0.2817527828125 0.330078125 0.258972771875 0.3408203140625 0.2565748765625 0.3642578140625 0.26736540625 0.37890625 0.2925433171875 0.3818359359375 0.30333385156250003 0.380859375 0.31412438125 0.3740234359375 0.323715965625 0.3544921859375 0.32131806875 0.3447265640625 0.3129254359375 0.3359375 0.298538059375 0.330078125
0 0.3752707328125 0.333984375 0.3584854546875 0.333984375 0.3393022875 0.341796875 0.3357054453125 0.3466796859375 0.3357054453125 0.3759765640625 0.3464959796875 0.384765625 0.3716738859375 0.3857421859375 0.38486231718749997 0.3828125 0.39325495 0.3759765640625 0.39805074218750003 0.3544921859375 0.395652846875 0.3466796859375 0.38486231718749997 0.337890625 0.3752707328125 0.333984375
0 0.435218128125 0.3359375 0.41243811875 0.3466796859375 0.40764232656250005 0.3544921859375 0.40764232656250005 0.3662109359375 0.41243811875 0.3798828140625 0.420830753125 0.38671875 0.44600866406249995 0.3876953140625 0.4591970890625 0.384765625 0.4699876234375 0.3759765640625 0.4723855203125 0.3583984359375 0.4591970890625 0.341796875 0.4448097125 0.3359375 0.435218128125 0.3359375
0 0.4508044546875 0.3173828140625 0.461594990625 0.33203125 0.47118657500000005 0.3359375 0.49156868749999993 0.3349609359375 0.5083539609375001 0.3251953140625 0.513149753125 0.3056640640625 0.495165534375 0.287109375 0.475982365625 0.28515625 0.4532023515625 0.2958984359375 0.4508044546875 0.3173828140625
0 0.49156868749999993 0.2685546859375 0.5119508015625 0.28515625 0.5323329203125 0.2841796859375 0.546720296875 0.2763671859375 0.5539139843750001 0.2529296859375 0.5359297625 0.234375 0.5191444953125 0.232421875 0.493966584375 0.2451171859375 0.49156868749999993 0.2685546859375
0 0.45799814375 0.2177734359375 0.475982365625 0.23046875 0.5035581687499999 0.2294921859375 0.520343440625 0.2177734359375 0.520343440625 0.1982421859375 0.49996132656250003 0.181640625 0.48317604999999997 0.1796875 0.45799814375 0.1943359359375 0.45799814375 0.2177734359375
0 0.4963644796875 0.1650390640625 0.5119508015625 0.1796875 0.5419245046875 0.1787109359375 0.5587097765625 0.1650390640625 0.55631188125 0.1416015640625 0.533531871875 0.12890625 0.5095529109375 0.1328125 0.4963644796875 0.1435546859375 0.4963644796875 0.1650390640625
0 0.4783802578125 0.078125 0.467589728125 0.08496093593750001 0.46279393593749996 0.09277343593750001 0.46279393593749996 0.11621093593750001 0.4783802578125 0.12890625 0.5059560640625 0.1279296859375 0.5119508015625 0.126953125 0.5227413359375 0.11816406406249999 0.527537128125 0.10644531406249999 0.5251392328125 0.09277343593750001 0.507155009375 0.078125 0.4783802578125 0.078125
0 0.55751083125 0.080078125 0.545521346875 0.083984375 0.5347308171875 0.09863281406249999 0.5347308171875 0.11230468593750001 0.539526609375 0.12207031406249999 0.55751083125 0.130859375 0.5778929453125 0.1298828140625 0.5838876828124999 0.12890625 0.599474009375 0.11230468593750001 0.599474009375 0.09667968593750001 0.5946782171875 0.08886718593750001 0.579091890625 0.080078125 0.55751083125 0.080078125
0 0.5934792671875 0.1328125 0.573097153125 0.1455078140625 0.5706992578125 0.1630859359375 0.5838876828124999 0.1796875 0.59587716875 0.18359375 0.6066676984375 0.1826171859375 0.6174582281250001 0.181640625 0.6306466578125 0.1728515640625 0.63544245 0.1533203140625 0.6306466578125 0.1435546859375 0.6150603359375 0.1328125 0.5934792671875 0.1328125
0 0.547919246875 0.185546875 0.5323329203125 0.1962890640625 0.529935025 0.2216796859375 0.5407255546874999 0.232421875 0.55751083125 0.236328125 0.5706992578125 0.2353515640625 0.5814897921875 0.234375 0.592280321875 0.2275390640625 0.5946782171875 0.2001953140625 0.5742960984375001 0.18359375 0.5599087234375 0.181640625 0.547919246875 0.185546875
0 0.6318456046875001 0.08203125 0.619856128125 0.0859375 0.60906559375 0.10253906406249999 0.6138613859375 0.12011718593750001 0.6294477125 0.1328125 0.65462561875 0.1318359359375 0.6666150984375 0.12402343593750001 0.6738087875 0.11425781406249999 0.671410890625 0.09472656406249999 0.658222465625 0.083984375 0.64863088125 0.08203125 0.6318456046875001 0.08203125
0 0.7301593468750001 0.083984375 0.703782484375 0.083984375 0.6881961640625 0.09472656406249999 0.683400371875 0.10253906406249999 0.6857982671875 0.1259765640625 0.7013845937500001 0.13671875 0.7121751234375 0.1396484359375 0.7325572375 0.13671875 0.743347771875 0.1298828140625 0.7457456687499999 0.12402343593750001 0.7481435640625 0.10058593593750001 0.743347771875 0.09277343593750001 0.7301593468750001 0.083984375
0 0.7013845937500001 0.140625 0.6845993171875 0.1328125 0.6726098421875 0.1328125 0.658222465625 0.138671875 0.645034034375 0.1513671859375 0.64743193125 0.1748046859375 0.670211940625 0.189453125 0.6738087875 0.1884765640625 0.689395109375 0.18359375 0.691793009375 0.185546875 0.7049814359375 0.1767578140625 0.709777228125 0.1669921859375 0.7073793312500001 0.1474609359375 0.7013845937500001 0.140625
0 0.6318456046875001 0.18359375 0.60906559375 0.1962890640625 0.6042698015625 0.2060546859375 0.6042698015625 0.2216796859375 0.6102645453125 0.232421875 0.637840346875 0.2392578140625 0.6558245640625 0.236328125 0.664217203125 0.2314453140625 0.671410890625 0.2080078140625 0.6690129953125 0.2001953140625 0.6534266734374999 0.1875 0.6318456046875001 0.18359375
0 0.565903465625 0.2666015640625 0.5838876828124999 0.28515625 0.611463490625 0.2861328140625 0.6282487625 0.2724609359375 0.6282487625 0.2529296859375 0.605468753125 0.236328125 0.586285584375 0.23828125 0.5683013609375 0.2509765640625 0.565903465625 0.2666015640625
0 0.527537128125 0.3017578140625 0.5251392328125 0.3193359359375 0.529935025 0.3330078140625 0.5383276640625 0.337890625 0.56350556875 0.3388671859375 0.576694 0.3359375 0.585086634375 0.3291015640625 0.589882425 0.3076171859375 0.567102415625 0.2890625 0.547919246875 0.2890625 0.527537128125 0.3017578140625
0 0.5119508015625 0.337890625 0.49756342499999995 0.34375 0.4867728953125 0.3525390640625 0.484375 0.3759765640625 0.495165534375 0.388671875 0.507155009375 0.392578125 0.5227413359375 0.3916015640625 0.5383276640625 0.388671875 0.5443224015625 0.3837890640625 0.54911819375 0.3759765640625 0.54911819375 0.3564453140625 0.5287360796875 0.33984375 0.5119508015625 0.337890625
0 0.7805151578125 0.0859375 0.7601330453124999 0.10253906406249999 0.7601330453124999 0.1279296859375 0.775719365625 0.140625 0.7961014843750001 0.1435546859375 0.8140857031250001 0.13671875 0.8200804453125 0.1298828140625 0.8248762375 0.10644531406249999 0.8200804453125 0.09667968593750001 0.8092899109375 0.087890625 0.7805151578125 0.0859375
0 0.7445467234375001 0.13671875 0.7241646046875 0.1474609359375 0.7193688125000001 0.1552734359375 0.7193688125000001 0.1650390640625 0.7277614453125001 0.181640625 0.7421488218750001 0.189453125 0.755337253125 0.1904296859375 0.773321475 0.185546875 0.781714109375 0.1787109359375 0.7865099015625 0.1591796859375 0.781714109375 0.1474609359375 0.7685256828125 0.138671875 0.7445467234375001 0.13671875
0 0.7325572375 0.19140625 0.7205677625 0.185546875 0.7061803859375 0.185546875 0.683400371875 0.2001953140625 0.681002475 0.2236328140625 0.689395109375 0.234375 0.7109761781249999 0.244140625 0.7145730203125 0.2431640640625 0.7157719703125001 0.240234375 0.7301593468750001 0.23828125 0.7409498765625 0.2314453140625 0.7457456687499999 0.2236328140625 0.7457456687499999 0.2041015640625 0.7325572375 0.19140625
0 0.6654161484375 0.23828125 0.645034034375 0.2509765640625 0.6402382421875 0.2626953140625 0.6426361390625 0.2744140640625 0.651028771875 0.28515625 0.6654161484375 0.291015625 0.6786045796875 0.2900390640625 0.691793009375 0.2890625 0.70018564375 0.2841796859375 0.7073793312500001 0.2607421859375 0.7025835390624999 0.2509765640625 0.6869972171875001 0.240234375 0.6654161484375 0.23828125
0 0.6222540203125 0.291015625 0.60187190625 0.3076171859375 0.6042698015625 0.3271484359375 0.6174582281250001 0.33984375 0.6270498124999999 0.34375 0.6402382421875 0.3427734359375 0.658222465625 0.337890625 0.664217203125 0.3310546859375 0.6666150984375 0.3095703140625 0.66181930625 0.3017578140625 0.64863088125 0.29296875 0.6222540203125 0.291015625
0 0.5886834750000001 0.33984375 0.5611076734375 0.3564453140625 0.5587097765625 0.3720703140625 0.5695003062499999 0.390625 0.5970761140625 0.3955078140625 0.621055075 0.3876953140625 0.625850865625 0.3798828140625 0.625850865625 0.3603515640625 0.6234529703125 0.3544921859375 0.60786664375 0.34375 0.5886834750000001 0.33984375
0 0.6786045796875 0.3076171859375 0.681002475 0.3291015640625 0.691793009375 0.33984375 0.7013845937500001 0.34375 0.7241646046875 0.3427734359375 0.7301593468750001 0.341796875 0.7409498765625 0.3291015640625 0.7409498765625 0.3095703140625 0.7229656531249999 0.294921875 0.703782484375 0.291015625 0.6786045796875 0.3076171859375
0 0.6426361390625 0.3544921859375 0.637840346875 0.3623046859375 0.637840346875 0.3779296859375 0.6534266734374999 0.39453125 0.6786045796875 0.3955078140625 0.6869972171875001 0.39453125 0.697787746875 0.3857421859375 0.70018564375 0.3623046859375 0.6822014249999999 0.34765625 0.6654161484375 0.34375 0.6426361390625 0.3544921859375
0 0.7193688125000001 0.2744140640625 0.7349551390625 0.2890625 0.762530940625 0.2900390640625 0.7769183171875 0.2822265640625 0.7793162125 0.2568359359375 0.761331990625 0.2421875 0.73975093125 0.240234375 0.7193688125000001 0.2568359359375 0.7193688125000001 0.2744140640625
0 0.7781172671875 0.189453125 0.7601330453124999 0.2021484359375 0.7577351484375 0.2197265640625 0.7709235750000001 0.236328125 0.7853109500000001 0.2421875 0.79130569375 0.2412109359375 0.8152846531250001 0.2333984359375 0.8224783421874999 0.2216796859375 0.8224783421874999 0.2041015640625 0.8116878125 0.1953125 0.7973004359375 0.189453125 0.7781172671875 0.189453125
0 0.8392636140624999 0.09863281406249999 0.8344678218749999 0.10644531406249999 0.8368657171875 0.1298828140625 0.8596457328125 0.140625 0.8800278468749999 0.1396484359375 0.8968131187499999 0.1259765640625 0.9016089109375001 0.11230468593750001 0.8992110156249999 0.10253906406249999 0.8812267921875 0.087890625 0.8548499406250001 0.087890625 0.8392636140624999 0.09863281406249999
0 0.8164836046874999 0.138671875 0.7961014843750001 0.1552734359375 0.7961014843750001 0.1748046859375 0.8188814953125 0.193359375 0.8368657171875 0.1923828140625 0.8452583562499999 0.189453125 0.8584467828125 0.1767578140625 0.8608446781250001 0.1552734359375 0.847656246875 0.142578125 0.8380646640625 0.138671875 0.8164836046874999 0.138671875
0 0.8860225843749999 0.142578125 0.8728341578125001 0.1533203140625 0.8704362625 0.1845703140625 0.8908183765625 0.197265625 0.9159962875 0.1962890640625 0.9255878718749999 0.1904296859375 0.9351794546875001 0.1748046859375 0.9351794546875001 0.1552734359375 0.9171952375 0.140625 0.89801206875 0.138671875 0.8860225843749999 0.142578125
0 0.8452583562499999 0.1953125 0.8320699250000001 0.2099609359375 0.8320699250000001 0.2373046859375 0.8548499406250001 0.25 0.8632425749999999 0.2509765640625 0.8812267921875 0.244140625 0.8968131187499999 0.2255859359375 0.8944152234375 0.2041015640625 0.8740331093749999 0.19140625 0.8548499406250001 0.19140625 0.8452583562499999 0.1953125
0 0.8164836046874999 0.2421875 0.79849938125 0.2529296859375 0.7937035890625 0.2607421859375 0.7937035890625 0.2744140640625 0.8092899109375 0.291015625 0.8368657171875 0.2919921859375 0.8512530937499999 0.2841796859375 0.8560488859375001 0.2607421859375 0.8512530937499999 0.2529296859375 0.8404625640625 0.24609375 0.8308709796875 0.2421875 0.8164836046874999 0.2421875
0 0.9147973359374999 0.24609375 0.8956141687500001 0.244140625 0.8836246937500001 0.248046875 0.8704362625 0.2587890640625 0.8680383656249999 0.2763671859375 0.876431 0.291015625 0.8932162765625 0.298828125 0.90400680625 0.2998046859375 0.9171952375 0.296875 0.9255878718749999 0.2900390640625 0.932781559375 0.2763671859375 0.932781559375 0.2646484359375 0.9303836640625001 0.2587890640625 0.9147973359374999 0.24609375
0 0.7577351484375 0.3056640640625 0.75293935625 0.3173828140625 0.7577351484375 0.3349609359375 0.7781172671875 0.345703125 0.8032951734375 0.3447265640625 0.8128867578125 0.3369140640625 0.81768255 0.3271484359375 0.8152846531250001 0.3095703140625 0.7973004359375 0.296875 0.7685256828125 0.296875 0.7577351484375 0.3056640640625
0 0.8296720296875 0.3134765640625 0.8296720296875 0.3291015640625 0.8344678218749999 0.3369140640625 0.8524520390625 0.34765625 0.87762995 0.3466796859375 0.8920173265625 0.3310546859375 0.8920173265625 0.3134765640625 0.8848236390625001 0.3056640640625 0.8596457328125 0.296875 0.8356667718749999 0.3046875 0.8296720296875 0.3134765640625
0 0.7373530296874999 0.345703125 0.7193688125000001 0.3564453140625 0.7145730203125 0.3779296859375 0.7277614453125001 0.39453125 0.7373530296874999 0.3984375 0.7601330453124999 0.3974609359375 0.769724628125 0.3935546859375 0.7769183171875 0.3818359359375 0.7769183171875 0.3642578140625 0.763729890625 0.3515625 0.749342515625 0.345703125 0.7373530296874999 0.345703125
0 0.79130569375 0.3662109359375 0.79130569375 0.3798828140625 0.7961014843750001 0.3876953140625 0.8092899109375 0.3984375 0.8392636140624999 0.3974609359375 0.8512530937499999 0.3857421859375 0.8512530937499999 0.3623046859375 0.8404625640625 0.353515625 0.8284730796875 0.349609375 0.8044941187499999 0.3515625 0.79130569375 0.3662109359375
0 0.8656404703125 0.3818359359375 0.8728341578125001 0.3935546859375 0.8836246937500001 0.40234375 0.8956141687500001 0.40625 0.9088025984374999 0.4052734359375 0.9255878718749999 0.3916015640625 0.9255878718749999 0.3662109359375 0.9100015453125 0.353515625 0.8812267921875 0.353515625 0.8656404703125 0.3701171859375 0.8656404703125 0.3818359359375
0 0.0671410890625 0.3876953140625 0.06474319375000001 0.4111328140625 0.080329515625 0.427734375 0.100711634375 0.4306640640625 0.11150216875 0.427734375 0.127088490625 0.4091796859375 0.127088490625 0.3857421859375 0.11150216875 0.376953125 0.0875232078125 0.375 0.0671410890625 0.3876953140625
0 0.1522663953125 0.380859375 0.141475865625 0.3876953140625 0.1390779703125 0.3935546859375 0.141475865625 0.4208984359375 0.1522663953125 0.4296875 0.17744430625000002 0.4306640640625 0.185836940625 0.4296875 0.196627475 0.4228515640625 0.2038211640625 0.4072265640625 0.20142326718749998 0.3916015640625 0.18104114843750002 0.37890625 0.1522663953125 0.380859375
0 0.238590653125 0.3828125 0.226601178125 0.38671875 0.21581064374999998 0.3974609359375 0.21581064374999998 0.4169921859375 0.2206064359375 0.4267578140625 0.2313969703125 0.43359375 0.26137066875000003 0.4326171859375 0.26736540625 0.431640625 0.278155940625 0.4228515640625 0.2829517328125 0.4091796859375 0.278155940625 0.3935546859375 0.2601717234375 0.3828125 0.238590653125 0.3828125
0 0.09351794531249999 0.4482421859375 0.09351794531249999 0.4677734359375 0.11150216875 0.482421875 0.1390779703125 0.4833984359375 0.1522663953125 0.4765625 0.1582611390625 0.4677734359375 0.1582611390625 0.4443359359375 0.1450727125 0.43359375 0.11150216875 0.43359375 0.09351794531249999 0.4482421859375
0 0.172648515625 0.4541015640625 0.1750464109375 0.4716796859375 0.1882348421875 0.484375 0.21581064374999998 0.4853515640625 0.22899906875 0.48046875 0.23978960468750002 0.4697265640625 0.23978960468750002 0.4501953140625 0.2218053859375 0.435546875 0.1882348421875 0.4375 0.172648515625 0.4541015640625
0 0.055151609375 0.5185546859375 0.07073793125 0.53515625 0.0983137375 0.5361328140625 0.11749690625 0.5185546859375 0.11749690625 0.4990234359375 0.0995126828125 0.484375 0.07313583125 0.484375 0.055151609375 0.4990234359375 0.055151609375 0.5185546859375
0 0.166653771875 0.486328125 0.1450727125 0.490234375 0.134282178125 0.4990234359375 0.1318842828125 0.5224609359375 0.1426748125 0.53515625 0.1678527234375 0.5380859359375 0.18703589062499998 0.5322265640625 0.19422957968750001 0.5185546859375 0.19422957968750001 0.5068359359375 0.19183168281250002 0.4990234359375 0.18343905 0.4921875 0.166653771875 0.486328125
0 0.2086169546875 0.5048828140625 0.2086169546875 0.5263671859375 0.2242032765625 0.5390625 0.2493811875 0.5400390640625 0.2733601484375 0.5322265640625 0.2733601484375 0.5009765640625 0.25537593125 0.490234375 0.226601178125 0.490234375 0.21700959375 0.494140625 0.2086169546875 0.5048828140625
0 0.09471689062500001 0.544921875 0.0863242578125 0.5537109359375 0.0839263609375 0.5712890640625 0.08872215312500001 0.5810546859375 0.0971147921875 0.587890625 0.10910426718749999 0.591796875 0.127088490625 0.5908203140625 0.133083228125 0.58984375 0.1462716578125 0.5791015640625 0.1486695546875 0.5556640640625 0.133083228125 0.541015625 0.11150216875 0.5390625 0.09471689062500001 0.544921875
0 0.2002243171875 0.541015625 0.17864325781249998 0.544921875 0.17025061875 0.5517578140625 0.1654548265625 0.5615234359375 0.1654548265625 0.5810546859375 0.18104114843750002 0.59375 0.206219059375 0.5947265640625 0.21940748437500002 0.58984375 0.23019802031249997 0.5791015640625 0.232595915625 0.5615234359375 0.22300433125 0.5478515640625 0.21461169375 0.54296875 0.2002243171875 0.541015625
0 0.2469832921875 0.5537109359375 0.2421875 0.5615234359375 0.2421875 0.5849609359375 0.2529780296875 0.59375 0.26976330625 0.59765625 0.2829517328125 0.5966796859375 0.291344365625 0.59375 0.304532796875 0.5810546859375 0.3021349015625 0.5595703140625 0.28654857499999997 0.544921875 0.257773821875 0.546875 0.2469832921875 0.5537109359375
0 0.0683400390625 0.591796875 0.05874845468749999 0.595703125 0.0479579203125 0.6064453140625 0.045560025 0.6298828140625 0.05275371250000001 0.6396484359375 0.0659421390625 0.646484375 0.09112005 0.6455078140625 0.100711634375 0.6396484359375 0.10790532187499999 0.6298828140625 0.10790532187499999 0.6064453140625 0.1031095296875 0.5986328140625 0.0899210984375 0.591796875 0.0683400390625 0.591796875
0 0.1402769203125 0.59765625 0.12229269843749999 0.6123046859375 0.12229269843749999 0.6376953140625 0.12588954531250002 0.642578125 0.1450727125 0.6484375 0.1678527234375 0.6474609359375 0.17984220312500002 0.6396484359375 0.1846379953125 0.6279296859375 0.1822400984375 0.6083984359375 0.17624535624999998 0.6015625 0.166653771875 0.59765625 0.1402769203125 0.59765625
0 0.2409885546875 0.59765625 0.2242032765625 0.59765625 0.2098159015625 0.6015625 0.20142326718749998 0.6083984359375 0.199025371875 0.6337890640625 0.21461169375 0.6484375 0.2349938125 0.6494140640625 0.2481822375 0.6484375 0.2565748765625 0.6416015640625 0.2637685640625 0.6259765640625 0.26137066875000003 0.6123046859375 0.2505801390625 0.6015625 0.2409885546875 0.59765625
0 0.2805538359375 0.6142578140625 0.2805538359375 0.6396484359375 0.28894647500000004 0.6484375 0.30333385156250003 0.65234375 0.32131806875 0.6513671859375 0.3405012375 0.6435546859375 0.3405012375 0.6083984359375 0.3345064953125 0.603515625 0.32011911875 0.599609375 0.29614015781249997 0.6015625 0.2805538359375 0.6142578140625
0 0.31052753437499997 0.4921875 0.298538059375 0.49609375 0.287747525 0.5048828140625 0.285349628125 0.5126953140625 0.285349628125 0.5263671859375 0.2901454203125 0.5361328140625 0.3057317421875 0.544921875 0.33330755 0.5439453140625 0.3440980796875 0.541015625 0.35249071718749997 0.5322265640625 0.35249071718749997 0.5068359359375 0.3440980796875 0.498046875 0.33210860468750003 0.4921875 0.31052753437499997 0.4921875
0 0.25177908437499996 0.4521484359375 0.2541769796875 0.4794921859375 0.26736540625 0.48828125 0.297339109375 0.4873046859375 0.31412438125 0.4755859359375 0.31412438125 0.4462890640625 0.29614015781249997 0.4375 0.2721611984375 0.4375 0.2625696140625 0.44140625 0.25177908437499996 0.4521484359375
0 0.3369043953125 0.4453125 0.3261138609375 0.4580078140625 0.32851175781249997 0.4814453140625 0.3440980796875 0.4921875 0.37407178281250003 0.4912109359375 0.3884591578125 0.4873046859375 0.39325495 0.4697265640625 0.3908570546875 0.4521484359375 0.37047494062499997 0.44140625 0.351291771875 0.44140625 0.3369043953125 0.4453125
0 0.3752707328125 0.498046875 0.3620823015625 0.5107421859375 0.3620823015625 0.5322265640625 0.3776686234375 0.546875 0.40524443125 0.5478515640625 0.4184328609375 0.54296875 0.4268254953125 0.5341796859375 0.4268254953125 0.5107421859375 0.41363706875000006 0.498046875 0.40164758437500003 0.494140625 0.3752707328125 0.498046875
0 0.40524443125 0.4541015640625 0.4004486390625 0.4619140640625 0.4004486390625 0.4794921859375 0.40884127656249997 0.490234375 0.42322865312499997 0.49609375 0.438814975 0.4970703140625 0.46519183125 0.4873046859375 0.4699876234375 0.4677734359375 0.467589728125 0.4580078140625 0.4472076140625 0.4453125 0.4184328609375 0.4453125 0.40524443125 0.4541015640625
0 0.2949412125 0.4228515640625 0.3057317421875 0.43359375 0.3153233265625 0.4375 0.3357054453125 0.4365234359375 0.3548886140625 0.4228515640625 0.3548886140625 0.4013671859375 0.3393022875 0.388671875 0.31052753437499997 0.388671875 0.2925433171875 0.4033203140625 0.2949412125 0.4228515640625
0 0.36687809374999997 0.4248046859375 0.3716738859375 0.4326171859375 0.3872602078125 0.44140625 0.41723391093749995 0.4404296859375 0.43401918281249996 0.4267578140625 0.43162128749999995 0.4013671859375 0.4064433765625 0.388671875 0.3776686234375 0.39453125 0.36687809374999997 0.4052734359375 0.36687809374999997 0.4248046859375
0 0.4436107671875 0.4091796859375 0.4436107671875 0.4248046859375 0.4508044546875 0.4306640640625 0.4532023515625 0.4384765640625 0.461594990625 0.443359375 0.4867728953125 0.4423828140625 0.49756342499999995 0.439453125 0.5059560640625 0.4306640640625 0.5035581687499999 0.4033203140625 0.4807781578125 0.392578125 0.45440129687499997 0.396484375 0.4436107671875 0.4091796859375
0 0.32131806875 0.5595703140625 0.3189201734375 0.5673828140625 0.3189201734375 0.5810546859375 0.323715965625 0.5908203140625 0.3417001875 0.599609375 0.3644801984375 0.5986328140625 0.3752707328125 0.595703125 0.3860612625 0.5869140640625 0.3860612625 0.5595703140625 0.363281246875 0.546875 0.33210860468750003 0.55078125 0.32131806875 0.5595703140625
0 0.3548886140625 0.6181640640625 0.3548886140625 0.6396484359375 0.3656791484375 0.650390625 0.382464415625 0.654296875 0.395652846875 0.6533203140625 0.4064433765625 0.65234375 0.41723391093749995 0.6455078140625 0.41723391093749995 0.6142578140625 0.404045484375 0.603515625 0.37287283125 0.603515625 0.3548886140625 0.6181640640625
0 0.39805074218750003 0.5615234359375 0.395652846875 0.5693359359375 0.395652846875 0.5830078140625 0.4004486390625 0.5927734359375 0.41363706875000006 0.6015625 0.4268254953125 0.6025390640625 0.45200340624999996 0.59765625 0.4603960390625 0.5869140640625 0.45799814375 0.5595703140625 0.44241182187500006 0.55078125 0.41123916875 0.552734375 0.39805074218750003 0.5615234359375
0 0.4496055046875 0.603515625 0.4400139203125 0.607421875 0.4268254953125 0.6220703140625 0.4268254953125 0.6416015640625 0.43401918281249996 0.6513671859375 0.4448097125 0.658203125 0.467589728125 0.6611328140625 0.4879718421875 0.654296875 0.4963644796875 0.6455078140625 0.4987623765625 0.6220703140625 0.4903697421875 0.611328125 0.473584465625 0.603515625 0.4496055046875 0.603515625
0 0.4903697421875 0.552734375 0.47718131250000007 0.5595703140625 0.4723855203125 0.5693359359375 0.474783415625 0.5947265640625 0.48317604999999997 0.6015625 0.49756342499999995 0.60546875 0.513149753125 0.6044921859375 0.526338178125 0.6015625 0.5347308171875 0.5927734359375 0.5371287125 0.5732421859375 0.5323329203125 0.5615234359375 0.51674659375 0.552734375 0.4903697421875 0.552734375
0 0.51674659375 0.611328125 0.5059560640625 0.6240234359375 0.5059560640625 0.6416015640625 0.51075185625 0.6513671859375 0.526338178125 0.66015625 0.539526609375 0.6611328140625 0.5599087234375 0.65625 0.5706992578125 0.6435546859375 0.5683013609375 0.6181640640625 0.5503171390625 0.607421875 0.5287360796875 0.607421875 0.51674659375 0.611328125
0 0.46399288125 0.498046875 0.441212871875 0.5107421859375 0.438814975 0.5302734359375 0.45200340624999996 0.546875 0.46399288125 0.55078125 0.474783415625 0.5498046859375 0.4879718421875 0.546875 0.501160271875 0.5361328140625 0.5035581687499999 0.5166015640625 0.4903697421875 0.501953125 0.4807781578125 0.498046875 0.46399288125 0.498046875
0 0.50475711875 0.4453125 0.48557395000000003 0.451171875 0.47718131250000007 0.4599609359375 0.47718131250000007 0.4853515640625 0.4903697421875 0.49609375 0.50475711875 0.5 0.513149753125 0.4990234359375 0.5311339703125 0.49609375 0.539526609375 0.4912109359375 0.5443224015625 0.4833984359375 0.5443224015625 0.4638671859375 0.533531871875 0.451171875 0.50475711875 0.4453125
0 0.520343440625 0.4091796859375 0.5179455453124999 0.4267578140625 0.5251392328125 0.4384765640625 0.5359297625 0.4453125 0.5611076734375 0.4443359359375 0.5718982078125 0.44140625 0.5802908421875 0.4326171859375 0.5802908421875 0.4111328140625 0.5623066234375 0.396484375 0.5359297625 0.396484375 0.520343440625 0.4091796859375
0 0.5946782171875 0.4130859359375 0.5946782171875 0.4306640640625 0.599474009375 0.4384765640625 0.6126624359374999 0.447265625 0.6402382421875 0.4462890640625 0.6570235156249999 0.4345703140625 0.6570235156249999 0.4130859359375 0.6390392968749999 0.3984375 0.6150603359375 0.3984375 0.6030708515625001 0.404296875 0.5946782171875 0.4130859359375
0 0.6690129953125 0.4150390640625 0.6690129953125 0.4345703140625 0.6845993171875 0.44921875 0.6965888015624999 0.453125 0.709777228125 0.4521484359375 0.7229656531249999 0.44921875 0.7337561874999999 0.4404296859375 0.7361540843750001 0.4189453140625 0.71337406875 0.400390625 0.691793009375 0.400390625 0.6690129953125 0.4150390640625
0 0.761331990625 0.404296875 0.7481435640625 0.4169921859375 0.7481435640625 0.4326171859375 0.7577351484375 0.4462890640625 0.7661277828124999 0.451171875 0.79130569375 0.4521484359375 0.7973004359375 0.451171875 0.808090965625 0.4423828140625 0.8104888609374999 0.4169921859375 0.7973004359375 0.40625 0.7805151578125 0.400390625 0.761331990625 0.404296875
0 0.8272741343750001 0.4169921859375 0.8248762375 0.4326171859375 0.8320699250000001 0.4443359359375 0.8452583562499999 0.455078125 0.8656404703125 0.4541015640625 0.8788289015625 0.44921875 0.8848236390625001 0.4423828140625 0.8848236390625001 0.4189453140625 0.8668394156250001 0.40625 0.8452583562499999 0.404296875 0.8272741343750001 0.4169921859375
0 0.5515160890625 0.4658203140625 0.5539139843750001 0.4892578140625 0.5718982078125 0.5 0.599474009375 0.4990234359375 0.6162592828125 0.4892578140625 0.6162592828125 0.4638671859375 0.5934792671875 0.44921875 0.567102415625 0.451171875 0.5539139843750001 0.4599609359375 0.5515160890625 0.4658203140625
0 0.6306466578125 0.4912109359375 0.651028771875 0.50390625 0.6762066828125 0.5029296859375 0.6953898515625 0.4873046859375 0.6929919546875001 0.4619140640625 0.670211940625 0.451171875 0.64863088125 0.453125 0.6306466578125 0.4658203140625 0.6306466578125 0.4912109359375
0 0.7157719703125001 0.458984375 0.7049814359375 0.4677734359375 0.7049814359375 0.4853515640625 0.709777228125 0.4931640640625 0.7229656531249999 0.50390625 0.7505414609375001 0.5048828140625 0.761331990625 0.501953125 0.769724628125 0.4931640640625 0.772122525 0.4736328140625 0.7673267328125 0.4638671859375 0.73975093125 0.453125 0.7157719703125001 0.458984375
0 0.8044941187499999 0.45703125 0.7901067421875 0.462890625 0.7841120046875 0.4677734359375 0.781714109375 0.4833984359375 0.7865099015625 0.4990234359375 0.802096228125 0.5078125 0.8320699250000001 0.5068359359375 0.841661509375 0.5009765640625 0.8464573015625 0.4931640640625 0.8440594062500001 0.4697265640625 0.8332688718749999 0.4609375 0.8212793953125 0.45703125 0.8044941187499999 0.45703125
0 0.8788289015625 0.45703125 0.8644415249999999 0.462890625 0.853650990625 0.4755859359375 0.8584467828125 0.5029296859375 0.8812267921875 0.51171875 0.906404703125 0.5107421859375 0.9207920796875 0.5009765640625 0.9255878718749999 0.4931640640625 0.9255878718749999 0.4755859359375 0.9207920796875 0.4677734359375 0.9004099609375 0.45703125 0.8788289015625 0.45703125
0 0.5359297625 0.501953125 0.5215423859375 0.505859375 0.51075185625 0.5205078140625 0.513149753125 0.5419921859375 0.5215423859375 0.548828125 0.533531871875 0.552734375 0.5587097765625 0.5517578140625 0.5683013609375 0.5478515640625 0.57549505 0.5341796859375 0.573097153125 0.5126953140625 0.564704515625 0.505859375 0.5527150390625 0.501953125 0.5359297625 0.501953125
0 0.6294477125 0.50390625 0.6102645453125 0.50390625 0.5982750593749999 0.5078125 0.589882425 0.5146484359375 0.5874845296875 0.5400390640625 0.59587716875 0.55078125 0.6126624359374999 0.556640625 0.621055075 0.5556640640625 0.6342435046875 0.5546875 0.64743193125 0.5478515640625 0.6522277234375 0.5400390640625 0.6522277234375 0.5205078140625 0.6438350890625 0.509765625 0.6294477125 0.50390625
0 0.6822014249999999 0.5078125 0.6726098421875 0.51171875 0.664217203125 0.5205078140625 0.664217203125 0.5439453140625 0.6726098421875 0.552734375 0.6869972171875001 0.55859375 0.7049814359375 0.5576171859375 0.7157719703125001 0.556640625 0.7289603953125 0.5478515640625 0.7337561874999999 0.5361328140625 0.7313582921874999 0.5205078140625 0.7109761781249999 0.5078125 0.6822014249999999 0.5078125
0 0.75413830625 0.509765625 0.7385519796875 0.5224609359375 0.7409498765625 0.5498046859375 0.763729890625 0.5625 0.7841120046875 0.5615234359375 0.79250464375 0.560546875 0.808090965625 0.5478515640625 0.808090965625 0.5205078140625 0.7973004359375 0.51171875 0.782913059375 0.5078125 0.75413830625 0.509765625
0 0.8644415249999999 0.51171875 0.8356667718749999 0.51171875 0.8248762375 0.5185546859375 0.8224783421874999 0.5458984359375 0.8428604546875 0.564453125 0.8608446781250001 0.5634765640625 0.8692373171875 0.5625 0.8824257421875 0.5517578140625 0.887221534375 0.5400390640625 0.8848236390625001 0.5263671859375 0.8740331093749999 0.515625 0.8644415249999999 0.51171875
0 0.5599087234375 0.556640625 0.54911819375 0.5654296859375 0.5443224015625 0.5751953140625 0.546720296875 0.5947265640625 0.55751083125 0.60546875 0.567102415625 0.609375 0.5874845296875 0.6103515640625 0.605468753125 0.603515625 0.6138613859375 0.5927734359375 0.611463490625 0.5673828140625 0.6030708515625001 0.55859375 0.5934792671875 0.5546875 0.5599087234375 0.556640625
0 0.6678140499999999 0.556640625 0.6462329796875 0.556640625 0.6390392968749999 0.55859375 0.621055075 0.5771484359375 0.6234529703125 0.5986328140625 0.6414371875 0.611328125 0.664217203125 0.6123046859375 0.6822014249999999 0.607421875 0.6881961640625 0.6005859359375 0.6929919546875001 0.5908203140625 0.690594059375 0.5732421859375 0.679803525 0.5625 0.6678140499999999 0.556640625
0 0.7469446140625 0.560546875 0.7157719703125001 0.560546875 0.7049814359375 0.5673828140625 0.70018564375 0.5751953140625 0.70018564375 0.6005859359375 0.7085782765624999 0.609375 0.7229656531249999 0.615234375 0.743347771875 0.6142578140625 0.7589340984375 0.611328125 0.7649288359375 0.6064453140625 0.769724628125 0.5986328140625 0.7673267328125 0.5751953140625 0.7589340984375 0.56640625 0.7469446140625 0.560546875
0 0.7793162125 0.5810546859375 0.7793162125 0.5986328140625 0.7996983265625001 0.615234375 0.8224783421874999 0.6142578140625 0.841661509375 0.6025390640625 0.841661509375 0.5810546859375 0.8332688718749999 0.5703125 0.8068920203125 0.564453125 0.7877088515625 0.572265625 0.7793162125 0.5810546859375
0 0.8720932625 0.5697528625 0.8601037828125 0.5756122375 0.85171114375 0.584401303125 0.8541090390624999 0.609791928125 0.8648995749999999 0.6205341125 0.8744911578125001 0.6244403625 0.89727116875 0.623463803125 0.90566380625 0.6205341125 0.9164543359374999 0.609791928125 0.9164543359374999 0.588307553125 0.900868015625 0.5736591125 0.888878534375 0.5697528625 0.8720932625 0.5697528625
0 0.5934792671875 0.61328125 0.5826887375 0.6220703140625 0.5802908421875 0.6298828140625 0.5826887375 0.6513671859375 0.6030708515625001 0.6640625 0.6282487625 0.6630859359375 0.6342435046875 0.662109375 0.6498298265625 0.6455078140625 0.6498298265625 0.6298828140625 0.645034034375 0.6201171859375 0.6222540203125 0.609375 0.5934792671875 0.61328125
0 0.670211940625 0.615234375 0.66181930625 0.6220703140625 0.6570235156249999 0.6357421859375 0.6594214109375 0.6572265640625 0.6822014249999999 0.669921875 0.70018564375 0.6689453140625 0.7157719703125001 0.6640625 0.7265625 0.6513671859375 0.7241646046875 0.6259765640625 0.7157719703125001 0.6171875 0.7061803859375 0.61328125 0.670211940625 0.615234375
0 0.7661277828124999 0.6171875 0.7481435640625 0.6259765640625 0.7409498765625 0.6376953140625 0.7409498765625 0.6572265640625 0.7589340984375 0.669921875 0.772122525 0.6708984359375 0.7877088515625 0.669921875 0.8032951734375 0.6591796859375 0.8056930687499999 0.6396484359375 0.8008972765625 0.6279296859375 0.79250464375 0.62109375 0.7661277828124999 0.6171875
0 0.8692373171875 0.623046875 0.8452583562499999 0.619140625 0.8308709796875 0.623046875 0.8224783421874999 0.6318359359375 0.81768255 0.6416015640625 0.81768255 0.6572265640625 0.8284730796875 0.669921875 0.8380646640625 0.673828125 0.8512530937499999 0.6728515640625 0.8716352078125 0.669921875 0.87762995 0.6650390640625 0.8848236390625001 0.6533203140625 0.8848236390625001 0.6435546859375 0.87762995 0.6298828140625 0.8692373171875 0.623046875
0 0.07433477656250001 0.6650390640625 0.07193688125 0.6806640640625 0.0767326734375 0.6904296859375 0.092319 0.69921875 0.11989480156250001 0.6982421859375 0.13668007499999998 0.6845703140625 0.13668007499999998 0.6669921859375 0.1318842828125 0.6591796859375 0.113900059375 0.6484375 0.0899210984375 0.650390625 0.07433477656250001 0.6650390640625
0 0.0779316234375 0.701171875 0.0539526640625 0.703125 0.035968440625 0.7236328140625 0.035968440625 0.7373046859375 0.0503558171875 0.7548828140625 0.0563505546875 0.7578125 0.069538984375 0.7568359359375 0.080329515625 0.755859375 0.09351794531249999 0.7451171859375 0.0983137375 0.7333984359375 0.0983137375 0.7216796859375 0.09351794531249999 0.7119140640625 0.0779316234375 0.701171875
0 0.11270111406250001 0.7216796859375 0.1103032171875 0.7451171859375 0.1282874359375 0.759765625 0.1558632421875 0.7587890640625 0.172648515625 0.7451171859375 0.172648515625 0.7236328140625 0.1618579796875 0.7109375 0.133083228125 0.70703125 0.12349164374999999 0.7109375 0.11270111406250001 0.7216796859375
0 0.17624535624999998 0.65234375 0.16425588124999999 0.65625 0.153465346875 0.6669921859375 0.153465346875 0.6923828140625 0.1594600890625 0.69921875 0.173847465625 0.705078125 0.20142326718749998 0.7041015640625 0.21101485156250002 0.6962890640625 0.21581064374999998 0.6865234359375 0.21581064374999998 0.6708984359375 0.21101485156250002 0.6630859359375 0.19542852500000002 0.65234375 0.17624535624999998 0.65234375
0 0.245784346875 0.658203125 0.232595915625 0.6748046859375 0.23019802031249997 0.6923828140625 0.2409885546875 0.703125 0.2529780296875 0.708984375 0.27575804531250003 0.7099609359375 0.2901454203125 0.7021484359375 0.297339109375 0.6904296859375 0.297339109375 0.6767578140625 0.2925433171875 0.6689453140625 0.27455909843750004 0.65625 0.245784346875 0.658203125
0 0.19422957968750001 0.7255859359375 0.19183168281250002 0.7470703140625 0.2122138015625 0.763671875 0.2373917078125 0.7626953140625 0.2541769796875 0.7490234359375 0.2541769796875 0.7275390640625 0.23379486093750002 0.7109375 0.2098159015625 0.7109375 0.199025371875 0.7177734359375 0.19422957968750001 0.7255859359375
0 0.3536896640625 0.65625 0.3345064953125 0.65625 0.32251702031249996 0.66015625 0.31412438125 0.6669921859375 0.311726484375 0.6943359359375 0.32251702031249996 0.705078125 0.3369043953125 0.7109375 0.350092821875 0.7099609359375 0.3656791484375 0.705078125 0.37407178281250003 0.6982421859375 0.378867575 0.6904296859375 0.376469678125 0.6728515640625 0.3656791484375 0.662109375 0.3536896640625 0.65625
0 0.291344365625 0.7109375 0.27935489062499996 0.71484375 0.26856435625 0.7294921859375 0.270962253125 0.7509765640625 0.28654857499999997 0.763671875 0.31412438125 0.7626953140625 0.32851175781249997 0.7529296859375 0.330909653125 0.7470703140625 0.330909653125 0.7294921859375 0.3261138609375 0.7216796859375 0.31052753437499997 0.7109375 0.291344365625 0.7109375
0 0.404045484375 0.658203125 0.39325495 0.6650390640625 0.3860612625 0.6748046859375 0.3860612625 0.6943359359375 0.3968517921875 0.70703125 0.41603496093750003 0.712890625 0.429223390625 0.7119140640625 0.44241182187500006 0.708984375 0.4532023515625 0.7001953140625 0.455600246875 0.6708984359375 0.4496055046875 0.6640625 0.4304223359375 0.65625 0.404045484375 0.658203125
0 0.347694925 0.7236328140625 0.3452970296875 0.7490234359375 0.3656791484375 0.765625 0.3884591578125 0.7646484359375 0.40524443125 0.7568359359375 0.40764232656250005 0.7294921859375 0.4004486390625 0.7197265640625 0.389658109375 0.712890625 0.36088335625 0.712890625 0.347694925 0.7236328140625
0 0.4783802578125 0.662109375 0.4699876234375 0.6669921859375 0.46519183125 0.6748046859375 0.46279393593749996 0.6962890640625 0.467589728125 0.7041015640625 0.4807781578125 0.712890625 0.5059560640625 0.7138671859375 0.51674659375 0.7109375 0.527537128125 0.6982421859375 0.527537128125 0.6806640640625 0.5227413359375 0.6689453140625 0.50475711875 0.66015625 0.4783802578125 0.662109375
0 0.4268254953125 0.7255859359375 0.42202970312500004 0.7490234359375 0.4304223359375 0.76171875 0.4448097125 0.76953125 0.4603960390625 0.7705078140625 0.4867728953125 0.7587890640625 0.4891707921875 0.7314453140625 0.4807781578125 0.720703125 0.46639078281249996 0.71484375 0.4448097125 0.71484375 0.4268254953125 0.7255859359375
0 0.41123916875 0.76953125 0.39445390156250004 0.7734375 0.38366336562500003 0.7822265640625 0.378867575 0.7998046859375 0.392056 0.818359375 0.4064433765625 0.82421875 0.41723391093749995 0.8232421859375 0.4256265453125 0.822265625 0.438814975 0.8134765640625 0.4436107671875 0.8056640640625 0.4436107671875 0.7900390640625 0.42802444531250006 0.7734375 0.41123916875 0.76953125
0 0.45799814375 0.7861328140625 0.45799814375 0.8134765640625 0.46639078281249996 0.822265625 0.4783802578125 0.828125 0.4987623765625 0.8271484359375 0.5155476484375 0.8173828140625 0.520343440625 0.8095703140625 0.520343440625 0.7939453140625 0.5023592171875 0.775390625 0.47118657500000005 0.775390625 0.45799814375 0.7861328140625
0 0.5551129312499999 0.6640625 0.5443224015625 0.6708984359375 0.539526609375 0.6787109359375 0.5419245046875 0.7041015640625 0.5527150390625 0.712890625 0.567102415625 0.71875 0.585086634375 0.7177734359375 0.5934792671875 0.71484375 0.6066676984375 0.7021484359375 0.6066676984375 0.6787109359375 0.60187190625 0.6708984359375 0.5910813765625 0.6640625 0.5551129312499999 0.6640625
0 0.5059560640625 0.7236328140625 0.4987623765625 0.7353515640625 0.501160271875 0.7587890640625 0.5215423859375 0.771484375 0.5419245046875 0.7724609359375 0.5551129312499999 0.767578125 0.565903465625 0.7568359359375 0.565903465625 0.7294921859375 0.547919246875 0.716796875 0.51674659375 0.716796875 0.5059560640625 0.7236328140625
0 0.5527150390625 0.783203125 0.5419245046875 0.7939453140625 0.539526609375 0.8134765640625 0.55751083125 0.830078125 0.5874845296875 0.8291015640625 0.60187190625 0.8154296859375 0.599474009375 0.7900390640625 0.5910813765625 0.783203125 0.579091890625 0.779296875 0.5623066234375 0.779296875 0.5527150390625 0.783203125
0 0.618657178125 0.6767578140625 0.6138613859375 0.6845703140625 0.6162592828125 0.7060546859375 0.6246519203124999 0.71484375 0.6414371875 0.72265625 0.6594214109375 0.7216796859375 0.681002475 0.7099609359375 0.681002475 0.6787109359375 0.6726098421875 0.669921875 0.6630182578125 0.666015625 0.6342435046875 0.666015625 0.618657178125 0.6767578140625
0 0.5910813765625 0.72265625 0.57549505 0.7373046859375 0.57549505 0.7548828140625 0.5886834750000001 0.76953125 0.605468753125 0.775390625 0.621055075 0.7744140640625 0.6270498124999999 0.7734375 0.6402382421875 0.7607421859375 0.6402382421875 0.7333984359375 0.6342435046875 0.7265625 0.6150603359375 0.720703125 0.5910813765625 0.72265625
0 0.7157719703125001 0.671875 0.70018564375 0.6826171859375 0.6953898515625 0.7041015640625 0.70018564375 0.7119140640625 0.7181698609375 0.724609375 0.7409498765625 0.7236328140625 0.75413830625 0.71875 0.762530940625 0.7099609359375 0.762530940625 0.6865234359375 0.7577351484375 0.6787109359375 0.7469446140625 0.671875 0.7157719703125001 0.671875
0 0.6726098421875 0.7265625 0.66181930625 0.7333984359375 0.6570235156249999 0.7451171859375 0.6594214109375 0.7666015640625 0.6750077328125 0.77734375 0.697787746875 0.7783203140625 0.7157719703125001 0.771484375 0.7217667078125001 0.7626953140625 0.7193688125000001 0.7353515640625 0.7109761781249999 0.728515625 0.6965888015624999 0.724609375 0.6726098421875 0.7265625
0 0.6270498124999999 0.787109375 0.6162592828125 0.8017578140625 0.618657178125 0.8193359359375 0.6366413953125 0.833984375 0.66181930625 0.8330078140625 0.6738087875 0.8251953140625 0.6786045796875 0.8173828140625 0.6762066828125 0.7939453140625 0.66062035625 0.783203125 0.6366413953125 0.783203125 0.6270498124999999 0.787109375
0 0.782913059375 0.677734375 0.7745204203125 0.6865234359375 0.7745204203125 0.7119140640625 0.7901067421875 0.7265625 0.7996983265625001 0.73046875 0.8128867578125 0.7294921859375 0.8284730796875 0.724609375 0.8368657171875 0.7177734359375 0.8368657171875 0.6865234359375 0.8260751875000001 0.67578125 0.794902534375 0.673828125 0.782913059375 0.677734375
0 0.7589340984375 0.728515625 0.7469446140625 0.732421875 0.7361540843750001 0.7431640640625 0.7361540843750001 0.7685546859375 0.7565361984375001 0.783203125 0.7769183171875 0.7822265640625 0.7901067421875 0.77734375 0.79849938125 0.7685546859375 0.79849938125 0.7451171859375 0.7937035890625 0.7353515640625 0.7853109500000001 0.73046875 0.7589340984375 0.728515625
0 0.7181698609375 0.783203125 0.7085782765624999 0.787109375 0.697787746875 0.7978515640625 0.697787746875 0.8212890640625 0.7157719703125001 0.8359375 0.7385519796875 0.8349609359375 0.7469446140625 0.83203125 0.755337253125 0.8232421859375 0.755337253125 0.7939453140625 0.7469446140625 0.787109375 0.7349551390625 0.783203125 0.7181698609375 0.783203125
0 0.8212793953125 0.734375 0.8128867578125 0.7412109359375 0.808090965625 0.7666015640625 0.8284730796875 0.783203125 0.853650990625 0.7841796859375 0.8728341578125001 0.7763671859375 0.87762995 0.7685546859375 0.87762995 0.7470703140625 0.8692373171875 0.734375 0.8404625640625 0.728515625 0.8212793953125 0.734375
0 0.8932162765625 0.673828125 0.8644415249999999 0.67578125 0.8488551984375 0.6845703140625 0.8464573015625 0.7119140640625 0.8512530937499999 0.7197265640625 0.8692373171875 0.73046875 0.8896194312500001 0.7314453140625 0.905205753125 0.7265625 0.913598390625 0.7197265640625 0.9183941828125001 0.7080078140625 0.9159962875 0.6923828140625 0.9088025984374999 0.6826171859375 0.8932162765625 0.673828125
0 0.7877088515625 0.7890625 0.772122525 0.8056640640625 0.7769183171875 0.8291015640625 0.794902534375 0.83984375 0.8128867578125 0.8388671859375 0.8260751875000001 0.833984375 0.8344678218749999 0.8251953140625 0.8344678218749999 0.8037109359375 0.8236772875 0.791015625 0.8092899109375 0.787109375 0.7877088515625 0.7890625
0 0.8716352078125 0.7890625 0.8644415249999999 0.791015625 0.8512530937499999 0.8037109359375 0.8512530937499999 0.8251953140625 0.8668394156250001 0.841796875 0.887221534375 0.8427734359375 0.89801206875 0.83984375 0.9088025984374999 0.8310546859375 0.913598390625 0.8115234359375 0.9028078609374999 0.79296875 0.8932162765625 0.7890625 0.8716352078125 0.7890625