0 0.277488584375 0.8837158984375 0.27397303281249996 0.872459665625 0.26553880625000004 0.8621450109375 0.253982521875 0.8572880671875 0.2422709125 0.8568790890625 0.23430784375 0.8610544015625001 0.22517464999999998 0.8707555875 0.2208824640625 0.8817391703125 0.22198010468749999 0.906271134375 0.23033666406250003 0.9188097687500001 0.24478202031250001 0.9248809484375 0.24962302812499998 0.926163346875 0.2614899640625 0.9221243609374999 0.2726527578125 0.9102673546875 0.2769449421875 0.899283771875 0.277488584375 0.8837158984375
0 0.18198873124999998 0.8202602328124999 0.1716802328125 0.8076534343749999 0.162075884375 0.80286465625 0.150364275 0.8024556781250001 0.1384196703125 0.808718646875 0.129208815625 0.8206438109375 0.12889816406250001 0.829539740625 0.12686856562499998 0.8316955609375001 0.1281215328125 0.8517795578125 0.1317924125 0.85858783125 0.1441305078125 0.8690388078125 0.1528753828125 0.8704575328124999 0.15576445625 0.87167176875 0.1676313921875 0.8676327859375 0.18293104531249998 0.8492401609375 0.18378534062500002 0.8247763593749999 0.18198873124999998 0.8202602328124999
0 0.269893121875 0.76543588125 0.2662999015625 0.7564036234375 0.25786567968749996 0.7460889734375 0.24826133125 0.74130019375 0.23459778125000003 0.7408230515625001 0.226634715625 0.7449983640625 0.217501525 0.754699546875 0.2131316734375 0.7679071125 0.2125880328125 0.783474984375 0.2179778578125 0.79702336875 0.22266353906249997 0.802753728125 0.23515695937499997 0.8087567437500001 0.2458537734375 0.8102436328125 0.255768775 0.8061364843750001 0.266931565625 0.7942794796875 0.269116490625 0.7876756968749999 0.269893121875 0.76543588125
0 0.18618254218750002 0.7001652093749999 0.1702512296875 0.6806819749999999 0.148779940625 0.67993218125 0.1315283546875 0.6982566421875 0.1289551140625 0.715980334375 0.13239300625 0.729460553125 0.137001025 0.7374148984375 0.14941678125 0.74564189375 0.1659693984375 0.7473332703125 0.17190286562499998 0.7453137812499999 0.1850952578125 0.7313009562499999 0.1879014875 0.70690531875 0.18618254218750002 0.7001652093749999
0 0.2740869328125 0.645340853125 0.2705713765625 0.63408461875 0.26026288124999997 0.6214778234375 0.2506585328125 0.6166890421875 0.2408988546875 0.6163482265625 0.2270023203125 0.6225430296875001 0.21982106406250002 0.632312378125 0.21545121250000002 0.64551994375 0.2167818421875 0.6633799625 0.2203750625 0.6724122171875 0.23076122031250001 0.68279503125 0.235602225 0.68407743125 0.2521548421875 0.6857688078125 0.256136378125 0.6836811515625 0.2692511015625 0.6718923125 0.273620953125 0.658684746875 0.2740869328125 0.645340853125
0 0.172337778125 0.5649667546875 0.150944153125 0.5619929781249999 0.1429810875 0.5661682906250001 0.13181829375 0.57802529375 0.12893440312499999 0.6046449109375 0.1325276203125 0.6136771671875 0.1457251859375 0.6274982 0.164229740625 0.6292577390625 0.172192809375 0.6250824265625 0.18749245781249999 0.606689803125 0.1863948171875 0.5821578421875 0.172337778125 0.5649667546875
0 0.320726278125 0.7928179921875 0.3034746921875 0.8111424515625 0.302542734375 0.8378302375000001 0.32136311875 0.8585277031249999 0.3418972671875 0.8581314265625 0.35719691875000004 0.8397388046875 0.3580512125 0.815275 0.34024563125 0.7934996234375 0.320726278125 0.7928179921875
0 0.43220921875 0.73436363125 0.4168267265625 0.7271463796875001 0.3990263203125 0.733204859375 0.3877082046875 0.7495098265625 0.386931571875 0.77174964375 0.3905247875 0.7807819 0.3989590125 0.79109655 0.40567429062500004 0.7946710953125 0.42417884375000003 0.7964306359375 0.43932316875 0.7824859765625 0.44369301875 0.7692784109375 0.44064344218749996 0.7446782828125 0.43220921875 0.73436363125
0 0.442227775 0.8672017765625 0.4319192796875 0.85459498125 0.42231492812500004 0.8498062 0.412555253125 0.8494653859374999 0.40264024843749996 0.8535725359375 0.391477459375 0.8654295375000001 0.38921487187500003 0.8742573046875 0.388515903125 0.8942731421874999 0.3921091203125 0.90330539375 0.40054334375 0.9136200437499999 0.40921055781250004 0.917262753125 0.42185930625 0.918817803125 0.429822375 0.9146424906249999 0.4409851640625 0.9027854890624999 0.445355015625 0.8895779234375001 0.442227775 0.8672017765625
0 0.5227127406250001 0.8009848625 0.5161527875 0.79296235625 0.5007702953125001 0.7857451046875 0.4849994875 0.789647765625 0.4717294359375 0.80588456875 0.470875140625 0.83034836875 0.474468359375 0.8393806234375001 0.48290258125 0.849695275 0.4935217328125 0.8534061453125 0.5101520140625 0.8528735390625 0.5233444015625001 0.83886071875 0.525529328125 0.832256934375 0.5262282968750001 0.8122410953125 0.5227127406250001 0.8009848625
0 0.6064233203125 0.8662555328125 0.596114825 0.8536487328125 0.5884624125 0.8489281156249999 0.5708949953125 0.848314646875 0.5578579328125 0.8578795093749999 0.5536434078125 0.8666391093750001 0.5510701671875 0.8843628015625 0.55271145 0.89332689375 0.5648165546875 0.9104498171875001 0.57153183125 0.9140243625 0.5841805828125 0.9155794140625 0.5940955828125001 0.9114722640625 0.6032287734375 0.9017710796875 0.6074432984375 0.8930114781249999 0.6064233203125 0.8662555328125
0 0.6821449453125 0.7965322359375 0.670666321875 0.7894513109375 0.6550508390625 0.78890600625 0.643106240625 0.795168975 0.635924984375 0.8049383203125 0.63561433125 0.81383425 0.63358473125 0.8159900656250001 0.6349930265625 0.8316261046875001 0.638586240625 0.84065835625 0.6508466765625001 0.8533333171875 0.6576396156250001 0.8546838796875 0.6683364265625 0.8561707671875001 0.6782514296875 0.8520636171874999 0.6895695484375 0.83575865 0.6886272328125 0.8067787234375 0.6821449453125 0.7965322359375
0 0.7746780671875 0.8609976453125 0.766243840625 0.8506829953124999 0.75476521875 0.8436020687499999 0.743053609375 0.843193090625 0.7331386046875 0.847300240625 0.7240054125000001 0.8570014234375 0.7197132265625 0.8679850078125 0.72104385625 0.8858450281250001 0.724637075 0.8948772796875 0.7330712984375001 0.9051919343750001 0.7397865765625 0.908766475 0.7563391968750001 0.9104578515625 0.7622726625 0.9084383624999999 0.7755427171875 0.8922015546875001 0.7780382921875 0.8767018453125001 0.7746780671875 0.8609976453125
0 0.8543035609375 0.7914106750000001 0.8447768703125 0.7843979171875 0.8233055859375 0.7836481234375 0.8133129171875 0.78997925 0.8081612625 0.7975927796875 0.8055103562499999 0.81754045625 0.8073846296875 0.8198326 0.8070739781249999 0.8287285265625 0.813556265625 0.8389750171875001 0.825972021875 0.8472020125 0.8444765750000001 0.8489615531249999 0.8575913 0.8371727140624999 0.861805825 0.8284131109375 0.86258245625 0.8061732906250001 0.8543035609375 0.7914106750000001
0 0.9469920078125 0.8514281234375 0.9289534312500001 0.83632469375 0.9152898875 0.8358475515625001 0.9013933515625 0.84204235625 0.8963193531250001 0.8474319015624999 0.8917941781250001 0.8650874296875 0.89507674375 0.8830156109375 0.9072595109374999 0.8979145531249999 0.9178786593750001 0.901625425 0.9227196671875 0.9029078234375 0.9345866031250001 0.8988688375 0.9478566546874999 0.8826320328125 0.9487886124999999 0.8559442515625 0.9469920078125 0.8514281234375
0 0.9450193578125001 0.7400245375 0.9384594046875 0.7320020328125 0.926980784375 0.72492110625 0.9073837671874999 0.7264634578125 0.8922394421875 0.7404081171875 0.891307484375 0.7670959015625 0.90341259375 0.7842188250000001 0.9101278703125001 0.7877933703125 0.9266804875 0.7894847453125 0.93464355625 0.785309434375 0.945961671875 0.7690044671875 0.9468159671875 0.744540665625 0.9450193578125001 0.7400245375
0 0.8609204593750001 0.685873778125 0.8487376921875001 0.6709748359375001 0.8253921343749999 0.667932896875 0.813447534375 0.674195865625 0.8082958734375 0.6818093921874999 0.80548964375 0.7062050328125 0.807208590625 0.7129451421875 0.8193136953125 0.7300680671875 0.8241547015625 0.7313504656250001 0.8426592562499999 0.73311000625 0.8556963171874999 0.7235451453125 0.8599108390625 0.7147855453124999 0.8626394062499999 0.6926138875000001 0.8609204593750001 0.685873778125
0 0.941172440625 0.6263288078125 0.9365644218750001 0.6183744625 0.9192299937499999 0.611089046875 0.899477653125 0.6170793640625 0.8881595359375 0.63338433125 0.88769355625 0.646728221875 0.8911314499999999 0.66020844375 0.90143994375 0.6728152390625 0.9101071562499999 0.676457946875 0.920803971875 0.6779448343750001 0.930718971875 0.673837684375 0.9439890249999999 0.6576008812499999 0.9447656562500001 0.6353610609375 0.941172440625 0.6263288078125
0 0.7627645249999999 0.6145319312499999 0.7569863812500001 0.612103459375 0.7354374328125 0.6135776484375 0.72224504375 0.6275904703124999 0.72006011875 0.634194253125 0.719594140625 0.6475381453125 0.7249063015625 0.6633105078125 0.7333405281250001 0.6736251609374999 0.742007740625 0.6772678640625001 0.758638021875 0.676735259375 0.7676935484375 0.6692580593749999 0.7760449328125001 0.6539628375000001 0.7748696296875 0.6316548562500001 0.7627645249999999 0.6145319312499999
0 0.6889948390625 0.6843233921875 0.6805606125 0.6740087375 0.669004328125 0.6691517984375001 0.6572927187500001 0.66874281875 0.64932965 0.672918128125 0.6401964578125 0.682619315625 0.6355936171875001 0.7024988265625 0.637467890625 0.704790971875 0.6371572375000001 0.713686896875 0.6435618609375 0.7261573718750001 0.6569147546874999 0.7355304390625 0.6637076984375 0.736881 0.6705006421874999 0.7382315625 0.685567303125 0.7265108859375 0.6918114234375 0.7155954640625 0.6925880546875 0.69335564375 0.6889948390625 0.6843233921875
0 0.5964824265625001 0.7311934015625 0.5868780796874999 0.7264046203125 0.57516646875 0.7259956421875 0.5652514640625 0.7301027921875 0.556118271875 0.739803978125 0.5518260859375 0.7507875609375 0.5514377703125 0.7619074703125001 0.5548756625 0.775387690625 0.5651841578125001 0.7879944859375 0.5738513734375 0.79163719375 0.58845205625 0.7932604078125001 0.6077332375 0.772780128125 0.6085875328125 0.748316325 0.6067909265625 0.743800196875 0.5964824265625001 0.7311934015625
0 0.5229250171875 0.6829774937499999 0.5163650671875 0.6749549859374999 0.5048864421875 0.667874059375 0.491222896875 0.66739691875 0.48325983125 0.67157223125 0.47615623593749995 0.6791175984375 0.469834453125 0.692257 0.4693684734375 0.705600890625 0.4728840265625 0.7168571296875 0.479366315625 0.7271036171875 0.48795586718750006 0.73297030625 0.5064604187499999 0.734729846875 0.5144234875 0.7305545343750001 0.525663940625 0.7164735484375 0.5265182359375 0.6920097468749999 0.5229250171875 0.6829774937499999
0 0.6050512671875 0.62572466875 0.5908389 0.6129815453125 0.5713195484375 0.6122999140625 0.5673380125 0.614387571875 0.5561752234374999 0.6262445734375001 0.5518830359375 0.6372281546874999 0.5532136671875 0.6550881734375 0.556806884375 0.6641204296875001 0.5633668390625 0.6721429359375 0.570082115625 0.6757174796875 0.590538603125 0.6775451828125 0.6036533296875 0.66575634375 0.6100527796875 0.650392959375 0.608644484375 0.6347569234375 0.6050512671875 0.62572466875
0 0.4407003953125 0.631118878125 0.43039189687499996 0.6185120796875 0.42078754687500003 0.6137233015625 0.40907593750000004 0.613314321875 0.4031424671875 0.615333815625 0.389950078125 0.6293466375000001 0.3878428171875 0.6337264390625 0.387066184375 0.6559662578125 0.3933154828125 0.67288469375 0.40479410781249997 0.6799656187500001 0.41549091875000005 0.6814525078125 0.4262653921875 0.6807154125 0.4353209234375 0.6732382078125 0.44374996875 0.65571900625 0.4442159484375 0.6423751140625 0.4407003953125 0.631118878125
0 0.5263421968750001 0.5851222890625001 0.52095236875 0.5715739078125 0.5067400015625 0.5588307859375 0.4891725875 0.5582173187499999 0.48120952031249997 0.5623926265625 0.471998665625 0.5743177968750001 0.469270096875 0.59648945 0.47098904375000006 0.603229559375 0.481219875 0.6180603375 0.4898870875 0.621703046875 0.5044877703124999 0.6233262609375 0.5124508390625 0.6191509468749999 0.5215840296875001 0.6094497640625 0.5257985546875 0.6006901609375 0.5263421968750001 0.5851222890625001
0 0.35839810625 0.5814842453125 0.35004154375 0.5689456125000001 0.3405148578125 0.56193285 0.322947440625 0.5613193828124999 0.31896590625 0.5634070375 0.30585118125 0.575195878125 0.30155899375 0.5861794625 0.301170678125 0.5972993703125 0.3064051796875 0.6152957171875 0.31109085937500003 0.6210260796875 0.3274881515625 0.62716541875 0.33232915625000004 0.6284478171875 0.344196096875 0.6244088359375 0.3553588859375 0.612551828125 0.359573409375 0.603792228125 0.35839810625 0.5814842453125
0 0.275862828125 0.5385215578125 0.2725025984375 0.5228173578125 0.254541690625 0.5054899453125 0.234944675 0.5070322953125 0.221752284375 0.52104511875 0.21753776249999998 0.5298047203125 0.2170717828125 0.5431486125 0.22058733749999998 0.554404846875 0.230895834375 0.5670116468749999 0.2376111140625 0.5705861875 0.252211796875 0.5722094015625 0.2601748625 0.5680340921875 0.26720079375 0.5627127078124999 0.27344491249999997 0.5517972890625 0.275862828125 0.5385215578125
0 0.1899673234375 0.4798546703125 0.18645176875 0.46859843593750006 0.172317065625 0.45363133125 0.15873118125000002 0.4509302078125 0.1508457765625 0.4528815375 0.13359419374999998 0.47120599687500003 0.1331282140625 0.48454988749999994 0.131098615625 0.48670570625 0.1327398984375 0.49566979531250005 0.14484500312499998 0.5127927203125 0.15156028125 0.516367265625 0.1661609609375 0.5179904796875 0.17209443124999999 0.5159709859375 0.183179559375 0.5063379671875 0.18950134375 0.4931985640625 0.1899673234375 0.4798546703125
0 0.356580784375 0.4656326984375 0.34814656093749996 0.4553180421875 0.34049414375 0.4505974265625 0.322926728125 0.449983959375 0.318945196875 0.45207161406249996 0.307782403125 0.4639286203125 0.3035678828125 0.4726882203125 0.3028689140625 0.49270405781250004 0.3046655203125 0.49722018593749995 0.3111478109375 0.5074666734375 0.32356356875 0.515693671875 0.33816425 0.5173168859375 0.34612731874999997 0.513141575 0.3593973703125 0.49690477031249997 0.3601740015625 0.47466495000000003 0.356580784375 0.4656326984375
0 0.4341973921875 0.509536965625 0.4227187703125 0.50245604375 0.4110071609375 0.502047065625 0.40109215468750004 0.5061542125 0.39195896406249997 0.5158553984375 0.387744440625 0.5246149984375 0.3871231359375 0.5424068531249999 0.38891974375 0.54692298125 0.40578819218750006 0.5675522859375 0.42429274687499996 0.5693118265625 0.44357393125 0.5488315484374999 0.4443505640625 0.5265917265625 0.44255395468750003 0.522075603125 0.4341973921875 0.509536965625
0 0.52272826875 0.4647546125 0.5085159015625 0.4520114890625 0.4987562234375 0.4516706734375 0.49688195 0.449378528125 0.4948523515625 0.45153434687500005 0.4870446125 0.4512616953125 0.4810334796875 0.45550516874999997 0.47595948593750004 0.4608947171875 0.46956003749999997 0.4762581015625 0.469249384375 0.4851540296875 0.4726872765625 0.4986342453125 0.48487004375 0.5135331875 0.491662984375 0.51488375 0.5023597984375 0.5163706375 0.508293265625 0.5143511453125 0.5255448515625 0.496026684375 0.5263214828125 0.4737868640625 0.52272826875 0.4647546125
0 0.687177515625 0.568471840625 0.6767913578125 0.5580890265625 0.6593016046875 0.5552515765625 0.6493865984375 0.559358725 0.6402534078125 0.5690599078125 0.636038884375 0.5778195125 0.6354952421875 0.5933873859375 0.6408850687500001 0.6069357656250001 0.64931929375 0.6172504203125 0.6618903765625 0.62102945 0.6746167890625 0.620360521875 0.6857019156249999 0.6107274984375 0.6920237015625 0.597588096875 0.6925673437500001 0.5820202234375 0.687177515625 0.568471840625
0 0.860666759375 0.5812103015625001 0.8571512046875001 0.5699540671875 0.8429388390625 0.557210940625 0.81748601875 0.558548803125 0.8042159640625 0.5747856062500001 0.80179805 0.5880613390625 0.8051582796875 0.6037655375 0.8173410453125 0.6186644796875 0.8260082609375001 0.6223071874999999 0.8328012015624999 0.62365775 0.8446681421875001 0.6196187625 0.8578605296875 0.6056059406250001 0.8600454546874999 0.59900215625 0.860666759375 0.5812103015625001
0 0.7730523078125 0.5158033078125001 0.764618084375 0.505488653125 0.756965671875 0.5007680359375 0.733464784375 0.5021740625 0.72440925625 0.5096512671875 0.72019473125 0.518410865625 0.7176991546875 0.5339105765625 0.7229336562500001 0.5519069203125 0.7294936062499999 0.5599294296874999 0.740035090625 0.5658642828125 0.7546357765625 0.567487496875 0.771809696875 0.5513870187500001 0.776024221875 0.5426274156249999 0.7766455265625 0.524835559375 0.7730523078125 0.5158033078125001
0 0.9392774546875 0.512701240625 0.9211612171875 0.4998217921875 0.9035161374999999 0.50143230625 0.8904790734375 0.5109971625 0.8862645499999999 0.5197567656250001 0.8872845281249999 0.5465127109375 0.8975930234374999 0.5591195078125 0.9043083031249999 0.5626940515625 0.92281285625 0.5644535921875 0.9378795171875 0.552732915625 0.9420940421875 0.5439733125 0.9427930109375 0.5239574734375 0.9392774546875 0.512701240625
0 0.8589271015625 0.4631347703125 0.84869626875 0.44830399375 0.8273026437500001 0.445330215625 0.8213691765625001 0.4473497109375 0.8083321109374999 0.4569145671875 0.804117590625 0.46567416718750004 0.8016996750000001 0.4789498984375 0.8035739484375 0.48124204375 0.8032632968750001 0.49013796875000004 0.8116198562499999 0.5026766015625 0.8240356140625 0.5109036 0.836684359375 0.512458653125 0.8426178296875 0.5104391578125 0.8578398171874999 0.4942705171875 0.8606460468750001 0.469874878125 0.8589271015625 0.4631347703125
0 0.9393344046875001 0.399141834375 0.9270739734375001 0.38646687343749997 0.905602684375 0.3857170796875 0.8976396187500001 0.38989239375 0.8863991656250001 0.403973378125 0.8839812515625001 0.4172491046875 0.8892157515625 0.43524545156250005 0.8976499765625 0.44556010468749996 0.9063171890625 0.4492028125 0.918965934375 0.45075786406249996 0.9288809406249999 0.44665071406249995 0.9359845328124999 0.439105346875 0.9423839812500001 0.4237419625 0.9393344046875001 0.399141834375
0 0.7765471500000001 0.41572411875000004 0.773031596875 0.404467884375 0.7627230984375 0.391861084375 0.751166815625 0.38700414375 0.743359075 0.38673149218749997 0.731492134375 0.390770475 0.7202516828125 0.4048514640625 0.7179890953125 0.4136792265625 0.719319725 0.4315392453125 0.7229906046875 0.43834751875 0.731424828125 0.44866216875 0.74009204375 0.4523048765625 0.752740790625 0.453859928125 0.7586742609375 0.45184043437500004 0.7718666484375001 0.43782761406250004 0.776236496875 0.42462004843749995 0.7765471500000001 0.41572411875000004
0 0.856643803125 0.3606271109375 0.8569544562500001 0.351731184375 0.8486755562500001 0.3369685703125 0.84102314375 0.3322479515625 0.8195518546875 0.33149815781249997 0.8115887859375001 0.33567347187499996 0.80237793125 0.34759863593749996 0.7998823546875 0.36309834687500003 0.8017566265625 0.365390490625 0.8014459734375 0.374286421875 0.8154253499999999 0.3937014875 0.8202663578125 0.3949838859375 0.8368189765625 0.39667526406250003 0.8408005062499999 0.3945876078125 0.8561001609375 0.3761949890625 0.858518071875 0.36291925625 0.856643803125 0.3606271109375
0 0.7588761796875 0.27816535625 0.7374048921874999 0.2774155625 0.72233823125 0.28913623906249997 0.71812370625 0.29789584062499996 0.7174247390625 0.3179116796875 0.7210179578125 0.32694393125 0.7294521828125 0.3372585859375 0.7361674609375 0.34083312656250003 0.7527200781250001 0.3425245046875 0.758653546875 0.34050501093749996 0.7739531984375 0.3221123875 0.773010884375 0.2931324609375 0.7588761796875 0.27816535625
0 0.9410326375 0.29454652187499997 0.93743941875 0.28551426874999997 0.9251789875 0.272839309375 0.9056596390625 0.272157678125 0.901678103125 0.27424533125 0.892544909375 0.28394651875 0.8862231265625 0.29708591875 0.885679484375 0.3126537921875 0.891069309375 0.326202171875 0.895754990625 0.3319325359375 0.9082484109375001 0.3379355515625 0.9189452250000001 0.33942244062500004 0.9288602265625 0.335315290625 0.9401006796875 0.32123430625 0.942751584375 0.30128663125 0.9410326375 0.29454652187499997
0 0.6889327 0.350317125 0.6786242031249999 0.337710325 0.6670679203125001 0.33285338593749997 0.649345175 0.336687878125 0.636075125 0.3529246828125 0.635143165625 0.37961246875 0.64920020625 0.3968035546875 0.65786741875 0.40044626250000004 0.666612296875 0.4018649890625 0.6765272984374999 0.3977578390625 0.6918269484375 0.379365215625 0.6924482546874999 0.361573359375 0.6889327 0.350317125
0 0.6871568031249999 0.4571364203125 0.6786449171875 0.4490457484375 0.6670886296874999 0.44418880625 0.6592808906250001 0.443916153125 0.6493658890625 0.44802330156250003 0.638203096875 0.4598803046875 0.635396865625 0.48427594375 0.6371158125 0.4910160546875 0.645472375 0.5035546875 0.6531247875 0.5082753046875 0.6618696671875 0.5096940296875 0.674596075 0.5090250984375 0.6877108015625 0.4972362546875 0.6919253249999999 0.48847665625000003 0.6925466296875 0.4706848 0.6871568031249999 0.4571364203125
0 0.6067287859375 0.40979393125 0.602120771875 0.40183958906250006 0.5907198109375 0.39253468125 0.575104328125 0.3919893765625 0.5671412625000001 0.3961646875 0.5538712109375 0.4124014921875 0.5530945796875 0.4346413125 0.559421540625 0.449335765625 0.5699630296875 0.45527061875 0.5923714515625 0.45716648125 0.6034565796875 0.4475334609375 0.6098560265625 0.43217007812499997 0.6102443421875 0.42105016875 0.6067287859375 0.40979393125
0 0.42644660156249997 0.39570491093750004 0.40692725 0.39502328124999997 0.3938901875 0.40458813749999994 0.3876460640625 0.41550355625 0.3869470953125 0.4355193953125 0.3923369234375 0.449067778125 0.4037378828125 0.4583726828125 0.4241943703125 0.4602003859375 0.44347555468750005 0.43972010624999996 0.4442521859375 0.41748028593750003 0.4359732875 0.4027176703125 0.42644660156249997 0.39570491093750004
0 0.5246594890625 0.3534873515625 0.5143509921875 0.34088055625 0.5105247875 0.33852024687500004 0.491005434375 0.337838615625 0.48507196406249997 0.33985811093749996 0.4718019125 0.3560949140625 0.4709476171875 0.3805587171875 0.48110078593749994 0.397613478125 0.4887532015625 0.402334090625 0.4994500140625 0.403820978125 0.5142836843749999 0.39877225 0.5234168796875001 0.3890710625 0.5277090640625001 0.37808748125 0.5280973796875 0.3669675703125 0.5246594890625 0.3534873515625
0 0.610223628125 0.3097147453125 0.6067080765624999 0.2984585078125 0.588824828125 0.2789071109375 0.57906515 0.2785662953125 0.563139015625 0.286916921875 0.555957759375 0.2966862671875 0.5515879109374999 0.3098938359375 0.5530738671875 0.3233058890625 0.5604156265625 0.3369224328125 0.5708794515625 0.3450812671875 0.577672390625 0.3464318296875 0.584465334375 0.347782390625 0.5943803359375 0.3436752421875 0.607572728125 0.3296624203125 0.6097576499999999 0.3230586359375 0.610223628125 0.3097147453125
0 0.44063825625 0.297112609375 0.428377825 0.2844376515625 0.41284000625 0.2816683640625 0.40495460312500003 0.28361969375 0.389732615625 0.2997883359375 0.3870040484375 0.3219599921875 0.3887229953125 0.32870009843750003 0.3952052828125 0.338946590625 0.4057467671875 0.3448814390625 0.4242513203125 0.34664098125 0.430184790625 0.34462148593749997 0.44345484218750003 0.3283846828125 0.44423147343749997 0.3061448671875 0.44063825625 0.297112609375
0 0.360230953125 0.3611055453125 0.3584343421875 0.35658941875 0.3481258484375 0.3439826203125 0.340473434375 0.33926200624999997 0.32290601875 0.3386485390625 0.3056544296875 0.356973 0.303158853125 0.37247270781249997 0.3048001359375 0.381436796875 0.32166858593750003 0.402066103125 0.338221203125 0.40375748125 0.3441546703125 0.40173798749999995 0.3552398 0.39210496875 0.35945432187500004 0.3833453640625 0.360230953125 0.3611055453125
0 0.27623043125 0.4160662265625 0.274433825 0.4115500984375 0.264125325 0.3989433015625 0.2526467046875 0.3918623796875 0.24288703125 0.3915215640625 0.23297202499999997 0.39562871093749996 0.22383883437500002 0.405329896875 0.2196243109375 0.41408949687499996 0.2188476796875 0.4363293171875 0.23571612812499998 0.45695862187499997 0.2561726171875 0.458786325 0.2601541484375 0.45669866875 0.271316940625 0.4448416671875 0.2755314625 0.4360820625 0.27623043125 0.4160662265625
0 0.1722963515625 0.34229590781249997 0.1665182125 0.3398674359375 0.1488731296875 0.34147795 0.13365114218750002 0.35764659062500004 0.1310002390625 0.3775942671875 0.13271918437500002 0.38433437656249997 0.1429500171875 0.3991651546875 0.14966529687500002 0.4027397 0.1701217828125 0.404567403125 0.1873733703125 0.38624294375 0.18822766562499998 0.361779140625 0.18643105468750001 0.3572630125 0.1722963515625 0.34229590781249997
0 0.264104615625 0.287607878125 0.2564522 0.28288726406250003 0.236932846875 0.2822056328125 0.219681259375 0.30053009375 0.21734100937499998 0.3115818390625 0.22062357656249998 0.3295100203125 0.227183528125 0.3375325265625 0.23959928593750002 0.34575952499999996 0.25419996875 0.3473827390625 0.2581815015625 0.3452950828125 0.2754330875 0.3269706234375 0.274335446875 0.3024386609375 0.264104615625 0.287607878125
0 0.1864103453125 0.24592759218750002 0.1780537828125 0.23338895625 0.16462322499999998 0.2262398703125 0.1529116140625 0.2258308921875 0.1429966109375 0.22993803750000003 0.137922615625 0.2353275859375 0.1316784953125 0.2462430046875 0.12933824375 0.2572947546875 0.132698471875 0.272998953125 0.1391807625 0.283245440625 0.1487074484375 0.2902582046875 0.15745232343749999 0.291676928125 0.1701787359375 0.29100799843749997 0.1832934609375 0.2792191578125 0.187663309375 0.2660115890625 0.188051625 0.25489168125 0.1864103453125 0.24592759218750002
0 0.270721515625 0.18207098125 0.264161565625 0.1740484765625 0.2487790734375 0.166831225 0.2369898 0.16864622812500002 0.2269971328125 0.174977359375 0.21763095156249998 0.19135048906250002 0.217164971875 0.20469438125 0.22435140781250001 0.2227588890625 0.241608171875 0.2322682828125 0.2542569171875 0.23382333281249998 0.2622199859375 0.229648025 0.27353810312500004 0.21334305781250001 0.2743147359375 0.1911032375 0.270721515625 0.18207098125
0 0.358491296875 0.2430300140625 0.3482604609375 0.22819923437499998 0.3386561125 0.22341045624999997 0.319059096875 0.22495280625 0.3058667078125 0.23896562968750001 0.30368178281249997 0.2455694140625 0.3029828140625 0.26558525 0.3047794234375 0.2701013734375 0.3112617140625 0.28034786562499997 0.3236774703125 0.2885748609375 0.3363262171875 0.2901299125 0.350222753125 0.283935109375 0.3573263484375 0.2763897421875 0.3595112734375 0.2697859609375 0.358491296875 0.2430300140625
0 0.3530030921875 0.12037019374999999 0.3464431421875 0.112347684375 0.3406649984375 0.1099192171875 0.32114564375 0.10923758593749999 0.3018644625 0.12971786093749998 0.30108783125 0.15195768125 0.3028844375 0.1564738078125 0.315067209375 0.1713727515625 0.3237344203125 0.17501545937500002 0.33833510312500004 0.1766386734375 0.346298171875 0.1724633609375 0.3576162875 0.1561583921875 0.35839291875 0.133918571875 0.3530030921875 0.12037019374999999
0 0.4406952046875 0.1835532078125 0.4303867109375 0.170946409375 0.4207823609375 0.16615762812499998 0.40907075156249995 0.16574865 0.399155746875 0.1698558 0.3920521546875 0.17740116718750001 0.38573036875 0.1905405671875 0.386905671875 0.2128485515625 0.39526223125 0.225387184375 0.403851784375 0.23125387343749998 0.4223563375 0.23301341562500003 0.437423 0.22129273437500002 0.44163751875 0.2125331359375 0.44249181406250004 0.1880693328125 0.4406952046875 0.1835532078125
0 0.5264923359375 0.1331086546875 0.5228991171875 0.1240763984375 0.5144648953125001 0.113761746875 0.506812478125 0.10904113124999999 0.491196996875 0.10849582656250001 0.48323393125 0.11267113749999999 0.4741007375 0.1223723203125 0.4697308890625 0.1355798859375 0.4693425734375 0.1466997984375 0.47285812656250004 0.15795603281249998 0.48316662499999996 0.170562828125 0.4937857734375 0.1742737 0.5005787171875 0.1756242609375 0.512445653125 0.171585275 0.5195492484375 0.1640399109375 0.52587103125 0.150900509375 0.5264923359375 0.1331086546875
0 0.5162822171875 0.22961329687499998 0.5086298015625 0.22489267812499997 0.48715851250000003 0.22414288437500002 0.4801325828125 0.2294642703125 0.46975160000000005 0.246915309375 0.4692079578125 0.2624831828125 0.4727235140625 0.2737394203125 0.4830320125 0.28634621718750003 0.4878730171875 0.287628615625 0.5083295046874999 0.28945631875 0.5214442312500001 0.2776674765625 0.5256587546875 0.26890787656250004 0.5265130499999999 0.24444407343750002 0.5162822171875 0.22961329687499998
0 0.6067650265625 0.18489910625 0.5927079859375 0.16770801875000002 0.58692984375 0.1652795453125 0.5692847609375 0.1668900609375 0.5581996359375 0.17652308125 0.5519555125 0.18743850312500002 0.5530531546875 0.21197046562500002 0.5632839890625 0.22680124531249998 0.5739031359375 0.2305121140625 0.5865518828125 0.2320671671875 0.594514953125 0.2278918546875 0.6016185453125 0.22034648906249998 0.6079403296875 0.20720708906250002 0.6067650265625 0.18489910625
0 0.6906309312500001 0.24572181093749998 0.6870377171875 0.23668955625 0.678603490625 0.22637490625 0.670951078125 0.2216542875 0.65728753125 0.22117714687499998 0.647372528125 0.225284296875 0.6382393343749999 0.2349854796875 0.6340248125 0.24374508281249999 0.6334811703125001 0.25931295625 0.6369190609375 0.27279317187499996 0.6434790125000001 0.2808156765625 0.6559724328125001 0.28681869375 0.6686211828124999 0.28837374531250004 0.6765842484375 0.2841984328125 0.6877470390625 0.2723414296875 0.6899319625 0.2657376453125 0.6906309312500001 0.24572181093749998
0 0.6805347125 0.11510764531249999 0.6710080265625 0.10809488281249999 0.6553925453125 0.10754957812499999 0.6474294765625 0.1117248890625 0.636189025 0.125805875 0.6340041000000001 0.132409659375 0.6334604578125 0.14797753281249998 0.637053675 0.157009784375 0.6473621703125 0.169616584375 0.6599332546875 0.17339561718750002 0.6726596671875 0.1727266859375 0.6899889171875 0.15217824375 0.690610221875 0.1343863875 0.687017003125 0.12535413281250002 0.6805347125 0.11510764531249999
0 0.774553790625 0.1929851125 0.7693192921875001 0.17498876875 0.753154990625 0.162177478125 0.7433953125 0.1618366625 0.731528375 0.16587564999999999 0.7182583218749999 0.18211245468749998 0.71787000625 0.19323236562499999 0.7158404078125 0.19538818125 0.7209972437500001 0.2156085078125 0.7313834046875 0.225991325 0.7362244125 0.22727372343750002 0.7508250953125 0.22889693906250003 0.760740096875 0.2247897890625 0.7698732875000001 0.21508860312500003 0.774165475 0.20410502031250002 0.774553790625 0.1929851125
0 0.8549610937500001 0.128992175 0.851367875 0.119959921875 0.8391074453125 0.10728496406250002 0.8274734968749999 0.104652003125 0.8254438984375 0.106807821875 0.817636159375 0.1065351703125 0.8003845734375 0.1248596296875 0.799607940625 0.147099446875 0.80140455 0.151615575 0.809761109375 0.1641542078125 0.818350659375 0.17002089843749998 0.8309994093749999 0.1715759484375 0.840914409375 0.1674687984375 0.8500476015625 0.157767615625 0.854262125 0.1490080125 0.8549610937500001 0.128992175
0 0.9409342609375001 0.1854350796875 0.9373410453125001 0.17640282812500002 0.9232063421875001 0.161435721875 0.9056389250000001 0.1608222546875 0.89767585625 0.1649975671875 0.8885426640625 0.17469874999999999 0.884250478125 0.1856823328125 0.8855811078125001 0.20354235156249997 0.8995604859374999 0.22295742187499998 0.9044014921875 0.2242398203125 0.9190021749999999 0.22586303437500002 0.926965240625 0.22168772187500002 0.9381280343749999 0.20983071875 0.94031295625 0.203226934375 0.9409342609375001 0.1854350796875