0 0.9015625 0.09453125 0.0484375 0.05625
0 0.9015625 0.17265625 0.04375 0.05625
0 0.9015625 0.25078125 0.0453125 0.059375
0 0.903125 0.3234375 0.04375 0.05625
0 0.90390625 0.39921875 0.046875 0.075
0 0.9015625 0.478125 0.05 0.0625
0 0.9 0.5515625 0.046875 0.065625
0 0.90078125 0.6265625 0.046875 0.059375
0 0.9015625 0.70234375 0.04375 0.0625
0 0.90078125 0.77890625 0.046875 0.065625
0 0.90078125 0.85859375 0.046875 0.0625
0 0.85 0.89609375 0.04375 0.0625
0 0.84921875 0.81484375 0.046875 0.059375
0 0.8484375 0.7390625 0.0453125 0.0546875
0 0.84609375 0.6671875 0.0453125 0.0625
0 0.84765625 0.58984375 0.0421875 0.053125
0 0.8453125 0.5140625 0.05 0.0640625
0 0.8484375 0.4390625 0.046875 0.059375
0 0.8484375 0.36796875 0.0484375 0.065625
0 0.8484375 0.28515625 0.046875 0.0609375
0 0.85 0.21171875 0.046875 0.0625
0 0.8515625 0.13671875 0.05 0.0625
0 0.79765625 0.0890625 0.0484375 0.059375
0 0.7953125 0.171875 0.0484375 0.065625
0 0.79609375 0.24609375 0.046875 0.059375
0 0.7953125 0.3265625 0.05 0.065625
0 0.79375 0.3984375 0.0453125 0.059375
0 0.79296875 0.4765625 0.046875 0.065625
0 0.79609375 0.55234375 0.0484375 0.06875
0 0.79375 0.62734375 0.046875 0.0625
0 0.7953125 0.703125 0.0484375 0.065625
0 0.7953125 0.78359375 0.05 0.0625
0 0.79375 0.859375 0.046875 0.0640625
0 0.73984375 0.8953125 0.05 0.0578125
0 0.73984375 0.81953125 0.0453125 0.0609375
0 0.73984375 0.74453125 0.0453125 0.0609375
0 0.740625 0.66484375 0.0453125 0.0609375
0 0.7390625 0.58984375 0.05 0.0625
0 0.740625 0.5125 0.04375 0.059375
0 0.7421875 0.4375 0.04375 0.059375
0 0.7421875 0.36171875 0.04375 0.0625
0 0.74296875 0.28359375 0.0453125 0.05625
0 0.74375 0.20625 0.046875 0.05625
0 0.74453125 0.12890625 0.046875 0.0625
0 0.68828125 0.09140625 0.05 0.0625
0 0.69140625 0.1703125 0.046875 0.0578125
0 0.68984375 0.24296875 0.046875 0.0625
0 0.6875 0.32421875 0.0515625 0.0625
0 0.68984375 0.3984375 0.046875 0.0625
0 0.68671875 0.55078125 0.046875 0.071875
0 0.68671875 0.6265625 0.046875 0.0625
0 0.6890625 0.7046875 0.046875 0.059375
0 0.68671875 0.78125 0.0484375 0.0609375
0 0.68671875 0.85625 0.046875 0.0578125
0 0.63203125 0.8953125 0.05 0.0640625
0 0.6328125 0.81953125 0.0453125 0.0625
0 0.6328125 0.7421875 0.04375 0.059375
0 0.63203125 0.665625 0.0484375 0.0578125
0 0.6328125 0.59140625 0.0484375 0.0625
0 0.634375 0.51015625 0.046875 0.059375
0 0.634375 0.4359375 0.05 0.0609375
0 0.6359375 0.36328125 0.046875 0.0625
0 0.63515625 0.28515625 0.046875 0.06875
0 0.634375 0.20390625 0.046875 0.0625
0 0.6359375 0.128125 0.0453125 0.05625
0 0.58203125 0.08671875 0.046875 0.0625
0 0.58125 0.16328125 0.046875 0.059375
0 0.5828125 0.24609375 0.0453125 0.0609375
0 0.5796875 0.321875 0.04375 0.0609375
0 0.58125 0.39765625 0.0453125 0.05625
0 0.58046875 0.4734375 0.04375 0.0625
0 0.58046875 0.54921875 0.04375 0.05625
0 0.57734375 0.6265625 0.04375 0.059375
0 0.578125 0.70390625 0.046875 0.0640625
0 0.57734375 0.784375 0.05 0.0625
0 0.57890625 0.8609375 0.05 0.0609375
0 0.52578125 0.90234375 0.046875 0.059375
0 0.52265625 0.82109375 0.05 0.065625
0 0.52578125 0.7421875 0.05 0.0625
0 0.52421875 0.665625 0.04375 0.065625
0 0.5265625 0.58671875 0.04375 0.0578125
0 0.52578125 0.51484375 0.046875 0.059375
0 0.52578125 0.4375 0.04375 0.065625
0 0.525 0.36015625 0.0453125 0.059375
0 0.52734375 0.2859375 0.0390625 0.0625
0 0.5265625 0.20546875 0.046875 0.06875
0 0.4734375 0.09140625 0.053125 0.059375
0 0.4734375 0.16796875 0.0453125 0.05625
0 0.47265625 0.24765625 0.046875 0.059375
0 0.47109375 0.32734375 0.046875 0.059375
0 0.46953125 0.39921875 0.05 0.0625
0 0.4703125 0.475 0.046875 0.0625
0 0.47265625 0.55078125 0.046875 0.053125
0 0.46953125 0.62421875 0.05 0.05625
0 0.471875 0.709375 0.046875 0.065625
0 0.46875 0.78671875 0.05 0.065625
0 0.471875 0.8625 0.046875 0.065625
0 0.4171875 0.9046875 0.05 0.0640625
0 0.4140625 0.8203125 0.05 0.059375
0 0.415625 0.7453125 0.046875 0.0578125
0 0.415625 0.66484375 0.0453125 0.059375
0 0.41796875 0.5859375 0.046875 0.0578125
0 0.41796875 0.51171875 0.04375 0.0546875
0 0.41875 0.4375 0.0421875 0.059375
0 0.41875 0.36171875 0.0453125 0.0625
0 0.42109375 0.2828125 0.046875 0.0640625
0 0.41640625 0.20703125 0.0453125 0.0609375
0 0.41640625 0.12734375 0.046875 0.065625
0 0.3640625 0.0859375 0.05 0.0625
0 0.3609375 0.16328125 0.046875 0.0625
0 0.3609375 0.240625 0.0515625 0.0578125
0 0.3640625 0.325 0.05 0.0640625
0 0.365625 0.39453125 0.0453125 0.059375
0 0.36484375 0.47421875 0.046875 0.0671875
0 0.3640625 0.55234375 0.046875 0.0625
0 0.3609375 0.62578125 0.05 0.0609375
0 0.36015625 0.703125 0.05 0.0625
0 0.359375 0.784375 0.0484375 0.0625
0 0.3609375 0.86640625 0.046875 0.065625
0 0.30625 0.9 0.046875 0.0640625
0 0.30703125 0.821875 0.0484375 0.0640625
0 0.30859375 0.74375 0.046875 0.065625
0 0.30703125 0.66875 0.0515625 0.0625
0 0.3078125 0.58828125 0.046875 0.059375
0 0.30703125 0.51171875 0.0515625 0.0640625
0 0.30703125 0.440625 0.0421875 0.0640625
0 0.30859375 0.3578125 0.040625 0.0625
0 0.3046875 0.27890625 0.0421875 0.059375
0 0.30546875 0.19765625 0.04375 0.065625
0 0.30546875 0.11640625 0.0484375 0.0625
0 0.24765625 0.1546875 0.046875 0.05625
0 0.2484375 0.2375 0.04375 0.05625
0 0.25078125 0.31796875 0.046875 0.053125
0 0.25390625 0.39453125 0.0484375 0.05625
0 0.2546875 0.47109375 0.04375 0.059375
0 0.25234375 0.54609375 0.046875 0.0578125
0 0.25078125 0.62734375 0.046875 0.053125
0 0.253125 0.70390625 0.040625 0.05
0 0.2484375 0.78203125 0.05 0.0578125
0 0.25234375 0.86796875 0.0515625 0.0625
0 0.1984375 0.51015625 0.05 0.059375
0 0.19765625 0.59375 0.05 0.0625
0 0.1953125 0.67109375 0.053125 0.065625
0 0.19453125 0.7484375 0.05 0.059375
0 0.19375 0.82578125 0.046875 0.059375
0 0.19453125 0.8953125 0.046875 0.059375