0 0.7961899484375 0.8369140625 0.776019803125 0.8261718734375 0.7600960046874999 0.8466796859375 0.7717734578125001 0.859375 0.78769725625 0.8583984375 0.7961899484375 0.8369140625
0 0.7303715796875 0.8369140625 0.722940471875 0.8261718734375 0.703831915625 0.82421875 0.694277634375 0.8447265625 0.7176325390625 0.8564453140625 0.7303715796875 0.8369140625
0 0.6358903734375 0.8261718734375 0.6242129203125 0.8466796859375 0.6454446515625001 0.8583984375 0.6603068624999999 0.8369140625 0.6358903734375 0.8261718734375
0 0.5944884953125 0.8349609375 0.5849342171874999 0.82421875 0.5700720031250001 0.82421875 0.5583945499999999 0.8447265625 0.5796262828125001 0.8564453140625 0.5944884953125 0.8349609375
0 0.5138079125 0.8603515625 0.526546953125 0.8505859375 0.526546953125 0.8349609375 0.5021304609375 0.828125 0.4904530078125 0.8447265625 0.4978841140625 0.8574218734375 0.5138079125 0.8603515625
0 0.45648223593750004 0.8525390625 0.45860541093749996 0.8369140625 0.438435265625 0.8261718734375 0.4246346390625 0.8486328125 0.4458663703125 0.8583984375 0.45648223593750004 0.8525390625
0 0.39066386875000003 0.8525390625 0.38854069375 0.8349609375 0.3620010296875 0.83203125 0.356693096875 0.8525390625 0.3821711734375 0.8603515625 0.39066386875000003 0.8525390625
0 0.3227223265625 0.8486328125 0.3110448734375 0.828125 0.2887515546875 0.8388671875 0.2887515546875 0.8525390625 0.305736940625 0.8603515625 0.3227223265625 0.8486328125
0 0.2569039578125 0.8349609375 0.23461063906250001 0.8261718734375 0.22293318593749997 0.8388671875 0.2250563578125 0.8525390625 0.24841126406249997 0.8583984375 0.2569039578125 0.8349609375
0 0.8195448531249999 0.8056640625 0.83016071875 0.7978515625 0.83016071875 0.7822265625 0.81636009375 0.771484375 0.8036210546874999 0.7734375015625 0.7961899484375 0.7958984375 0.8195448531249999 0.8056640625
0 0.7516033109375 0.8056640625 0.7622191765624999 0.7978515625 0.7622191765624999 0.7822265625 0.7399258578125 0.7734375015625 0.72824840625 0.7822265625 0.72824840625 0.7978515625 0.7516033109375 0.8056640625
0 0.694277634375 0.7998046859375 0.6964008078124999 0.7841796859375 0.6719843156249999 0.7734375015625 0.6603068624999999 0.7958984375 0.6815385968750001 0.8076171875 0.694277634375 0.7998046859375
0 0.6157202265625 0.8076171875 0.628459265625 0.7978515625 0.628459265625 0.7822265625 0.6082891218750001 0.7734375015625 0.5944884953125 0.7822265625 0.5923653203125 0.7958984375 0.6157202265625 0.8076171875
0 0.53610123125 0.775390625 0.5286701265625 0.7978515625 0.5541482046875 0.8056640625 0.5605177234375 0.7802734375 0.53610123125 0.775390625
0 0.4798371421875 0.8056640625 0.49257618125 0.7958984375 0.49257618125 0.7802734375 0.474529209375 0.771484375 0.45860541093749996 0.7822265625 0.45860541093749996 0.7958984375 0.4798371421875 0.8056640625
0 0.4267578140625 0.7919921875 0.4172035328125 0.7734375015625 0.39066386875000003 0.7841796859375 0.3927870421875 0.7978515625 0.409772428125 0.8056640625 0.4267578140625 0.7919921875
0 0.34607723125 0.8056640625 0.358816271875 0.7978515625 0.358816271875 0.7822265625 0.33652295312499997 0.7734375015625 0.3227223265625 0.7919921875 0.328030259375 0.802734375 0.34607723125 0.8056640625
0 0.29087472812500004 0.7978515625 0.29087472812500004 0.7822265625 0.2664582359375 0.775390625 0.2569039578125 0.7958984375 0.28025886093749997 0.8056640625 0.29087472812500004 0.7978515625
0 0.22293318593749997 0.7861328125 0.1963935203125 0.775390625 0.1847160671875 0.7939453140625 0.1921471734375 0.8046875015625 0.21019414687500002 0.8056640625 0.22293318593749997 0.7861328125
0 0.1910855875 0.7373046859375 0.17091544218750002 0.7207031265625 0.15711481562500001 0.7275390625 0.15499164375000002 0.7451171875 0.17622337500000002 0.7548828125 0.1910855875 0.7373046859375
0 0.2569039578125 0.7353515625 0.23461063906250001 0.7207031265625 0.22293318593749997 0.7275390625 0.2208100125 0.7451171875 0.24204174374999998 0.7529296859375 0.2569039578125 0.7353515625
0 0.3248455 0.7451171875 0.3248455 0.7314453140625 0.3004290078125 0.7207031265625 0.2887515546875 0.7412109375 0.3121064609375 0.7529296859375 0.3248455 0.7451171875
0 0.3927870421875 0.7431640625 0.3927870421875 0.7294921875 0.37261689531250003 0.7207031265625 0.356693096875 0.7431640625 0.380048003125 0.7548828125 0.3927870421875 0.7431640625
0 0.45860541093749996 0.7294921875 0.4363120921875 0.7207031265625 0.4246346390625 0.7431640625 0.4363120921875 0.75390625 0.4501127171875 0.7529296859375 0.45860541093749996 0.7294921875
0 0.5286701265625 0.7333984375 0.5212390203124999 0.72265625 0.5021304609375 0.7207031265625 0.4904530078125 0.7392578125 0.5138079125 0.7529296859375 0.5286701265625 0.7333984375
0 0.5721951765625 0.7207031265625 0.5583945499999999 0.7451171875 0.5859958015625 0.7548828125 0.5966116687499999 0.7314453140625 0.5721951765625 0.7207031265625
0 0.6645532109375 0.7412109375 0.6507525843749999 0.7207031265625 0.6263360921875 0.7333984375 0.628459265625 0.7470703140625 0.6454446515625001 0.7548828125 0.6645532109375 0.7412109375
0 0.7197557140625 0.7548828125 0.732494753125 0.7353515625 0.7102014359375 0.71875 0.6964008078124999 0.7275390625 0.694277634375 0.7412109375 0.701708740625 0.7519531265625 0.7197557140625 0.7548828125
0 0.78769725625 0.7529296859375 0.8004362953124999 0.7353515625 0.790882015625 0.72265625 0.776019803125 0.7207031265625 0.76434235 0.7294921875 0.76434235 0.7451171875 0.78769725625 0.7529296859375
0 0.7378026859375 0.6699218734375 0.726125234375 0.6923828125 0.7494801390625 0.7021484375 0.7622191765624999 0.6806640625 0.7378026859375 0.6699218734375
0 0.83016071875 0.6806640625 0.8099905749999999 0.66796875 0.7919436015625 0.6806640625 0.7919436015625 0.6904296859375 0.8174216812499999 0.7021484375 0.83016071875 0.6806640625
0 0.6964008078124999 0.6787109375 0.6783538359375 0.66796875 0.6603068624999999 0.6884765625 0.66986114375 0.7011718734375 0.6857849421875 0.7021484375 0.6964008078124999 0.6787109375
0 0.630582440625 0.6806640625 0.61041229375 0.6699218734375 0.5944884953125 0.6787109375 0.5944884953125 0.6923828125 0.6178434 0.7021484375 0.630582440625 0.6806640625
0 0.5626408984375 0.6826171875 0.53822440625 0.6699218734375 0.524423778125 0.6826171875 0.526546953125 0.6962890625 0.5520250296875 0.7021484375 0.5626408984375 0.6826171875
0 0.49682252812499994 0.6806640625 0.4724060375 0.6699218734375 0.46072858437499997 0.6904296859375 0.4724060375 0.703125 0.4862066609375 0.7021484375 0.49682252812499994 0.6806640625
0 0.428880984375 0.6806640625 0.40658766718750006 0.66796875 0.3949102140625 0.6767578125 0.3949102140625 0.6923828125 0.41614194531250004 0.7001953140625 0.428880984375 0.6806640625
0 0.36093944218749996 0.6826171875 0.34926199062499996 0.66796875 0.33652295312499997 0.66796875 0.3248455 0.6904296859375 0.34607723125 0.7001953140625 0.36093944218749996 0.6826171875
0 0.2664582359375 0.6699218734375 0.2569039578125 0.6923828125 0.28025886093749997 0.7001953140625 0.29087472812500004 0.6787109375 0.2664582359375 0.6699218734375
0 0.2271795328125 0.6806640625 0.2027630390625 0.6699218734375 0.1910855875 0.6787109375 0.1910855875 0.6923828125 0.2144404921875 0.7021484375 0.2271795328125 0.6806640625
0 0.1932087609375 0.6318359375 0.17091544218750002 0.6171875015625 0.15711481562500001 0.6279296859375 0.15711481562500001 0.6416015625 0.1825928953125 0.6494140625 0.1932087609375 0.6318359375
0 0.7940667765625 0.6455078125 0.7961899484375 0.6298828125 0.7717734578125001 0.619140625 0.7600960046874999 0.6376953140625 0.7834509109375001 0.6513671875 0.7940667765625 0.6455078125
0 0.701708740625 0.6171875015625 0.694277634375 0.6416015625 0.71550936875 0.6494140625 0.72824840625 0.6259765625 0.701708740625 0.6171875015625
0 0.6358903734375 0.619140625 0.6263360921875 0.6435546859375 0.649690996875 0.6513671875 0.6603068624999999 0.6259765625 0.6358903734375 0.619140625
0 0.5700720031250001 0.619140625 0.5626408984375 0.6435546859375 0.588118975 0.6494140625 0.5944884953125 0.6259765625 0.5700720031250001 0.619140625
0 0.5307932984375 0.6279296859375 0.5084999796874999 0.6171875015625 0.49469935625000006 0.6357421875 0.504253634375 0.6484375015625 0.5201774328125001 0.6494140625 0.5307932984375 0.6279296859375
0 0.4501127171875 0.6474609375 0.46072858437499997 0.6376953140625 0.45860541093749996 0.6240234375 0.44905113124999996 0.6171875015625 0.429942571875 0.62109375 0.428880984375 0.6435546859375 0.4501127171875 0.6474609375
0 0.386417521875 0.6494140625 0.3970333875 0.6298828125 0.38747910937499996 0.619140625 0.37261689531250003 0.619140625 0.36093944218749996 0.6396484375 0.37261689531250003 0.650390625 0.386417521875 0.6494140625
0 0.326968671875 0.6318359375 0.304675353125 0.6171875015625 0.2929979 0.6240234375 0.29087472812500004 0.6396484375 0.3099832859375 0.6494140625 0.326968671875 0.6318359375
0 0.24841126406249997 0.6494140625 0.2590271296875 0.6416015625 0.2590271296875 0.6259765625 0.23673381093749998 0.6171875015625 0.22293318593749997 0.6396484375 0.23461063906250001 0.650390625 0.24841126406249997 0.6494140625
0 0.83228389375 0.5830078125 0.8121137484375 0.56640625 0.7983131218749999 0.5732421875 0.7961899484375 0.5888671875 0.8195448531249999 0.6005859375 0.83228389375 0.5830078125
0 0.7516033109375 0.5986328125 0.76434235 0.5771484375 0.754788071875 0.56640625 0.7399258578125 0.56640625 0.72824840625 0.5771484375 0.7303715796875 0.5908203140625 0.7516033109375 0.5986328125
0 0.674107490625 0.5644531265625 0.6603068624999999 0.5869140625 0.6815385968750001 0.5986328125 0.6964008078124999 0.5771484375 0.674107490625 0.5644531265625
0 0.628459265625 0.5908203140625 0.6263360921875 0.5732421875 0.599796428125 0.5703124984375 0.5966116687499999 0.5947265625 0.619966571875 0.5986328125 0.628459265625 0.5908203140625
0 0.5520250296875 0.5986328125 0.5647640703125 0.5810546859375 0.555209790625 0.568359375 0.5403475796875 0.56640625 0.5286701265625 0.5849609375 0.53822440625 0.59765625 0.5520250296875 0.5986328125
0 0.49469935625000006 0.5888671875 0.49469935625000006 0.5732421875 0.4724060375 0.56640625 0.46072858437499997 0.5869140625 0.48408348749999996 0.5966796859375 0.49469935625000006 0.5888671875
0 0.41614194531250004 0.5966796859375 0.4267578140625 0.5908203140625 0.428880984375 0.5751953140625 0.40658766718750006 0.5644531265625 0.3949102140625 0.5732421875 0.3949102140625 0.5888671875 0.41614194531250004 0.5966796859375
0 0.3503235765625 0.5966796859375 0.36093944218749996 0.5771484375 0.3428924703125 0.5644531265625 0.326968671875 0.5732421875 0.3248455 0.5869140625 0.33652295312499997 0.59765625 0.3503235765625 0.5966796859375
0 0.27282775625 0.5644531265625 0.2590271296875 0.5849609375 0.282382034375 0.5966796859375 0.2929979 0.5732421875 0.27282775625 0.5644531265625
0 0.21019414687500002 0.5966796859375 0.2271795328125 0.5810546859375 0.21762525312499997 0.56640625 0.2048862140625 0.5644531265625 0.1932087609375 0.5712890625 0.1910855875 0.5869140625 0.21019414687500002 0.5966796859375
0 0.7961899484375 0.5263671875 0.78663566875 0.515625 0.7717734578125001 0.515625 0.7600960046874999 0.5341796859375 0.7834509109375001 0.5458984375 0.7961899484375 0.5263671875
0 0.7303715796875 0.5244140625 0.7123246062499999 0.5136718734375 0.694277634375 0.5322265625 0.7059550875 0.546875 0.7197557140625 0.5458984375 0.7303715796875 0.5244140625
0 0.64013671875 0.5136718734375 0.6263360921875 0.5302734375 0.6475678265625 0.5458984375 0.6624300375 0.5263671875 0.64013671875 0.5136718734375
0 0.57431835 0.5136718734375 0.5626408984375 0.5361328125 0.588118975 0.5439453140625 0.5966116687499999 0.5244140625 0.57431835 0.5136718734375
0 0.5307932984375 0.5302734375 0.5233621937499999 0.5175781265625 0.5063768078125 0.515625 0.49469935625000006 0.5361328125 0.5159310875 0.5478515625 0.5307932984375 0.5302734375
0 0.46072858437499997 0.5244140625 0.438435265625 0.5136718734375 0.4246346390625 0.5322265625 0.4363120921875 0.5449218734375 0.452235890625 0.5439453140625 0.46072858437499997 0.5244140625
0 0.3949102140625 0.5361328125 0.3949102140625 0.5205078125 0.3704937234375 0.5136718734375 0.36093944218749996 0.5341796859375 0.3842943484375 0.5439453140625 0.3949102140625 0.5361328125
0 0.3290918453125 0.5263671875 0.30679852812499997 0.515625 0.295121075 0.5244140625 0.295121075 0.5380859375 0.3205991515625 0.5458984375 0.3290918453125 0.5263671875
0 0.261150303125 0.5244140625 0.23673381093749998 0.515625 0.2271795328125 0.5361328125 0.238856984375 0.546875 0.25265760937500004 0.5458984375 0.261150303125 0.5244140625
0 0.1910855875 0.5224609375 0.16879226875 0.5136718734375 0.15711481562500001 0.5224609375 0.15711481562500001 0.5361328125 0.1825928953125 0.5439453140625 0.1910855875 0.5224609375
0 0.8036210546874999 0.462890625 0.7940667765625 0.4873046859375 0.8174216812499999 0.4951171875 0.828037546875 0.4736328125 0.8036210546874999 0.462890625
0 0.7622191765624999 0.4892578125 0.76434235 0.4736328125 0.7420490328125 0.462890625 0.7303715796875 0.4833984375 0.7516033109375 0.4951171875 0.7622191765624999 0.4892578125
0 0.6836617687500001 0.4970703140625 0.6964008078124999 0.4892578125 0.6985239828124999 0.4736328125 0.680477009375 0.462890625 0.6645532109375 0.4736328125 0.6645532109375 0.4853515625 0.6836617687500001 0.4970703140625
0 0.628459265625 0.4775390625 0.6061659484375 0.462890625 0.5923653203125 0.4853515625 0.6040427734375 0.49609375 0.6178434 0.4951171875 0.628459265625 0.4775390625
0 0.5403475796875 0.462890625 0.5286701265625 0.4853515625 0.5520250296875 0.4951171875 0.5626408984375 0.4736328125 0.5403475796875 0.462890625
0 0.4724060375 0.46484375 0.46072858437499997 0.4892578125 0.4862066609375 0.4970703140625 0.49469935625000006 0.4736328125 0.4724060375 0.46484375
0 0.43100415937500003 0.4736328125 0.40871084062499996 0.462890625 0.3970333875 0.4716796859375 0.3970333875 0.4853515625 0.42251146562499997 0.4931640625 0.43100415937500003 0.4736328125
0 0.36093944218749996 0.4736328125 0.33652295312499997 0.46484375 0.3248455 0.4853515625 0.33652295312499997 0.49609375 0.3503235765625 0.4951171875 0.36093944218749996 0.4736328125
0 0.2707045828125 0.46484375 0.261150303125 0.4873046859375 0.282382034375 0.4970703140625 0.295121075 0.4736328125 0.2707045828125 0.46484375
0 0.22930270625000002 0.4794921875 0.219748425 0.4667968734375 0.2048862140625 0.46484375 0.1932087609375 0.4873046859375 0.2144404921875 0.4970703140625 0.22930270625000002 0.4794921875
0 0.789820428125 0.4423828125 0.7940667765625 0.4248046859375 0.7717734578125001 0.4140624984375 0.7600960046874999 0.4365234375 0.7792045625 0.4462890625 0.789820428125 0.4423828125
0 0.7123246062499999 0.412109375 0.6964008078124999 0.4326171875 0.7197557140625 0.4443359375 0.732494753125 0.4267578125 0.7123246062499999 0.412109375
0 0.651814171875 0.4423828125 0.6624300375 0.4248046859375 0.6549989296875001 0.4140624984375 0.6380135453125 0.412109375 0.6263360921875 0.4326171875 0.6380135453125 0.443359375 0.651814171875 0.4423828125
0 0.5944884953125 0.4228515625 0.57431835 0.412109375 0.5605177234375 0.4228515625 0.5605177234375 0.4345703140625 0.5838726296875001 0.4423828125 0.5944884953125 0.4228515625
0 0.504253634375 0.4140624984375 0.49894570156249995 0.4384765625 0.52230060625 0.4423828125 0.5286701265625 0.4189453140625 0.504253634375 0.4140624984375
0 0.44798954531249996 0.4443359375 0.46072858437499997 0.4384765625 0.46285175624999997 0.4248046859375 0.453297478125 0.4140624984375 0.438435265625 0.4140624984375 0.428880984375 0.4345703140625 0.44798954531249996 0.4443359375
0 0.3949102140625 0.4365234375 0.3949102140625 0.4208984375 0.3704937234375 0.4140624984375 0.36093944218749996 0.4326171875 0.380048003125 0.4443359375 0.3949102140625 0.4365234375
0 0.3290918453125 0.4248046859375 0.3195375671875 0.4140624984375 0.304675353125 0.4140624984375 0.295121075 0.4345703140625 0.31847597968749997 0.4443359375 0.3290918453125 0.4248046859375
0 0.232487465625 0.4140624984375 0.22293318593749997 0.4326171875 0.24841126406249997 0.4443359375 0.2590271296875 0.4228515625 0.232487465625 0.4140624984375
0 0.1932087609375 0.4228515625 0.179408134375 0.412109375 0.16454592343750002 0.416015625 0.159237990625 0.4365234375 0.1847160671875 0.4443359375 0.1932087609375 0.4228515625
0 0.83016071875 0.3740234375 0.820606440625 0.36328125 0.8057442281249999 0.36328125 0.7961899484375 0.3857421875 0.8195448531249999 0.3935546859375 0.83016071875 0.3740234375
0 0.7399258578125 0.36328125 0.72824840625 0.3857421875 0.7516033109375 0.3935546859375 0.7622191765624999 0.3740234375 0.7399258578125 0.36328125
0 0.6921544625 0.3857421875 0.6921544625 0.3701171875 0.66986114375 0.36328125 0.6603068624999999 0.3857421875 0.6815385968750001 0.3935546859375 0.6921544625 0.3857421875
0 0.628459265625 0.3701171875 0.6082891218750001 0.3613281265625 0.5944884953125 0.3818359375 0.6040427734375 0.3925781265625 0.6178434 0.3916015625 0.628459265625 0.3701171875
0 0.5626408984375 0.3740234375 0.5403475796875 0.3613281265625 0.5286701265625 0.3818359375 0.53822440625 0.3925781265625 0.5541482046875 0.3916015625 0.5626408984375 0.3740234375
0 0.4724060375 0.3613281265625 0.46285175624999997 0.3818359375 0.4862066609375 0.3916015625 0.49682252812499994 0.3701171875 0.4724060375 0.3613281265625
0 0.43100415937500003 0.3837890625 0.4267578140625 0.3662109375 0.4044644953125 0.36328125 0.3970333875 0.3837890625 0.42251146562499997 0.3916015625 0.43100415937500003 0.3837890625
0 0.3630626171875 0.3740234375 0.34076929843750003 0.3613281265625 0.3290918453125 0.3818359375 0.338646125 0.3925781265625 0.3545699234375 0.3916015625 0.3630626171875 0.3740234375
0 0.29936742031249997 0.3759765625 0.2898131421875 0.36328125 0.274950928125 0.3613281265625 0.263273478125 0.3798828125 0.284505209375 0.3916015625 0.29936742031249997 0.3759765625
0 0.20913255937500003 0.3613281265625 0.1953319359375 0.3818359375 0.21656366718750003 0.3935546859375 0.23142587812499998 0.3740234375 0.20913255937500003 0.3613281265625
0 0.7696502828125 0.3144531265625 0.76434235 0.3349609375 0.789820428125 0.3408203140625 0.7961899484375 0.3193359375 0.7696502828125 0.3144531265625
0 0.732494753125 0.3291015625 0.72824840625 0.3173828125 0.703831915625 0.3125 0.6964008078124999 0.3330078125 0.7218788859374999 0.3408203140625 0.732494753125 0.3291015625
0 0.6581836921875001 0.3349609375 0.6603068624999999 0.3193359375 0.6380135453125 0.3105468734375 0.6263360921875 0.3291015625 0.6475678265625 0.3408203140625 0.6581836921875001 0.3349609375
0 0.5944884953125 0.3310546859375 0.5849342171874999 0.3125 0.5605177234375 0.3212890625 0.5626408984375 0.3369140625 0.577503109375 0.3427734375 0.5944884953125 0.3310546859375
0 0.5307932984375 0.3193359375 0.5084999796874999 0.3105468734375 0.49682252812499994 0.3310546859375 0.5084999796874999 0.3417968734375 0.52230060625 0.3408203140625 0.5307932984375 0.3193359375
0 0.46285175624999997 0.3193359375 0.4448047828125 0.30859375 0.428880984375 0.3291015625 0.4405584375 0.3417968734375 0.452235890625 0.3408203140625 0.46285175624999997 0.3193359375
0 0.3970333875 0.3232421875 0.37261689531250003 0.3125 0.3630626171875 0.3330078125 0.37261689531250003 0.34375 0.38854069375 0.3427734375 0.3970333875 0.3232421875
0 0.30679852812499997 0.30859375 0.2972442484375 0.3330078125 0.3205991515625 0.3408203140625 0.3312150203125 0.3212890625 0.30679852812499997 0.30859375
0 0.263273478125 0.3212890625 0.24098015625000002 0.3105468734375 0.2271795328125 0.3232421875 0.22930270625000002 0.3330078125 0.25265760937500004 0.3408203140625 0.263273478125 0.3212890625
0 0.1953319359375 0.3193359375 0.1730386140625 0.30859375 0.159237990625 0.3310546859375 0.17091544218750002 0.3417968734375 0.1847160671875 0.3408203140625 0.1953319359375 0.3193359375
0 0.8014978812500001 0.26171875 0.7940667765625 0.2822265625 0.8195448531249999 0.2880859375 0.8259143734375 0.2666015625 0.8014978812500001 0.26171875
0 0.76434235 0.2802734375 0.7600960046874999 0.2646484375 0.7356795125 0.2636718734375 0.732494753125 0.2841796859375 0.75584965625 0.2900390625 0.76434235 0.2802734375
0 0.694277634375 0.2822265625 0.6921544625 0.2705078125 0.6677379703125 0.2636718734375 0.6624300375 0.2880859375 0.6836617687500001 0.2919921875 0.694277634375 0.2822265625
0 0.630582440625 0.2724609375 0.6231513328125 0.26171875 0.6061659484375 0.259765625 0.5966116687499999 0.2802734375 0.6135970546875 0.2900390625 0.630582440625 0.2724609375
0 0.5403475796875 0.26171875 0.5286701265625 0.2802734375 0.5499018578125 0.2919921875 0.5626408984375 0.2724609375 0.5403475796875 0.26171875
0 0.49682252812499994 0.2724609375 0.4872682484375 0.26171875 0.4724060375 0.26171875 0.46285175624999997 0.2822265625 0.481960315625 0.2919921875 0.49682252812499994 0.2724609375
0 0.4267578140625 0.2705078125 0.40234132031250003 0.2636718734375 0.3927870421875 0.2763671875 0.3970333875 0.2880859375 0.41826511875000005 0.2919921875 0.4267578140625 0.2705078125
0 0.365185790625 0.2822265625 0.36093944218749996 0.2646484375 0.33652295312499997 0.2636718734375 0.3333381921875 0.2841796859375 0.356693096875 0.2900390625 0.365185790625 0.2822265625
0 0.2707045828125 0.259765625 0.2590271296875 0.2783203140625 0.282382034375 0.2900390625 0.2929979 0.2685546859375 0.2707045828125 0.259765625
0 0.20913255937500003 0.2578124984375 0.1953319359375 0.2783203140625 0.21656366718750003 0.2900390625 0.22930270625000002 0.2685546859375 0.20913255937500003 0.2578124984375
0 0.7961899484375 0.2197265625 0.776019803125 0.208984375 0.76434235 0.2177734375 0.76434235 0.2333984375 0.78769725625 0.2392578125 0.7961899484375 0.2197265625
0 0.7303715796875 0.2197265625 0.7102014359375 0.208984375 0.6964008078124999 0.2275390625 0.703831915625 0.23828125 0.7197557140625 0.2392578125 0.7303715796875 0.2197265625
0 0.64013671875 0.208984375 0.628459265625 0.2314453140625 0.65393734375 0.2392578125 0.6624300375 0.2177734375 0.64013671875 0.208984375
0 0.5966116687499999 0.2294921875 0.5944884953125 0.2158203140625 0.5721951765625 0.208984375 0.5626408984375 0.2294921875 0.5859958015625 0.2392578125 0.5966116687499999 0.2294921875
0 0.5021304609375 0.212890625 0.49682252812499994 0.2333984375 0.52230060625 0.2392578125 0.5286701265625 0.2177734375 0.5021304609375 0.212890625
0 0.4649749296875 0.2197265625 0.4554206515625 0.208984375 0.4405584375 0.208984375 0.43100415937500003 0.2314453140625 0.45435906406250004 0.2392578125 0.4649749296875 0.2197265625
0 0.3949102140625 0.2138671875 0.37261689531250003 0.20703125 0.3630626171875 0.2275390625 0.37261689531250003 0.23828125 0.38854069375 0.2373046859375 0.3949102140625 0.2138671875
0 0.30255218125 0.2109375015625 0.2972442484375 0.2333984375 0.3205991515625 0.2392578125 0.326968671875 0.2158203140625 0.30255218125 0.2109375015625
0 0.24841126406249997 0.2392578125 0.2590271296875 0.2333984375 0.261150303125 0.2177734375 0.24310333125 0.20703125 0.2271795328125 0.2255859375 0.23461063906250001 0.23828125 0.24841126406249997 0.2392578125
0 0.1932087609375 0.2158203140625 0.16879226875 0.20703125 0.15711481562500001 0.2275390625 0.16879226875 0.23828125 0.1825928953125 0.2373046859375 0.1932087609375 0.2158203140625
0 0.8078673999999999 0.1582031265625 0.7919436015625 0.1787109375 0.8152985078125001 0.1904296859375 0.828037546875 0.1708984375 0.8078673999999999 0.1582031265625
0 0.7600960046874999 0.1826171875 0.7600960046874999 0.1689453140625 0.7378026859375 0.16015625 0.726125234375 0.1787109375 0.747356965625 0.1904296859375 0.7600960046874999 0.1826171875
0 0.6719843156249999 0.16015625 0.6603068624999999 0.1806640625 0.6857849421875 0.1904296859375 0.694277634375 0.1689453140625 0.6719843156249999 0.16015625
0 0.622089746875 0.1904296859375 0.630582440625 0.1708984375 0.621028159375 0.16015625 0.6061659484375 0.16015625 0.5966116687499999 0.1806640625 0.6061659484375 0.19140625 0.622089746875 0.1904296859375
0 0.5626408984375 0.1669921875 0.5424707515625 0.1582031265625 0.5286701265625 0.1787109375 0.53822440625 0.1894531265625 0.5520250296875 0.1884765625 0.5626408984375 0.1669921875
0 0.49894570156249995 0.1787109375 0.49682252812499994 0.1650390625 0.4724060375 0.1582031265625 0.4649749296875 0.1787109375 0.4883298359375 0.1884765625 0.49894570156249995 0.1787109375
0 0.4267578140625 0.1826171875 0.428880984375 0.1669921875 0.4044644953125 0.1582031265625 0.3949102140625 0.1806640625 0.41614194531250004 0.1884765625 0.4267578140625 0.1826171875
0 0.338646125 0.1582031265625 0.3312150203125 0.1787109375 0.3545699234375 0.1884765625 0.365185790625 0.1669921875 0.338646125 0.1582031265625
0 0.2972442484375 0.1689453140625 0.274950928125 0.1542968734375 0.263273478125 0.1630859375 0.263273478125 0.1787109375 0.28662838125 0.1865234375 0.2972442484375 0.1689453140625
0 0.22930270625000002 0.1669921875 0.21550207968750001 0.15625 0.1963935203125 0.16015625 0.1953319359375 0.1806640625 0.2208100125 0.1865234375 0.22930270625000002 0.1669921875
0 0.7940667765625 0.1142578125 0.7845124953125 0.10742187343750001 0.767527109375 0.11132812656249999 0.76434235 0.1337890625 0.78769725625 0.1376953140625 0.7940667765625 0.1142578125
0 0.7059550875 0.10742187343750001 0.6964008078124999 0.1318359375 0.7218788859374999 0.1376953140625 0.72824840625 0.1142578125 0.7059550875 0.10742187343750001
0 0.6624300375 0.1337890625 0.6645532109375 0.1181640625 0.64225989375 0.10742187343750001 0.630582440625 0.1279296859375 0.651814171875 0.1396484375 0.6624300375 0.1337890625
0 0.57431835 0.10546875 0.5647640703125 0.1298828125 0.5859958015625 0.1376953140625 0.5966116687499999 0.1162109375 0.57431835 0.10546875
0 0.5201774328125001 0.1357421875 0.5307932984375 0.1181640625 0.5233621937499999 0.10742187343750001 0.5063768078125 0.10546875 0.49469935625000006 0.1259765625 0.504253634375 0.13671875 0.5201774328125001 0.1357421875
0 0.452235890625 0.1376953140625 0.46285175624999997 0.1298828125 0.46285175624999997 0.1142578125 0.44268161250000004 0.10546875 0.43100415937500003 0.1142578125 0.43100415937500003 0.1298828125 0.452235890625 0.1376953140625
0 0.3970333875 0.1162109375 0.378986415625 0.103515625 0.3673089625 0.1083984375 0.3630626171875 0.1279296859375 0.386417521875 0.1376953140625 0.3970333875 0.1162109375
0 0.304675353125 0.10546875 0.2972442484375 0.1298828125 0.31847597968749997 0.1357421875 0.3290918453125 0.1142578125 0.304675353125 0.10546875
0 0.261150303125 0.1298828125 0.261150303125 0.1142578125 0.238856984375 0.103515625 0.2271795328125 0.1279296859375 0.24841126406249997 0.1376953140625 0.261150303125 0.1298828125
0 0.19745510625 0.1181640625 0.1751617890625 0.103515625 0.159237990625 0.1142578125 0.159237990625 0.1279296859375 0.1825928953125 0.1376953140625 0.19745510625 0.1181640625