0 0.080078125 0.87024255625 0.0908203125 0.8826541390625 0.1025390625 0.8826541390625 0.111328125 0.874755859375 0.1123046875 0.857830975 0.1064453125 0.8488043703124999 0.0908203125 0.8465477203124999 0.08203125 0.8544459984375001 0.080078125 0.87024255625
0 0.0888671875 0.803671346875 0.1025390625 0.803671346875 0.111328125 0.7935164171875 0.1103515625 0.7765915328124999 0.1064453125 0.7698215796875 0.0830078125 0.77207823125 0.08203125 0.79802971875 0.0888671875 0.803671346875
0 0.076171875 0.7055070203125 0.076171875 0.7213035796875 0.0849609375 0.731458509375 0.1044921875 0.7292018578125 0.1103515625 0.7134053 0.10546875 0.6987370671875001 0.0986328125 0.6953520906249999 0.0849609375 0.6976087421875 0.076171875 0.7055070203125
0 0.076171875 0.646834090625 0.0830078125 0.65473236875 0.1005859375 0.65473236875 0.107421875 0.6423207875 0.1064453125 0.62990920625 0.0966796875 0.6208826015625 0.0849609375 0.6208826015625 0.076171875 0.62878088125 0.076171875 0.646834090625
0 0.07421875 0.5701079499999999 0.0849609375 0.5802628796875 0.0947265625 0.5802628796875 0.103515625 0.5746212515625 0.1064453125 0.5554397171875001 0.1005859375 0.5464131125 0.0810546875 0.5464131125 0.07421875 0.5565680421875 0.07421875 0.5701079499999999
0 0.07421875 0.5024084140625 0.0791015625 0.5080500421874999 0.1005859375 0.505793390625 0.10546875 0.4978951125 0.1044921875 0.480970228125 0.0927734375 0.4719436234375 0.0771484375 0.47645692500000003 0.072265625 0.49338180937500004 0.07421875 0.5024084140625
0 0.0703125 0.42342562343749995 0.0791015625 0.433580553125 0.0947265625 0.433580553125 0.103515625 0.4256822734375 0.1044921875 0.411014040625 0.0908203125 0.3997307859375 0.0791015625 0.3997307859375 0.0703125 0.40988571562500004 0.0703125 0.42342562343749995
0 0.072265625 0.34669948281249996 0.0810546875 0.35911106406250004 0.0947265625 0.35911106406250004 0.10546875 0.348956134375 0.1044921875 0.3342879015625 0.0966796875 0.325261296875 0.0810546875 0.325261296875 0.072265625 0.333159575 0.072265625 0.34669948281249996
0 0.068359375 0.26771669062500003 0.072265625 0.2812565984375 0.0810546875 0.289154878125 0.0966796875 0.284641575 0.1025390625 0.2688450171875 0.099609375 0.2586900859375 0.0869140625 0.2507918078125 0.0771484375 0.253048459375 0.068359375 0.26771669062500003
0 0.06640625 0.1932472015625 0.0751953125 0.21017208593749998 0.0888671875 0.21017208593749998 0.099609375 0.20001715625 0.0986328125 0.1853489234375 0.0927734375 0.17632231874999998 0.0791015625 0.1740656671875 0.0703125 0.17970729531250001 0.06640625 0.1932472015625
0 0.1328125 0.827366184375 0.1435546875 0.839777765625 0.1552734375 0.839777765625 0.1640625 0.8296228359375 0.1630859375 0.8149546031250001 0.1533203125 0.8059279984375 0.1435546875 0.8059279984375 0.134765625 0.816082928125 0.1328125 0.827366184375
0 0.12890625 0.755153346875 0.1396484375 0.767564928125 0.1552734375 0.767564928125 0.1630859375 0.7472550671875 0.1533203125 0.731458509375 0.1416015625 0.731458509375 0.130859375 0.7416134390625 0.12890625 0.755153346875
0 0.130859375 0.6806838578125001 0.1435546875 0.6908387874999999 0.1552734375 0.6885821375 0.162109375 0.6806838578125001 0.1611328125 0.6637589734375 0.1494140625 0.65473236875 0.1376953125 0.6569890203125001 0.12890625 0.671657253125 0.130859375 0.6806838578125001
0 0.12890625 0.6084710203125 0.1376953125 0.61862595 0.1533203125 0.6163692984375 0.16015625 0.6084710203125 0.1591796875 0.5938027875 0.1494140625 0.58251953125 0.1357421875 0.58251953125 0.12890625 0.5926744609375 0.12890625 0.6084710203125
0 0.12890625 0.5385148328125 0.1376953125 0.5464131125 0.1533203125 0.5441564609375 0.158203125 0.53625818125 0.1572265625 0.5193332984375 0.1474609375 0.51030669375 0.1337890625 0.5125633453125 0.12890625 0.518204971875 0.12890625 0.5385148328125
0 0.12890625 0.4595320421875 0.1376953125 0.4719436234375 0.1474609375 0.4719436234375 0.158203125 0.46178869375 0.1572265625 0.4426071578125 0.1494140625 0.433580553125 0.1357421875 0.433580553125 0.130859375 0.43922218125 0.12890625 0.4595320421875
0 0.123046875 0.3828059015625 0.1337890625 0.3952174828125 0.1455078125 0.3952174828125 0.15625 0.385062553125 0.1552734375 0.3703943203125 0.1435546875 0.35911106406250004 0.1337890625 0.35911106406250004 0.126953125 0.3647526921875 0.123046875 0.3828059015625
0 0.123046875 0.3105930640625 0.1318359375 0.3230046453125 0.1435546875 0.3230046453125 0.154296875 0.31284971562499997 0.1552734375 0.30269478437499997 0.1494140625 0.289154878125 0.1337890625 0.2868982265625 0.123046875 0.29705315625 0.123046875 0.3105930640625
0 0.123046875 0.22032701718749997 0.123046875 0.2338669234375 0.1337890625 0.24853515625 0.1474609375 0.2462785046875 0.154296875 0.2383802265625 0.1552734375 0.2282252953125 0.15234375 0.21807036562499998 0.1435546875 0.21017208593749998 0.1337890625 0.21017208593749998 0.123046875 0.22032701718749997
0 0.17578125 0.19550385312500002 0.1865234375 0.20565878437500001 0.1982421875 0.20565878437500001 0.205078125 0.20001715625 0.2060546875 0.1853489234375 0.1982421875 0.171809015625 0.1904296875 0.169552365625 0.17578125 0.181963946875 0.17578125 0.19550385312500002
0 0.17578125 0.2699733421875 0.1826171875 0.2823849234375 0.1962890625 0.284641575 0.208984375 0.27222999375 0.2080078125 0.2598184125 0.2021484375 0.2507918078125 0.1884765625 0.24853515625 0.1796875 0.254176784375 0.17578125 0.2699733421875
0 0.17578125 0.34669948281249996 0.1845703125 0.3568544125 0.2001953125 0.3568544125 0.208984375 0.34444283124999997 0.2080078125 0.3342879015625 0.2001953125 0.3230046453125 0.1884765625 0.3230046453125 0.17578125 0.333159575 0.17578125 0.34669948281249996
0 0.1796875 0.42116897187499996 0.1865234375 0.4313239015625 0.2021484375 0.4313239015625 0.2109375 0.4189123203125 0.2099609375 0.40875739062500005 0.2021484375 0.397474134375 0.1884765625 0.3952174828125 0.1796875 0.4053724140625 0.1796875 0.42116897187499996
0 0.181640625 0.4978951125 0.1884765625 0.505793390625 0.2041015625 0.505793390625 0.2109375 0.4956384609375 0.2099609375 0.4787135765625 0.2041015625 0.4719436234375 0.1884765625 0.4719436234375 0.181640625 0.47984190312499997 0.181640625 0.4978951125
0 0.181640625 0.5701079499999999 0.1923828125 0.5802628796875 0.2001953125 0.5802628796875 0.2109375 0.5701079499999999 0.2119140625 0.5554397171875001 0.2080078125 0.5464131125 0.1923828125 0.541899809375 0.181640625 0.552054740625 0.181640625 0.5701079499999999
0 0.181640625 0.6400641359375 0.1884765625 0.6502190671875 0.2021484375 0.6524757171875 0.2109375 0.6445774390625 0.2138671875 0.62990920625 0.2060546875 0.61862595 0.1904296875 0.6163692984375 0.181640625 0.62878088125 0.181640625 0.6400641359375
0 0.18359375 0.7213035796875 0.1904296875 0.7292018578125 0.2080078125 0.7292018578125 0.21484375 0.719046928125 0.2138671875 0.7043786953125 0.2080078125 0.6953520906249999 0.1904296875 0.6953520906249999 0.181640625 0.7100203234375 0.18359375 0.7213035796875
0 0.1875 0.79802971875 0.1943359375 0.803671346875 0.2099609375 0.8014146953125 0.216796875 0.791259765625 0.2158203125 0.7765915328124999 0.2060546875 0.767564928125 0.1904296875 0.7698215796875 0.185546875 0.779976509375 0.1875 0.79802971875
0 0.185546875 0.8657292546875001 0.1962890625 0.8781408359375 0.2060546875 0.8781408359375 0.216796875 0.86798590625 0.2177734375 0.8510610218749999 0.2080078125 0.839777765625 0.1943359375 0.839777765625 0.185546875 0.8521893468749999 0.185546875 0.8657292546875001
0 0.23828125 0.8251095328125 0.2470703125 0.837521115625 0.2626953125 0.837521115625 0.271484375 0.827366184375 0.2705078125 0.8126979515625001 0.2626953125 0.803671346875 0.2470703125 0.803671346875 0.240234375 0.8115696265624999 0.23828125 0.8251095328125
0 0.23828125 0.7528966953125 0.2470703125 0.7630516265625 0.2646484375 0.7630516265625 0.26953125 0.755153346875 0.2685546875 0.7359718109375 0.2626953125 0.7292018578125 0.2470703125 0.7292018578125 0.240234375 0.7371001374999999 0.23828125 0.7528966953125
0 0.2431640625 0.6885821375 0.2607421875 0.6885821375 0.267578125 0.6806838578125001 0.2666015625 0.6637589734375 0.2529296875 0.65473236875 0.2412109375 0.6569890203125001 0.236328125 0.6784272062500001 0.2431640625 0.6885821375
0 0.234375 0.601701065625 0.2431640625 0.6141126484375 0.2607421875 0.6141126484375 0.26953125 0.5994444156250001 0.2685546875 0.5915461359374999 0.2587890625 0.5802628796875 0.2470703125 0.5802628796875 0.23828125 0.5859045078125 0.234375 0.601701065625
0 0.234375 0.5317448796875001 0.2470703125 0.541899809375 0.2587890625 0.539643159375 0.265625 0.529488228125 0.2646484375 0.5148199953125 0.2587890625 0.5080500421874999 0.2412109375 0.5080500421874999 0.234375 0.5159483218750001 0.234375 0.5317448796875001
0 0.234375 0.457275390625 0.2451171875 0.4674303203125 0.2568359375 0.4674303203125 0.263671875 0.46178869375 0.2666015625 0.4471204609375 0.2587890625 0.433580553125 0.2470703125 0.4313239015625 0.234375 0.4414788328125 0.234375 0.457275390625
0 0.23046875 0.38054925 0.2392578125 0.39070418125 0.2548828125 0.39070418125 0.26171875 0.3828059015625 0.2626953125 0.36813766875 0.2548828125 0.35911106406250004 0.2392578125 0.3568544125 0.23046875 0.36700934375 0.23046875 0.38054925
0 0.228515625 0.3083364125 0.2392578125 0.32074799375 0.2529296875 0.3184913421875 0.259765625 0.3083364125 0.2587890625 0.2936681796875 0.2529296875 0.284641575 0.2373046875 0.284641575 0.228515625 0.29479650625 0.228515625 0.3083364125
0 0.2333984375 0.241765203125 0.2490234375 0.24402185312500002 0.2578125 0.236123575 0.2587890625 0.2214553421875 0.2509765625 0.21017208593749998 0.2353515625 0.21017208593749998 0.2265625 0.2270969703125 0.2333984375 0.241765203125
0 0.28125 0.1977605046875 0.2880859375 0.20340213281250002 0.3056640625 0.20340213281250002 0.310546875 0.1977605046875 0.3095703125 0.17632231874999998 0.3017578125 0.169552365625 0.2861328125 0.171809015625 0.279296875 0.184220596875 0.28125 0.1977605046875
0 0.279296875 0.265460040625 0.2880859375 0.2801282734375 0.3017578125 0.2823849234375 0.3125 0.26771669062500003 0.3115234375 0.2575617609375 0.3076171875 0.24853515625 0.2978515625 0.24402185312500002 0.2861328125 0.24853515625 0.279296875 0.265460040625
0 0.28515625 0.3399295296875 0.2919921875 0.350084459375 0.3056640625 0.3523411109375 0.31640625 0.3399295296875 0.3154296875 0.327517946875 0.3076171875 0.3184913421875 0.2919921875 0.3184913421875 0.28515625 0.3286462734375 0.28515625 0.3399295296875
0 0.28515625 0.41665566875 0.2919921875 0.42681060000000004 0.3076171875 0.42681060000000004 0.31640625 0.41665566875 0.3154296875 0.40198743593749997 0.3095703125 0.3952174828125 0.2939453125 0.39296083125000003 0.28515625 0.4031157625 0.28515625 0.41665566875
0 0.28515625 0.4888685078125 0.2939453125 0.503536740625 0.3056640625 0.505793390625 0.314453125 0.5001517625 0.3173828125 0.4832268796875 0.3134765625 0.4719436234375 0.2958984375 0.4674303203125 0.287109375 0.4775852515625 0.28515625 0.4888685078125
0 0.28515625 0.5610813453125 0.2958984375 0.5802628796875 0.3076171875 0.5802628796875 0.314453125 0.5746212515625 0.3173828125 0.5576963687500001 0.3134765625 0.5464131125 0.2978515625 0.541899809375 0.287109375 0.552054740625 0.28515625 0.5610813453125
0 0.2890625 0.6423207875 0.2978515625 0.6502190671875 0.3095703125 0.6502190671875 0.3203125 0.6400641359375 0.3212890625 0.625395903125 0.3115234375 0.6163692984375 0.2978515625 0.6163692984375 0.2890625 0.6265242296875 0.2890625 0.6423207875
0 0.294921875 0.7235602296875 0.3017578125 0.7292018578125 0.3134765625 0.7292018578125 0.322265625 0.719046928125 0.3212890625 0.6976087421875 0.3076171875 0.6885821375 0.2998046875 0.6908387874999999 0.291015625 0.707763671875 0.294921875 0.7235602296875
0 0.294921875 0.7935164171875 0.3134765625 0.8014146953125 0.32421875 0.791259765625 0.3232421875 0.77207823125 0.3115234375 0.7630516265625 0.2998046875 0.7653082765625 0.29296875 0.7754632078125 0.294921875 0.7935164171875
0 0.29296875 0.8634726031250001 0.3017578125 0.875884184375 0.3154296875 0.8781408359375 0.326171875 0.86798590625 0.3271484375 0.8533176734374999 0.3173828125 0.839777765625 0.3076171875 0.839777765625 0.294921875 0.849932696875 0.29296875 0.8634726031250001
0 0.345703125 0.8251095328125 0.3544921875 0.837521115625 0.3681640625 0.837521115625 0.37890625 0.827366184375 0.3779296875 0.8126979515625001 0.3681640625 0.8014146953125 0.3525390625 0.803671346875 0.345703125 0.8138262781250001 0.345703125 0.8251095328125
0 0.34375 0.74838339375 0.3544921875 0.7630516265625 0.3701171875 0.7630516265625 0.376953125 0.755153346875 0.3779296875 0.744998415625 0.3720703125 0.7292018578125 0.3583984375 0.72694520625 0.34765625 0.7325868343749999 0.34375 0.74838339375
0 0.341796875 0.6739139046875 0.3525390625 0.6885821375 0.3623046875 0.6885821375 0.37109375 0.6806838578125001 0.3740234375 0.666015625 0.3662109375 0.6524757171875 0.3525390625 0.6502190671875 0.34375 0.660373996875 0.341796875 0.6739139046875
0 0.337890625 0.5994444156250001 0.3466796875 0.6118559968749999 0.3603515625 0.6141126484375 0.37109375 0.601701065625 0.3701171875 0.587032834375 0.3662109375 0.5802628796875 0.3505859375 0.578006228125 0.33984375 0.588161159375 0.337890625 0.5994444156250001
0 0.33984375 0.5272315765625 0.3505859375 0.539643159375 0.3623046875 0.539643159375 0.373046875 0.5249749265625 0.3720703125 0.5125633453125 0.3623046875 0.5012800890625 0.3486328125 0.5012800890625 0.33984375 0.5136916703125001 0.33984375 0.5272315765625
0 0.33984375 0.4527620875 0.3505859375 0.46517367031249995 0.3623046875 0.46517367031249995 0.373046875 0.45050543750000005 0.3720703125 0.44035050625 0.3642578125 0.42906725156250003 0.3505859375 0.42681060000000004 0.33984375 0.43922218125 0.33984375 0.4527620875
0 0.333984375 0.3782926 0.3525390625 0.39070418125 0.3671875 0.3782926 0.3681640625 0.3703943203125 0.3603515625 0.3568544125 0.3447265625 0.35459776249999997 0.333984375 0.36700934375 0.333984375 0.3782926
0 0.333984375 0.301566459375 0.3447265625 0.3162346921875 0.3525390625 0.3184913421875 0.3671875 0.3083364125 0.3681640625 0.291411528125 0.3583984375 0.2801282734375 0.3466796875 0.2801282734375 0.3359375 0.290283203125 0.333984375 0.301566459375
0 0.333984375 0.2270969703125 0.3427734375 0.2395085515625 0.3564453125 0.241765203125 0.3671875 0.231610271875 0.3681640625 0.219198690625 0.3603515625 0.20565878437500001 0.3466796875 0.20340213281250002 0.337890625 0.21130041249999998 0.333984375 0.2270969703125
0 0.38671875 0.1932472015625 0.3935546875 0.20114548124999998 0.4091796875 0.20114548124999998 0.41796875 0.1909905515625 0.4169921875 0.17632231874999998 0.4130859375 0.169552365625 0.3955078125 0.1672957140625 0.38671875 0.17745064375 0.38671875 0.1932472015625
0 0.38671875 0.26320338906249996 0.3955078125 0.27561497031250004 0.4072265625 0.27787162187500003 0.416015625 0.27222999375 0.4189453125 0.255305109375 0.4111328125 0.241765203125 0.3955078125 0.241765203125 0.38671875 0.254176784375 0.38671875 0.26320338906249996
0 0.388671875 0.337672878125 0.3974609375 0.350084459375 0.4130859375 0.350084459375 0.421875 0.337672878125 0.4208984375 0.327517946875 0.4150390625 0.3184913421875 0.4013671875 0.3162346921875 0.392578125 0.3218763203125 0.388671875 0.337672878125
0 0.390625 0.41439901875 0.3974609375 0.42455394843749994 0.4111328125 0.42681060000000004 0.421875 0.41439901875 0.4208984375 0.3997307859375 0.4150390625 0.39296083125000003 0.4033203125 0.39070418125 0.392578125 0.398602459375 0.390625 0.41439901875
0 0.390625 0.4888685078125 0.4033203125 0.5012800890625 0.4150390625 0.5012800890625 0.423828125 0.4888685078125 0.4228515625 0.47645692500000003 0.4169921875 0.4674303203125 0.3994140625 0.4674303203125 0.392578125 0.4753286 0.390625 0.4888685078125
0 0.392578125 0.5655946468749999 0.4052734375 0.575749578125 0.4189453125 0.5734929265625001 0.427734375 0.5610813453125 0.4267578125 0.5509264140625 0.4169921875 0.539643159375 0.4013671875 0.539643159375 0.392578125 0.5497980890624999 0.392578125 0.5655946468749999
0 0.3984375 0.6423207875 0.4072265625 0.6502190671875 0.4208984375 0.647962415625 0.427734375 0.6400641359375 0.4267578125 0.6208826015625 0.4208984375 0.6141126484375 0.4033203125 0.6141126484375 0.396484375 0.6265242296875 0.3984375 0.6423207875
0 0.396484375 0.7100203234375 0.4033203125 0.7224319046875001 0.4228515625 0.7224319046875001 0.4296875 0.712276975 0.4287109375 0.6976087421875 0.4228515625 0.6885821375 0.4052734375 0.6885821375 0.3984375 0.696480415625 0.396484375 0.7100203234375
0 0.3984375 0.7890031140625 0.4091796875 0.7991580453125 0.4208984375 0.7991580453125 0.431640625 0.7867464625 0.4306640625 0.77207823125 0.4248046875 0.7653082765625 0.4072265625 0.7630516265625 0.3984375 0.7754632078125 0.3984375 0.7890031140625
0 0.400390625 0.8612159515625001 0.4072265625 0.8713708828125 0.4248046875 0.8713708828125 0.43359375 0.8589593015625001 0.4326171875 0.8465477203124999 0.4248046875 0.837521115625 0.4072265625 0.837521115625 0.400390625 0.8476760453125 0.400390625 0.8612159515625001
0 0.455078125 0.827366184375 0.4638671875 0.837521115625 0.4775390625 0.837521115625 0.486328125 0.827366184375 0.4853515625 0.8149546031250001 0.4814453125 0.8059279984375 0.4658203125 0.8014146953125 0.455078125 0.8138262781250001 0.455078125 0.827366184375
0 0.44921875 0.75064004375 0.4619140625 0.7630516265625 0.4716796875 0.7630516265625 0.48046875 0.755153346875 0.4833984375 0.7404851140625001 0.4736328125 0.7246885562500001 0.4599609375 0.7246885562500001 0.44921875 0.7371001374999999 0.44921875 0.75064004375
0 0.44921875 0.6761705546875 0.4619140625 0.6863254859375 0.4755859375 0.6818121828125 0.48046875 0.6739139046875 0.4794921875 0.6569890203125001 0.4716796875 0.6502190671875 0.4541015625 0.6524757171875 0.44921875 0.6581173453125 0.44921875 0.6761705546875
0 0.447265625 0.5994444156250001 0.4560546875 0.6118559968749999 0.4716796875 0.6118559968749999 0.478515625 0.60621436875 0.4794921875 0.589289484375 0.4716796875 0.578006228125 0.4560546875 0.578006228125 0.447265625 0.5904178109375 0.447265625 0.5994444156250001
0 0.4453125 0.522718275 0.4541015625 0.53512985625 0.4658203125 0.5373865078125 0.478515625 0.5272315765625 0.4794921875 0.5148199953125 0.4716796875 0.5012800890625 0.4599609375 0.4990234375 0.447265625 0.5091783671875 0.4453125 0.522718275
0 0.443359375 0.44824878593750006 0.4521484375 0.4606603671875 0.4677734375 0.4606603671875 0.478515625 0.45050543750000005 0.4775390625 0.44035050625 0.4658203125 0.42681060000000004 0.4521484375 0.42681060000000004 0.443359375 0.43922218125 0.443359375 0.44824878593750006
0 0.443359375 0.3782926 0.4521484375 0.38619087812499997 0.4638671875 0.38619087812499997 0.474609375 0.373779296875 0.4736328125 0.36136771562500003 0.4638671875 0.3523411109375 0.4501953125 0.3523411109375 0.443359375 0.3602393890625 0.443359375 0.3782926
0 0.439453125 0.301566459375 0.4462890625 0.3117213890625 0.4599609375 0.3162346921875 0.47265625 0.3038231109375 0.4736328125 0.291411528125 0.4638671875 0.27787162187500003 0.4521484375 0.27787162187500003 0.443359375 0.2857699 0.439453125 0.301566459375
0 0.439453125 0.2270969703125 0.4482421875 0.23725190000000002 0.4638671875 0.23725190000000002 0.470703125 0.231610271875 0.4716796875 0.219198690625 0.4638671875 0.20565878437500001 0.4501953125 0.20340213281250002 0.439453125 0.2135570625 0.439453125 0.2270969703125
0 0.4921875 0.1909905515625 0.4990234375 0.1988888296875 0.5107421875 0.20114548124999998 0.5234375 0.1887339 0.5244140625 0.1740656671875 0.5166015625 0.1650390625 0.5029296875 0.1627824109375 0.4921875 0.1729373421875 0.4921875 0.1909905515625
0 0.4921875 0.26094673749999997 0.4990234375 0.27110166874999997 0.5126953125 0.27561497031250004 0.52734375 0.26094673749999997 0.5283203125 0.2507918078125 0.5146484375 0.23725190000000002 0.5029296875 0.23725190000000002 0.494140625 0.24515017968750002 0.4921875 0.26094673749999997
0 0.494140625 0.3354162265625 0.5009765625 0.3478278078125 0.5185546875 0.350084459375 0.52734375 0.337672878125 0.5263671875 0.3230046453125 0.5146484375 0.3117213890625 0.5048828125 0.3117213890625 0.498046875 0.31736301718750004 0.494140625 0.3354162265625
0 0.49609375 0.41439901875 0.5048828125 0.42455394843749994 0.5185546875 0.42455394843749994 0.525390625 0.4189123203125 0.5283203125 0.40198743593749997 0.5205078125 0.38844752968749996 0.5087890625 0.38619087812499997 0.498046875 0.3940891578125 0.49609375 0.41439901875
0 0.49609375 0.4843552046875 0.5068359375 0.4990234375 0.5224609375 0.4990234375 0.53125 0.4843552046875 0.5302734375 0.47645692500000003 0.5205078125 0.46291701874999996 0.5087890625 0.4606603671875 0.498046875 0.47081529843750003 0.49609375 0.4843552046875
0 0.498046875 0.5610813453125 0.5087890625 0.5734929265625001 0.5244140625 0.5734929265625001 0.533203125 0.5610813453125 0.5322265625 0.5509264140625 0.5263671875 0.539643159375 0.5107421875 0.5373865078125 0.498046875 0.5497980890624999 0.498046875 0.5610813453125
0 0.501953125 0.6378074859375 0.5126953125 0.647962415625 0.5302734375 0.6434491125 0.5322265625 0.61862595 0.5263671875 0.6118559968749999 0.5107421875 0.6118559968749999 0.501953125 0.6220109265625 0.501953125 0.6378074859375
0 0.501953125 0.7100203234375 0.5087890625 0.7224319046875001 0.5244140625 0.72694520625 0.537109375 0.714533625 0.5361328125 0.7043786953125 0.5302734375 0.6908387874999999 0.5126953125 0.6885821375 0.50390625 0.6987370671875001 0.501953125 0.7100203234375
0 0.50390625 0.7867464625 0.5126953125 0.79690139375 0.5244140625 0.7991580453125 0.537109375 0.7890031140625 0.5380859375 0.7788481843749999 0.5302734375 0.7630516265625 0.5126953125 0.7630516265625 0.50390625 0.77320655625 0.50390625 0.7867464625
0 0.505859375 0.8612159515625001 0.5146484375 0.8713708828125 0.5302734375 0.8713708828125 0.5390625 0.8589593015625001 0.5380859375 0.8510610218749999 0.5302734375 0.837521115625 0.5126953125 0.837521115625 0.5078125 0.8431627421875 0.505859375 0.8612159515625001
0 0.123046875 0.16616738749999999 0.1298828125 0.1740656671875 0.1435546875 0.1740656671875 0.15234375 0.16616738749999999 0.1533203125 0.1492425046875 0.1455078125 0.13795924843750001 0.1318359375 0.135702596875 0.123046875 0.1436008765625 0.123046875 0.16616738749999999
0 0.2265625 0.159397434375 0.2353515625 0.169552365625 0.2470703125 0.169552365625 0.2578125 0.159397434375 0.2568359375 0.1447292015625 0.2490234375 0.135702596875 0.2353515625 0.135702596875 0.2265625 0.145857528125 0.2265625 0.159397434375
0 0.33203125 0.1548841328125 0.3408203125 0.1672957140625 0.3564453125 0.1672957140625 0.365234375 0.1548841328125 0.3642578125 0.14247255 0.3564453125 0.1334459453125 0.3388671875 0.1334459453125 0.33203125 0.1436008765625 0.33203125 0.1548841328125
0 0.4375 0.148114178125 0.4462890625 0.1627824109375 0.4580078125 0.1627824109375 0.46875 0.1548841328125 0.4697265625 0.1402159 0.4619140625 0.12893264375 0.4443359375 0.12893264375 0.4375 0.1390875734375 0.4375 0.148114178125
0 0.560546875 0.8251095328125 0.5673828125 0.8330078125 0.5810546875 0.8352644640625 0.591796875 0.8251095328125 0.5927734375 0.8126979515625001 0.5830078125 0.79690139375 0.5693359375 0.79690139375 0.560546875 0.8070563234374999 0.560546875 0.8251095328125
0 0.5654296875 0.756281671875 0.5771484375 0.7585383234374999 0.58984375 0.7461267421875 0.5888671875 0.731458509375 0.5830078125 0.7224319046875001 0.5634765625 0.7224319046875001 0.5546875 0.7416134390625 0.5654296875 0.756281671875
0 0.5546875 0.671657253125 0.5693359375 0.684068834375 0.5830078125 0.6818121828125 0.58984375 0.671657253125 0.5888671875 0.661502321875 0.5810546875 0.6502190671875 0.5673828125 0.647962415625 0.556640625 0.6558606953125 0.5546875 0.671657253125
0 0.5546875 0.5994444156250001 0.5615234375 0.6073426937499999 0.5810546875 0.6073426937499999 0.58984375 0.5971877640625001 0.5888671875 0.589289484375 0.5830078125 0.575749578125 0.5634765625 0.5734929265625001 0.5546875 0.58139120625 0.5546875 0.5994444156250001
0 0.5634765625 0.53512985625 0.5791015625 0.5328732046875 0.583984375 0.5249749265625 0.5830078125 0.505793390625 0.5751953125 0.4990234375 0.5556640625 0.5012800890625 0.5546875 0.5272315765625 0.5634765625 0.53512985625
0 0.55078125 0.44599213437499996 0.5595703125 0.458403715625 0.5732421875 0.4606603671875 0.583984375 0.45050543750000005 0.5849609375 0.4358372046875 0.5810546875 0.42681060000000004 0.5634765625 0.42229729687499995 0.5546875 0.427938925 0.55078125 0.44599213437499996
0 0.546875 0.36926599375 0.5556640625 0.3839342265625 0.5634765625 0.38619087812499997 0.580078125 0.373779296875 0.5810546875 0.36136771562500003 0.5771484375 0.3523411109375 0.5595703125 0.3478278078125 0.55078125 0.3534694359375 0.546875 0.36926599375
0 0.546875 0.29479650625 0.5615234375 0.3117213890625 0.578125 0.301566459375 0.5791015625 0.2823849234375 0.5693359375 0.27110166874999997 0.5556640625 0.27110166874999997 0.546875 0.28351325 0.546875 0.29479650625
0 0.5556640625 0.23499524843750003 0.5673828125 0.23499524843750003 0.578125 0.22484031875000002 0.5771484375 0.20791543437499999 0.5615234375 0.1966321796875 0.5517578125 0.20114548124999998 0.54296875 0.21807036562499998 0.5556640625 0.23499524843750003
0 0.54296875 0.1436008765625 0.5537109375 0.158269109375 0.5673828125 0.160525759375 0.578125 0.148114178125 0.5771484375 0.1311892953125 0.5693359375 0.122162690625 0.5537109375 0.122162690625 0.544921875 0.1323176203125 0.54296875 0.1436008765625
0 0.59765625 0.1864772484375 0.6083984375 0.1966321796875 0.6201171875 0.1966321796875 0.630859375 0.184220596875 0.6298828125 0.171809015625 0.6181640625 0.160525759375 0.6044921875 0.1627824109375 0.59765625 0.1729373421875 0.59765625 0.1864772484375
0 0.59765625 0.254176784375 0.6103515625 0.27110166874999997 0.6201171875 0.27110166874999997 0.630859375 0.26094673749999997 0.6318359375 0.2462785046875 0.6240234375 0.23499524843750003 0.6123046875 0.23048194687499998 0.6015625 0.2383802265625 0.59765625 0.254176784375
0 0.6015625 0.3354162265625 0.6103515625 0.3455711578125 0.6201171875 0.3478278078125 0.630859375 0.3421861796875 0.6337890625 0.325261296875 0.6279296875 0.3117213890625 0.6142578125 0.30946473750000003 0.603515625 0.31736301718750004 0.6015625 0.3354162265625
0 0.6015625 0.40762906406250005 0.6103515625 0.4177839953125 0.6220703125 0.420040646875 0.630859375 0.41439901875 0.6357421875 0.397474134375 0.6279296875 0.38619087812499997 0.6123046875 0.3839342265625 0.603515625 0.39183250625 0.6015625 0.40762906406250005
0 0.60546875 0.47984190312499997 0.6142578125 0.49225348437500005 0.6259765625 0.494510134375 0.634765625 0.4888685078125 0.6376953125 0.469686971875 0.6318359375 0.4606603671875 0.6142578125 0.458403715625 0.607421875 0.46630199531249994 0.60546875 0.47984190312499997
0 0.60546875 0.5610813453125 0.6181640625 0.5734929265625001 0.6279296875 0.5734929265625001 0.638671875 0.5610813453125 0.6376953125 0.5441564609375 0.6298828125 0.53512985625 0.6142578125 0.53512985625 0.60546875 0.5475414375 0.60546875 0.5610813453125
0 0.607421875 0.635550834375 0.6162109375 0.6457057640625 0.6298828125 0.6457057640625 0.638671875 0.6378074859375 0.6396484375 0.625395903125 0.6337890625 0.6118559968749999 0.6162109375 0.6095993453124999 0.607421875 0.617497625 0.607421875 0.635550834375
0 0.607421875 0.6919671140625 0.607421875 0.7055070203125 0.6181640625 0.7179186015625 0.6337890625 0.7156619515625 0.642578125 0.7055070203125 0.6416015625 0.6998653921875 0.638671875 0.6897104625 0.6298828125 0.6818121828125 0.6162109375 0.6818121828125 0.607421875 0.6919671140625
0 0.609375 0.779976509375 0.6181640625 0.7946447421875 0.6337890625 0.79690139375 0.642578125 0.7890031140625 0.6435546875 0.77207823125 0.6357421875 0.760794975 0.6240234375 0.7585383234374999 0.61328125 0.7641799515625001 0.609375 0.779976509375
0 0.615234375 0.8657292546875001 0.6220703125 0.8713708828125 0.6376953125 0.86911423125 0.64453125 0.8612159515625001 0.6435546875 0.8420344171874999 0.6357421875 0.8330078125 0.6181640625 0.837521115625 0.61328125 0.8431627421875 0.615234375 0.8657292546875001
0 0.666015625 0.82059623125 0.6748046875 0.8307511609375 0.6904296875 0.8307511609375 0.69921875 0.82059623125 0.6982421875 0.8059279984375 0.6923828125 0.79690139375 0.6767578125 0.79690139375 0.66796875 0.8025430218749999 0.666015625 0.82059623125
0 0.666015625 0.7461267421875 0.6767578125 0.756281671875 0.6904296875 0.756281671875 0.697265625 0.74838339375 0.6982421875 0.731458509375 0.6884765625 0.7201752531250001 0.6767578125 0.7201752531250001 0.666015625 0.730330184375 0.666015625 0.7461267421875
0 0.662109375 0.6694006015625 0.6708984375 0.6818121828125 0.6884765625 0.6818121828125 0.6953125 0.6739139046875 0.6943359375 0.6569890203125001 0.6884765625 0.647962415625 0.6708984375 0.6457057640625 0.662109375 0.6581173453125 0.662109375 0.6694006015625
0 0.66015625 0.5926744609375 0.6689453125 0.60508604375 0.6845703125 0.6073426937499999 0.69140625 0.601701065625 0.6943359375 0.5847761828125 0.6865234375 0.571236275 0.6708984375 0.5689796234375 0.6640625 0.5746212515625 0.66015625 0.5926744609375
0 0.66015625 0.518204971875 0.6689453125 0.5328732046875 0.6787109375 0.53512985625 0.693359375 0.5204616234375 0.6923828125 0.505793390625 0.6826171875 0.494510134375 0.6689453125 0.494510134375 0.66015625 0.504665065625 0.66015625 0.518204971875
0 0.66015625 0.427938925 0.662109375 0.45050543750000005 0.6748046875 0.458403715625 0.6865234375 0.4538904140625 0.6923828125 0.43809385624999997 0.689453125 0.427938925 0.6806640625 0.420040646875 0.6669921875 0.420040646875 0.66015625 0.427938925
0 0.654296875 0.362496040625 0.662109375 0.38054925 0.6708984375 0.38619087812499997 0.6826171875 0.3816775765625 0.6904296875 0.3636243671875 0.689453125 0.3557260875 0.6787109375 0.3455711578125 0.6650390625 0.3455711578125 0.654296875 0.362496040625
0 0.654296875 0.29479650625 0.6650390625 0.30946473750000003 0.6787109375 0.30946473750000003 0.685546875 0.301566459375 0.6865234375 0.284641575 0.6806640625 0.27335831875 0.6650390625 0.27110166874999997 0.65625 0.278999946875 0.654296875 0.29479650625
0 0.65234375 0.22032701718749997 0.6611328125 0.23273859843750003 0.6728515625 0.23499524843750003 0.68359375 0.22484031875000002 0.6845703125 0.20791543437499999 0.6748046875 0.1966321796875 0.6630859375 0.1966321796875 0.654296875 0.2045304578125 0.65234375 0.22032701718749997
0 0.65234375 0.148114178125 0.6572265625 0.1560124578125 0.6708984375 0.160525759375 0.68359375 0.148114178125 0.6845703125 0.1334459453125 0.6767578125 0.122162690625 0.6591796875 0.122162690625 0.65234375 0.1323176203125 0.65234375 0.148114178125
0 0.705078125 0.17970729531250001 0.7138671875 0.194375528125 0.7255859375 0.1966321796875 0.73828125 0.181963946875 0.7373046875 0.1672957140625 0.7255859375 0.1560124578125 0.7158203125 0.1560124578125 0.70703125 0.16391073750000001 0.705078125 0.17970729531250001
0 0.759765625 0.145857528125 0.7685546875 0.1560124578125 0.7822265625 0.1560124578125 0.791015625 0.1436008765625 0.7900390625 0.1266759921875 0.7822265625 0.11764938750000001 0.7666015625 0.11764938750000001 0.7578125 0.1323176203125 0.759765625 0.145857528125
0 0.759765625 0.22032701718749997 0.7666015625 0.23048194687499998 0.7822265625 0.23273859843750003 0.79296875 0.22258366718749997 0.7939453125 0.20565878437500001 0.7861328125 0.194375528125 0.7724609375 0.19211887656249999 0.76171875 0.20227380625000002 0.759765625 0.22032701718749997
0 0.708984375 0.26094673749999997 0.7216796875 0.27110166874999997 0.7314453125 0.2688450171875 0.740234375 0.2564334359375 0.7392578125 0.241765203125 0.7294921875 0.23048194687499998 0.7158203125 0.23048194687499998 0.70703125 0.24289352812499998 0.708984375 0.26094673749999997
0 0.7109375 0.337672878125 0.7197265625 0.3455711578125 0.7333984375 0.34331450625 0.7421875 0.333159575 0.7412109375 0.3162346921875 0.7314453125 0.30495143593749996 0.7158203125 0.3072080875 0.70703125 0.31961966875000003 0.7109375 0.337672878125
0 0.712890625 0.40988571562500004 0.7255859375 0.420040646875 0.7353515625 0.4177839953125 0.74609375 0.4053724140625 0.7451171875 0.3952174828125 0.7392578125 0.38619087812499997 0.7216796875 0.3816775765625 0.712890625 0.39183250625 0.712890625 0.40988571562500004
0 0.76171875 0.290283203125 0.7685546875 0.30269478437499997 0.7861328125 0.30495143593749996 0.794921875 0.2925398546875 0.7939453125 0.2823849234375 0.7880859375 0.27110166874999997 0.7705078125 0.2688450171875 0.76171875 0.2812565984375 0.76171875 0.290283203125
0 0.765625 0.3715226453125 0.7783203125 0.3839342265625 0.7900390625 0.3816775765625 0.796875 0.373779296875 0.7978515625 0.3568544125 0.7880859375 0.34331450625 0.7763671875 0.34331450625 0.765625 0.3534694359375 0.765625 0.3715226453125
0 0.712890625 0.4843552046875 0.7197265625 0.49225348437500005 0.7373046875 0.49225348437500005 0.744140625 0.482098553125 0.7431640625 0.469686971875 0.7353515625 0.458403715625 0.7197265625 0.458403715625 0.712890625 0.46404534374999995 0.712890625 0.4843552046875
0 0.765625 0.44599213437499996 0.7744140625 0.4538904140625 0.7880859375 0.4538904140625 0.794921875 0.44824878593750006 0.7978515625 0.4313239015625 0.7880859375 0.4177839953125 0.7724609375 0.4177839953125 0.765625 0.4256822734375 0.765625 0.44599213437499996
0 0.71484375 0.5565680421875 0.7275390625 0.5689796234375 0.7373046875 0.5689796234375 0.748046875 0.5565680421875 0.7470703125 0.539643159375 0.7392578125 0.5306165546875 0.7236328125 0.5306165546875 0.71484375 0.5430281359375 0.71484375 0.5565680421875
0 0.765625 0.5159483218750001 0.7802734375 0.5328732046875 0.7880859375 0.5328732046875 0.80078125 0.5204616234375 0.7998046875 0.5012800890625 0.7900390625 0.49225348437500005 0.7783203125 0.49225348437500005 0.765625 0.504665065625 0.765625 0.5159483218750001
0 0.822265625 0.482098553125 0.8330078125 0.49225348437500005 0.8447265625 0.49225348437500005 0.853515625 0.4843552046875 0.8544921875 0.4674303203125 0.8447265625 0.4538904140625 0.8310546875 0.4538904140625 0.822265625 0.46404534374999995 0.822265625 0.482098553125
0 0.818359375 0.398602459375 0.8271484375 0.4132706921875 0.8427734375 0.41552734375 0.853515625 0.4053724140625 0.8544921875 0.39296083125000003 0.8466796875 0.379420925 0.8330078125 0.3771642734375 0.8203125 0.3873192046875 0.818359375 0.398602459375
0 0.818359375 0.3286462734375 0.8271484375 0.338801203125 0.8427734375 0.338801203125 0.8515625 0.3286462734375 0.8505859375 0.313978040625 0.8408203125 0.30269478437499997 0.8291015625 0.30269478437499997 0.818359375 0.31284971562499997 0.818359375 0.3286462734375
0 0.818359375 0.2586900859375 0.8330078125 0.2688450171875 0.8408203125 0.266588365625 0.849609375 0.254176784375 0.8486328125 0.23725190000000002 0.8388671875 0.2282252953125 0.8232421875 0.23048194687499998 0.81640625 0.2406368765625 0.818359375 0.2586900859375
0 0.818359375 0.184220596875 0.8291015625 0.19211887656249999 0.8447265625 0.187605575 0.8466796875 0.1627824109375 0.8408203125 0.1560124578125 0.8232421875 0.1560124578125 0.81640625 0.16616738749999999 0.818359375 0.184220596875
0 0.716796875 0.6332941828124999 0.7294921875 0.6434491125 0.7431640625 0.6411924625000001 0.748046875 0.6332941828124999 0.7470703125 0.6118559968749999 0.7373046875 0.60508604375 0.7216796875 0.6073426937499999 0.71484375 0.617497625 0.716796875 0.6332941828124999
0 0.765625 0.5904178109375 0.7744140625 0.6028293921875 0.7900390625 0.60508604375 0.80078125 0.5926744609375 0.7998046875 0.575749578125 0.7919921875 0.5667229734375 0.7783203125 0.5667229734375 0.76953125 0.5746212515625 0.765625 0.5904178109375
0 0.822265625 0.552054740625 0.8310546875 0.5667229734375 0.8447265625 0.5689796234375 0.853515625 0.5610813453125 0.8564453125 0.5464131125 0.8505859375 0.5328732046875 0.8330078125 0.5283599031249999 0.82421875 0.5385148328125 0.822265625 0.552054740625
0 0.876953125 0.5136916703125001 0.8876953125 0.5261032515624999 0.8974609375 0.5283599031249999 0.908203125 0.5204616234375 0.9111328125 0.5012800890625 0.9013671875 0.48774018124999996 0.8916015625 0.48548352968749997 0.876953125 0.4978951125 0.876953125 0.5136916703125001
0 0.880859375 0.5701079499999999 0.876953125 0.5859045078125 0.8896484375 0.6028293921875 0.9033203125 0.6028293921875 0.912109375 0.5926744609375 0.9130859375 0.58251953125 0.912109375 0.5746212515625 0.9013671875 0.5622096703125 0.8916015625 0.5622096703125 0.880859375 0.5701079499999999
0 0.82421875 0.6265242296875 0.8369140625 0.6411924625000001 0.8505859375 0.6411924625000001 0.859375 0.62878088125 0.8583984375 0.6141126484375 0.8486328125 0.6028293921875 0.8349609375 0.6028293921875 0.82421875 0.6152409734375001 0.82421875 0.6265242296875
0 0.76953125 0.6648873 0.7744140625 0.6750422296874999 0.7939453125 0.6795555328125 0.8046875 0.66714395 0.8037109375 0.6524757171875 0.7958984375 0.6434491125 0.7822265625 0.6411924625000001 0.771484375 0.6513473921874999 0.76953125 0.6648873
0 0.716796875 0.70325036875 0.7236328125 0.7156619515625 0.7392578125 0.7179186015625 0.75 0.707763671875 0.7509765625 0.6976087421875 0.7412109375 0.6818121828125 0.7275390625 0.6795555328125 0.71875 0.6874538109375 0.716796875 0.70325036875
0 0.71875 0.7664366031250001 0.720703125 0.7867464625 0.7333984375 0.79690139375 0.7431640625 0.7946447421875 0.7529296875 0.7765915328124999 0.75 0.7664366031250001 0.7373046875 0.756281671875 0.7294921875 0.756281671875 0.71875 0.7664366031250001
0 0.724609375 0.8634726031250001 0.7314453125 0.86911423125 0.7470703125 0.86911423125 0.75390625 0.8634726031250001 0.7548828125 0.8420344171874999 0.7470703125 0.8307511609375 0.7314453125 0.8307511609375 0.72265625 0.8431627421875 0.724609375 0.8634726031250001
0 0.7734375 0.8138262781250001 0.7783203125 0.826237859375 0.7919921875 0.8330078125 0.8046875 0.8251095328125 0.8076171875 0.8104412999999999 0.7978515625 0.792388090625 0.7841796875 0.792388090625 0.775390625 0.8002863703124999 0.7734375 0.8138262781250001
0 0.76953125 0.7393567890625 0.7734375 0.75064004375 0.7861328125 0.7585383234374999 0.7939453125 0.756281671875 0.806640625 0.7416134390625 0.8056640625 0.7292018578125 0.7939453125 0.7156619515625 0.7783203125 0.7156619515625 0.771484375 0.7235602296875 0.76953125 0.7393567890625
0 0.830078125 0.7100203234375 0.8369140625 0.7156619515625 0.8544921875 0.7134053 0.859375 0.7055070203125 0.8583984375 0.6863254859375 0.8525390625 0.6795555328125 0.8349609375 0.6795555328125 0.826171875 0.6919671140625 0.830078125 0.7100203234375
0 0.876953125 0.6648873 0.8876953125 0.67729888125 0.9033203125 0.67729888125 0.912109375 0.6694006015625 0.9111328125 0.6524757171875 0.9033203125 0.6411924625000001 0.8916015625 0.6389358109375001 0.87890625 0.6490907406249999 0.876953125 0.6648873
0 0.880859375 0.7348434859374999 0.8876953125 0.74951171875 0.9072265625 0.7517683703125 0.91796875 0.7393567890625 0.9169921875 0.72694520625 0.9091796875 0.7156619515625 0.8935546875 0.7134053 0.8828125 0.7235602296875 0.880859375 0.7348434859374999
0 0.828125 0.779976509375 0.8349609375 0.790131440625 0.8486328125 0.792388090625 0.859375 0.7822331609375001 0.8583984375 0.7653082765625 0.8486328125 0.754025021875 0.8349609375 0.756281671875 0.828125 0.7664366031250001 0.828125 0.779976509375
0 0.830078125 0.8634726031250001 0.8388671875 0.86911423125 0.8564453125 0.8646009296875 0.8583984375 0.8420344171874999 0.8525390625 0.8307511609375 0.8369140625 0.8307511609375 0.828125 0.8409060921875 0.830078125 0.8634726031250001
0 0.884765625 0.816082928125 0.8896484375 0.8239812078125001 0.9052734375 0.828494509375 0.91796875 0.8183395796875 0.9189453125 0.8059279984375 0.9130859375 0.792388090625 0.8935546875 0.790131440625 0.884765625 0.8025430218749999 0.884765625 0.816082928125