0 0.1416015625 0.11605789531249999 0.1357421875 0.11842642187500001 0.125 0.131453328125 0.12109375 0.14092744375 0.12109375 0.1622441984375 0.1357421875 0.1800081640625 0.1455078125 0.1847452203125 0.15625 0.1835609546875 0.1611328125 0.182376690625 0.171875 0.1669812578125 0.1738281265625 0.1385589140625 0.1630859390625 0.1207949515625 0.1552734375 0.11605789531249999 0.1416015625 0.11605789531249999
0 0.0927734375 0.15869140625 0.0830078125 0.15869140625 0.0771484375 0.1610599328125 0.06445312656249999 0.17645536875 0.0625 0.2025091828125 0.06640625 0.214351825 0.0732421875 0.22264167499999998 0.08496093906249999 0.22737873125000002 0.09570312656249999 0.22619446718749997 0.10058593906249999 0.2250102015625 0.11328125 0.20961476874999999 0.11718750156249999 0.195403596875 0.115234375 0.181192425 0.10644531406249999 0.1657969921875 0.0927734375 0.15869140625
0 0.1962890609375 0.078161440625 0.18359375 0.0935568734375 0.181640625 0.11724215625000001 0.1855468734375 0.126716271875 0.1962890609375 0.1397431796875 0.2021484375 0.142111709375 0.2207031265625 0.14092744375 0.2324218734375 0.1290848015625 0.2363281265625 0.11961068593749999 0.234375 0.091188346875 0.2236328125 0.078161440625 0.2158203140625 0.0757929109375 0.1962890609375 0.078161440625
0 0.09667968593750001 0.2439584296875 0.09082031406249999 0.241589903125 0.0771484375 0.2439584296875 0.0625 0.264090921875 0.0625 0.2877762046875 0.0732421875 0.30554017187500004 0.0888671875 0.310277228125 0.09570312656249999 0.30909296249999996 0.10058593906249999 0.3079086984375 0.11132812656249999 0.294881790625 0.115234375 0.28540767968749997 0.115234375 0.2664594515625 0.109375 0.254616809375 0.09667968593750001 0.2439584296875
0 0.07519531406249999 0.326856925 0.0625 0.3422523625 0.0605468734375 0.3493579484375 0.0625 0.36830617499999996 0.07519531406249999 0.3884386640625 0.0791015625 0.39080719375 0.09570312656249999 0.3896229296875 0.10253906093750001 0.3860701375 0.11328125 0.3706747015625 0.115234375 0.36120058906249997 0.11328125 0.3469894171875 0.10058593906249999 0.32922545468750003 0.07519531406249999 0.326856925
0 0.0791015625 0.409755421875 0.07128906093750001 0.414492478125 0.0605468734375 0.43225644374999994 0.0605468734375 0.455941728125 0.06445312656249999 0.46541583906249995 0.0732421875 0.473705690625 0.0791015625 0.4760742203125 0.09375 0.4748899546875 0.1044921875 0.468968634375 0.11132812656249999 0.45831025312499996 0.11328125 0.4346249703125 0.109375 0.42515085781249995 0.0947265625 0.409755421875 0.0791015625 0.409755421875
0 0.0927734375 0.4950224484375 0.0791015625 0.49265391718749996 0.0732421875 0.4950224484375 0.0625 0.5080493546875 0.05859375 0.519891996875 0.05859375 0.5341031640625 0.06933593906249999 0.55423565625 0.0791015625 0.5589727171875001 0.09179687343750001 0.5577884515625 0.09667968593750001 0.5566041859374999 0.10742187343750001 0.545945809375 0.11132812656249999 0.53647169375 0.11132812656249999 0.5151549359375001 0.10058593906249999 0.49975950312500006 0.0927734375 0.4950224484375
0 0.0947265625 0.577920940625 0.0732421875 0.5755524140625 0.0605468734375 0.5933163765625 0.056640625 0.60515901875 0.056640625 0.614633134375 0.05859375 0.6217387203125 0.07128906093750001 0.6395026828125 0.08105468593750001 0.6442397390625 0.08593750156249999 0.6430554734375 0.09667968593750001 0.6395026828125 0.10546875 0.6312128328125 0.11132812656249999 0.6170016609375 0.11132812656249999 0.6027904921875 0.10546875 0.5885793203125 0.0947265625 0.577920940625
0 0.1376953140625 0.2013249171875 0.12890625 0.20961476874999999 0.12109375 0.22619446718749997 0.12109375 0.24514269375 0.125 0.254616809375 0.1357421875 0.2652751859375 0.1494140609375 0.27001224218750003 0.15625 0.268827978125 0.1630859390625 0.2652751859375 0.1738281265625 0.24987974999999998 0.17578125 0.24514269375 0.17578125 0.223825940625 0.1572265625 0.2013249171875 0.1376953140625 0.2013249171875
0 0.1396484375 0.28659194375 0.1337890609375 0.2889604703125 0.12304687343750001 0.30198737656249997 0.119140625 0.31383001875 0.119140625 0.32567266093749997 0.1269531265625 0.3422523625 0.1357421875 0.350542209375 0.1396484375 0.35291073906250003 0.15234375 0.35172647343749996 0.1611328125 0.3481736828125 0.1699218734375 0.33751530625 0.1738281265625 0.328041190625 0.1738281265625 0.30909296249999996 0.1591796859375 0.2889604703125 0.1396484375 0.28659194375
0 0.1572265625 0.3718589671875 0.1533203140625 0.369490440625 0.1376953140625 0.369490440625 0.1298828125 0.374227496875 0.12109375 0.387254403125 0.119140625 0.41330821718750005 0.1298828125 0.4310721796875 0.1376953140625 0.435809234375 0.150390625 0.4346249703125 0.1611328125 0.4310721796875 0.1699218734375 0.42041379843750004 0.1738281265625 0.40857115625 0.1738281265625 0.3990970453125 0.1699218734375 0.387254403125 0.1572265625 0.3718589671875
0 0.1552734375 0.45475746250000004 0.1513671875 0.4523889328125 0.1337890609375 0.4523889328125 0.119140625 0.4701529 0.11718750156249999 0.4938381828125 0.12109375 0.5033122953125 0.1298828125 0.513970675 0.1396484375 0.5187077312499999 0.146484375 0.5175234671875 0.1533203140625 0.5163392015625 0.166015625 0.505680825 0.1699218734375 0.49857523906249995 0.171875 0.481995540625 0.166015625 0.46541583906249995 0.1552734375 0.45475746250000004
0 0.1533203140625 0.537655959375 0.1474609390625 0.5352874296875 0.1298828125 0.537655959375 0.11718750156249999 0.5577884515625 0.11718750156249999 0.581473734375 0.1337890609375 0.601606228125 0.15234375 0.6004219625 0.1611328125 0.5945006421875 0.16796875 0.583842265625 0.1699218734375 0.5791052046875 0.1699218734375 0.560156978125 0.1640624984375 0.5483143359375 0.1533203140625 0.537655959375
0 0.2138671875 0.15869140625 0.1943359390625 0.1610599328125 0.181640625 0.181192425 0.181640625 0.2048777125 0.2001953140625 0.2250102015625 0.2167968734375 0.223825940625 0.2216796859375 0.22264167499999998 0.23046875 0.2119832953125 0.234375 0.2025091828125 0.234375 0.181192425 0.2216796859375 0.1634284625 0.2138671875 0.15869140625
0 0.1962890609375 0.2439584296875 0.18359375 0.2569853359375 0.1796875015625 0.2664594515625 0.1796875015625 0.28540767968749997 0.18359375 0.294881790625 0.1923828125 0.30554017187500004 0.2001953140625 0.310277228125 0.212890625 0.30909296249999996 0.2216796859375 0.30554017187500004 0.23046875 0.294881790625 0.2324218734375 0.290144734375 0.2324218734375 0.264090921875 0.2138671875 0.2439584296875 0.1962890609375 0.2439584296875
0 0.1923828125 0.331593984375 0.18359375 0.3422523625 0.177734375 0.354095003125 0.177734375 0.3706747015625 0.1943359390625 0.3931757234375 0.2167968734375 0.391991459375 0.23046875 0.3777802875 0.2324218734375 0.35172647343749996 0.2236328125 0.336331040625 0.2138671875 0.32922545468750003 0.2021484375 0.326856925 0.1923828125 0.331593984375
0 0.2099609390625 0.4121239515625 0.1904296859375 0.414492478125 0.177734375 0.4346249703125 0.177734375 0.455941728125 0.1884765625 0.473705690625 0.1982421875 0.478442746875 0.212890625 0.47725848125 0.2197265625 0.473705690625 0.228515625 0.4630473140625 0.2324218734375 0.44646761250000006 0.23046875 0.4346249703125 0.2158203140625 0.414492478125 0.2099609390625 0.4121239515625
0 0.2119140609375 0.4973909734375 0.2041015625 0.4950224484375 0.1923828125 0.4973909734375 0.177734375 0.5151549359375001 0.17578125 0.53647169375 0.1796875015625 0.545945809375 0.1884765625 0.5566041859374999 0.1982421875 0.5613412421875 0.2109375015625 0.560156978125 0.2177734375 0.5566041859374999 0.2265624984375 0.545945809375 0.23046875 0.53647169375 0.23046875 0.522260521875 0.2265624984375 0.5127864109375 0.2119140609375 0.4973909734375
0 0.2158203140625 0.582658 0.2099609390625 0.577920940625 0.1982421875 0.5755524140625 0.1845703140625 0.582658 0.1796875015625 0.590947846875 0.17578125 0.6004219625 0.17578125 0.6217387203125 0.1865234375 0.6395026828125 0.1982421875 0.6442397390625 0.2050781265625 0.6430554734375 0.2119140609375 0.641871209375 0.224609375 0.6312128328125 0.228515625 0.6217387203125 0.228515625 0.6027904921875 0.224609375 0.5933163765625 0.2158203140625 0.582658
0 0.2841796859375 0.12316347812499999 0.2763671875 0.11842642187500001 0.2587890609375 0.11842642187500001 0.244140625 0.1338218578125 0.2421875015625 0.1622441984375 0.2568359390625 0.182376690625 0.2666015625 0.187113746875 0.26953125 0.185929484375 0.2783203140625 0.1847452203125 0.2890624984375 0.1740868390625 0.2949218734375 0.159875671875 0.2949218734375 0.1456645 0.29296875 0.136190384375 0.2841796859375 0.12316347812499999
0 0.2705078125 0.2013249171875 0.2587890609375 0.2013249171875 0.2529296859375 0.2036934484375 0.240234375 0.2214574109375 0.23828125 0.24040563750000002 0.2421875015625 0.25224827968749997 0.2529296859375 0.2652751859375 0.2626953140625 0.27001224218750003 0.2734375015625 0.268827978125 0.2861328125 0.26053813125 0.29296875 0.24987974999999998 0.2949218734375 0.24040563750000002 0.29296875 0.223825940625 0.2802734375 0.2060619734375 0.2705078125 0.2013249171875
0 0.2763671875 0.2889604703125 0.2568359390625 0.28659194375 0.244140625 0.2972503203125 0.23828125 0.31146149218749997 0.23828125 0.32567266093749997 0.244140625 0.3398838328125 0.2509765625 0.3481736828125 0.2587890609375 0.35291073906250003 0.2734375015625 0.35172647343749996 0.2783203140625 0.350542209375 0.2890624984375 0.33751530625 0.29296875 0.32567266093749997 0.29296875 0.31383001875 0.287109375 0.29961885 0.2763671875 0.2889604703125
0 0.2783203140625 0.376596021875 0.2705078125 0.3718589671875 0.2529296859375 0.3718589671875 0.244140625 0.3801488171875 0.23828125 0.391991459375 0.2363281265625 0.4038341 0.23828125 0.4156767421875 0.2470703140625 0.4310721796875 0.2587890609375 0.438177765625 0.271484375 0.4369935 0.2783203140625 0.43344070468749996 0.2890624984375 0.42041379843750004 0.291015625 0.4156767421875 0.291015625 0.396728515625 0.287109375 0.387254403125 0.2783203140625 0.376596021875
0 0.2763671875 0.45949451874999997 0.2666015625 0.45475746250000004 0.2568359390625 0.45475746250000004 0.2490234375 0.45949451874999997 0.240234375 0.4701529 0.2363281265625 0.47962701093750004 0.2363281265625 0.496206709375 0.240234375 0.505680825 0.2490234375 0.5163392015625 0.2587890609375 0.5210762609375 0.26953125 0.519891996875 0.2783203140625 0.5163392015625 0.287109375 0.505680825 0.291015625 0.4938381828125 0.291015625 0.48436406718749997 0.28515625 0.46778436875 0.2763671875 0.45949451874999997
0 0.2548828125 0.537655959375 0.2490234375 0.5400244843750001 0.23828125 0.5530513921875 0.234375 0.5648940375 0.234375 0.5767366796875 0.23828125 0.5885793203125 0.2490234375 0.601606228125 0.2587890609375 0.6063432828125 0.2636718734375 0.60515901875 0.2783203140625 0.5992376984375001 0.28515625 0.590947846875 0.2890624984375 0.581473734375 0.2890624984375 0.560156978125 0.2744140609375 0.5400244843750001 0.2548828125 0.537655959375
0 0.3369140609375 0.078161440625 0.3193359390625 0.078161440625 0.3115234375 0.082898496875 0.302734375 0.0935568734375 0.30078125 0.0982939296875 0.30078125 0.11961068593749999 0.3046875015625 0.1290848015625 0.3134765625 0.1397431796875 0.3232421875 0.144480234375 0.3359375015625 0.14329597031250002 0.3427734375 0.1397431796875 0.3515624984375 0.1290848015625 0.35546875 0.11961068593749999 0.353515625 0.095925403125 0.3466796859375 0.085267021875 0.3369140609375 0.078161440625
0 0.3173828125 0.1610599328125 0.3095703140625 0.1657969921875 0.30078125 0.17882389999999998 0.2988281265625 0.1835609546875 0.2988281265625 0.2025091828125 0.302734375 0.2119832953125 0.3134765625 0.2250102015625 0.3193359390625 0.22737873125000002 0.3359375015625 0.22619446718749997 0.349609375 0.2119832953125 0.353515625 0.2025091828125 0.3515624984375 0.181192425 0.3408203140625 0.1657969921875 0.3330078125 0.1610599328125 0.3173828125 0.1610599328125
0 0.3330078125 0.24632695937500002 0.3154296859375 0.24632695937500002 0.3046875015625 0.2569853359375 0.2988281265625 0.268827978125 0.2988281265625 0.2877762046875 0.302734375 0.2972503203125 0.3115234375 0.3079086984375 0.3232421875 0.312645753125 0.33203125 0.31146149218749997 0.3408203140625 0.3079086984375 0.349609375 0.2972503203125 0.3515624984375 0.292513265625 0.3515624984375 0.2664594515625 0.3408203140625 0.251064015625 0.3330078125 0.24632695937500002
0 0.3369140609375 0.331593984375 0.3310546859375 0.32922545468750003 0.3115234375 0.331593984375 0.302734375 0.3422523625 0.2988281265625 0.35172647343749996 0.2988281265625 0.37304323125 0.3046875015625 0.38488587343749997 0.3134765625 0.3931757234375 0.3173828125 0.39554425000000004 0.333984375 0.39435998906249997 0.3408203140625 0.39080719375 0.349609375 0.3777802875 0.3515624984375 0.37304323125 0.3515624984375 0.35172647343749996 0.34765625 0.3422523625 0.3369140609375 0.331593984375
0 0.3349609390625 0.4168610078125 0.3291015625 0.414492478125 0.3095703140625 0.4168610078125 0.2988281265625 0.43225644374999994 0.296875 0.455941728125 0.30078125 0.46541583906249995 0.3115234375 0.478442746875 0.3173828125 0.4808112765625 0.33203125 0.47962701093750004 0.3369140609375 0.478442746875 0.34765625 0.46541583906249995 0.3515624984375 0.45120467187499996 0.349609375 0.4488361421875 0.349609375 0.4369935 0.3349609390625 0.4168610078125
0 0.3154296859375 0.4973909734375 0.3076171875 0.5021280296875 0.2988281265625 0.5127864109375 0.296875 0.5175234671875 0.296875 0.5388402234375 0.30078125 0.5483143359375 0.3095703140625 0.5589727171875001 0.3173828125 0.5637097718749999 0.33203125 0.5625255078125 0.3457031265625 0.550682865625 0.349609375 0.54120875 0.349609375 0.519891996875 0.3369140609375 0.5021280296875 0.3271484375 0.4973909734375 0.3154296859375 0.4973909734375
0 0.3271484375 0.5802894703125 0.3095703140625 0.582658 0.2949218734375 0.6004219625 0.2949218734375 0.6264757765625 0.3115234375 0.64660826875 0.3300781265625 0.645424003125 0.3369140609375 0.641871209375 0.3457031265625 0.6288443015625 0.34765625 0.6217387203125 0.3457031265625 0.6004219625 0.3349609390625 0.5850265265625 0.3271484375 0.5802894703125
0 0.3935546859375 0.1207949515625 0.3740234375 0.12316347812499999 0.365234375 0.1338218578125 0.3613281265625 0.14329597031250002 0.359375 0.15040155625 0.3613281265625 0.1669812578125 0.3671875015625 0.17882389999999998 0.3779296859375 0.187113746875 0.396484375 0.185929484375 0.4033203140625 0.182376690625 0.412109375 0.1693497828125 0.4140624984375 0.1622441984375 0.412109375 0.1385589140625 0.3994140609375 0.12316347812499999 0.3935546859375 0.1207949515625
0 0.3779296859375 0.2036934484375 0.3701171875 0.208430503125 0.359375 0.223825940625 0.3574218734375 0.24514269375 0.359375 0.25224827968749997 0.3681640609375 0.2652751859375 0.3798828125 0.272380771875 0.396484375 0.2711965078125 0.4042968734375 0.264090921875 0.41015625 0.25224827968749997 0.412109375 0.23093152187500002 0.4082031265625 0.21908888124999998 0.3955078125 0.2060619734375 0.3779296859375 0.2036934484375
0 0.3740234375 0.2889604703125 0.36328125 0.2972503203125 0.3574218734375 0.31383001875 0.359375 0.33514677656249997 0.3701171875 0.350542209375 0.3779296859375 0.35527926875000004 0.39453125 0.354095003125 0.40625 0.3446208875 0.412109375 0.3304097203125 0.41015625 0.3067244328125 0.4013671875 0.2936975296875 0.3935546859375 0.2889604703125 0.3740234375 0.2889604703125
0 0.3955078125 0.376596021875 0.3857421875 0.3718589671875 0.3720703140625 0.3718589671875 0.3574218734375 0.3896229296875 0.35546875 0.41330821718750005 0.3613281265625 0.42751938437500003 0.3720703140625 0.438177765625 0.3886718734375 0.43936202656249995 0.3974609390625 0.435809234375 0.40625 0.42515085781249995 0.41015625 0.41330821718750005 0.41015625 0.4014655703125 0.40625 0.3896229296875 0.3955078125 0.376596021875
0 0.3974609390625 0.46186304843750003 0.3896484375 0.4571259921875 0.3681640609375 0.45949451874999997 0.3574218734375 0.47252142499999994 0.35546875 0.49857523906249995 0.359375 0.5080493546875 0.3720703140625 0.5210762609375 0.3759765625 0.5234447875 0.3925781265625 0.522260521875 0.3994140609375 0.5187077312499999 0.40625 0.51041788125 0.41015625 0.49857523906249995 0.41015625 0.481995540625 0.40625 0.47252142499999994 0.3974609390625 0.46186304843750003
0 0.3818359390625 0.5400244843750001 0.3701171875 0.542393015625 0.35546875 0.560156978125 0.35546875 0.586210790625 0.3613281265625 0.5980534328125 0.3701171875 0.6063432828125 0.3925781265625 0.60515901875 0.4042968734375 0.5933163765625 0.4082031265625 0.583842265625 0.40625 0.560156978125 0.3994140609375 0.5494986 0.3896484375 0.542393015625 0.3818359390625 0.5400244843750001
0 0.4580078125 0.0805299671875 0.4423828125 0.078161440625 0.4287109390625 0.085267021875 0.4199218734375 0.095925403125 0.416015625 0.1125051 0.4199218734375 0.126716271875 0.4267578125 0.13737465 0.4423828125 0.149217290625 0.4550781265625 0.1480330296875 0.4638671875 0.142111709375 0.4707031265625 0.131453328125 0.474609375 0.1125051 0.47265625 0.110136575 0.47265625 0.0982939296875 0.4580078125 0.0805299671875
0 0.4521484375 0.1634284625 0.4326171875 0.1657969921875 0.42578125 0.1717183140625 0.41796875 0.1882980109375 0.41796875 0.2072462390625 0.421875 0.2167203546875 0.4345703140625 0.22974726093750003 0.4404296859375 0.2321157875 0.453125 0.23093152187500002 0.4599609390625 0.22737873125000002 0.4707031265625 0.214351825 0.47265625 0.1882980109375 0.46875 0.17882389999999998 0.4599609390625 0.16816551875000002 0.4521484375 0.1634284625
0 0.4482421875 0.24632695937500002 0.4306640609375 0.2486954890625 0.4238281265625 0.254616809375 0.416015625 0.2711965078125 0.416015625 0.28540767968749997 0.421875 0.29961885 0.4326171875 0.312645753125 0.4365234375 0.3150142828125 0.453125 0.31383001875 0.4599609390625 0.310277228125 0.4707031265625 0.294881790625 0.47265625 0.27593356406249997 0.46875 0.26172239531249997 0.4560546859375 0.2486954890625 0.4482421875 0.24632695937500002
0 0.4462890609375 0.331593984375 0.4365234375 0.331593984375 0.4267578125 0.336331040625 0.41796875 0.3493579484375 0.416015625 0.354095003125 0.416015625 0.37304323125 0.4199218734375 0.38488587343749997 0.4326171875 0.3979127796875 0.4384765625 0.40028130937500006 0.4511718734375 0.3990970453125 0.4580078125 0.39554425000000004 0.4667968734375 0.38488587343749997 0.4707031265625 0.36120058906249997 0.46484375 0.3446208875 0.4599609390625 0.3386995671875 0.4462890609375 0.331593984375
0 0.4326171875 0.414492478125 0.4228515625 0.4215980640625 0.416015625 0.43225644374999994 0.416015625 0.45831025312499996 0.421875 0.47252142499999994 0.4306640609375 0.4808112765625 0.4365234375 0.48317980625 0.4511718734375 0.481995540625 0.4599609390625 0.4760742203125 0.4667968734375 0.46541583906249995 0.46875 0.4369935 0.4599609390625 0.4215980640625 0.4482421875 0.414492478125 0.4326171875 0.414492478125
0 0.4501953140625 0.5021280296875 0.4443359390625 0.49975950312500006 0.4306640609375 0.5021280296875 0.41796875 0.5151549359375001 0.4140624984375 0.5246290515625 0.416015625 0.545945809375 0.4238281265625 0.560156978125 0.4306640609375 0.5660782984375 0.4365234375 0.568446828125 0.44921875 0.5672625640625 0.4541015625 0.5660782984375 0.4667968734375 0.550682865625 0.46875 0.54120875 0.4667968734375 0.519891996875 0.4580078125 0.5068650890625 0.4501953140625 0.5021280296875
0 0.4482421875 0.5921321125000001 0.4365234375 0.5897635859375 0.4228515625 0.596869171875 0.4140624984375 0.6075275484375 0.412109375 0.6122646046875 0.412109375 0.6335813625 0.416015625 0.645424003125 0.4208984375 0.6513453250000001 0.4365234375 0.6584509109375001 0.4453124984375 0.6572666453125 0.4501953140625 0.65608238125 0.458984375 0.645424003125 0.46484375 0.6312128328125 0.46484375 0.614633134375 0.4580078125 0.5992376984375001 0.4482421875 0.5921321125000001
0 0.5205078125 0.1255320078125 0.5107421875 0.1207949515625 0.5009765625 0.1207949515625 0.4873046859375 0.12790053750000002 0.4824218734375 0.1338218578125 0.4765624984375 0.1480330296875 0.4765624984375 0.159875671875 0.48046875 0.1717183140625 0.4912109390625 0.1847452203125 0.4990234375 0.1894822765625 0.5136718734375 0.1882980109375 0.5205078125 0.1847452203125 0.5292968734375 0.1740868390625 0.5332031265625 0.1622441984375 0.5332031265625 0.1480330296875 0.5292968734375 0.136190384375 0.5205078125 0.1255320078125
0 0.478515625 0.223825940625 0.4765624984375 0.23330005156250003 0.478515625 0.25224827968749997 0.484375 0.264090921875 0.4951171875 0.2747492984375 0.5175781265625 0.2735650375 0.52734375 0.264090921875 0.5332031265625 0.24987974999999998 0.53125 0.22619446718749997 0.5166015625 0.208430503125 0.4931640609375 0.208430503125 0.478515625 0.223825940625
0 0.5107421875 0.291329 0.4892578125 0.2936975296875 0.48046875 0.30435590625 0.4765624984375 0.3161985484375 0.478515625 0.3398838328125 0.4931640609375 0.3576477953125 0.4990234375 0.360016325 0.51171875 0.35883205937499996 0.5244140609375 0.350542209375 0.5292968734375 0.3422523625 0.53125 0.33514677656249997 0.5292968734375 0.30909296249999996 0.5224609390625 0.2984345859375 0.5107421875 0.291329
0 0.5068359390625 0.374227496875 0.4931640609375 0.374227496875 0.478515625 0.387254403125 0.474609375 0.396728515625 0.474609375 0.41330821718750005 0.48046875 0.4298879140625 0.4892578125 0.438177765625 0.4990234375 0.4429148203125 0.5078124984375 0.44173055625 0.5166015625 0.438177765625 0.525390625 0.42751938437500003 0.5292968734375 0.41804527187499996 0.5292968734375 0.396728515625 0.5166015625 0.37896455156250003 0.5068359390625 0.374227496875
0 0.5068359390625 0.45949451874999997 0.4970703140625 0.45949451874999997 0.4833984375 0.4666001046875 0.478515625 0.47252142499999994 0.474609375 0.47962701093750004 0.47265625 0.4938381828125 0.478515625 0.5127864109375 0.4853515625 0.5210762609375 0.4931640609375 0.5258133171875 0.509765625 0.5246290515625 0.5166015625 0.5210762609375 0.525390625 0.51041788125 0.52734375 0.505680825 0.52734375 0.481995540625 0.5185546859375 0.4666001046875 0.5068359390625 0.45949451874999997
0 0.4833984375 0.55423565625 0.474609375 0.5648940375 0.47265625 0.5885793203125 0.4765624984375 0.6004219625 0.4853515625 0.6110803390624999 0.4892578125 0.61344886875 0.509765625 0.6122646046875 0.525390625 0.5933163765625 0.52734375 0.5719996187499999 0.5166015625 0.55423565625 0.5029296859375 0.5471300703125 0.4951171875 0.5471300703125 0.4833984375 0.55423565625
0 0.5771484375 0.0805299671875 0.5576171875 0.0805299671875 0.5458984375 0.0876355515625 0.5390624984375 0.095925403125 0.537109375 0.100662459375 0.537109375 0.11961068593749999 0.541015625 0.131453328125 0.5517578125 0.144480234375 0.5595703140625 0.149217290625 0.572265625 0.1480330296875 0.5771484375 0.146848765625 0.587890625 0.136190384375 0.59375 0.11961068593749999 0.59375 0.10539951562500001 0.58984375 0.0935568734375 0.5771484375 0.0805299671875
0 0.5751953140625 0.1657969921875 0.5498046859375 0.16816551875000002 0.54296875 0.1740868390625 0.537109375 0.185929484375 0.5390624984375 0.2119832953125 0.5556640609375 0.2321157875 0.5615234375 0.2344843171875 0.572265625 0.23330005156250003 0.5791015625 0.22974726093750003 0.58984375 0.2167203546875 0.5917968734375 0.2119832953125 0.5917968734375 0.185929484375 0.587890625 0.17645536875 0.5751953140625 0.1657969921875
0 0.5751953140625 0.251064015625 0.5693359390625 0.2486954890625 0.5517578125 0.251064015625 0.5390624984375 0.264090921875 0.537109375 0.2711965078125 0.5390624984375 0.2972503203125 0.5537109390625 0.3150142828125 0.5595703140625 0.3173828140625 0.572265625 0.3161985484375 0.5791015625 0.312645753125 0.587890625 0.30198737656249997 0.5917968734375 0.292513265625 0.5917968734375 0.2735650375 0.5859375015625 0.25935386562499996 0.5751953140625 0.251064015625
0 0.5556640609375 0.3339625109375 0.537109375 0.3564635328125 0.53515625 0.36830617499999996 0.537109375 0.3801488171875 0.5537109390625 0.40028130937500006 0.57421875 0.3990970453125 0.5830078125 0.3931757234375 0.58984375 0.3801488171875 0.58984375 0.3564635328125 0.5791015625 0.3386995671875 0.5673828125 0.3339625109375 0.5556640609375 0.3339625109375
0 0.5771484375 0.42396659375 0.5537109390625 0.4215980640625 0.5458984375 0.42633511874999996 0.537109375 0.4369935 0.53515625 0.44173055625 0.53515625 0.46541583906249995 0.5458984375 0.4808112765625 0.5576171875 0.4879168625 0.56640625 0.48673259687500003 0.5771484375 0.48317980625 0.583984375 0.4748899546875 0.58984375 0.4606787828125 0.58984375 0.44646761250000006 0.5859375015625 0.4346249703125 0.5771484375 0.42396659375
0 0.5693359390625 0.509233615625 0.5517578125 0.509233615625 0.53515625 0.5269975828125 0.5332031265625 0.5341031640625 0.53515625 0.5577884515625 0.5498046859375 0.573183884375 0.5556640609375 0.5755524140625 0.5703124984375 0.57436815 0.5800781265625 0.5648940375 0.5859375015625 0.5530513921875 0.587890625 0.545945809375 0.5859375015625 0.5246290515625 0.5771484375 0.513970675 0.5693359390625 0.509233615625
0 0.5517578125 0.5992376984375001 0.5419921875 0.6039747531249999 0.5292968734375 0.619370190625 0.52734375 0.6430554734375 0.53125 0.6525295890625 0.5458984375 0.6655564968750001 0.5644531265625 0.66437223125 0.57421875 0.654898115625 0.5800781265625 0.6406869484375 0.5800781265625 0.624107246875 0.5761718734375 0.614633134375 0.5654296859375 0.601606228125 0.5517578125 0.5992376984375001
0 0.6396484375 0.1255320078125 0.6220703140625 0.12316347812499999 0.603515625 0.136190384375 0.599609375 0.1480330296875 0.599609375 0.1669812578125 0.6015624984375 0.1740868390625 0.6123046859375 0.187113746875 0.6201171875 0.19185080625 0.63671875 0.190666540625 0.6435546859375 0.187113746875 0.650390625 0.17882389999999998 0.65625 0.1622441984375 0.6542968734375 0.1480330296875 0.6484375015625 0.1338218578125 0.6396484375 0.1255320078125
0 0.6708984375 0.085267021875 0.6582031265625 0.1030309890625 0.6582031265625 0.11724215625000001 0.6640624984375 0.136190384375 0.6767578125 0.149217290625 0.697265625 0.1480330296875 0.71484375 0.126716271875 0.7167968734375 0.10539951562500001 0.712890625 0.095925403125 0.7041015625 0.085267021875 0.6923828125 0.0805299671875 0.6708984375 0.085267021875
0 0.6357421875 0.2107990328125 0.6083984375 0.21316755937499998 0.599609375 0.22619446718749997 0.6015624984375 0.25935386562499996 0.6103515625 0.272380771875 0.6181640609375 0.277117828125 0.6328124984375 0.27593356406249997 0.6376953140625 0.2747492984375 0.6484375015625 0.264090921875 0.65234375 0.254616809375 0.65234375 0.23093152187500002 0.6416015625 0.21316755937499998 0.6357421875 0.2107990328125
0 0.6083984375 0.29606605625000004 0.599609375 0.3067244328125 0.59765625 0.31383001875 0.59765625 0.3398838328125 0.6015624984375 0.3493579484375 0.6142578125 0.360016325 0.634765625 0.35883205937499996 0.65234375 0.33751530625 0.65234375 0.31856707812499996 0.6484375015625 0.30909296249999996 0.6376953140625 0.29606605625000004 0.6298828125 0.2936975296875 0.6083984375 0.29606605625000004
0 0.6279296859375 0.37896455156250003 0.6162109390625 0.37896455156250003 0.599609375 0.391991459375 0.5957031265625 0.4014655703125 0.5957031265625 0.42041379843750004 0.6044921875 0.438177765625 0.6201171875 0.44765187656250005 0.6269531265625 0.44646761250000006 0.6357421875 0.4429148203125 0.650390625 0.422782328125 0.650390625 0.4014655703125 0.646484375 0.391991459375 0.6376953140625 0.3837016078125 0.6279296859375 0.37896455156250003
0 0.6376953140625 0.468968634375 0.6298828125 0.464231575 0.6142578125 0.464231575 0.6064453140625 0.468968634375 0.59765625 0.47962701093750004 0.59375 0.4891011265625 0.59375 0.5080493546875 0.6025390609375 0.5234447875 0.6123046859375 0.5305503734375 0.6230468734375 0.5317346374999999 0.6298828125 0.5305503734375 0.6425781265625 0.519891996875 0.650390625 0.49857523906249995 0.650390625 0.4891011265625 0.646484375 0.47962701093750004 0.6376953140625 0.468968634375
0 0.6123046859375 0.5566041859374999 0.6025390609375 0.5613412421875 0.5917968734375 0.57436815 0.58984375 0.6004219625 0.5957031265625 0.6122646046875 0.6083984375 0.62292298125 0.6269531265625 0.6217387203125 0.63671875 0.6122646046875 0.640625 0.6027904921875 0.6425781265625 0.5767366796875 0.6318359390625 0.5613412421875 0.6240234375 0.5566041859374999 0.6123046859375 0.5566041859374999
0 0.6787109390625 0.1657969921875 0.6689453140625 0.1705340484375 0.662109375 0.17882389999999998 0.6582031265625 0.190666540625 0.6582031265625 0.20961476874999999 0.6689453140625 0.22974726093750003 0.6787109390625 0.2344843171875 0.693359375 0.23330005156250003 0.708984375 0.2214574109375 0.71484375 0.20961476874999999 0.7167968734375 0.19303506718750002 0.712890625 0.181192425 0.7021484375 0.16816551875000002 0.6787109390625 0.1657969921875
0 0.7001953140625 0.25343254531250003 0.6767578125 0.25343254531250003 0.6708984375 0.25580107500000004 0.662109375 0.2664594515625 0.6582031265625 0.27593356406249997 0.6582031265625 0.294881790625 0.662109375 0.30435590625 0.6748046859375 0.3173828140625 0.6806640609375 0.31975133906250003 0.693359375 0.31856707812499996 0.6982421875 0.3173828140625 0.708984375 0.30435590625 0.71484375 0.2877762046875 0.712890625 0.2711965078125 0.708984375 0.26172239531249997 0.7001953140625 0.25343254531250003
0 0.6542968734375 0.363569115625 0.65625 0.38488587343749997 0.6728515625 0.405018365625 0.6953124984375 0.4038341 0.708984375 0.387254403125 0.7109375015625 0.36120058906249997 0.6923828125 0.3386995671875 0.6728515625 0.3386995671875 0.6582031265625 0.354095003125 0.6542968734375 0.363569115625
0 0.6943359390625 0.42633511874999996 0.6767578125 0.42396659375 0.6650390609375 0.4310721796875 0.65625 0.44409908593749997 0.6542968734375 0.4488361421875 0.6542968734375 0.46778436875 0.66015625 0.481995540625 0.6689453140625 0.4902853875 0.6748046859375 0.49265391718749996 0.6894531265625 0.49146965312499996 0.6943359390625 0.4902853875 0.70703125 0.47252142499999994 0.7109375015625 0.4630473140625 0.7109375015625 0.45120467187499996 0.7050781265625 0.4369935 0.6943359390625 0.42633511874999996
0 0.6708984375 0.513970675 0.6630859390625 0.5187077312499999 0.65234375 0.5317346374999999 0.6484375015625 0.5435772796875 0.6484375015625 0.555419921875 0.65234375 0.5672625640625 0.6630859390625 0.5802894703125 0.6689453140625 0.582658 0.68359375 0.581473734375 0.693359375 0.57436815 0.7011718734375 0.5577884515625 0.703125 0.5483143359375 0.7011718734375 0.5317346374999999 0.6884765625 0.5163392015625 0.6708984375 0.513970675
0 0.7666015625 0.1113208359375 0.7568359390625 0.108952309375 0.7392578125 0.1113208359375 0.728515625 0.1290848015625 0.7265624984375 0.14092744375 0.728515625 0.159875671875 0.7451171875 0.1800081640625 0.76171875 0.17882389999999998 0.7685546859375 0.1752711046875 0.77734375 0.164612728125 0.78125 0.1551386125 0.7832031265625 0.14329597031250002 0.78125 0.1290848015625 0.7666015625 0.1113208359375
0 0.7568359390625 0.208430503125 0.7314453140625 0.2060619734375 0.7207031265625 0.21908888124999998 0.71484375 0.23566858281249997 0.71484375 0.24277416718749997 0.72265625 0.2664594515625 0.7294921875 0.2747492984375 0.744140625 0.27830209375 0.7587890609375 0.2747492984375 0.76953125 0.26172239531249997 0.7734375015625 0.25224827968749997 0.7734375015625 0.23093152187500002 0.76953125 0.21908888124999998 0.7568359390625 0.208430503125
0 0.7412109390625 0.29606605625000004 0.7294921875 0.30317164218750003 0.72265625 0.31146149218749997 0.7167968734375 0.32567266093749997 0.7167968734375 0.3422523625 0.7207031265625 0.35172647343749996 0.7294921875 0.36238485468750004 0.7353515625 0.36475338125 0.7519531265625 0.363569115625 0.7587890609375 0.360016325 0.771484375 0.3422523625 0.7734375015625 0.33751530625 0.7734375015625 0.3161985484375 0.7626953140625 0.3008031125 0.7412109390625 0.29606605625000004
0 0.7470703140625 0.3813330828125 0.7392578125 0.3813330828125 0.7275390609375 0.3884386640625 0.71875 0.3990970453125 0.71484375 0.40857115625 0.71484375 0.42751938437500003 0.71875 0.4369935 0.7294921875 0.44765187656250005 0.7353515625 0.45002040625 0.7480468734375 0.4488361421875 0.7548828125 0.44528334999999997 0.76953125 0.42515085781249995 0.76953125 0.4038341 0.7675781265625 0.396728515625 0.7607421875 0.3884386640625 0.7470703140625 0.3813330828125
0 0.7216796859375 0.4808112765625 0.712890625 0.4938381828125 0.7109375015625 0.49857523906249995 0.7109375015625 0.522260521875 0.7197265625 0.5352874296875 0.7275390609375 0.5400244843750001 0.74609375 0.5388402234375 0.76171875 0.522260521875 0.765625 0.5127864109375 0.765625 0.496206709375 0.7509765625 0.4760742203125 0.7353515625 0.473705690625 0.7216796859375 0.4808112765625
0 0.7314453140625 0.5589727171875001 0.7197265625 0.5660782984375 0.7109375015625 0.5791052046875 0.708984375 0.583842265625 0.708984375 0.6027904921875 0.7197265625 0.6205544546875 0.7314453140625 0.6252915109375 0.7421875015625 0.624107246875 0.7509765625 0.6181859249999999 0.76171875 0.6027904921875 0.7636718734375 0.581473734375 0.759765625 0.5719996187499999 0.7490234375 0.5613412421875 0.7314453140625 0.5589727171875001
0 0.6669921875 0.601606228125 0.65234375 0.6170016609375 0.6484375015625 0.6406869484375 0.65234375 0.6525295890625 0.6611328125 0.6631879671875 0.6650390609375 0.6655564968750001 0.6796875015625 0.66437223125 0.6845703140625 0.6631879671875 0.697265625 0.6477925296875 0.7011718734375 0.6383184171875 0.7011718734375 0.6217387203125 0.6845703140625 0.601606228125 0.6669921875 0.601606228125
0 0.1533203140625 0.6205544546875 0.1357421875 0.6181859249999999 0.1298828125 0.6205544546875 0.119140625 0.6335813625 0.115234375 0.650161059375 0.11718750156249999 0.66437223125 0.1298828125 0.68213619375 0.1357421875 0.6845047234375 0.150390625 0.683320459375 0.1552734375 0.68213619375 0.1640624984375 0.67384634375 0.1699218734375 0.6572666453125 0.1699218734375 0.645424003125 0.1640624984375 0.6312128328125 0.1533203140625 0.6205544546875
0 0.0888671875 0.6584509109375001 0.0771484375 0.6584509109375001 0.07128906093750001 0.6608194359375 0.0605468734375 0.67384634375 0.056640625 0.688057515625 0.056640625 0.69990015625 0.0605468734375 0.7117427984375 0.0673828125 0.72003265 0.07519531406249999 0.7247697046875 0.08984375 0.723585440625 0.10253906093750001 0.71529559375 0.10742187343750001 0.7070057421875 0.109375 0.685688984375 0.10742187343750001 0.6762148734375 0.09667968593750001 0.6631879671875 0.0888671875 0.6584509109375001
0 0.0986328125 0.7508235187500001 0.08496093906249999 0.7437179328125 0.07128906093750001 0.7437179328125 0.0605468734375 0.7543763140624999 0.0546875015625 0.76858748125 0.0546875015625 0.7851671828125 0.0634765625 0.8029311453125001 0.0732421875 0.81003673125 0.08593750156249999 0.8112209968749999 0.0927734375 0.81003673125 0.0986328125 0.8052996718750001 0.10546875 0.7946412953124999 0.10742187343750001 0.76858748125 0.103515625 0.7567448390625 0.0986328125 0.7508235187500001
0 0.08691406093750001 0.8384590703124999 0.06933593906249999 0.8408276000000001 0.05859375 0.8514859781249999 0.0546875015625 0.8609600937499999 0.0546875015625 0.8822768468750001 0.06542968593750001 0.8976722828125 0.0732421875 0.9024093390625 0.09179687343750001 0.9012250749999999 0.09667968593750001 0.9000408140625 0.10742187343750001 0.8846453765625 0.109375 0.8751712609375 0.10742187343750001 0.8585915640625 0.0927734375 0.8408276000000001 0.08691406093750001 0.8384590703124999
0 0.1474609390625 0.7034529515625 0.1318359390625 0.7034529515625 0.11718750156249999 0.718848384375 0.11328125 0.7306910265625 0.11328125 0.7449021984375 0.115234375 0.7520077828125 0.1240234375 0.7650346906250001 0.1376953140625 0.7721402765625001 0.1425781265625 0.7709560109375 0.1572265625 0.7650346906250001 0.1640624984375 0.7543763140624999 0.1699218734375 0.7377966125000001 0.162109375 0.7164798578125 0.1552734375 0.7081900078125 0.1474609390625 0.7034529515625
0 0.1435546859375 0.791088503125 0.1337890609375 0.791088503125 0.1240234375 0.795825559375 0.11328125 0.8088524671874999 0.11132812656249999 0.8135895218750001 0.11132812656249999 0.8349062796875 0.115234375 0.8443803921875 0.1259765625 0.8550387718750001 0.1376953140625 0.859775828125 0.1425781265625 0.8585915640625 0.1533203140625 0.8550387718750001 0.162109375 0.8420118656250001 0.1640624984375 0.8159580515625 0.162109375 0.8088524671874999 0.1513671875 0.795825559375 0.1435546859375 0.791088503125
0 0.2138671875 0.667925021875 0.2099609390625 0.6655564968750001 0.1943359390625 0.6655564968750001 0.1845703140625 0.6702935515624999 0.17578125 0.683320459375 0.1738281265625 0.69990015625 0.1796875015625 0.718848384375 0.1845703140625 0.7247697046875 0.1904296859375 0.7295067609375 0.203125 0.7306910265625 0.2138671875 0.727138234375 0.224609375 0.714111328125 0.228515625 0.7022686859375 0.228515625 0.6927945703125 0.224609375 0.6809519296875 0.2138671875 0.667925021875
0 0.2001953140625 0.7508235187500001 0.1845703140625 0.755560575 0.17578125 0.7662189546875 0.171875 0.787535709375 0.17578125 0.8041154109375 0.1826171875 0.8124052578125 0.1884765625 0.8171423171875001 0.203125 0.818326578125 0.2138671875 0.8147737875000001 0.2207031265625 0.8064839359375 0.2265624984375 0.7899042390625 0.2265624984375 0.7804301234375 0.2158203140625 0.7579291046875001 0.2001953140625 0.7508235187500001
0 0.2021484375 0.8431961265625001 0.1845703140625 0.8431961265625001 0.1699218734375 0.8585915640625 0.166015625 0.8704342046875 0.166015625 0.8846453765625 0.1699218734375 0.8941194890625 0.1806640609375 0.9047778687499999 0.1865234375 0.9071463953125001 0.203125 0.9059621343750001 0.2080078125 0.9047778687499999 0.21875 0.8917509625 0.22265625 0.8799083203125001 0.22265625 0.8680656796875 0.2099609390625 0.8479331859375 0.2021484375 0.8431961265625001
0 0.2568359390625 0.6252915109375 0.2470703140625 0.6300285671875 0.23828125 0.6406869484375 0.234375 0.650161059375 0.234375 0.66437223125 0.23828125 0.6762148734375 0.2470703140625 0.68687325 0.2568359390625 0.6916103062500001 0.26171875 0.6904260453125 0.2763671875 0.6845047234375 0.287109375 0.6691092875 0.287109375 0.6477925296875 0.2832031265625 0.6383184171875 0.2685546859375 0.6252915109375 0.2568359390625 0.6252915109375
0 0.2705078125 0.7129270640625001 0.2529296859375 0.7105585375000001 0.234375 0.723585440625 0.2324218734375 0.7283225 0.2324218734375 0.7520077828125 0.2363281265625 0.763850425 0.2431640609375 0.7721402765625001 0.2509765625 0.7768773328125 0.265625 0.7756930671875 0.2705078125 0.7745088015625 0.28125 0.7614818953125 0.28515625 0.7520077828125 0.28515625 0.7354280859375 0.2792968734375 0.7212169140625 0.2705078125 0.7129270640625001
0 0.2490234375 0.8029311453125001 0.2373046859375 0.81003673125 0.23046875 0.818326578125 0.228515625 0.8230636375 0.228515625 0.846748921875 0.234375 0.8609600937499999 0.2451171875 0.869249940625 0.265625 0.8680656796875 0.2792968734375 0.8514859781249999 0.2832031265625 0.83253775 0.27734375 0.818326578125 0.2685546859375 0.8076682015625 0.2607421875 0.8029311453125001 0.2490234375 0.8029311453125001
0 0.3251953140625 0.6702935515624999 0.3115234375 0.6702935515624999 0.3017578125 0.6750306078125 0.29296875 0.685688984375 0.291015625 0.6904260453125 0.291015625 0.7117427984375 0.2949218734375 0.7212169140625 0.3056640609375 0.7342438203125 0.3115234375 0.736612346875 0.3261718734375 0.7354280859375 0.3330078125 0.731875290625 0.34375 0.714111328125 0.3457031265625 0.7070057421875 0.34375 0.6904260453125 0.3330078125 0.6750306078125 0.3251953140625 0.6702935515624999
0 0.3212890609375 0.7626661609375 0.3076171875 0.7626661609375 0.2998046859375 0.7674032171875 0.2890624984375 0.782798653125 0.2890624984375 0.8088524671874999 0.3037109390625 0.8266164296875 0.3095703140625 0.828984959375 0.32421875 0.8278006937500001 0.3359375015625 0.818326578125 0.33984375 0.8088524671874999 0.3417968734375 0.7899042390625 0.337890625 0.778061596875 0.3291015625 0.7674032171875 0.3212890609375 0.7626661609375
0 0.29296875 0.8562230328125 0.28515625 0.8704342046875 0.287109375 0.8941194890625 0.2958984375 0.9047778687499999 0.3056640609375 0.9095149250000001 0.3261718734375 0.9083306609375 0.337890625 0.8964880187500001 0.3417968734375 0.872802734375 0.3271484375 0.8503017125 0.3173828125 0.84556465625 0.3017578125 0.8479331859375 0.29296875 0.8562230328125
0 0.3759765625 0.6300285671875 0.3574218734375 0.6406869484375 0.3515624984375 0.654898115625 0.3515624984375 0.6714778171875 0.35546875 0.683320459375 0.3642578125 0.6939788359375 0.3681640609375 0.696347365625 0.38671875 0.6951631 0.3935546859375 0.6916103062500001 0.4042968734375 0.67384634375 0.4042968734375 0.650161059375 0.3955078125 0.637134153125 0.3818359390625 0.6300285671875 0.3759765625 0.6300285671875
0 0.3740234375 0.72003265 0.3583984375 0.727138234375 0.34765625 0.7401651421875 0.34765625 0.763850425 0.3583984375 0.7816143875 0.3662109390625 0.7863514484375 0.3828124984375 0.7851671828125 0.3896484375 0.7816143875 0.396484375 0.7709560109375 0.400390625 0.749639253125 0.396484375 0.7354280859375 0.3876953140625 0.7247697046875 0.3740234375 0.72003265
0 0.3798828125 0.8052996718750001 0.3642578125 0.8052996718750001 0.349609375 0.8206951078125 0.3457031265625 0.8301692234375 0.34765625 0.8538545078125 0.3525390609375 0.8621443578125 0.3623046859375 0.869249940625 0.3701171875 0.8716184703125001 0.380859375 0.8704342046875 0.3857421875 0.869249940625 0.396484375 0.8562230328125 0.400390625 0.83253775 0.39453125 0.818326578125 0.3876953140625 0.81003673125 0.3798828125 0.8052996718750001
0 0.4345703140625 0.68213619375 0.4326171875 0.6797676640625 0.4189453140625 0.68687325 0.4082031265625 0.7022686859375 0.4082031265625 0.723585440625 0.412109375 0.73305955625 0.4248046859375 0.7460864625 0.44921875 0.7449021984375 0.45703125 0.73305955625 0.4609375015625 0.718848384375 0.4609375015625 0.7070057421875 0.45703125 0.6951631 0.4443359390625 0.68213619375 0.4345703140625 0.68213619375
0 0.4384765625 0.7650346906250001 0.4248046859375 0.7650346906250001 0.4082031265625 0.7804301234375 0.4042968734375 0.7899042390625 0.4042968734375 0.8041154109375 0.41015625 0.8206951078125 0.4150390609375 0.8266164296875 0.4267578125 0.831353484375 0.44140625 0.8301692234375 0.453125 0.8206951078125 0.45703125 0.8112209968749999 0.458984375 0.79227276875 0.4550781265625 0.7804301234375 0.4462890609375 0.7697717468749999 0.4384765625 0.7650346906250001
0 0.4423828125 0.8526702421874999 0.4287109390625 0.8479331859375 0.4208984375 0.8503017125 0.40625 0.8656971499999999 0.40234375 0.8751712609375 0.40234375 0.8917509625 0.40625 0.9012250749999999 0.4150390609375 0.9095149250000001 0.4208984375 0.9118834546875 0.44140625 0.910699190625 0.4501953140625 0.9071463953125001 0.4550781265625 0.9012250749999999 0.458984375 0.8917509625 0.458984375 0.877539790625 0.4550781265625 0.8680656796875 0.4423828125 0.8526702421874999
0 0.4755859390625 0.6489767953125 0.46875 0.659635175 0.4667968734375 0.6809519296875 0.4707031265625 0.6904260453125 0.4853515625 0.7058214781250001 0.5078124984375 0.7046372125 0.5175781265625 0.6927945703125 0.51953125 0.659635175 0.5087890609375 0.6442397390625 0.5009765625 0.6395026828125 0.4873046859375 0.6395026828125 0.4755859390625 0.6489767953125
0 0.4853515625 0.7247697046875 0.4707031265625 0.7377966125000001 0.4667968734375 0.749639253125 0.4667968734375 0.7662189546875 0.4707031265625 0.7756930671875 0.4814453140625 0.7887199734375 0.4873046859375 0.791088503125 0.50390625 0.7899042390625 0.5107421875 0.7863514484375 0.5175781265625 0.7756930671875 0.521484375 0.7567448390625 0.51953125 0.7449021984375 0.5029296859375 0.7247697046875 0.4853515625 0.7247697046875
0 0.4853515625 0.8076682015625 0.46875 0.8230636375 0.46484375 0.83253775 0.46484375 0.8491174515625 0.4667968734375 0.8562230328125 0.4755859390625 0.869249940625 0.4833984375 0.873987 0.5019531265625 0.872802734375 0.5087890609375 0.869249940625 0.515625 0.8585915640625 0.5175781265625 0.8301692234375 0.5048828125 0.8124052578125 0.4970703140625 0.8076682015625 0.4853515625 0.8076682015625
0 0.5400390609375 0.68687325 0.5292968734375 0.69990015625 0.525390625 0.7117427984375 0.52734375 0.7259539703125 0.5458984375 0.7484549921875 0.5644531265625 0.747270728125 0.5761718734375 0.7306910265625 0.5800781265625 0.7070057421875 0.578125 0.69990015625 0.5654296859375 0.6845047234375 0.5498046859375 0.68213619375 0.5400390609375 0.68687325
0 0.5576171875 0.7674032171875 0.5478515625 0.7674032171875 0.5419921875 0.7697717468749999 0.52734375 0.787535709375 0.525390625 0.8088524671874999 0.5332031265625 0.8254321640625 0.5400390609375 0.831353484375 0.5439453140625 0.833722015625 0.5625 0.83253775 0.5693359390625 0.828984959375 0.578125 0.8135895218750001 0.5800781265625 0.8041154109375 0.578125 0.7899042390625 0.5673828125 0.7721402765625001 0.5576171875 0.7674032171875
0 0.5439453140625 0.8526702421874999 0.5322265625 0.859775828125 0.525390625 0.8680656796875 0.521484375 0.877539790625 0.521484375 0.8917509625 0.5302734375 0.9095149250000001 0.5458984375 0.9166205109375 0.5546875015625 0.9154362468749999 0.5693359390625 0.9095149250000001 0.5761718734375 0.9012250749999999 0.5761718734375 0.8751712609375 0.5703124984375 0.86332861875 0.5615234375 0.8550387718750001 0.5439453140625 0.8526702421874999
0 0.6181640609375 0.6442397390625 0.6083984375 0.6442397390625 0.5966796859375 0.6513453250000001 0.58984375 0.659635175 0.587890625 0.66437223125 0.587890625 0.6904260453125 0.6025390609375 0.7081900078125 0.6083984375 0.7105585375000001 0.6230468734375 0.709374271875 0.6279296859375 0.7081900078125 0.634765625 0.69990015625 0.640625 0.6691092875 0.63671875 0.6572666453125 0.6298828125 0.6489767953125 0.6181640609375 0.6442397390625
0 0.6220703140625 0.7295067609375 0.6064453140625 0.7295067609375 0.6005859390625 0.731875290625 0.58984375 0.7449021984375 0.5859375015625 0.7662189546875 0.58984375 0.778061596875 0.6005859390625 0.791088503125 0.6123046859375 0.795825559375 0.619140625 0.7946412953124999 0.6279296859375 0.791088503125 0.634765625 0.782798653125 0.6386718734375 0.7662189546875 0.6386718734375 0.749639253125 0.6298828125 0.7342438203125 0.6220703140625 0.7295067609375
0 0.6083984375 0.8124052578125 0.5986328125 0.8171423171875001 0.587890625 0.8301692234375 0.583984375 0.8538545078125 0.587890625 0.8656971499999999 0.5966796859375 0.8763555265624999 0.6025390609375 0.8787240562499999 0.62109375 0.877539790625 0.6298828125 0.8716184703125001 0.63671875 0.8609600937499999 0.63671875 0.8349062796875 0.6259765625 0.8171423171875001 0.6162109390625 0.8124052578125 0.6083984375 0.8124052578125
0 0.6669921875 0.68687325 0.6591796859375 0.6916103062500001 0.6484375015625 0.7070057421875 0.6484375015625 0.73305955625 0.6552734375 0.7437179328125 0.6650390609375 0.7508235187500001 0.68359375 0.749639253125 0.6894531265625 0.7449021984375 0.697265625 0.7283225 0.69921875 0.7070057421875 0.6904296859375 0.6916103062500001 0.6826171875 0.68687325 0.6669921875 0.68687325
0 0.6845703140625 0.7721402765625001 0.6669921875 0.7721402765625001 0.6572265625 0.7792458625 0.6484375015625 0.7946412953124999 0.646484375 0.8064839359375 0.6484375015625 0.818326578125 0.6591796859375 0.833722015625 0.6669921875 0.8384590703124999 0.681640625 0.83727480625 0.6923828125 0.831353484375 0.69921875 0.8206951078125 0.7011718734375 0.8159580515625 0.69921875 0.7946412953124999 0.6884765625 0.7745088015625 0.6845703140625 0.7721402765625001
0 0.6787109390625 0.8574072984375001 0.6669921875 0.8574072984375001 0.6552734375 0.8621443578125 0.64453125 0.8799083203125001 0.64453125 0.9035936046874999 0.6484375015625 0.910699190625 0.6572265625 0.9189890374999999 0.671875 0.9201733015625001 0.6806640609375 0.9189890374999999 0.6884765625 0.91425198125 0.6953124984375 0.9059621343750001 0.69921875 0.8917509625 0.69140625 0.8656971499999999 0.6787109390625 0.8574072984375001