0 0.08912150156250001 0.8493087796875001 0.0927694625 0.8567734234375 0.09953726093750001 0.8588440765625001 0.10668892187500001 0.8499222484375 0.1073286984375 0.8316014515625 0.1008168125 0.8222024812500001 0.09496100468749999 0.8219979921875 0.089761278125 0.830987984375 0.08912150156250001 0.8493087796875001
0 0.12425633750000001 0.850535715625 0.12608031718749999 0.8542680375 0.1367519828125 0.856475015625 0.13987181875000002 0.8510810203125001 0.142335575 0.8364925453125001 0.13595164531249998 0.8234294171875 0.130095840625 0.823224928125 0.12489611406250001 0.8322149187500001 0.12425633750000001 0.850535715625
0 0.1576951453125 0.8443661718750001 0.16121515 0.8554949734375 0.171886815625 0.8577019515625001 0.175006653125 0.85230795625 0.17577438437499998 0.8303229999999999 0.17303841250000002 0.824724515625 0.16327873906249998 0.8243836999999999 0.160158903125 0.8297776953125 0.1576951453125 0.8443661718750001
0 0.1924461140625 0.8565855828125001 0.196222028125 0.8603860671874999 0.20506971406250002 0.8588607234375001 0.210397396875 0.8462065750000001 0.2106533078125 0.838878253125 0.20426937656250002 0.8258151249999999 0.194381746875 0.829138475 0.1911339546875 0.838196621875 0.1924461140625 0.8565855828125001
0 0.226012878125 0.8467518796875 0.22953288437500002 0.8578806812499999 0.24020455 0.860087659375 0.24332438281250002 0.8546936640625 0.245660184375 0.8437693515625 0.24135614843750003 0.8271102234375001 0.23354840625 0.8268375703125 0.228348678125 0.8358275624999999 0.226012878125 0.8467518796875
0 0.2414050546875 0.90965605 0.24518097343749998 0.9134565359375 0.253900703125 0.9155953515625 0.258972475 0.9102695187500001 0.261308275 0.8993452015625 0.25505230156250003 0.8826179156249999 0.2472445578125 0.8823452625 0.24204483125 0.8913352546875 0.2414050546875 0.90965605
0 0.26101975781250003 0.8516429750000001 0.2646677171875 0.859107615625 0.273387446875 0.86124643125 0.278587175 0.8522564421875 0.279098996875 0.837599803125 0.2745390453125 0.8282689953125001 0.266731303125 0.82799634375 0.2636114703125 0.8333903390625 0.26101975781250003 0.8516429750000001
0 0.2803158046875 0.914683471875 0.2890355359375 0.9168222859374999 0.2942352625 0.9078322968749999 0.2947470828125 0.8931756578125001 0.28641121875 0.880044365625 0.2771796671875 0.8925621890625001 0.276667846875 0.9072188296875 0.2803158046875 0.914683471875
0 0.30997869843750003 0.9047134421875 0.3154506390625 0.9159104062500001 0.324298325 0.914385059375 0.32962600625 0.9017309078125001 0.330009871875 0.890738434375 0.32349798750000003 0.8813394640625001 0.31569024687499997 0.8810668125 0.3104905203125 0.890056803125 0.30997869843750003 0.9047134421875
0 0.3466816015625 0.9170010156249999 0.35735326562499997 0.9192079937500001 0.364632884375 0.9066220093749999 0.3648887953125 0.8992936874999999 0.3566808859375 0.8824982359375 0.348745190625 0.8858897421874999 0.3434175078125 0.8985438921875 0.3466816015625 0.9170010156249999
0 0.376984271875 0.8887101890625001 0.375832675 0.9216876203125001 0.379608590625 0.9254881062500001 0.3922321921875 0.9277632468749999 0.3993838515625 0.9188414187499999 0.40210352031249996 0.8969246265624999 0.395847546875 0.8801973390625 0.3842638890625 0.876124203125 0.3791921171875 0.8814500359374999 0.376984271875 0.8887101890625001
0 0.397655221875 0.8564143906250001 0.40325511875000003 0.8639471953125 0.4119748484375 0.8660860109374999 0.41717457500000005 0.8570960203125001 0.41963833125 0.84250754375 0.4152063359375 0.829512578125 0.40349472343750004 0.8291036 0.3982949984375 0.8380935921875 0.397655221875 0.8564143906250001
0 0.36264834375 0.8515232953125 0.36812028125 0.8627202593750001 0.3768400125 0.864859075 0.384119628125 0.8522730890625001 0.3845034953125 0.8412806093749999 0.38007150312500004 0.8282856437499999 0.36835989062499996 0.8278766640624999 0.3631601640625 0.83686665625 0.36264834375 0.8515232953125
0 0.3301052203125 0.8320437249999999 0.3310335140625 0.8614251609375 0.3436571140625 0.863700303125 0.35093673124999997 0.8511143171875 0.351320596875 0.8401218359374999 0.344936665625 0.8270587078125 0.33920881718749996 0.8231900609375 0.3332250578125 0.8266497296875001 0.3301052203125 0.8320437249999999
0 0.2925066328125 0.845405265625 0.2958986796875 0.8601982250000001 0.306570346875 0.8624052046875 0.3116421171875 0.857079371875 0.3124098484375 0.835094415625 0.309673878125 0.82949593125 0.3019940953125 0.8255591203125 0.296922321875 0.8308849531250001 0.2925066328125 0.845405265625
0 0.38383111406250003 0.80457085625 0.3876070296875 0.808371340625 0.396454715625 0.8068459984375 0.39970250625000003 0.79778784375 0.40008637187499996 0.7867953625 0.3955264203125 0.7774645625 0.38771868125000003 0.7771919109375001 0.38251895468749997 0.7861818953124999 0.38383111406250003 0.80457085625
0 0.3471282109375 0.7922832828125 0.35247219531249996 0.8071444046874999 0.3572880546875 0.8091468953125001 0.36651960781250004 0.796629071875 0.36690347343749996 0.785636590625 0.362343521875 0.776305790625 0.3525838484375 0.7759649750000001 0.3494640109375 0.7813589640624999 0.3471282109375 0.7922832828125
0 0.31551338125 0.8021851484375 0.31928929687499996 0.8059856328125001 0.32410515625 0.8079881234374999 0.33125681875 0.7990662953125 0.3317686390625 0.78440965625 0.3272086890625 0.7750788546875 0.31940095 0.774806203125 0.314201221875 0.7837961875 0.31551338125 0.8021851484375
0 0.2841544625 0.804758696875 0.28897032500000003 0.8067611875 0.2961219859375 0.797839359375 0.29663380625 0.7831827203125 0.2920738546875 0.7738519187499999 0.28114628124999996 0.77897325625 0.2805065046875 0.7972940546875 0.2841544625 0.804758696875
0 0.2470676921875 0.8034635984375 0.25279554375 0.8073322468749999 0.2577393609375 0.8056705781250001 0.2629390875 0.7966805875 0.261626925 0.7782916265625001 0.2569390234375 0.7726249843749999 0.25303515 0.7724886578125 0.2457555328125 0.7850746453124999 0.2470676921875 0.8034635984375
0 0.21388479375 0.8023048265625 0.22260452343749998 0.80444364375 0.2297561859375 0.795521815625 0.23026800625 0.780865175 0.22193214218750001 0.7677338828125 0.21074865625 0.7801835453125 0.210364790625 0.7911760250000001 0.21388479375 0.8023048265625
0 0.1753579125 0.78628493125 0.1787499609375 0.801077890625 0.18942162499999998 0.8032848703125 0.194621353125 0.7942948796875 0.195133175 0.779638240625 0.1905732234375 0.7703074390625 0.182765484375 0.7700347875 0.1775657578125 0.779024771875 0.1753579125 0.78628493125
0 0.1421750125 0.7851261593750001 0.1475189984375 0.79998728125 0.15428679375 0.8020579359375001 0.15935856406249999 0.796732103125 0.1618223203125 0.7821436328125 0.1592143046875 0.7728809890624999 0.1495825859375 0.7688760140625 0.144382859375 0.7778660000000001 0.1421750125 0.7851261593750001
0 0.10691222656249999 0.7875633828125 0.1104322296875 0.7986921828125 0.12110389531250002 0.8008991625 0.12422373281250002 0.7955051671875 0.12655953125 0.7845808546875 0.12212753750000001 0.771585890625 0.11444775 0.7676490796875 0.10937598281250001 0.77297490625 0.10691222656249999 0.7875633828125
0 0.07360136874999999 0.79006876875 0.0790733109375 0.8012657328125 0.087920996875 0.799740390625 0.0911687859375 0.7906822359375 0.09168060624999999 0.7760255968750001 0.08712065937499999 0.766694796875 0.0793129171875 0.7664221437500001 0.074113190625 0.7754121296875 0.07360136874999999 0.79006876875
0 0.0928322046875 0.743048165625 0.0966081203125 0.74684865 0.10337591875 0.748919303125 0.10857564374999999 0.7399293124999999 0.1109114453125 0.729005 0.10647944843749999 0.7160100359375 0.0967197734375 0.7156692203125 0.0935999359375 0.721063215625 0.0928322046875 0.743048165625
0 0.1280949953125 0.7406109437499999 0.1317429546875 0.7480755859375 0.13851075 0.7501462375 0.1437104765625 0.7411562484374999 0.144222296875 0.7264996140625 0.139662346875 0.7171688078125 0.13380654375 0.71696431875 0.128606815625 0.7259543093749999 0.1280949953125 0.7406109437499999
0 0.1631018734375 0.7455020359375 0.1668777890625 0.7493025203125 0.1697417140625 0.751236846875 0.176893375 0.7423150203125 0.1775331515625 0.723994228125 0.17479718125000002 0.71839574375 0.1669894421875 0.718123090625 0.1617897140625 0.7271130828125 0.1631018734375 0.7455020359375
0 0.1964127265625 0.7429966515624999 0.2020126234375 0.75052945625 0.204876546875 0.7524637828125 0.21202820937500003 0.74354195625 0.21266798437499998 0.7252211640625 0.2099320140625 0.719622678125 0.2001723390625 0.7192818640625 0.197052503125 0.724675859375 0.1964127265625 0.7429966515624999
0 0.231547559375 0.7442235859374999 0.23714745625 0.7517563921875 0.24209127343749998 0.7500947234375 0.24729099687499997 0.7411047328125 0.24767486249999998 0.7301122578125 0.243114915625 0.7207814515625001 0.2353071734375 0.7205087984375 0.22997949062499998 0.733162946875 0.231547559375 0.7442235859374999
0 0.26473046093749997 0.745382359375 0.266554440625 0.7491146796875 0.27722610468750003 0.7513216593750001 0.2803459390625 0.7459276640625 0.280985715625 0.7276068718750001 0.278249746875 0.7220083859375 0.26849007187499996 0.7216675703125001 0.2653702375 0.7270615671875 0.26473046093749997 0.745382359375
0 0.29791335937499996 0.74654113125 0.303513253125 0.7540739359375 0.310409003125 0.75248043125 0.3156087296875 0.743490440625 0.3142965734375 0.7251014796875 0.309608665625 0.7194348374999999 0.299721034375 0.7227581796875 0.29647324531249997 0.731816334375 0.29791335937499996 0.74654113125
0 0.33304819218750004 0.7477680671875 0.3366961515625 0.755232709375 0.343463946875 0.7573033609375 0.35074356406249996 0.744717375 0.35125538437500003 0.7300607421875001 0.34487145468749997 0.7169976140625 0.340967584375 0.7168612875 0.3338159234375 0.725783109375 0.33304819218750004 0.7477680671875
0 0.366487 0.7415985218750001 0.37000700468750003 0.752727321875 0.38067867031249997 0.754934303125 0.3837985078125 0.74954030625 0.38443828281250003 0.7312195140625 0.37987833125 0.7218887078125 0.3720705921875 0.72161605625 0.36895075624999996 0.7270100453125 0.366487 0.7415985218750001
0 0.4013659234375 0.750153775 0.403189903125 0.7538860953125 0.41386157187499995 0.756093075 0.41906129375 0.7471030828125 0.419573115625 0.7324464500000001 0.41501316875 0.72311564375 0.405253490625 0.722774828125 0.40213365625 0.7281688171875 0.4013659234375 0.750153775
0 0.07718411562500001 0.6874723125 0.0827840125 0.6950051234375 0.09163169843749999 0.693479775 0.0948794875 0.6844216203125 0.09513539843749999 0.677093303125 0.0907034078125 0.6640983390625 0.0809437296875 0.6637575234375 0.0778238921875 0.6691515203125 0.07718411562500001 0.6874723125
0 0.1103670171875 0.688631084375 0.1159669109375 0.6961638953125 0.12078277343749999 0.698166378125 0.12793443437500002 0.6892445515625 0.12857421093750002 0.670923759375 0.12401425937499999 0.661592953125 0.1162065171875 0.6613203000000001 0.11100679375 0.6703102921874999 0.1103670171875 0.688631084375
0 0.1456298046875 0.6861938609375 0.1530536796875 0.69745899375 0.15994943125 0.6958654828124999 0.1630692671875 0.6904714875 0.16370904375 0.6721506953125 0.15914909375 0.6628198890625 0.1532932890625 0.6626154 0.14614162656250002 0.6715372281249999 0.1456298046875 0.6861938609375
0 0.178940659375 0.6836884750000001 0.1824606640625 0.69481728125 0.193132328125 0.69702425625 0.196252165625 0.691630259375 0.198715921875 0.6770417875 0.194283925 0.6640468234375 0.184524253125 0.6637060078125 0.181404415625 0.6691000046875 0.178940659375 0.6836884750000001
0 0.2263152265625 0.698183028125 0.2315149546875 0.6891930359375 0.22929080625 0.66893791875 0.2165392484375 0.6703269390625 0.21407549218750002 0.6849154093750001 0.21759549531250003 0.6960442171875 0.2263152265625 0.698183028125
0 0.24908237031249997 0.6898065046874999 0.2527303328125 0.697271153125 0.26145006406250004 0.6994099640625 0.26664978906250003 0.690419971875 0.2670336546875 0.6794274953125 0.26247370625 0.670096690625 0.2546659625 0.6698240375 0.2494662359375 0.6788140281249999 0.24908237031249997 0.6898065046874999
0 0.2840892515625 0.6946975984375 0.2859132296875 0.698429925 0.2946329609375 0.7005687359375 0.29996064375 0.6879145859375 0.3002165546875 0.6805862687500001 0.2938326234375 0.667523140625 0.28992874999999996 0.6673868140625 0.284729028125 0.67637680625 0.2840892515625 0.6946975984375
0 0.317528059375 0.688528053125 0.3229999984375 0.6997250234375 0.32976779375 0.701795671875 0.3349675203125 0.6928056796875001 0.335479340625 0.678149046875 0.3271434765625 0.6650177546875 0.3211597140625 0.6684774234375 0.317911925 0.677535578125 0.317528059375 0.688528053125
0 0.3525349375 0.693419146875 0.35813483125 0.700951959375 0.3629506921875 0.70295444375 0.36815041875 0.6939644515625 0.368662240625 0.67930781875 0.364102290625 0.6699770125 0.3562945515625 0.6697043593750001 0.3510948234375 0.6786943515625 0.3525349375 0.693419146875
0 0.3932696671875 0.70217889375 0.4013333171875 0.695123225 0.40197309375 0.6768024328125 0.3974131421875 0.667471625 0.3915573390625 0.6672671359375 0.38622965625 0.6799212859375 0.385845790625 0.6909137609375 0.3932696671875 0.70217889375
0 0.10031882343750001 0.640588040625 0.1070866203125 0.6426586875 0.11228634687500001 0.6336687015625 0.11201413125 0.6134817421875 0.10238240937500001 0.6094767671875 0.0971826828125 0.6184667593750001 0.09654290625 0.63678755625 0.10031882343750001 0.640588040625
0 0.1298537640625 0.6342821703125 0.133501721875 0.6417468125 0.138317584375 0.643749296875 0.1454692453125 0.634827475 0.145981065625 0.6201708359375 0.14337305 0.6109081921875 0.1355653078125 0.6106355406249999 0.130365584375 0.61962553125 0.1298537640625 0.6342821703125
0 0.166812575 0.6392414265624999 0.170588490625 0.6430419109375001 0.173452415625 0.64497623125 0.1806040765625 0.636054409375 0.181243853125 0.6177336125 0.178507884375 0.612135128125 0.17070014375 0.611862475 0.1655004171875 0.6208524671875 0.166812575 0.6392414265624999
0 0.19829945 0.6330037140625 0.2037713875 0.644200684375 0.21066713906249998 0.6426071734375001 0.21586686562500002 0.63361718125 0.21625073281249999 0.6226247078125 0.21169078125000002 0.6132939000000001 0.20388304062499998 0.6130212484374999 0.198683315625 0.6220112390625 0.19829945 0.6330037140625
0 0.23513030625 0.641627134375 0.245801975 0.643834109375 0.2510016984375 0.6348441171875 0.2513855640625 0.6238516421875 0.24304969999999998 0.61072035 0.23706594062500003 0.6141800203125001 0.2338181484375 0.623238175 0.23513030625 0.641627134375
0 0.27026514375 0.6428540703125 0.2819767515625 0.6432630484375 0.28469641874999996 0.6213462562500001 0.280136471875 0.61201545 0.2742806625 0.611810959375 0.2690809390625 0.6208009515625 0.2684411625 0.6391217484375 0.27026514375 0.6428540703125
0 0.3017520171875 0.6366163578124999 0.305399975 0.6440810046875 0.3121677703125 0.646151653125 0.3193194328125 0.637229825 0.3197032984375 0.62623735 0.31527130312499996 0.613242384375 0.3074635609375 0.6129697328125 0.3043437265625 0.6183637281250001 0.3017520171875 0.6366163578124999
0 0.33675889375 0.64150745625 0.34053480937499997 0.645307940625 0.34730260468749996 0.6473785890625 0.354582221875 0.6347926015625001 0.35496608749999997 0.6238001265625 0.34467828749999996 0.610600671875 0.338694525 0.6140603421875 0.335446734375 0.623118496875 0.33675889375 0.64150745625
0 0.3737177078125 0.6464667125 0.384389371875 0.6486736875 0.3897170546875 0.6360195375 0.388276940625 0.621294740625 0.38176505625 0.6118957703125 0.3707095234375 0.6206812734375 0.3700697484375 0.639002065625 0.3737177078125 0.6464667125
0 0.4050766265625 0.6438931640625001 0.408724584375 0.6513578078125 0.41549237968749997 0.653428453125 0.422771996875 0.6408424687500001 0.42328381718749997 0.626185834375 0.418723871875 0.616855028125 0.40896419375 0.6165142125 0.4036365125 0.6291683625 0.4050766265625 0.6438931640625001
0 0.08076686250000001 0.5848758593750001 0.08454278125 0.5886763453125 0.0913105765625 0.590746996875 0.09651030000000001 0.5817570062499999 0.097022121875 0.567100365625 0.09246217500000001 0.557769565625 0.08465443125 0.5574969140625 0.07932675 0.5701510578125 0.08076686250000001 0.5848758593750001
0 0.114205675 0.5787063171875 0.117853634375 0.5861709578125 0.1265733640625 0.5883097687500001 0.1296931984375 0.5829157781250001 0.1321569578125 0.5683273015625 0.1295489421875 0.5590646640625 0.1218691546875 0.5551278484375 0.11679738749999999 0.5604536812500001 0.114205675 0.5787063171875
0 0.1510365328125 0.58732973125 0.16274814531249998 0.5877387093750001 0.1649559890625 0.58047855625 0.164683775 0.5602916 0.15310011875 0.5562184578125 0.14790039531250002 0.56520845 0.1473885734375 0.5798650890625 0.1510365328125 0.58732973125
0 0.1826513609375 0.577427865625 0.186171365625 0.588556665625 0.194891096875 0.5906954765625 0.2000908234375 0.5817054921875 0.20073059999999998 0.56338469375 0.19617065 0.5540538875000001 0.1862830203125 0.5573772296875 0.1830352265625 0.566435384375 0.1826513609375 0.577427865625
0 0.217530284375 0.5859831171875001 0.223130178125 0.5935159234375 0.23002592968750002 0.5919224125 0.23522565625 0.5829324265625 0.23391349843749998 0.564543465625 0.22922559062499998 0.5588768171875 0.22532172187500002 0.5587404921875 0.2181700609375 0.5676623203125 0.217530284375 0.5859831171875001
0 0.2526651171875 0.5872100515625001 0.256441034375 0.5910105375 0.2612568921875 0.5930130218749999 0.268408553125 0.5840912 0.268920375 0.569434559375 0.264360428125 0.560103753125 0.2585046203125 0.5598992640625 0.25330489375 0.5688892546875 0.2526651171875 0.5872100515625001
0 0.2859759703125 0.5847046671875 0.2896239328125 0.592169309375 0.2983436625 0.5943081203125 0.3036713453125 0.5816539765625001 0.30223123125 0.5669291734375 0.29767128125000003 0.5575983671875 0.289735584375 0.5609898734375001 0.2864877921875 0.570048028125 0.2859759703125 0.5847046671875
0 0.32111080625 0.5859316031249999 0.32671070156250004 0.5934644078125 0.3315265609375 0.5954668921875 0.3367262875 0.5864769078125 0.33736606406249997 0.568156109375 0.330854178125 0.5587571390625 0.3248704171875 0.562216809375 0.3216226265625 0.5712749625 0.32111080625 0.5859316031249999
0 0.3542937046875 0.587090375 0.356117684375 0.5908226953125 0.364837415625 0.59296150625 0.370037140625 0.5839715203125 0.37054896249999997 0.56931488125 0.3659890125 0.559984075 0.3620851421875 0.5598477484375 0.35493348125 0.5687695765624999 0.3542937046875 0.587090375
0 0.3932044515625 0.5921177937500001 0.399972246875 0.5941884421875 0.40504402031250003 0.588862615625 0.40489976250000004 0.5650114953125 0.395268040625 0.5610065203125 0.3900683140625 0.5699965125 0.38955649375 0.5846531515625 0.3932044515625 0.5921177937500001
0 0.09855758437499999 0.5231304609375 0.10207759218750001 0.5342592625 0.1107973234375 0.5363980781250001 0.1159970484375 0.5274080859375 0.11650887031249998 0.5127514484375 0.1137728984375 0.50715296875 0.1060931109375 0.5032161578125 0.10102134062499998 0.508541984375 0.09855758437499999 0.5231304609375
0 0.1372124234375 0.5354861984375 0.1439802203125 0.53755685 0.1512598359375 0.5249708640625 0.151515746875 0.517642546875 0.1431798828125 0.5045112578125 0.1340762875 0.513364915625 0.133564465625 0.5280215546875 0.1372124234375 0.5354861984375
0 0.1686992984375 0.5292484890625 0.1723472578125 0.5367131328125 0.179115053125 0.5387837859375 0.1843147796875 0.52979379375 0.1848266 0.51513715625 0.18026665 0.50580635625 0.174410846875 0.5056018671875 0.16921111875 0.5145918515625 0.1686992984375 0.5292484890625
0 0.2020101515625 0.5267431046875 0.20553015624999998 0.53787190625 0.2142498859375 0.5400107203125 0.21944961406250002 0.5310207296875 0.219961434375 0.5163640921875 0.2154014828125 0.507033290625 0.20759374375 0.5067606390625 0.20447390781250002 0.512154628125 0.2020101515625 0.5267431046875
0 0.2426169265625 0.5391670046875 0.247432784375 0.54116949375 0.25484035625 0.5249193484375 0.2532722890625 0.5138587046875001 0.2467604015625 0.5044597421875 0.23765680625000002 0.5133134 0.23714498593750002 0.527970040625 0.2426169265625 0.5391670046875
0 0.27032788281250003 0.5291288125 0.2757998234375 0.5403257765625 0.2806156859375 0.5423282656249999 0.2878953 0.5297422796875 0.288279165625 0.5187497999999999 0.28189523906249997 0.5056866765625 0.27799136406249997 0.5055503515625 0.2707117484375 0.51813633125 0.27032788281250003 0.5291288125
0 0.303510784375 0.530287584375 0.31093465781249996 0.5415527124999999 0.3178304078125 0.53995920625 0.323158090625 0.5273050578125 0.323414 0.5199767343749999 0.31898200625 0.5069817750000001 0.309222328125 0.5066409593750001 0.3040226046875 0.5156309453125 0.303510784375 0.530287584375
0 0.338645615625 0.5315145203125 0.34229357656250003 0.5389791625 0.3510133078125 0.5411179781250001 0.3562130328125 0.5321279875 0.35685280937499997 0.5138071890625 0.35034092499999997 0.5044082203125 0.34643705625 0.50427189375 0.3392853921875 0.513193721875 0.338645615625 0.5315145203125
0 0.37547647500000003 0.540137934375 0.3861481390625 0.5423449140625001 0.39134786718750003 0.5333549234375 0.3918596875 0.518698284375 0.3872997359375 0.5093674828125 0.37454818125 0.5107564984375 0.37182851562499997 0.5326732921875 0.37547647500000003 0.540137934375
0 0.40696334843750004 0.533900228125 0.41061130781250005 0.5413648703125 0.4212829765625 0.5435718484375001 0.42648269843750003 0.534581859375 0.42686656562499997 0.523589378125 0.4224345734375 0.51059441875 0.4126748953125 0.510253603125 0.4074751703125 0.5192435890625 0.40696334843750004 0.533900228125
0 0.0846055203125 0.4749510859375 0.088253484375 0.48241572968749996 0.0950212796875 0.48448638125 0.100221003125 0.47549639062500004 0.10086077812500001 0.4571755984375 0.0981248125 0.45157711406249995 0.088365134375 0.45123629843749996 0.085245296875 0.45663029374999997 0.0846055203125 0.4749510859375
0 0.1253402515625 0.483710828125 0.13223600156249998 0.482117321875 0.13548379531250002 0.47305916718749996 0.1341716328125 0.45467020781249995 0.1275317953125 0.448935403125 0.1181722875 0.46511738437499994 0.1197403578125 0.476178021875 0.1253402515625 0.483710828125
0 0.154747234375 0.481069115625 0.16541889999999998 0.48327609374999997 0.1685387359375 0.47788209843749996 0.17100249218750002 0.463293628125 0.168394478125 0.454030984375 0.16071469375 0.450094175 0.15356303124999998 0.4590160015625 0.154747234375 0.481069115625
0 0.1917060484375 0.486028371875 0.2005537328125 0.4845030296875 0.20380152499999998 0.475444875 0.20431334687499997 0.4607882421875 0.1978014609375 0.4513892734375 0.193897590625 0.45125294687500006 0.18649001875 0.467503090625 0.1917060484375 0.486028371875
0 0.22306496718750002 0.4834548234375 0.23373663125 0.4856618015625 0.23685646875000002 0.48026780625 0.23749624531250002 0.46194701406250005 0.2347602734375 0.45634852812500004 0.22903242499999998 0.4524798828125 0.22188076250000002 0.461401709375 0.22306496718750002 0.4834548234375
0 0.26691953281249997 0.48682057343749996 0.27211925625 0.4778305828125 0.27067914375 0.46310578593749996 0.26416725625000004 0.4537068171875 0.2548077515625 0.46988879843750003 0.2581997984375 0.4846817578125 0.26691953281249997 0.48682057343749996
0 0.2972385046875 0.48604502031249996 0.3021823203125 0.48438335156249995 0.307510003125 0.4717292015625 0.3032059625 0.45507007968749996 0.29539822031249996 0.4547974265625 0.2922783875 0.4601914171875 0.2916386109375 0.4785122140625 0.2972385046875 0.48604502031249996
0 0.32482150781249997 0.4796709859375 0.3266454890625 0.48340330781249996 0.33536521874999997 0.48554212343750003 0.34056494531250003 0.4765521328125 0.34094881093749996 0.4655596578125 0.3363888609375 0.45622885156250004 0.32858111874999996 0.4559562 0.325461284375 0.46135018906249997 0.32482150781249997 0.4796709859375
0 0.3636043015625 0.48836256562499997 0.370500053125 0.486769059375 0.375827734375 0.474114909375 0.37152369531249996 0.4574557875 0.36371595624999997 0.457183134375 0.358516228125 0.46617312499999997 0.3598283875 0.4845620796875 0.3636043015625 0.48836256562499997
0 0.393139240625 0.48205669375 0.3967871984375 0.4895213375 0.40550692968749996 0.49166015312500005 0.4086267671875 0.48626615624999997 0.40926654375 0.467945365625 0.40470659218750005 0.45861455937500006 0.39885078749999997 0.45841007031250003 0.3936510609375 0.4674000609375 0.393139240625 0.48205669375
0 0.10578829375000001 0.42799865312499996 0.116459959375 0.430205625 0.11970775156249999 0.421147471875 0.12009161718750001 0.41015499687499996 0.1117557484375 0.39702370625 0.102524196875 0.409541528125 0.10214033125 0.42053400312500006 0.10578829375000001 0.42799865312499996
0 0.1409231265625 0.4292255890625 0.1496428578125 0.4313643984375 0.1527626953125 0.4259704015625 0.1524904796875 0.405783446875 0.140906821875 0.401710309375 0.1377869890625 0.40710430625000005 0.13727516875 0.4217609390625 0.1409231265625 0.4292255890625
0 0.174106025 0.4303843609375 0.18282575625 0.4325231703125 0.1881534375 0.419869021875 0.18840934843749998 0.4125407046875 0.1820254171875 0.3994775765625 0.1740897203125 0.40286908125 0.17084193125 0.41192723593749997 0.174106025 0.4303843609375
0 0.209240859375 0.431611296875 0.2179605875 0.43375010625000004 0.22108042499999997 0.428356109375 0.22354418125 0.41376763906249997 0.21911218593749998 0.40077267499999997 0.2081846109375 0.40589401875000003 0.2055928984375 0.424146646875 0.209240859375 0.431611296875
0 0.2407277328125 0.42537358125 0.24437569374999998 0.43283823125 0.2511434859375 0.434908878125 0.2563432140625 0.42591888593749994 0.25685503593750003 0.41126225312500003 0.252295084375 0.4019314484375 0.24643927968749998 0.401726959375 0.241239553125 0.41071694843750006 0.2407277328125 0.42537358125
0 0.27951052656250003 0.43406516718750005 0.28237445 0.4359994875 0.28952611093749997 0.427077659375 0.2901658875 0.40875686875 0.283654003125 0.3993578984375 0.27442245 0.41187572031249997 0.2739106296875 0.4265323546875 0.27951052656250003 0.43406516718750005
0 0.30709353125 0.4276911265625 0.3107414890625 0.43515577656250004 0.31750928749999996 0.43722642343749996 0.3246609484375 0.42830459374999996 0.32517276875 0.4136479609375 0.32074077343749996 0.400652996875 0.31293303125 0.4003803453125 0.307605353125 0.41303449375 0.30709353125 0.4276911265625
0 0.3422283640625 0.42891806250000003 0.3458763234375 0.43638271250000005 0.350692184375 0.43838519531250003 0.3599237359375 0.4258673734375 0.3603076015625 0.41487489687499995 0.35587560625000003 0.40187993281249995 0.3461159296875 0.40153911718749996 0.3429960953125 0.40693311249999997 0.3422283640625 0.42891806250000003
0 0.3755392171875 0.426412678125 0.379059221875 0.43754148437499996 0.387778953125 0.43968029375000006 0.39505856875 0.42709430781249996 0.3936184546875 0.41236951250000003 0.38905850468750003 0.4030387046875 0.379170875 0.4063620484375 0.37592308281250003 0.4154202015625 0.3755392171875 0.426412678125
0 0.4123700765625 0.43503609218749995 0.423041740625 0.4372430703125 0.42824146875 0.42825308125 0.4287532890625 0.413596446875 0.4261452765625 0.404333803125 0.4144336625 0.403924825 0.41131382656250004 0.4093188203125 0.4123700765625 0.43503609218749995
0 0.0881882671875 0.37235463593749996 0.0900122515625 0.37608695625 0.1006839171875 0.3782939296875 0.10380375 0.372899940625 0.1044435265625 0.35457914218750003 0.0998835796875 0.345248334375 0.094027771875 0.3450438453125 0.08882804375 0.3540338375 0.0881882671875 0.37235463593749996
0 0.1216270796875 0.36618508437499997 0.1251470828125 0.377313890625 0.1338668140625 0.3794527015625 0.1390665421875 0.3704627171875 0.1395783625 0.3558060765625 0.136970346875 0.3465434328125 0.1312424984375 0.3426747875 0.12201094531250001 0.355192609375 0.1216270796875 0.36618508437499997
0 0.15663395625 0.371076184375 0.1602819171875 0.3785408265625 0.1670497125 0.380611475 0.17432932968749998 0.3680254875 0.1747131953125 0.35703301249999997 0.16637732968750002 0.343901721875 0.16247346093749998 0.34376539687499996 0.15727373281249998 0.3527553859375 0.15663395625 0.371076184375
0 0.18981685625 0.37223495624999997 0.19541675 0.3797677625 0.20231250156249997 0.3781742515625 0.207512228125 0.369184259375 0.2080240484375 0.35452762656250003 0.20346409843750002 0.3451968203125 0.195656359375 0.34492416875 0.1883767421875 0.3575101546875 0.18981685625 0.37223495624999997
0 0.2250796453125 0.3697977265625 0.22872760312499998 0.3772623765625 0.23549539843749998 0.37933302343749997 0.2405671703125 0.374007196875 0.241206946875 0.3556863984375 0.23664699531250002 0.34635559374999997 0.23079119218750002 0.3461511046875 0.225591465625 0.35514109375 0.2250796453125 0.3697977265625
0 0.268678296875 0.3804917953125 0.27608586874999996 0.3642416515625 0.267877959375 0.34744620312499996 0.2587743640625 0.356299865625 0.25826254375 0.3709565 0.2619105015625 0.37842115 0.268678296875 0.3804917953125
0 0.2970453375 0.379648084375 0.30186119843750003 0.38165056875 0.3092687703125 0.3654004234375 0.303012796875 0.3486731375 0.299108921875 0.3485368125 0.293909196875 0.3575268015625 0.29339737499999996 0.372183434375 0.2970453375 0.379648084375
0 0.33218017031249997 0.3808750203125 0.33504409687500003 0.382809340625 0.342195759375 0.37388751249999996 0.3427075796875 0.359230878125 0.338147628125 0.3499000734375 0.332291821875 0.349695584375 0.32488425 0.365945728125 0.33218017031249997 0.3808750203125
0 0.3598911296875 0.370836821875 0.363411134375 0.3819656296875 0.3721308640625 0.3841044390625 0.377330590625 0.375114446875 0.3778424125 0.3604578140625 0.3751064421875 0.3548593296875 0.3674266578125 0.35092252031250004 0.3623548859375 0.356248353125 0.3598911296875 0.370836821875
0 0.3948980078125 0.375727915625 0.3985459671875 0.38319256562500004 0.40726569687499997 0.385331375 0.410385534375 0.379937384375 0.412849290625 0.36534890781249996 0.410241275 0.3560862640625 0.4006095546875 0.3520812921875 0.395409828125 0.36107128125 0.3948980078125 0.375727915625
0 0.4141288421875 0.32870731875 0.41790475625 0.33250780468749996 0.42675244218749997 0.3309824546875 0.4298722796875 0.325588465625 0.43051205625 0.30726766875 0.42400017187500005 0.29786869843749997 0.4160644765625 0.30126020468750003 0.41281668437499996 0.3103183578125 0.4141288421875 0.32870731875
0 0.38472185937500003 0.3313490328125 0.39356954375000003 0.32982368281249996 0.3968173359375 0.320765534375 0.39550517812499997 0.302376575 0.390817271875 0.2967099265625 0.3798896953125 0.3018312703125 0.378994009375 0.327480384375 0.38472185937500003 0.3313490328125
0 0.345939065625 0.322657453125 0.34958702656249996 0.330122096875 0.356354821875 0.3321927484375 0.361554546875 0.32320275781249996 0.36232227968749997 0.3012178015625 0.3576343734375 0.2955511546875 0.34982663125 0.2952785015625 0.344498953125 0.30793265000000003 0.345939065625 0.322657453125
0 0.31080423437500004 0.3214305171875 0.3144521921875 0.32889516093750004 0.3212199890625 0.3309658140625 0.32849960624999996 0.3183798265625 0.328883471875 0.3073873453125 0.3224995421875 0.29432421875000003 0.31664373281249997 0.2941197296875 0.311444009375 0.3031097203125 0.31080423437500004 0.3214305171875
0 0.2777492875 0.3166075859375 0.28139725000000004 0.3240722296875 0.29011698125 0.32621103906250004 0.2932368140625 0.32081705 0.293876590625 0.302496253125 0.29114062343749997 0.29689776874999996 0.28333288125 0.296625115625 0.27813315312500003 0.30561510625 0.2777492875 0.3166075859375
0 0.24431047968750003 0.32277713124999996 0.248086396875 0.3265776171875 0.252902253125 0.32858010625 0.2600539171875 0.31965827812500003 0.2605657375 0.3050016375 0.2560057859375 0.2956708328125 0.24611815625000003 0.298994175 0.24287036562500003 0.3080523296875 0.24431047968750003 0.32277713124999996
0 0.2091756453125 0.32155019687499997 0.21295156093749998 0.32535068125 0.21971935625 0.3274213328125 0.2249190828125 0.3184313421875 0.2254309046875 0.303774703125 0.2208709546875 0.294443896875 0.213063215625 0.2941712453125 0.20773553125 0.30682539375 0.2091756453125 0.32155019687499997
0 0.17416876718750002 0.3166591015625 0.177816728125 0.3241237453125 0.1865364578125 0.3262625609375 0.1918641390625 0.3136084109375 0.19212005000000001 0.30628008906250004 0.1857361203125 0.29321696249999996 0.1818322515625 0.2930806359375 0.1745526328125 0.30566662187500004 0.17416876718750002 0.3166591015625
0 0.140857915625 0.3191644890625 0.146457809375 0.32669729375 0.153353559375 0.32510378906250004 0.1585532859375 0.31611379687499996 0.157241128125 0.2977248375 0.152553221875 0.2920581890625 0.1466974140625 0.2918537 0.1392898421875 0.30810384375 0.140857915625 0.3191644890625
0 0.1132749109375 0.325538521875 0.121338559375 0.31848285781249996 0.1219783359375 0.30016205937499996 0.11741838906249999 0.2908312546875 0.1094826921875 0.29422275937500003 0.1062349 0.3032809140625 0.1075470578125 0.321669875 0.1132749109375 0.325538521875
0 0.1269058515625 0.2709851125 0.137577515625 0.2731920921875 0.14069735 0.267798096875 0.143289065625 0.24954546249999998 0.1387291140625 0.2402146609375 0.12792949375 0.24167184062499997 0.1252098265625 0.263588634375 0.1269058515625 0.2709851125
0 0.10751445156249999 0.266639325 0.10828218281249999 0.24465436718750003 0.097738475 0.2387832359375 0.092538746875 0.247773221875 0.0918989703125 0.2660940203125 0.0994508015625 0.2736949875 0.10751445156249999 0.266639325
0 0.15852068125000002 0.261083246875 0.16204068437500002 0.2722120484375 0.170760415625 0.274350865625 0.175960140625 0.26536087343750003 0.1782959421875 0.2544365625 0.1700880328125 0.23764110781249997 0.1661841640625 0.23750478125000002 0.158904546875 0.2500907671875 0.15852068125000002 0.261083246875
0 0.19339960312499999 0.2696385 0.19717551718749998 0.2734389828125 0.2039433140625 0.2755096375 0.2113508859375 0.2592594921875 0.20978281562499998 0.2481988484375 0.20327093125 0.2387998796875 0.1993670625 0.238663553125 0.19208744375 0.25124953906249997 0.19339960312499999 0.2696385
0 0.22671045625000003 0.2671331140625 0.23231035000000003 0.27466591875 0.2392061015625 0.2730724140625 0.24245389374999998 0.264014259375 0.24296571406249998 0.2493576203125 0.2402297421875 0.243759140625 0.2304700703125 0.2434183265625 0.22735023281250002 0.248812315625 0.22671045625000003 0.2671331140625
0 0.272389 0.2742311859375 0.279796571875 0.2579810421875 0.2715886609375 0.24118558750000002 0.2624850671875 0.2500392515625 0.2619732453125 0.264695890625 0.265621203125 0.272160534375 0.272389 0.2742311859375
0 0.2951561421875 0.2658546625 0.29880410625 0.27331930625 0.3075238359375 0.27545812187499996 0.3127235625 0.26646813125 0.31310742812500003 0.25547565 0.308547478125 0.2461448484375 0.2987878 0.245804034375 0.2956679640625 0.25119802343750003 0.2951561421875 0.2658546625
0 0.33016302343750004 0.27074575625 0.33198700312499996 0.27447807812499997 0.3407067328125 0.27661689375 0.34382657031249997 0.27122289843749997 0.346162371875 0.2602985875 0.341730375 0.247303621875 0.3339226328125 0.24703096875 0.3308028 0.252424959375 0.33016302343750004 0.27074575625
0 0.36334592187500003 0.2719045296875 0.3651699015625 0.2756368515625 0.37388963125 0.2777756671875 0.37908935781249997 0.268785675 0.37960117968749996 0.2541290359375 0.3750412296875 0.24479822968749998 0.369185425 0.244593740625 0.36398569687500004 0.25358373125 0.36334592187500003 0.2719045296875
0 0.3967847296875 0.265734984375 0.40030473437499997 0.2768637859375 0.40902446562500006 0.2790026015625 0.41422419218749995 0.2700126109375 0.4147360125 0.255355971875 0.412000040625 0.2497574921875 0.40432025781250003 0.2458206765625 0.3992484859375 0.251146509375 0.3967847296875 0.265734984375
0 0.4144474953125 0.20765374531249997 0.4178395453125 0.2224467046875 0.428511209375 0.2246536828125 0.4337109375 0.21566369062500002 0.434094803125 0.20467121718749998 0.4296628078125 0.1916762515625 0.4218550671875 0.19140359843750002 0.4166553421875 0.20039358593749998 0.4144474953125 0.20765374531249997
0 0.10943378125 0.2116769375 0.11308174374999999 0.21914157968749998 0.1178976015625 0.2211440703125 0.12504926249999998 0.21222224218750002 0.1255610828125 0.197565609375 0.12100113593749999 0.1882348015625 0.11514532968749999 0.1880303125 0.1099456015625 0.1970203046875 0.10943378125 0.2116769375
0 0.1501685109375 0.220436678125 0.1570642625 0.21884317343749998 0.1603120546875 0.20978501875000002 0.1606959203125 0.19879254375 0.15613596875 0.1894617375 0.14520839375 0.19458308124999998 0.1445686171875 0.2129038734375 0.1501685109375 0.220436678125
0 0.17970345000000001 0.2141308078125 0.183479365625 0.21793129375000003 0.19232705156250002 0.21640595 0.19557484218750001 0.20734779531249997 0.195830753125 0.20001947968749997 0.1894468234375 0.18695635156249998 0.185542953125 0.186820025 0.1782633359375 0.1994060125 0.17970345000000001 0.2141308078125
0 0.2128863484375 0.21528958125000003 0.2166622640625 0.21909006562500002 0.223430059375 0.22116071874999998 0.228757740625 0.20850656875 0.22914160625000002 0.19751409375 0.22262972187500002 0.1881151234375 0.2187258515625 0.18797879687500002 0.213526125 0.19696878906249998 0.2128863484375 0.21528958125000003
0 0.24619720156249997 0.21278419375 0.2498451609375 0.22024883750000002 0.25661295625 0.22231949062499998 0.261684728125 0.21699365781250002 0.2623245046875 0.198672865625 0.257764553125 0.18934205937499998 0.25190875 0.1891375703125 0.2467090234375 0.1981275609375 0.24619720156249997 0.21278419375
0 0.2812040796875 0.2176752890625 0.28497999687500003 0.2214757734375 0.29187574843749997 0.21988226718749998 0.297075471875 0.21089227500000002 0.29733138124999997 0.203563959375 0.29289939062500003 0.19056899375 0.2850916484375 0.1902963421875 0.279891921875 0.19928633281250002 0.2812040796875 0.2176752890625
0 0.31438698125000003 0.2188340609375 0.31816289375 0.2226345453125 0.32297875625 0.2246370359375 0.3301304140625 0.21571520624999999 0.330770190625 0.197394409375 0.328034221875 0.1917959296875 0.318274546875 0.1914551140625 0.31307481875 0.20044510624999998 0.31438698125000003 0.2188340609375
0 0.347825790625 0.212664515625 0.35524966406249997 0.22392964375000002 0.36019347968750004 0.222267975 0.36539320468750003 0.2132779828125 0.3659050265625 0.1986213453125 0.36134507656250003 0.18929054375 0.353537334375 0.18901789062500002 0.3483376109375 0.198007878125 0.347825790625 0.212664515625
0 0.3864806265625 0.22502025312499999 0.3953283125 0.2234949109375 0.40065599374999994 0.2108407625 0.399087925 0.1997801171875 0.3925760390625 0.19038115312499998 0.381392553125 0.2028308140625 0.3827047109375 0.22121976875 0.3864806265625 0.22502025312499999
0 0.0992576359375 0.16729805312499998 0.108105321875 0.1657727046875 0.11135310937500001 0.15671455 0.11186493125000001 0.1420579171875 0.107304984375 0.1327271109375 0.1014491765625 0.132522621875 0.0940416046875 0.148772765625 0.0992576359375 0.16729805312499998
0 0.12696859062500002 0.15725985468749998 0.13244053281249998 0.168456825 0.13920832968750002 0.170527471875 0.144408053125 0.16153748125 0.1467438578125 0.15061316875 0.1404878828125 0.1338858828125 0.132680140625 0.1336132296875 0.12735245625 0.14626738125 0.12696859062500002 0.15725985468749998
0 0.1657513859375 0.1659514390625 0.1744711171875 0.16809025 0.17967084375 0.15910025781249998 0.1793986296875 0.138913303125 0.167814971875 0.134840165625 0.1626152484375 0.1438301578125 0.162103428125 0.15848679062499998 0.1657513859375 0.1659514390625
0 0.1971103046875 0.163377884375 0.2008862203125 0.167178375 0.20765401562500002 0.169249021875 0.2128537421875 0.16025903125000002 0.21349351875 0.1419382390625 0.2107575484375 0.136339753125 0.20099787343750003 0.1359989375 0.1978780359375 0.141392934375 0.1971103046875 0.163377884375
0 0.23406911875 0.168337146875 0.24278884843749998 0.1704759578125 0.2459086859375 0.1650819625 0.2482444859375 0.1541576484375 0.24381249062500002 0.14116268437499999 0.2330128703125 0.14261986875 0.230421159375 0.1608724984375 0.23406911875 0.168337146875
0 0.2760997015625 0.167970571875 0.27921953906249997 0.162576575 0.279859315625 0.1442557828125 0.2693156046875 0.1383846453125 0.26411587812500004 0.1473746375 0.2654280375 0.1657635921875 0.2760997015625 0.167970571875
0 0.3005628703125 0.16699052812499998 0.3112345390625 0.16919750625000002 0.316434265625 0.160207515625 0.3142101140625 0.139952396875 0.3065303265625 0.13601558593750002 0.29937866562500004 0.1449374140625 0.2987388890625 0.16325820625 0.3005628703125 0.16699052812499998
0 0.33192178906250003 0.164416978125 0.333745771875 0.1681493 0.34441743593749996 0.1703562796875 0.3475372734375 0.1649622828125 0.34817705 0.146641490625 0.345441078125 0.14104300625 0.3356814015625 0.140702190625 0.33256156406250004 0.1460961859375 0.33192178906250003 0.164416978125
0 0.367184578125 0.1619797546875 0.3708325390625 0.1694443984375 0.37955226875000003 0.1715832140625 0.3826721046875 0.16618921874999998 0.38331188125 0.14786842656250002 0.37875193125 0.1385376203125 0.3748480625 0.13840129375000002 0.3676964 0.14732312187500002 0.367184578125 0.1619797546875
0 0.400239521875 0.1668026859375 0.40206350156250004 0.1705350078125 0.41273516875 0.1727419875 0.415855003125 0.167347990625 0.41831875937499996 0.1527595203125 0.41388676562500004 0.1397645546875 0.4060790265625 0.13949190312499998 0.4008792984375 0.14848189375 0.400239521875 0.1668026859375
0 0.11679244687500001 0.1128809703125 0.12356024218749999 0.11495161875 0.1287599640625 0.1059616328125 0.12939974062499998 0.087640834375 0.12288785625000001 0.0782418640625 0.113784259375 0.08709552968749999 0.1131444828125 0.10541632812499999 0.11679244687500001 0.1128809703125
0 0.1482793203125 0.10664326406249999 0.151927278125 0.11410790625 0.1586950734375 0.116178553125 0.1640227578125 0.103524403125 0.1642786671875 0.0961960875 0.15984667187499998 0.08320112187499999 0.1520389296875 0.0829284703125 0.148919096875 0.088322465625 0.1482793203125 0.10664326406249999
0 0.1870621125 0.11533484062499999 0.191877971875 0.1173373265625 0.1994135 0.0974230234375 0.193157525 0.0806957359375 0.18925365624999999 0.080559409375 0.18197403750000002 0.093145396875 0.183286196875 0.11153435625000001 0.1870621125 0.11533484062499999
0 0.214645115625 0.10896080781249999 0.22219694375 0.1165617765625 0.2290926953125 0.114968265625 0.2323404875 0.1059101109375 0.23285230937499998 0.091253478125 0.2302442921875 0.081990834375 0.218532684375 0.08158185625 0.215412846875 0.0869758515625 0.214645115625 0.10896080781249999
0 0.2499079046875 0.1065235796875 0.2535558625 0.1139882265625 0.260323659375 0.116058875 0.26539543125 0.11073304843750001 0.2660352078125 0.09241225 0.26147525625 0.08308144375 0.2556194515625 0.0828769546875 0.250419725 0.0918669453125 0.2499079046875 0.1065235796875
0 0.28491478125 0.1114146796875 0.290514678125 0.118947484375 0.2954584953125 0.11728581093749998 0.30065821875 0.10829581875000001 0.3011700390625 0.09363918593750001 0.2966100921875 0.0843083796875 0.286722459375 0.087631721875 0.2833467140625 0.1003540359375 0.28491478125 0.1114146796875
0 0.3162737 0.1088411234375 0.321873596875 0.11637393437500002 0.326689459375 0.1183764203125 0.3338411171875 0.109454590625 0.33448089375 0.0911338 0.3279690109375 0.0817348296875 0.3240651375 0.081598503125 0.3169134765625 0.09052033125 0.3162737 0.1088411234375
0 0.3495845578125 0.1063357375 0.3550564953125 0.1175327078125 0.3637762265625 0.11967151875 0.368975953125 0.11068152656250001 0.369615728125 0.092360734375 0.366879759375 0.08676225 0.359199975 0.08282543906249999 0.35204831406250003 0.09174726718750001 0.3495845578125 0.1063357375
0 0.384591434375 0.11122683124999999 0.38823939375 0.1186914796875 0.396959125 0.12083029062499999 0.4021588515625 0.1118403 0.4044946515625 0.1009159875 0.4000626578125 0.087921021875 0.39030298281250003 0.08758020625 0.3851032546875 0.0965701984375 0.384591434375 0.11122683124999999
0 0.41972626718750006 0.1124537671875 0.42532616093750003 0.11998657812499999 0.434173846875 0.11846122968749999 0.43742164062500005 0.10940307656249999 0.43610948125000004 0.0910141203125 0.43142157656249996 0.0853474734375 0.42556577031250004 0.0851429828125 0.42036604375 0.094132975 0.41972626718750006 0.1124537671875
0 0.7231491875 0.9374848078125 0.727965046875 0.9394872968750001 0.733292728125 0.9268331468750001 0.7291166437500001 0.9065098656250001 0.723260840625 0.9063053765625 0.720141003125 0.9116993671875001 0.7195012265625 0.9300201640625 0.7231491875 0.9374848078125
0 0.7602359578125 0.93877990625 0.7690836437499999 0.9372545625 0.77233143125 0.9281964078125 0.772715296875 0.917203928125 0.7643794328125 0.9040726375 0.7552758374999999 0.912926303125 0.7546360609375 0.9312471 0.7602359578125 0.93877990625
0 0.600528528125 0.8671675078125001 0.606128425 0.8747003140625 0.6128962203125 0.8767709671875 0.61809594375 0.867780975 0.6187357203125 0.849460178125 0.615999753125 0.8438617 0.606240075 0.8435208843750001 0.6010403484375 0.8525108687499999 0.600528528125 0.8671675078125001
0 0.6373593875 0.8757909234374999 0.648031053125 0.8779979015625001 0.6532307796875 0.8690079109375001 0.6510066296875 0.8487527921875 0.6394229734375 0.84467965625 0.6363031390625 0.8500736453125001 0.633711425 0.8683262796875001 0.6373593875 0.8757909234374999
0 0.6724942203125 0.877017859375 0.6831658859374999 0.8792248375 0.6883656125 0.8702348453125 0.6861414640625 0.849979728125 0.67650974375 0.8459747546875 0.6693580828125001 0.8548965765625001 0.6688462625 0.869553215625 0.6724942203125 0.877017859375
0 0.7039810937500001 0.8707801500000001 0.709453034375 0.881977115625 0.7162208296875 0.88404776875 0.7235004468749999 0.8714617812500001 0.7221882875000001 0.8530728218749999 0.7175003828125 0.8474061796875001 0.7116445765625 0.847201690625 0.704492915625 0.8561235125 0.7039810937500001 0.8707801500000001
0 0.739115928125 0.8720070859375 0.7427638859375 0.8794717296875 0.7534355546875 0.8816787078124999 0.7565553890625 0.8762847125000001 0.757195165625 0.857963915625 0.7526352140625 0.848633115625 0.744827475 0.8483604625 0.7396277484375 0.8573504484375001 0.739115928125 0.8720070859375
0 0.7741228046875 0.8768981796875 0.7777707671874999 0.8843628234375001 0.7864904984375001 0.8865016390625 0.7918181796875 0.8738474890625 0.79050601875 0.8554585296875 0.7858181156249999 0.8497918875 0.7819142421875 0.8496555609374999 0.77476258125 0.8585773828125 0.7741228046875 0.8768981796875
0 0.7898988515625 0.9288098765624999 0.793546809375 0.9362745203125 0.8042184750000001 0.9384814984375 0.8073383125 0.9330875031250001 0.8079780890625001 0.91476670625 0.8034181374999999 0.9054358984374999 0.7956103953125 0.905163246875 0.7904106718749999 0.9141532375000001 0.7898988515625 0.9288098765624999
0 0.8148575359375 0.8856579218749999 0.8216253312499999 0.887728575 0.829032903125 0.8714784296874999 0.8229048828125001 0.8510869859374999 0.8150971406249999 0.8508143328125 0.80989741875 0.85980431875 0.8092576421875 0.8781251156250001 0.8148575359375 0.8856579218749999
0 0.824905728125 0.9337009703125 0.8305056234375 0.9412337765625001 0.83727341875 0.9433044296875 0.8444250796875 0.9343826015625 0.84676088125 0.9234582890624999 0.8424568406249999 0.9067991609374999 0.8307452328125 0.9063901828125 0.8255455046875 0.9153801734375 0.824905728125 0.9337009703125
0 0.867592390625 0.942528875 0.8764400796875 0.9410035328124999 0.8796878687499999 0.9319453781249999 0.880199690625 0.9172887390625 0.8718638249999999 0.9041574484374999 0.8606803390625 0.916607109375 0.8601685171875 0.9312637468749999 0.867592390625 0.942528875
0 0.8953033515625 0.9324906828125 0.9007752921875 0.9436876484375001 0.9075430875 0.9457582999999999 0.9126148562499999 0.9404324671875001 0.9152065703125001 0.9221798328125 0.9106466203125001 0.91284903125 0.9008869421875 0.9125082156250001 0.895815171875 0.9178340437499999 0.8953033515625 0.9324906828125
0 0.9147900953124999 0.8781417625 0.9203899921875 0.8856745703125 0.9271577890625 0.8877452218749999 0.93430945 0.87882339375 0.9346933156249999 0.86783091875 0.9283093859375 0.8547677921875 0.922453578125 0.8545633031250001 0.9151739609374999 0.8671492890625 0.9147900953124999 0.8781417625
0 0.8796552625 0.8769148281250001 0.885255159375 0.884447634375 0.8920229515625 0.8865182875000001 0.8972226796875 0.8775282953125 0.8977345015625 0.8628716578125 0.89317455 0.8535408562500001 0.8832869203125 0.8568641984375001 0.8800391281250001 0.865922353125 0.8796552625 0.8769148281250001
0 0.8445204296875 0.8756878921875 0.8481683890625 0.8831525359375 0.8568881203125001 0.8852913515624999 0.8620878453125 0.876301359375 0.8625996671875 0.8616447218750001 0.8580397171874999 0.852313921875 0.850231978125 0.8520412687500001 0.84503225 0.8610312546875001 0.8445204296875 0.8756878921875
0 0.5829285046875 0.8115234906250001 0.5865764640625 0.8189881328125 0.5972481296875001 0.8211951109375001 0.6003679671875 0.815801115625 0.6027037671875 0.8048768046875001 0.596447790625 0.7881495187499999 0.5886400515625 0.787876865625 0.583440325 0.7968668578125 0.5829285046875 0.8115234906250001
0 0.6180633390625 0.8127504265625 0.621711296875 0.8202150687499999 0.632382965625 0.822422046875 0.6355027984375 0.8170280515625 0.636142575 0.7987072609375 0.631582628125 0.7893764546875001 0.6257268203125 0.7891719640625 0.6184472046875 0.80175795 0.6180633390625 0.8127504265625
0 0.655022153125 0.8177096828125 0.6587980671875 0.8215101671875 0.6675177984375 0.8236489828125 0.6706376359374999 0.8182549874999999 0.6712774109375 0.799934196875 0.6647655265625 0.7905352265625 0.6587817625 0.7939948953125 0.65345408125 0.80664904375 0.655022153125 0.8177096828125
0 0.6918530109375001 0.8263330984374999 0.7005727421875 0.8284719140625001 0.7057724671875001 0.819481921875 0.7062842890625001 0.8048252890625 0.7017243390625 0.7954944828125 0.6907967625 0.8006158265625001 0.6883330062499999 0.815204296875 0.6918530109375001 0.8263330984374999
0 0.7271158 0.823895875 0.7377874640625001 0.826102853125 0.7409073015625001 0.8207088578124999 0.743243103125 0.809784546875 0.7369871265625 0.7930572609375 0.731131321875 0.7928527703125 0.72385170625 0.80543875625 0.7271158 0.823895875
0 0.7586026734375 0.8176581687500001 0.762250634375 0.8251228109375001 0.7729223015625 0.8273297890625001 0.776042134375 0.82193579375 0.7766819093749999 0.8036150031249999 0.77394594375 0.7980165171875 0.76626615625 0.79407970625 0.7611943828125 0.7994055328125 0.7586026734375 0.8176581687500001
0 0.8080571328125 0.828556725 0.8116887921875 0.8085060953125 0.807128840625 0.799175290625 0.7973691640625 0.798834475 0.79204148125 0.8114886234375 0.7954335343750001 0.8262815828125 0.8080571328125 0.828556725
0 0.8270483625 0.8163797171875 0.8323923453125 0.8312408390625 0.8411120765625 0.8333796546875 0.846311803125 0.8243896640624999 0.8469515781249999 0.8060688734375001 0.8442156093750001 0.8004703890625 0.832503996875 0.800061409375 0.8293841625 0.8054554062499999 0.8270483625 0.8163797171875
0 0.8638792203125 0.8250031312500001 0.8714310484375 0.8326041015625 0.8783268 0.8310105953125 0.8814466359375001 0.8256166 0.8820864125 0.807295809375 0.8775264609375 0.7979650015625 0.8697187218750001 0.7976923499999999 0.8624391046875 0.8102783359375 0.8638792203125 0.8250031312500001
0 0.90083803125 0.8299623890625 0.9115097015625 0.8321693671875 0.9167094234375 0.823179378125 0.9172212453125 0.80852274375 0.914485278125 0.802924259375 0.9008217296875 0.8024471171875 0.8971900734375 0.822497746875 0.90083803125 0.8299623890625
0 0.6725569640625 0.7632926 0.6762049218749999 0.7707572500000001 0.68297271875 0.7728278953125 0.6880444906250001 0.7675020625 0.6905082453125 0.7529135921875 0.6842522703125 0.73618630625 0.6783964640625 0.7359818171875 0.673196740625 0.744971809375 0.6725569640625 0.7632926
0 0.602159340625 0.7645028875000001 0.6039833203125 0.7682352156250001 0.614654984375 0.7704421875 0.6198547125 0.761452196875 0.6203665328125 0.7467955625 0.6177585203125 0.7375329203125001 0.6060469078125 0.7371239421875 0.602927071875 0.7425179390625 0.602159340625 0.7645028875000001
0 0.6411980453125 0.7658661484375 0.6518697109375 0.768073128125 0.65498954375 0.76267913125 0.6556293203125 0.7443583421875 0.6510693734374999 0.735027534375 0.640141796875 0.7401488781250001 0.6375500828125 0.7584015078124999 0.6411980453125 0.7658661484375
0 0.707563840625 0.76818369375 0.71133975625 0.771984184375 0.7200594875 0.77412299375 0.7231793234375 0.7687289984375 0.7256430796875 0.754140528125 0.7193871046875 0.7374132421875 0.7135313 0.737208753125 0.7083315734375 0.7461987453125001 0.707563840625 0.76818369375
0 0.742698675 0.7694106296875 0.7464745890625 0.7732111203125 0.753242384375 0.7752817671875001 0.760522003125 0.7626957812499999 0.7590818875 0.747970984375 0.752570003125 0.7385720140625 0.7465862421875 0.742031684375 0.7412585609375 0.7546858328125 0.742698675 0.7694106296875
0 0.7835613593749999 0.77450621875 0.79032915625 0.776576865625 0.79578479375 0.7602585578125 0.7896567734375 0.7398671140624999 0.7817210765625 0.7432586203125 0.7763933953125 0.75591276875 0.776137484375 0.7632410859375 0.7835613593749999 0.77450621875
0 0.8167442578124999 0.7756649906249999 0.8235120531250001 0.7777356375 0.8285838265625 0.7724098046875 0.828439565625 0.748558690625 0.8168559078125 0.7444855546875 0.8137360749999999 0.7498795515625 0.811272315625 0.764468021875 0.8167442578124999 0.7756649906249999
0 0.84823113125 0.7694272765625 0.8538310265625 0.7769600890625 0.8605988218749999 0.7790307359375 0.8657985484375 0.7700407453125 0.86631036875 0.7553841109375 0.859798484375 0.7459851421875 0.8558946140625 0.7458488171875 0.8487429531249999 0.7547706437499999 0.84823113125 0.7694272765625
0 0.8815419859375 0.7669218921875001 0.8870139234375 0.7781188625000001 0.8957336546875 0.7802576718750001 0.8988534921875001 0.774863675 0.9013172484374999 0.7602752046875 0.8987092343749999 0.7510125609375 0.8929813828125001 0.7471439156249999 0.8840057421875 0.752333421875 0.8815419859375 0.7669218921875001
0 0.9239727390624999 0.7830781171875 0.9308684906250001 0.78148460625 0.9360682140625001 0.772494615625 0.9338440671875 0.7522394968749999 0.92213245625 0.7518305187500001 0.9190126187500001 0.7572245140625 0.9183728421874999 0.77554530625 0.9239727390624999 0.7830781171875
0 0.5866392078125 0.7052628750000001 0.5940630812500001 0.7165280093749999 0.5969270078125 0.718462328125 0.6040786687499999 0.70954050625 0.6045904890625 0.6948838671875001 0.60015849375 0.6818889031250001 0.5923507546875 0.6816162515624999 0.587151028125 0.690606240625 0.5866392078125 0.7052628750000001
0 0.6254219984375 0.713954459375 0.6341417328125 0.71609326875 0.6372615671874999 0.7106992796875 0.6395973671874999 0.6997749609375 0.63529333125 0.6831158390625001 0.62436575 0.6882371828125 0.621774040625 0.7064898109375 0.6254219984375 0.713954459375
0 0.6569088734374999 0.707716746875 0.6625087703125 0.7152495578125 0.6692765656249999 0.7173202046875 0.6746042484375 0.70466605625 0.673164134375 0.6899412593750001 0.6684762296875 0.6842746109375 0.6626204203125 0.6840701218749999 0.65742069375 0.6930601109375 0.6569088734374999 0.707716746875
0 0.6902197296875 0.7052113609374999 0.69569166875 0.7164083296875 0.7024594640624999 0.7184789765625 0.707659190625 0.7094889859375 0.7082989656249999 0.69116819375 0.705562996875 0.685569709375 0.69580331875 0.68522889375 0.692683484375 0.690622890625 0.6902197296875 0.7052113609374999
0 0.7254825171875 0.7027741375 0.7308265015625001 0.717635265625 0.7375942984375 0.7197059125 0.7427940234375 0.710715921875 0.7450018703125 0.7034557671874999 0.740697828125 0.6867966453125 0.7328900890625001 0.6865239921875 0.72781831875 0.691849825 0.7254825171875 0.7027741375
0 0.7606173515625 0.7040010718749999 0.7640093984375 0.7187940375 0.77468106875 0.7210010109375 0.7778009015625 0.7156070203125 0.7784406781250001 0.697286221875 0.7738807265625 0.6879554171875 0.7680249234375001 0.687750928125 0.762825196875 0.6967409171875001 0.7606173515625 0.7040010718749999
0 0.8030481046875 0.7201573 0.80994385625 0.7185637890625001 0.8131916453124999 0.7095056343749999 0.8109674984374999 0.6892505156250001 0.8012078218750001 0.6889097 0.79600809375 0.697899690625 0.7954962734375 0.712556325 0.8030481046875 0.7201573
0 0.8305031546875 0.7174474234375 0.8380549828125 0.7250483937500001 0.844950734375 0.72345488125 0.8501504609375001 0.714464890625 0.85066228125 0.69980825625 0.844150396875 0.6904092875 0.8363426531249999 0.6901366359375001 0.8311429312499999 0.699126625 0.8305031546875 0.7174474234375
0 0.8713658375 0.7225430078125 0.8781336328125 0.724613653125 0.883205403125 0.7192878265625 0.8857971156250001 0.7010351921875 0.8812371640625001 0.6917043859375 0.868485609375 0.6930934078125001 0.8640699171874999 0.707613715625 0.8713658375 0.7225430078125
0 0.9009007765625 0.71623713125 0.9063727140625 0.7274341015625 0.913140509375 0.7295047484375 0.9204201265625 0.7169187625 0.9209319468749999 0.7022621265625 0.9145480171875 0.689199 0.9066123234375001 0.69259050625 0.901412596875 0.701580496875 0.9009007765625 0.71623713125
0 0.605997996875 0.6545781203125001 0.60964595625 0.6620427624999999 0.6183656875 0.664181571875 0.6234374593750001 0.658855746875 0.6259012140625 0.6442672703125 0.6196452390625 0.627539984375 0.6118375 0.62726733125 0.6045578828125 0.6398533171875 0.605997996875 0.6545781203125001
0 0.6411328296875001 0.6558050546875 0.6467327265625 0.6633378624999999 0.6535005234375 0.6654085078125 0.658700246875 0.6564185234375 0.6592120671874999 0.6417618828125 0.6508762031249999 0.62863059375 0.64489244375 0.6320902625 0.6395647624999999 0.6447444109375 0.6411328296875001 0.6558050546875
0 0.679915625 0.6644966343750001 0.68863535625 0.66663544375 0.6939630375 0.6539813 0.692522925 0.6392564984375 0.6860110390624999 0.629857528125 0.6767794874999999 0.6423753515625 0.6762676671875 0.657031990625 0.679915625 0.6644966343750001
0 0.713226478125 0.6619912484375 0.719994275 0.66406189375 0.7271459359375 0.655140071875 0.72765775625 0.640483434375 0.72309780625 0.6311526265625 0.7121702296875 0.6362739703125 0.70957851875 0.6545266046875 0.713226478125 0.6619912484375
0 0.750185290625 0.6669505046875 0.7569530859375 0.6690211515625 0.76410475 0.6600993296875 0.7647445265624999 0.6417785328125001 0.7582326390625 0.6323795624999999 0.7473050640625 0.63750090625 0.7466652875 0.655821703125 0.750185290625 0.6669505046875
0 0.7816721640625001 0.6607127968750001 0.785320128125 0.668177440625 0.7920879234375 0.6702480875 0.7994954953125 0.6539979421875 0.79975140625 0.646669625 0.7933674765625 0.6336064984374999 0.78347984375 0.636929840625 0.7802320515625001 0.64598799375 0.7816721640625001 0.6607127968750001
0 0.8149830187499999 0.6582074109375 0.818503025 0.6693362125 0.8291746906249999 0.6715431859375001 0.832294528125 0.6661491953125 0.833062259375 0.644164240625 0.8303262874999999 0.6385657546875 0.8205666109375 0.6382249390625 0.8153668843749999 0.6472149296875 0.8149830187499999 0.6582074109375
0 0.851941834375 0.6631666671875001 0.8555897937499999 0.6706313109375001 0.8623575890625 0.6727019578125 0.8675573156249999 0.663711971875 0.8698931171875 0.6527876546875 0.865461121875 0.639792690625 0.8557014468749999 0.639451875 0.8525816109375001 0.6448458703125 0.851941834375 0.6631666671875001
0 0.8852526875000001 0.66066128125 0.8926765640625 0.6719264093749999 0.8974924218749999 0.6739288921875 0.9048999953125 0.6576787484375 0.903331925 0.6466181109375 0.89864401875 0.6409514625 0.8908362796875 0.6406788109375 0.8856365531250001 0.6496687999999999 0.8852526875000001 0.66066128125
0 0.920387521875 0.6618882171875 0.9258594625000001 0.6730851828125 0.932627259375 0.6751558281250001 0.9397789171875001 0.6662340062500001 0.9402907375 0.6515773671875 0.9319548734374999 0.6384460765625 0.9259711140625001 0.6419057453125 0.9206434328125 0.6545598953125 0.920387521875 0.6618882171875
0 0.5902219546875 0.6026664234375 0.5958218484375 0.6101992296875001 0.6046695343749999 0.6086738875 0.6079173265625 0.5996157328125 0.6066051671875 0.5812267734375001 0.6019172625 0.5755601296874999 0.59606145625 0.575355640625 0.588653884375 0.5916057859375 0.5902219546875 0.6026664234375
0 0.6236607625 0.5964968796875 0.627308721875 0.603961521875 0.637980390625 0.606168496875 0.641100225 0.6007745046874999 0.6417400015625 0.5824537078125 0.6390040328125 0.576855228125 0.6292443546875 0.5765144125 0.6261245203125 0.581908403125 0.6236607625 0.5964968796875
0 0.6604916203125 0.60512029375 0.6642675375 0.6089207796875 0.6690833984375 0.6109232687499999 0.676363015625 0.5983372828125 0.6767468812499999 0.5873448015625 0.67218693125 0.578014 0.6643791890624999 0.5777413484375 0.6591794609375 0.5867313328125 0.6604916203125 0.60512029375
0 0.6939304328125 0.5989507515625 0.6974504359375 0.6100795515625 0.7081221015625 0.6122865296875 0.7112419375 0.606892534375 0.7137056937499999 0.5923040578125 0.7073217640625 0.5792409359375 0.7034178953125 0.5791046093750001 0.69626623125 0.58802643125 0.6939304328125 0.5989507515625
0 0.728937309375 0.6038418437499999 0.7345372046875001 0.61137465 0.741305 0.613445303125 0.7465047265625 0.6044553109375 0.7470165468750001 0.589798671875 0.742456596875 0.580467871875 0.7346488578125 0.58019521875 0.72944913125 0.5891852046875 0.728937309375 0.6038418437499999
0 0.76784805625 0.6088692640625 0.7795596703125 0.6092782421875 0.78215138125 0.5910256078125 0.7775914296875001 0.58169480625 0.769783690625 0.5814221546875 0.7645839640625 0.5904121390625 0.7642000984374999 0.601404621875 0.76784805625 0.6088692640625
0 0.8048068718750001 0.613828521875 0.8136545578125001 0.6123031734375 0.816902346875 0.603245025 0.812726265625 0.5829217421874999 0.8049185234375 0.5826490890625 0.7997187968749999 0.591639075 0.7992069749999999 0.6062957140624999 0.8048068718750001 0.613828521875
0 0.8323898765625 0.6074544875 0.8378618156250001 0.6186514515625 0.8446296109375 0.6207221046875 0.851781271875 0.6118002765624999 0.8541170734374999 0.6008759640625 0.8478610984375001 0.584148678125 0.8381014203125 0.5838078624999999 0.8327737421875 0.59646200625 0.8323898765625 0.6074544875
0 0.8676526640625 0.605017265625 0.8711726687500001 0.616146065625 0.881844334375 0.61835304375 0.8870440609375001 0.6093630531249999 0.8876838375 0.59104225625 0.8849478656249999 0.5854437765625 0.8732362578125 0.585034796875 0.8701164203125 0.5904287890625 0.8676526640625 0.605017265625
0 0.9029154531250001 0.6025800421875 0.9044835234375 0.6136406796875 0.9102113718749999 0.6175093281249999 0.9190590609375 0.6159839796875 0.9221788953125 0.6105899890625001 0.9228186718750001 0.5922691921875 0.9200827031250001 0.5866707109375 0.908371090625 0.5862617328125 0.9052512546875 0.5916557234375001 0.9029154531250001 0.6025800421875
0 0.6095807453125001 0.5519816625 0.6133566578125 0.5557821484375001 0.6220763890625001 0.5579209640625 0.6272761171875 0.5489309718750001 0.62791589375 0.530610175 0.6233559421875 0.521279375 0.6155482015625 0.521006721875 0.6082685859375 0.5335927078125 0.6095807453125001 0.5519816625
0 0.6447155765625 0.5532085984374999 0.6484914953125 0.5570090828125001 0.653307353125 0.5590115734375 0.6604590140625 0.55008974375 0.6627948140625 0.5391654328125 0.6583628234375001 0.5261704671875 0.6486031453125001 0.5258296515625001 0.64340341875 0.53481964375 0.6447155765625 0.5532085984374999
0 0.6781543890624999 0.547039053125 0.6855782625 0.55830418125 0.6884421890625 0.5602385078125 0.6955938500000001 0.5513166796875 0.6962336265625 0.5329958828125 0.69349765625 0.5273974031249999 0.6817860437500001 0.526988425 0.6785382546875 0.536046578125 0.6781543890624999 0.547039053125
0 0.752072015625 0.5569575671875 0.76079174375 0.5590963828125 0.7659914718749999 0.5501063921875 0.763767321875 0.5298512734374999 0.7520557140624999 0.5294422953125 0.7489358765625 0.5348362859375 0.7484240546875001 0.549492925 0.752072015625 0.5569575671875
0 0.7131612656249999 0.551930146875 0.7187611609375 0.5594629546875 0.723577021875 0.56146544375 0.7308566375 0.54887945625 0.731368459375 0.53422281875 0.7248565734375 0.5248238546875 0.7169208765625 0.5282153593750001 0.7115931984375 0.540869509375 0.7131612656249999 0.551930146875
0 0.786166903125 0.559982503125 0.7909827640625 0.5619849875 0.797878515625 0.56039148125 0.8009983484375001 0.5549974859375 0.801638125 0.5366766890625 0.7951262406249999 0.527277725 0.7871905453125 0.53066923125 0.7818628640624999 0.54332338125 0.786166903125 0.559982503125
0 0.8167417859375 0.5518786312499999 0.8203897484375 0.559343275 0.8291094796875 0.561482090625 0.83430920625 0.5524921 0.8348210265624999 0.5378354625 0.8320850546875 0.53223698125 0.8263572031249999 0.528368334375 0.8193334968749999 0.5336259984375 0.8167417859375 0.5518786312499999
0 0.8537006015624999 0.5568378890625 0.857476515625 0.5606383734375 0.866196246875 0.5627771890625 0.8693160828125001 0.55738319375 0.8717798390624999 0.5427947234375 0.8691718249999999 0.5335320796875 0.8574602109375 0.5331231015625 0.854340378125 0.5385170921875 0.8537006015624999 0.5568378890625
0 0.888835434375 0.558064825 0.890659415625 0.561797146875 0.8993791453125001 0.5639359625 0.9044509171874999 0.5586101296875 0.9050906921875 0.5402893328125 0.902354721875 0.5346908515625 0.8925950484375 0.5343500375 0.8894752109375 0.539744028125 0.888835434375 0.558064825
0 0.92397026875 0.559291759375 0.9276182296875 0.5667564031250001 0.9343860218750001 0.56882705625 0.9416656390625 0.55624106875 0.94192155 0.548912753125 0.9374895578125001 0.5359177875000001 0.92772988125 0.5355769718750001 0.9246100453125001 0.5409709640625 0.92397026875 0.559291759375
0 0.5921086765625 0.49267348593750004 0.5957566359375 0.5001381296875 0.6044763671875 0.5022769453125 0.6095481390625 0.4969511125 0.6118839390625 0.48602680156250005 0.609403878125 0.4730999984375 0.597820225 0.4690268625 0.5926204984375001 0.47801685312500003 0.5921086765625 0.49267348593750004
0 0.6272435109375001 0.493900421875 0.6328434046875 0.501433228125 0.6376592640625 0.5034357171875 0.6427310375 0.4981098859375 0.64519479375 0.483521415625 0.640762796875 0.47052645000000004 0.6329550578124999 0.47025379687499996 0.62775533125 0.4792437890625 0.6272435109375001 0.493900421875
0 0.669930175 0.5027283265625 0.6747460359375 0.5047308171875 0.6799457624999999 0.49574082500000005 0.680457584375 0.48108419218750004 0.675897634375 0.47175338437500003 0.670041825 0.4715488953125 0.662634253125 0.487799040625 0.669930175 0.5027283265625
0 0.6975131796875 0.4963542921875 0.7031130734375 0.5038871 0.70988086875 0.5059577515625 0.71520855 0.4933036015625 0.7154644609374999 0.4859752859375 0.711032465625 0.4729803203125 0.7051766625 0.47277583125 0.698025 0.481697659375 0.6975131796875 0.4963542921875
0 0.7326480125 0.49758122812499994 0.73824790625 0.505114034375 0.7430637671875 0.507116525 0.74826349375 0.49812653281249997 0.7489032703125 0.479805740625 0.7461673 0.47420725625 0.7383595609375 0.473934603125 0.7332877875 0.4792604359375 0.7326480125 0.49758122812499994
0 0.7660868203125 0.49141168437499994 0.7733827421874999 0.5063409703125 0.7781986 0.508343459375 0.7853502625 0.49942163125 0.785734128125 0.48842915624999994 0.78130213125 0.475434190625 0.7734943921874999 0.4751615390625 0.768422621875 0.48048737187499996 0.7660868203125 0.49141168437499994
0 0.8027897218750001 0.5036992578125 0.8154133265624999 0.5059744 0.818533159375 0.5005804031250001 0.8191729359375 0.48225961093749997 0.81643696875 0.47666112656250004 0.8045974015624999 0.47991630625 0.801349609375 0.48897446093749997 0.8027897218750001 0.5036992578125
0 0.8397485375 0.508658515625 0.8504202031249999 0.51086549375 0.853540040625 0.5054714984374999 0.85339578125 0.48162038437500004 0.845715996875 0.4776835734375 0.8385643359375001 0.4866054015625 0.837924559375 0.50492619375 0.8397485375 0.508658515625
0 0.8712354109374999 0.50242080625 0.8730593921875001 0.506153128125 0.8856829921875 0.5084282703125 0.888802828125 0.503034275 0.8894426046874999 0.48471348281250004 0.8829307203125 0.47531451406249997 0.874995021875 0.47870601874999996 0.8718751875 0.4841000140625 0.8712354109374999 0.50242080625
0 0.9063702453125 0.5036477421875001 0.9100182046875 0.5111123859375 0.9187379343750001 0.5132512015625 0.9238097078124999 0.5079253687499999 0.9262734625 0.4933368984375 0.9218414671874999 0.4803419328125 0.9120817921875 0.4800011171875 0.9068820656250001 0.488991109375 0.9063702453125 0.5036477421875001
0 0.6114674671875 0.44198872656250004 0.6151154265625001 0.44945337343749997 0.62383515625 0.45159218437500004 0.629034884375 0.44260219375 0.6312427296875 0.435342040625 0.6288906265625 0.4187510796875 0.621210840625 0.4148142703125 0.614187134375 0.4200719390625 0.6114674671875 0.44198872656250004
0 0.6466023015625 0.44321566093750003 0.65415413125 0.4508166359375 0.661049884375 0.44922312499999995 0.664297671875 0.4401649703125 0.6645535812500001 0.43283665468750004 0.660121590625 0.4198416890625 0.6523138484375 0.4195690359375 0.647114121875 0.428559028125 0.6466023015625 0.44321566093750003
0 0.683561115625 0.448174925 0.69423278125 0.450381896875 0.6994325078125 0.44139190624999997 0.6972083578125 0.42113678749999994 0.6895285703125 0.41719997812500004 0.6823769125 0.42612180468750005 0.6817371359375 0.444442596875 0.683561115625 0.448174925
0 0.7186959484375001 0.4494018609375 0.7293676140625001 0.45160883281249997 0.73248745 0.4462148375 0.7348232515625 0.435290525 0.73039125625 0.422295559375 0.7176397 0.42368458281250004 0.715047990625 0.4419372109375 0.7186959484375001 0.4494018609375
0 0.7500548671875 0.4468283046875 0.7576066953125 0.454429278125 0.764502446875 0.45283576718749996 0.7698301296875 0.44018161874999995 0.7700860406250001 0.4328533015625 0.761750175 0.4197220125 0.7578463046875 0.41958568593749995 0.75069464375 0.42850751249999997 0.7500548671875 0.4468283046875
0 0.7871416359375 0.448123403125 0.7889656140625 0.45185573124999995 0.7996372828125 0.45406270312499997 0.8027571171875 0.44866870781249996 0.8033968937499999 0.43034791562499997 0.8006609250000001 0.42474943125 0.7949330734375 0.420880784375 0.7877814125 0.4298026109375 0.7871416359375 0.448123403125
0 0.8204524890625 0.44561801718750005 0.8241004515625001 0.4530826671875 0.834772115625 0.45528963906250003 0.837891953125 0.44989564375 0.8385317296875 0.4315748515625 0.8357957578124999 0.42597636562499996 0.8281159703125001 0.42203955625 0.8230442 0.4273653890625 0.8204524890625 0.44561801718750005
0 0.8555873249999999 0.44684495156250004 0.8592352828125 0.4543096015625 0.8699069500000001 0.45651657500000004 0.8730267859374999 0.451122578125 0.8736665609375001 0.43280178593749996 0.8709305921875 0.4272033015625 0.8592189781249999 0.4267943234375 0.8560991453125 0.43218831875 0.8555873249999999 0.44684495156250004
0 0.8943701171875 0.4555365375 0.9030898484375 0.457675346875 0.9082895750000001 0.44868535468750004 0.9060654234375001 0.42843023750000003 0.8943538156249999 0.4280212578125 0.8912339781249999 0.4334152546875 0.8905942015624999 0.45173604687499996 0.8943701171875 0.4555365375
0 0.9257290359375 0.45296298124999995 0.9275530156249999 0.45669530937499997 0.94017661875 0.4589704453125 0.9434244078124999 0.44991229062500004 0.9439362296875 0.43525565781250003 0.9412002609375 0.429657171875 0.9294886484375 0.42924819375 0.9263688125 0.43464218906249996 0.9257290359375 0.45296298124999995
0 0.5958193796875 0.3864128765625 0.5994673390624999 0.39387751875 0.610139003125 0.39608449375 0.613258840625 0.390690503125 0.6155946421875 0.3797661859375 0.6093386671875 0.36303889843750003 0.6034828609375 0.362834409375 0.5963312000000001 0.3717562375 0.5958193796875 0.3864128765625
0 0.634602171875 0.3951044546875 0.6433219015625 0.397243265625 0.6485216296874999 0.38825328125 0.64903345 0.37359664062500003 0.6444734999999999 0.364265834375 0.6335459250000001 0.369387178125 0.63108216875 0.3839756484375 0.634602171875 0.3951044546875
0 0.6659610890625001 0.39253090625 0.6697370078125 0.396331390625 0.676504803125 0.39840203750000003 0.6817045265624999 0.389412053125 0.6840403312500001 0.378487734375 0.6814323140625 0.369225090625 0.67180059375 0.36522011718749997 0.6645209765625 0.3778061046875 0.6659610890625001 0.39253090625
0 0.704871840625 0.397558325 0.7116396359375 0.3996289734375 0.7168393640625 0.3906389890625 0.717479140625 0.372318190625 0.7109672546875 0.36291922187500003 0.6997837640625 0.37536888125 0.7010959265625 0.3937578421875 0.704871840625 0.397558325
0 0.734534734375 0.387588290625 0.7380547390625 0.39871709843750003 0.7467744703125 0.400855909375 0.7519741953125 0.39186592343750004 0.7524860171875 0.377209284375 0.7479260671875 0.3678784765625 0.740118328125 0.367605825 0.7349186000000001 0.3765958171875 0.734534734375 0.387588290625
0 0.7695416125000001 0.3924793921875 0.77514150625 0.400012196875 0.7839891921875 0.39848684843750004 0.787236984375 0.38942869375 0.7857968703125 0.3747038984375 0.7812369203125 0.36537309218749997 0.77733305 0.365236765625 0.7701813890625 0.37415859375 0.7695416125000001 0.3924793921875
0 0.8046764468750001 0.3937063265625 0.81027634375 0.40123913125 0.8150921999999999 0.4032416171875 0.8222438609375 0.39431979375 0.8228836375 0.375998996875 0.8163717531250001 0.36660002812500003 0.8124678843750001 0.36646370156249997 0.8051882671874999 0.3790496875 0.8046764468750001 0.3937063265625
0 0.8378593437499999 0.3948650984375 0.845411175 0.4024660671875 0.8502270375000001 0.4044685515625 0.857634609375 0.3882184078125 0.8561944921875 0.3734936109375 0.8515065890625 0.3678269640625 0.8416189578125 0.3711503046875 0.8383711640625 0.38020845937500003 0.8378593437499999 0.3948650984375
0 0.8749461140625 0.3961601984375 0.8785940734375 0.4036248390625 0.8853618703125001 0.40569548749999995 0.89251353125 0.396773665625 0.8931533078125 0.3784528671875 0.8866414218750001 0.36905389843749997 0.88078561875 0.368849409375 0.8755858906249999 0.3778394 0.8749461140625 0.3961601984375
0 0.9083849234375 0.38999064843750003 0.9137289078125 0.404851775 0.9224486375 0.4069905859375 0.9276483640625001 0.3980006015625 0.9281601859374999 0.3833439609375 0.92555216875 0.37408131718750004 0.9138405609375001 0.37367233906249997 0.9107207234375 0.379066334375 0.9083849234375 0.38999064843750003
0 0.6133541890624999 0.3319957953125 0.6188261296875 0.343192759375 0.625593925 0.3452634125 0.6327455859375 0.336341584375 0.6333853625 0.3180207859375 0.6288254109375 0.30868998125 0.621017671875 0.308417328125 0.6137380546875 0.3210033140625 0.6133541890624999 0.3319957953125
0 0.6503130031250001 0.3369550515625 0.6559129 0.3444878578125 0.6647605859375 0.342962515625 0.6680083734375 0.3339043609375 0.6685201953125001 0.319247721875 0.6639602484375 0.309916915625 0.65615250625 0.3096442640625 0.651080734375 0.314970096875 0.6503130031250001 0.3369550515625
0 0.68362385625 0.334449665625 0.68727181875 0.341914309375 0.6979434828125 0.34412128750000004 0.7010633171875 0.33872729218750003 0.7036550312500001 0.3204746578125 0.6990950796875001 0.3111438515625 0.6912873375 0.3108712 0.6862155703124999 0.3161970328125 0.68362385625 0.334449665625
0 0.726182565625 0.346941728125 0.7330783171874999 0.3453482234375 0.7361981531249999 0.339954228125 0.736837928125 0.32163342968749997 0.73032604375 0.31223446093749996 0.7191425578125 0.3246841203125 0.7204547156250001 0.34307308124999997 0.726182565625 0.346941728125
0 0.75376556875 0.3405676953125 0.757541484375 0.3443681796875 0.7662612156249999 0.3465069953125 0.7714609421875 0.3375170046875 0.7719727625 0.32286036406249996 0.7674128125 0.313529559375 0.7596050734375 0.3132569078125 0.7544053453124999 0.32224689687499997 0.75376556875 0.3405676953125
0 0.7907243828125 0.345526953125 0.796452234375 0.3493955984375 0.8033479859374999 0.34780209375000004 0.8064678203125 0.34240809843750003 0.8072355515625 0.32042314375 0.8044995828125 0.3148246578125 0.79473990625 0.3144838421875 0.7895401796875 0.32347383281250003 0.7907243828125 0.345526953125
0 0.8223392125 0.33562508593749996 0.825859215625 0.34675388749999997 0.836530884375 0.3489608671875 0.8396507171875 0.3435668703125 0.8419865218749999 0.332642553125 0.8395064609375 0.31971574999999997 0.8298747390625 0.31571077812500004 0.8246750109375001 0.3247007671875 0.8223392125 0.33562508593749996
0 0.8573460890625 0.3405161796875 0.8629459859375 0.3480489859375 0.8677618484374999 0.3500514765625 0.874913509375 0.34112964687499997 0.8754253296875 0.3264730078125 0.870865378125 0.317142203125 0.865009571875 0.3169377140625 0.8578579109375 0.325859540625 0.8573460890625 0.3405161796875
0 0.8926088796875 0.33807895625 0.8961288843749999 0.349207759375 0.904848615625 0.351346575 0.910048340625 0.34235658281250003 0.9105601625 0.32769994375 0.9060002125000001 0.3183691375 0.9001444078124999 0.3181646484375 0.8949446812499999 0.32715463906250003 0.8926088796875 0.33807895625
0 0.9330876968749999 0.3541670140625 0.9379035578125 0.35616950625 0.9450552203125 0.3472476765625 0.9456949968749999 0.328926878125 0.9391831109375 0.3195279109375 0.9281275796875 0.3283134109375 0.9274878031249999 0.346634209375 0.9330876968749999 0.3541670140625
0 0.59953008125 0.2801522625 0.6051299765625 0.28768506718750003 0.611897771875 0.289755721875 0.6170974984375001 0.2807657296875 0.61760931875 0.266109090625 0.6130493687499999 0.2567782890625 0.6052416296875001 0.2565056375 0.6000419031249999 0.26549562187500003 0.59953008125 0.2801522625
0 0.6346649156249999 0.281379196875 0.6383128734375 0.2888438390625 0.6470326046875 0.29098265625 0.6501524421875 0.2855886609375 0.6526161984375001 0.271000190625 0.6481842015625 0.258005225 0.6403764625 0.257732571875 0.6351767359375 0.2667225578125 0.6346649156249999 0.281379196875
0 0.6679757687500001 0.2788738109375 0.6734477109375 0.290070775 0.6802155062499999 0.2921414296875 0.6854152296875 0.2831514375 0.6877510328125 0.2722271265625 0.6833190390625 0.2592321609375 0.6755112953125 0.2589595078125 0.6704395234375 0.264285334375 0.6679757687500001 0.2788738109375
0 0.7031106015625 0.280100746875 0.7066306078125 0.291229546875 0.7153503375 0.2933683640625 0.7204221109375 0.28804253125 0.7211898421875 0.266057575 0.7184538703125 0.2604590953125 0.70869419375 0.2601182796875 0.7055743609375 0.2655122703125 0.7031106015625 0.280100746875
0 0.7399414609375 0.2887241625 0.7437173765625 0.2925246453125 0.7504851718750001 0.2945953 0.7556848984375 0.2856053078125 0.7561967187499999 0.27094866875 0.75163676875 0.26161786875000004 0.7438290296875001 0.261345215625 0.738629303125 0.2703352015625 0.7399414609375 0.2887241625
0 0.7750762953125 0.2899510984375 0.785747959375 0.2921580765625 0.7909476875 0.283168084375 0.7887235359375 0.2629129671875 0.7770119281250001 0.26250398750000004 0.7738920921875 0.267897978125 0.773252315625 0.2862187765625 0.7750762953125 0.2899510984375
0 0.8083871484375 0.28744571093750004 0.812163065625 0.29124619687500003 0.8208827968750001 0.29338501250000004 0.8262104750000001 0.2807308609375 0.82464240625 0.2696702171875 0.8181305203125 0.26027125 0.8121467609374999 0.2637309234375 0.8068190796874999 0.2763850734375 0.8083871484375 0.28744571093750004
0 0.8415700453125 0.288604484375 0.8433940281250001 0.29233680624999997 0.8560176281249999 0.29461194687500003 0.8591374625 0.2892179515625 0.8599051937500001 0.2672329953125 0.8552172921875 0.26156634843750004 0.8474095500000001 0.2612936953125 0.8422098218749999 0.2702836859375 0.8415700453125 0.288604484375
0 0.8767048828125 0.28983141875 0.8785288609374999 0.293563740625 0.8911524625 0.2958388828125 0.8963521890624999 0.286848890625 0.896864009375 0.27219225156250004 0.892304059375 0.262861446875 0.8825443828124999 0.26252063125 0.8773446593750001 0.2715106203125 0.8767048828125 0.28983141875
0 0.9101436906249999 0.2836618734375 0.9135357390625 0.29845483437500003 0.9242074062500001 0.30066181406250003 0.92940713125 0.29167182187499996 0.9300469078125 0.2733510234375 0.9273109359375 0.2677525453125 0.9175512640625 0.2674117296875 0.9124794906249999 0.27273755624999996 0.9101436906249999 0.2836618734375
0 0.6225368312499999 0.23693214375 0.6312565609375 0.2390709609375 0.6364562890625 0.23008096875 0.6369681093749999 0.21542433593750002 0.6305841796875 0.20236120781250003 0.6226484859375 0.2057527140625 0.6173208031249999 0.2184068640625 0.6225368312499999 0.23693214375
0 0.6520717703125001 0.23062627343750003 0.6576716671875 0.23815907812499998 0.662487525 0.24016157031250002 0.6696391875 0.23123974062500002 0.6702789640625 0.21291895 0.6657190125 0.20358814218750002 0.6598632078125 0.203383653125 0.652711546875 0.21230548124999998 0.6520717703125001 0.23062627343750003
0 0.6909825203125 0.23565369375 0.7016541859375 0.23786067187499998 0.7047740203124999 0.2324666765625 0.7054137953125 0.214145884375 0.7008538484375 0.204815078125 0.689926271875 0.2099364171875 0.6873345578125 0.22818904999999998 0.6909825203125 0.23565369375
0 0.7298932687499999 0.2406811125 0.7367890187499999 0.2390876078125 0.740036809375 0.230029453125 0.738724653125 0.21164049375 0.7340367453125001 0.20597384999999999 0.7228532609375 0.21842351093749998 0.72416541875 0.236812465625 0.7298932687499999 0.2406811125
0 0.757476271875 0.23430707968750003 0.7593002515625 0.23803940156249997 0.7699719171875 0.24024637968749998 0.773091753125 0.23485238437499997 0.7737315296875 0.2165315921875 0.7691715796875 0.20720078593750002 0.765267709375 0.207064459375 0.7581160484375 0.21598628749999998 0.757476271875 0.23430707968750003
0 0.790787125 0.23180169374999998 0.7944350859375 0.2392663375 0.80510675 0.24147331562500002 0.810306478125 0.23248332500000002 0.8108182984375001 0.217826690625 0.8062583468750001 0.208495884375 0.7964986734374999 0.20815506875 0.791298946875 0.2171450609375 0.790787125 0.23180169374999998
0 0.825921959375 0.23302862968750002 0.8295699171875001 0.240493271875 0.8382896515624999 0.2426320875 0.8434893750000001 0.233642096875 0.8440011953125 0.21898546406250002 0.841265228125 0.21338697812500002 0.8335854421875 0.20945016718749998 0.82851366875 0.2147759953125 0.825921959375 0.23302862968750002
0 0.8610567921875001 0.2342555640625 0.864704753125 0.24172020781249998 0.87147255 0.2437908609375 0.8765443203125001 0.23846502812499998 0.8790080765624999 0.22387655781250002 0.8764000609375 0.2146139140625 0.8667683390625 0.21060893906249997 0.8615686124999999 0.21959893125000002 0.8610567921875001 0.2342555640625
0 0.8943676484375 0.23175017812499998 0.8998395875 0.24294714375 0.9086872734375 0.2414218 0.9118071078125001 0.2360278046875 0.914142909375 0.22510349375 0.9115348953125 0.21584085000000003 0.9038551109374999 0.2119040375 0.894623559375 0.22442186249999999 0.8943676484375 0.23175017812499998
0 0.9295024812499999 0.23297711406250002 0.9349744203125001 0.2441740796875 0.94369415 0.24631289375 0.9468139875 0.2409188984375 0.9494056984375 0.22266627031250003 0.944845746875 0.2133354625 0.9370380078125 0.21306281093749999 0.9319662375 0.2183886390625 0.9295024812499999 0.23297711406250002
0 0.603112828125 0.1775558046875 0.6067607890625 0.18502045312499998 0.613528584375 0.1870911 0.6186003546875 0.18176527343749999 0.6211920671875 0.1635126390625 0.6166321171875 0.1541818328125 0.608824378125 0.15390918125 0.60362465 0.162899171875 0.603112828125 0.1775558046875
0 0.6382476625 0.178782740625 0.6400716421875 0.1825150671875 0.648791371875 0.184653878125 0.6539911 0.1756638859375 0.6545029203125 0.161007253125 0.64994296875 0.15167644687499998 0.6460391000000001 0.1515401203125 0.6388874390625 0.1604619484375 0.6382476625 0.178782740625
0 0.675206475 0.183742003125 0.6839262078125 0.1858808140625 0.68912593125 0.176890821875 0.689637753125 0.1622341890625 0.68507780625 0.15290338125 0.6792219984375001 0.1526988921875 0.6719423812499999 0.1652848796875 0.675206475 0.183742003125
0 0.7066933484375 0.1775042890625 0.7103413093750001 0.1849689375 0.71710910625 0.1870395859375 0.7243887234375 0.1744535984375 0.7247725890625001 0.163461125 0.7202126375 0.1541303171875 0.7104529625 0.1537895015625 0.707333125 0.1591834984375 0.7066933484375 0.1775042890625
0 0.7401321609375 0.17133474531249998 0.7436521640625 0.182463546875 0.7543238296875 0.184670525 0.757443665625 0.17927652968750002 0.759779465625 0.16835221875 0.7553474718750001 0.15535725312499998 0.7455877937500001 0.1550164375 0.742467959375 0.1604104328125 0.7401321609375 0.17133474531249998
0 0.7806109765625 0.187422809375 0.7873787734375 0.18949345625 0.7946583890625 0.1769074703125 0.7951702109375 0.1622508359375 0.788658325 0.152851865625 0.78072263125 0.1562433734375 0.7753949484375 0.1688975234375 0.7806109765625 0.187422809375
0 0.8101459156249999 0.18111693281250002 0.8119698953125001 0.1848492546875 0.8245934984375 0.187124396875 0.8277133328125 0.18173040000000001 0.828353109375 0.163409609375 0.8237931578125 0.1540788015625 0.817937353125 0.1538743125 0.8107856921875 0.162796140625 0.8101459156249999 0.18111693281250002
0 0.8433288140625 0.1822757046875 0.84515279375 0.18600802656249998 0.8577763968750001 0.18828316875 0.8629761203124999 0.179293178125 0.863487940625 0.16463654375 0.8569760593750001 0.155237575 0.8470884265624999 0.1585609171875 0.8439685906250001 0.1639549140625 0.8433288140625 0.1822757046875
0 0.8785916046875 0.17983848281249998 0.8822395640625 0.187303125 0.8929112296874999 0.18951010468750001 0.8960310671875 0.1841161078125 0.8986227765624999 0.16586347968749998 0.8940628265624999 0.1565326734375 0.8843031484375 0.1561918578125 0.8791034265625 0.1651818484375 0.8785916046875 0.17983848281249998
0 0.9137264375 0.1810654171875 0.9211503125 0.19233055 0.9280460625 0.1907370390625 0.9332457890624999 0.1817470484375 0.9337576109375 0.167090415625 0.927245725 0.15769144531249998 0.91931003125 0.16108295156250002 0.9139823484375 0.1737371015625 0.9137264375 0.1810654171875
0 0.62077559375 0.11947456406250001 0.626247534375 0.130671534375 0.6330153296875001 0.13274218124999998 0.6380871 0.1274163546875 0.6408067671875 0.10549956093749999 0.6381987515625 0.0962369171875 0.62648714375 0.0958279390625 0.62336730625 0.1012219359375 0.62077559375 0.11947456406250001
0 0.655910428125 0.12070149999999999 0.65943043125 0.13183030625 0.6681501625 0.1339691171875 0.673221934375 0.1286432890625 0.6756856890625 0.1140548140625 0.6694297140625001 0.0973275265625 0.6635739109375 0.0971230375 0.65629429375 0.10970902499999999 0.655910428125 0.12070149999999999
0 0.6910452609375 0.121928434375 0.6946932234375 0.1293930828125 0.7034129546875 0.13153189375000002 0.7086126765625 0.12254190312499999 0.7091244984375 0.10788526875 0.7045645515625 0.0985544625 0.696756809375 0.0982818109375 0.69155708125 0.1072718015625 0.6910452609375 0.121928434375
0 0.7243561171875 0.1194230484375 0.7316520359375 0.134352340625 0.7365958515625 0.1326906671875 0.7417955796875 0.123700675 0.7423074 0.1090440421875 0.7357955140625 0.099645071875 0.731891640625 0.09950874531250001 0.72669191875 0.10849873750000001 0.7243561171875 0.1194230484375
0 0.7628829984375 0.13544295 0.7716027296875 0.13758176093750002 0.7747225656250001 0.1321877703125 0.7773142765625 0.1139351359375 0.7727543265625 0.1046043296875 0.7649465875 0.1043316765625 0.7596189046874999 0.1169858265625 0.7628829984375 0.13544295
0 0.7943698718750001 0.12920524375 0.796193853125 0.13293756406249999 0.8068655171874999 0.1351445375 0.8120652453125 0.1261545453125 0.812577065625 0.1114979125 0.8080171140625 0.10216710625 0.800209375 0.101894453125 0.7950096484375 0.1108844453125 0.7943698718750001 0.12920524375
0 0.8296326625000001 0.1267680140625 0.8332806203124999 0.13423266250000002 0.8420003546875 0.1363714734375 0.8451201875000001 0.1309774828125 0.8477118984375 0.1127248484375 0.8449759312499999 0.1071263625 0.839248078125 0.103257715625 0.830016528125 0.1157755390625 0.8296326625000001 0.1267680140625
0 0.8665914765625 0.1317272765625 0.8772631421874999 0.13393425 0.880382978125 0.128540253125 0.8808947999999999 0.11388362031249999 0.8763348499999999 0.10455281406250001 0.8654072703125 0.10967415625000002 0.86307146875 0.1205984703125 0.8665914765625 0.1317272765625
0 0.8980783515624999 0.1254895625 0.9035502890625 0.1366865328125 0.90836615 0.13868901718749999 0.9155178109375001 0.1297671890625 0.9178536125000001 0.11884287812500001 0.915245596875 0.109580234375 0.905613878125 0.10557525937500001 0.9004141499999999 0.1145652515625 0.8980783515624999 0.1254895625
0 0.9330852281249999 0.13038065625 0.9367331875 0.1378453046875 0.94545291875 0.139984115625 0.9505246890624999 0.1346582890625 0.9529884453124999 0.1200698125 0.9503804296875 0.11080716875 0.9387967765624999 0.1067340328125 0.9335970484375 0.11572402343749999 0.9330852281249999 0.13038065625