0 0.6109375 0.05 0.0234375 0.021875
0 0.57578125 0.0734375 0.028125 0.021875
0 0.6171875 0.08671875 0.0265625 0.0234375
0 0.58125 0.11015625 0.0265625 0.021875
0 0.64921875 0.0640625 0.0265625 0.0203125
0 0.65546875 0.1 0.0265625 0.021875
0 0.6828125 0.040625 0.0265625 0.021875
0 0.725 0.05546875 0.0265625 0.021875
0 0.76015625 0.03359375 0.0265625 0.021875
0 0.8328125 0.02421875 0.025 0.021875
0 0.87578125 0.03828125 0.021875 0.01875
0 0.83828125 0.0609375 0.0234375 0.0234375
0 0.79921875 0.04765625 0.025 0.021875
0 0.7640625 0.0703125 0.028125 0.021875
0 0.7296875 0.090625 0.0265625 0.0234375
0 0.690625 0.07734375 0.025 0.0234375
0 0.6953125 0.11328125 0.025 0.0234375
0 0.659375 0.134375 0.0265625 0.025
0 0.61875 0.121875 0.025 0.021875
0 0.584375 0.14296875 0.028125 0.0234375
0 0.62265625 0.15625 0.025 0.021875
0 0.80546875 0.08359375 0.0265625 0.025
0 0.76875 0.10546875 0.025 0.021875
0 0.7328125 0.1265625 0.0265625 0.0234375
0 0.696875 0.14921875 0.0265625 0.0234375
0 0.878125 0.07265625 0.025 0.021875
0 0.84296875 0.096875 0.028125 0.025
0 0.8109375 0.11953125 0.025 0.0234375
0 0.7734375 0.140625 0.0265625 0.0234375
0 0.73515625 0.16171875 0.03125 0.0234375
0 0.70390625 0.184375 0.0265625 0.0234375
0 0.66328125 0.17109375 0.0265625 0.0234375
0 0.5875 0.18046875 0.025 0.021875
0 0.62578125 0.19296875 0.025 0.0203125
0 0.8828125 0.11171875 0.0265625 0.0234375
0 0.846875 0.134375 0.0265625 0.0234375
0 0.8125 0.1546875 0.025 0.021875
0 0.778125 0.17734375 0.0265625 0.0234375
0 0.8875 0.146875 0.025 0.0234375
0 0.8546875 0.16875 0.0234375 0.0203125
0 0.81796875 0.190625 0.025 0.021875
0 0.78125 0.21171875 0.028125 0.0234375
0 0.74140625 0.1984375 0.028125 0.0234375
0 0.70546875 0.2203125 0.028125 0.0234375
0 0.66875 0.20859375 0.028125 0.0234375
0 0.6328125 0.23046875 0.0265625 0.0234375
0 0.59375 0.21640625 0.028125 0.021875
0 0.55859375 0.2375 0.0265625 0.0234375
0 0.596875 0.25234375 0.025 0.021875
0 0.746875 0.23515625 0.025 0.021875
0 0.8921875 0.18359375 0.0234375 0.021875
0 0.85703125 0.203125 0.025 0.021875
0 0.821875 0.22578125 0.025 0.021875
0 0.8953125 0.2203125 0.0265625 0.021875
0 0.8609375 0.23984375 0.0265625 0.021875
0 0.82734375 0.2625 0.025 0.021875
0 0.7859375 0.24765625 0.028125 0.025
0 0.75078125 0.271875 0.0265625 0.0234375
0 0.71015625 0.2578125 0.028125 0.0234375
0 0.6734375 0.24453125 0.0265625 0.021875
0 0.67578125 0.27734375 0.0265625 0.021875
0 0.63671875 0.26484375 0.025 0.021875
0 0.6 0.28515625 0.025 0.01875
0 0.5609375 0.27421875 0.0234375 0.0203125
0 0.56484375 0.309375 0.0234375 0.021875
0 0.64140625 0.30234375 0.028125 0.0234375
0 0.6046875 0.3234375 0.028125 0.021875
0 0.5703125 0.34609375 0.0265625 0.0234375
0 0.60703125 0.36015625 0.025 0.021875
0 0.64453125 0.33828125 0.028125 0.0234375
0 0.6796875 0.315625 0.0265625 0.021875
0 0.715625 0.29296875 0.0265625 0.021875
0 0.79140625 0.28359375 0.0265625 0.021875
0 0.7546875 0.30859375 0.0265625 0.0203125
0 0.71875 0.328125 0.0296875 0.0234375
0 0.68515625 0.3515625 0.0296875 0.025
0 0.65 0.37421875 0.028125 0.021875
0 0.89921875 0.253125 0.025 0.021875
0 0.86640625 0.2765625 0.0234375 0.0203125
0 0.83125 0.29765625 0.025 0.0203125
0 0.79453125 0.321875 0.0265625 0.0203125
0 0.76015625 0.34296875 0.0265625 0.0234375
0 0.9078125 0.28984375 0.0265625 0.021875
0 0.87109375 0.31328125 0.0265625 0.0234375
0 0.8359375 0.3359375 0.025 0.0203125
0 0.79921875 0.3578125 0.025 0.021875
0 0.765625 0.3796875 0.028125 0.0234375
0 0.72421875 0.36640625 0.025 0.021875
0 0.68984375 0.3875 0.028125 0.0234375
0 0.61484375 0.39765625 0.028125 0.025
0 0.57421875 0.38203125 0.03125 0.025
0 0.875 0.35 0.0265625 0.021875
0 0.83828125 0.3703125 0.0265625 0.021875
0 0.9125 0.32578125 0.025 0.021875
0 0.91640625 0.365625 0.0265625 0.0203125
0 0.89765625 0.5140625 0.03125 0.0234375
0 0.8234375 0.52421875 0.028125 0.021875
0 0.74453125 0.5328125 0.03125 0.0265625
0 0.66953125 0.54375 0.028125 0.0234375
0 0.59453125 0.55234375 0.0265625 0.0234375
0 0.93984375 0.53046875 0.0265625 0.0234375
0 0.8625 0.53828125 0.0234375 0.0203125
0 0.78828125 0.54609375 0.0265625 0.021875
0 0.709375 0.55625 0.0265625 0.0234375
0 0.67421875 0.58203125 0.028125 0.0234375
0 0.63671875 0.565625 0.025 0.0234375
0 0.5984375 0.59140625 0.0234375 0.021875
0 0.9015625 0.553125 0.025 0.0203125
0 0.94609375 0.565625 0.021875 0.0203125
0 0.91015625 0.5890625 0.0234375 0.0203125
0 0.86875 0.575 0.021875 0.01875
0 0.8265625 0.5625 0.025 0.021875
0 0.79140625 0.58359375 0.0234375 0.0203125
0 0.75078125 0.571875 0.028125 0.025
0 0.71640625 0.5953125 0.028125 0.0234375
0 0.68125 0.6171875 0.028125 0.0234375
0 0.6390625 0.6046875 0.028125 0.0234375
0 0.60546875 0.62578125 0.0265625 0.0234375
0 0.8328125 0.59609375 0.0234375 0.021875
0 0.95078125 0.6046875 0.025 0.021875
0 0.915625 0.628125 0.025 0.0203125
0 0.87265625 0.6125 0.028125 0.0203125
0 0.83671875 0.6359375 0.025 0.021875
0 0.7984375 0.62421875 0.0265625 0.025
0 0.7578125 0.609375 0.028125 0.021875
0 0.721875 0.6328125 0.028125 0.021875
0 0.68515625 0.65546875 0.028125 0.0234375
0 0.65 0.6796875 0.0265625 0.021875
0 0.64765625 0.6421875 0.0265625 0.0234375
0 0.61171875 0.665625 0.0265625 0.0234375
0 0.7609375 0.64609375 0.028125 0.0234375
0 0.7265625 0.66875 0.028125 0.0234375
0 0.690625 0.6921875 0.028125 0.0234375
0 0.65625 0.71796875 0.0296875 0.025
0 0.6171875 0.703125 0.0296875 0.025
0 0.6234375 0.73984375 0.0296875 0.025
0 0.88125 0.6515625 0.0265625 0.021875
0 0.84296875 0.67578125 0.0296875 0.0234375
0 0.80390625 0.6609375 0.0265625 0.0234375
0 0.7671875 0.68515625 0.0296875 0.0265625
0 0.73359375 0.7078125 0.0296875 0.0234375
0 0.95703125 0.64140625 0.028125 0.025
0 0.921875 0.66484375 0.0296875 0.025
0 0.88515625 0.68984375 0.03125 0.025
0 0.85078125 0.7125 0.0296875 0.025
0 0.809375 0.696875 0.0296875 0.025
0 0.7734375 0.72109375 0.028125 0.025
0 0.9640625 0.6796875 0.028125 0.021875
0 0.92734375 0.703125 0.025 0.0203125
0 0.89296875 0.7265625 0.03125 0.025
0 0.96875 0.71796875 0.0296875 0.0234375
0 0.934375 0.740625 0.03125 0.028125
0 0.815625 0.73515625 0.03125 0.0265625
0 0.7375 0.7453125 0.0296875 0.0265625
0 0.66171875 0.7546875 0.0296875 0.0265625
0 0.696875 0.73203125 0.0296875 0.025
0 0.703125 0.76953125 0.0296875 0.025
0 0.6671875 0.7921875 0.0296875 0.025
0 0.62734375 0.77890625 0.03125 0.025
0 0.78046875 0.75859375 0.028125 0.0234375
0 0.85625 0.75078125 0.0296875 0.025
0 0.8984375 0.765625 0.03125 0.025
0 0.94296875 0.7796875 0.0296875 0.0234375
0 0.97421875 0.7546875 0.0265625 0.021875
0 0.98203125 0.79296875 0.028125 0.0234375
0 0.9453125 0.8171875 0.0296875 0.025
0 0.90390625 0.803125 0.0296875 0.0234375
0 0.86328125 0.7890625 0.0265625 0.021875
0 0.82890625 0.81328125 0.025 0.021875
0 0.8203125 0.77265625 0.0296875 0.0234375
0 0.7859375 0.7984375 0.0265625 0.0234375
0 0.74296875 0.7828125 0.028125 0.0234375
0 0.75 0.82265625 0.03125 0.025
0 0.70859375 0.8078125 0.028125 0.0234375
0 0.67421875 0.83125 0.0296875 0.025
0 0.6328125 0.8171875 0.0296875 0.0265625
0 0.6375 0.85625 0.0328125 0.025
0 0.71640625 0.8453125 0.03125 0.0265625
0 0.790625 0.83515625 0.0328125 0.025
0 0.86953125 0.82734375 0.0265625 0.0234375
0 0.98671875 0.83125 0.0265625 0.021875
0 0.953125 0.85703125 0.028125 0.0234375
0 0.98984375 0.87109375 0.0203125 0.0234375
0 0.909375 0.8421875 0.0265625 0.0234375
0 0.9171875 0.88125 0.0296875 0.0265625
0 0.8734375 0.8671875 0.03125 0.0265625
0 0.8328125 0.8515625 0.03125 0.025
0 0.83984375 0.8890625 0.03125 0.0265625
0 0.7984375 0.87578125 0.028125 0.025
0 0.7578125 0.8609375 0.0296875 0.0234375
0 0.76171875 0.8984375 0.03125 0.025
0 0.72109375 0.88515625 0.0296875 0.0265625
0 0.678125 0.86953125 0.03125 0.025
0 0.68671875 0.9078125 0.03125 0.025
0 0.6421875 0.89375 0.0296875 0.0265625
0 0.365625 0.58359375 0.034375 0.0265625
0 0.290625 0.59140625 0.0296875 0.0265625
0 0.21484375 0.60078125 0.0296875 0.028125
0 0.13984375 0.6109375 0.025 0.021875
0 0.1046875 0.634375 0.025 0.0234375
0 0.0703125 0.65859375 0.0234375 0.025
0 0.109375 0.67109375 0.0265625 0.021875
0 0.1453125 0.6484375 0.0265625 0.021875
0 0.18046875 0.625 0.028125 0.0234375
0 0.0734375 0.69765625 0.028125 0.0234375
0 0.21953125 0.63828125 0.0265625 0.0234375
0 0.184375 0.66328125 0.028125 0.021875
0 0.14765625 0.6859375 0.0296875 0.025
0 0.2546875 0.615625 0.028125 0.0234375
0 0.32890625 0.60625 0.0265625 0.021875
0 0.29453125 0.6296875 0.0296875 0.0234375
0 0.40546875 0.59765625 0.0234375 0.0234375
0 0.36953125 0.61953125 0.028125 0.021875
0 0.40703125 0.634375 0.028125 0.025
0 0.334375 0.64296875 0.028125 0.0234375
0 0.3734375 0.6578125 0.028125 0.0234375
0 0.2984375 0.6671875 0.0296875 0.0234375
0 0.25859375 0.65234375 0.0296875 0.025
0 0.22578125 0.675 0.028125 0.0234375
0 0.1890625 0.69921875 0.0265625 0.0234375
0 0.153125 0.72265625 0.028125 0.0234375
0 0.1140625 0.7078125 0.028125 0.0234375
0 0.41484375 0.67109375 0.028125 0.0234375
0 0.3390625 0.68046875 0.028125 0.0234375
0 0.37890625 0.6953125 0.0296875 0.0265625
0 0.41953125 0.7078125 0.028125 0.021875
0 0.34375 0.71875 0.0296875 0.0234375
0 0.3046875 0.70234375 0.028125 0.0234375
0 0.26484375 0.69140625 0.028125 0.021875
0 0.2296875 0.71328125 0.025 0.021875
0 0.26875 0.728125 0.03125 0.0234375
0 0.19296875 0.7359375 0.025 0.0234375
0 0.23359375 0.75 0.0265625 0.021875
0 0.1578125 0.75859375 0.028125 0.025
0 0.11953125 0.74609375 0.025 0.0234375
0 0.0796875 0.73125 0.0296875 0.025
0 0.08359375 0.7703125 0.0265625 0.025
0 0.12421875 0.7828125 0.0296875 0.0234375
0 0.1984375 0.7765625 0.028125 0.025
0 0.16171875 0.7984375 0.028125 0.025
0 0.203125 0.81015625 0.028125 0.021875
0 0.23828125 0.78828125 0.0265625 0.0234375
0 0.2734375 0.7640625 0.0265625 0.0234375
0 0.30859375 0.7390625 0.028125 0.0234375
0 0.35 0.75546875 0.0265625 0.0234375
0 0.384375 0.73125 0.0265625 0.0234375
0 0.42578125 0.746875 0.028125 0.0234375
0 0.4296875 0.78359375 0.0296875 0.025
0 0.3890625 0.7703125 0.028125 0.0234375
0 0.35390625 0.79296875 0.028125 0.025
0 0.3140625 0.778125 0.0296875 0.0234375
0 0.2796875 0.8015625 0.0265625 0.0234375
0 0.24375 0.82578125 0.0265625 0.0234375
0 0.20703125 0.85 0.03125 0.025
0 0.16875 0.83671875 0.025 0.021875
0 0.1265625 0.8203125 0.028125 0.025
0 0.08671875 0.8078125 0.03125 0.0265625
0 0.090625 0.84375 0.03125 0.025
0 0.13125 0.859375 0.025 0.0234375
0 0.1703125 0.87265625 0.0296875 0.0265625
0 0.21328125 0.8875 0.0265625 0.021875
0 0.246875 0.86484375 0.0265625 0.0234375
0 0.2828125 0.83984375 0.028125 0.0234375
0 0.31640625 0.81640625 0.028125 0.01875
0 0.3578125 0.83046875 0.0265625 0.021875
0 0.39453125 0.8078125 0.025 0.021875
0 0.43515625 0.82265625 0.028125 0.0234375
0 0.40078125 0.846875 0.028125 0.0234375
0 0.3625 0.86953125 0.03125 0.025
0 0.33046875 0.89296875 0.0265625 0.021875
0 0.2921875 0.915625 0.0265625 0.0234375
0 0.2578125 0.94140625 0.0296875 0.0234375
0 0.22109375 0.9640625 0.0296875 0.025
0 0.321875 0.853125 0.028125 0.0234375
0 0.2875 0.87890625 0.028125 0.025
0 0.2515625 0.90234375 0.0265625 0.0234375
0 0.21796875 0.9265625 0.0265625 0.021875
0 0.1765625 0.91171875 0.028125 0.021875
0 0.1796875 0.95078125 0.0296875 0.025
0 0.1375 0.89609375 0.0265625 0.021875
0 0.09453125 0.88359375 0.0265625 0.021875
0 0.13828125 0.93515625 0.0234375 0.025
0 0.09921875 0.92421875 0.0296875 0.025
0 0.146875 0.97578125 0.028125 0.025
0 0.10546875 0.96015625 0.0265625 0.021875
0 0.440625 0.86015625 0.028125 0.0234375
0 0.4046875 0.8828125 0.0296875 0.025
0 0.36875 0.9078125 0.028125 0.0234375
0 0.3328125 0.93203125 0.028125 0.0234375
0 0.2984375 0.95703125 0.0296875 0.025
0 0.3734375 0.946875 0.028125 0.0265625
0 0.41015625 0.921875 0.03125 0.0265625
0 0.4453125 0.896875 0.03125 0.0234375
0 0.45234375 0.93671875 0.028125 0.0234375
0 0.31953125 0.0890625 0.03125 0.025
0 0.2453125 0.096875 0.0265625 0.025
0 0.17265625 0.10546875 0.0265625 0.0234375
0 0.09921875 0.11484375 0.028125 0.0234375
0 0.06484375 0.13515625 0.028125 0.0234375
0 0.02578125 0.121875 0.028125 0.0234375
0 0.1375 0.1265625 0.025 0.025
0 0.21015625 0.11875 0.028125 0.0234375
0 0.284375 0.10859375 0.025 0.021875
0 0.35859375 0.1015625 0.028125 0.021875
0 0.32421875 0.12421875 0.0265625 0.021875
0 0.28984375 0.1453125 0.025 0.0203125
0 0.25 0.1328125 0.0265625 0.0234375
0 0.2140625 0.15390625 0.0296875 0.025
0 0.175 0.140625 0.0296875 0.0234375
0 0.14296875 0.16171875 0.0296875 0.025
0 0.1046875 0.14921875 0.0265625 0.0234375
0 0.0671875 0.17109375 0.028125 0.025
0 0.02734375 0.159375 0.0265625 0.021875
0 0.03359375 0.19453125 0.021875 0.0203125
0 0.071875 0.2078125 0.021875 0.0203125
0 0.10546875 0.184375 0.025 0.021875
0 0.3625 0.13671875 0.0265625 0.021875
0 0.32578125 0.159375 0.025 0.021875
0 0.29296875 0.18125 0.025 0.0234375
0 0.2578125 0.203125 0.028125 0.0234375
0 0.221875 0.2265625 0.025 0.0234375
0 0.21953125 0.18984375 0.0265625 0.0234375
0 0.2546875 0.16796875 0.0265625 0.0203125
0 0.18359375 0.2125 0.0265625 0.025
0 0.1796875 0.1765625 0.0234375 0.021875
0 0.146875 0.19921875 0.0265625 0.0234375
0 0.10859375 0.2203125 0.0234375 0.0203125
0 0.14921875 0.23515625 0.0265625 0.0234375
0 0.36875 0.17265625 0.025 0.0203125
0 0.3296875 0.19609375 0.028125 0.0234375
0 0.2984375 0.21640625 0.025 0.0203125
0 0.37109375 0.20859375 0.028125 0.021875
0 0.3359375 0.23125 0.0265625 0.0234375
0 0.3765625 0.2453125 0.0265625 0.021875
0 0.303125 0.2515625 0.0265625 0.021875
0 0.340625 0.265625 0.0265625 0.021875
0 0.26171875 0.240625 0.025 0.0234375
0 0.18671875 0.24765625 0.0265625 0.0234375
0 0.15546875 0.271875 0.0234375 0.021875
0 0.115625 0.2578125 0.025 0.0234375
0 0.07578125 0.2453125 0.0234375 0.021875
0 0.0375 0.23046875 0.021875 0.01875
0 0.2265625 0.2625 0.025 0.021875
0 0.265625 0.27421875 0.025 0.021875
0 0.30390625 0.290625 0.025 0.021875
0 0.3421875 0.303125 0.028125 0.0234375
0 0.37734375 0.28203125 0.025 0.021875
0 0.38046875 0.31796875 0.03125 0.025
0 0.346875 0.33828125 0.025 0.021875
0 0.309375 0.3265625 0.025 0.021875
0 0.26796875 0.31015625 0.028125 0.021875
0 0.23046875 0.29765625 0.025 0.021875
0 0.190625 0.28359375 0.0265625 0.0203125
0 0.15859375 0.30625 0.025 0.021875
0 0.11953125 0.29140625 0.025 0.021875
0 0.08203125 0.27890625 0.0265625 0.021875
0 0.0390625 0.26640625 0.0265625 0.0234375
0 0.1953125 0.321875 0.028125 0.0234375
0 0.23515625 0.33515625 0.0265625 0.0234375
0 0.27421875 0.346875 0.025 0.021875
0 0.31328125 0.3609375 0.025 0.0203125
0 0.35234375 0.37578125 0.025 0.0234375
0 0.3859375 0.353125 0.0296875 0.0234375
0 0.39140625 0.38984375 0.0296875 0.0234375
0 0.35546875 0.41328125 0.028125 0.021875
0 0.08515625 0.31640625 0.0296875 0.025
0 0.0453125 0.30234375 0.0265625 0.0234375
0 0.04765625 0.3375 0.0265625 0.0234375
0 0.12265625 0.32890625 0.0265625 0.0203125
0 0.08828125 0.3515625 0.0265625 0.021875
0 0.05 0.375 0.0265625 0.0234375
0 0.16171875 0.34296875 0.025 0.021875
0 0.2 0.35625 0.028125 0.0203125
0 0.2390625 0.3703125 0.028125 0.0234375
0 0.278125 0.384375 0.025 0.021875
0 0.31875 0.39765625 0.025 0.021875
0 0.3953125 0.4265625 0.028125 0.0234375
0 0.32109375 0.434375 0.028125 0.021875
0 0.28203125 0.42109375 0.0265625 0.021875
0 0.24375 0.40625 0.021875 0.021875
0 0.246875 0.44296875 0.0234375 0.021875
0 0.20859375 0.4296875 0.021875 0.021875
0 0.20390625 0.39296875 0.0234375 0.0234375
0 0.16640625 0.3796875 0.0234375 0.021875
0 0.16796875 0.415625 0.0265625 0.0234375
0 0.17265625 0.45234375 0.025 0.0234375
0 0.1328125 0.43984375 0.025 0.021875
0 0.12578125 0.36640625 0.025 0.021875
0 0.13046875 0.40078125 0.0265625 0.025
0 0.09140625 0.38828125 0.025 0.0234375
0 0.09296875 0.42421875 0.0265625 0.021875
0 0.0984375 0.46171875 0.0265625 0.0234375
0 0.059375 0.446875 0.021875 0.021875
0 0.05625 0.41015625 0.0234375 0.021875