0 0.0718352765625 0.08300781093750001 0.0742297859375 0.11230468593750001 0.0897940953125 0.125 0.11014742343749999 0.1259765625 0.125711734375 0.12109375156249999 0.1340925140625 0.11230468593750001 0.13169800625 0.08691406406249999 0.11373918593750001 0.07226562656249999 0.082610565625 0.07226562656249999 0.0718352765625 0.08300781093750001
0 0.143670553125 0.11230468593750001 0.15923485937499998 0.125 0.17958818593749998 0.1279296859375 0.20113876875 0.11816406406249999 0.20592779062500002 0.09082031406249999 0.1855744625 0.07421875156249999 0.15923485937499998 0.07421875156249999 0.1412760390625 0.09082031406249999 0.143670553125 0.11230468593750001
0 0.22029484687499998 0.11425781093750001 0.235859153125 0.125 0.26100150312500003 0.1259765625 0.2777630625 0.11816406406249999 0.282552084375 0.09082031406249999 0.2621987578125 0.07421875156249999 0.235859153125 0.07421875156249999 0.21790033281249999 0.09082031406249999 0.22029484687499998 0.11425781093750001
0 0.296919140625 0.12011718906249999 0.31727246875000004 0.1289062484375 0.3400203046875 0.1279296859375 0.35917637812500003 0.1103515625 0.35917637812500003 0.09082031406249999 0.3364285421875 0.07421875156249999 0.3100889375 0.07421875156249999 0.29213011875 0.0927734375 0.296919140625 0.12011718906249999
0 0.3663599046875 0.09667968593750001 0.3687544125 0.11621093593750001 0.38671323125 0.1289062484375 0.41185558125000005 0.1298828109375 0.4226308703125 0.126953125 0.43340616406250004 0.11621093593750001 0.43340616406250004 0.09082031406249999 0.4154473453125 0.076171875 0.3819242140625 0.076171875 0.3663599046875 0.09667968593750001
0 0.44537870625 0.09082031406249999 0.44537870625 0.12011718906249999 0.456154 0.1289062484375 0.47052105624999996 0.1328124984375 0.4860853609375 0.1318359359375 0.501649671875 0.125 0.50763594375 0.11816406406249999 0.50763594375 0.09082031406249999 0.487282615625 0.076171875 0.4585485078125 0.078125 0.44537870625 0.09082031406249999
0 0.5196084921875 0.09082031406249999 0.5196084921875 0.11816406406249999 0.5375673109375 0.1308593734375 0.5603151468750001 0.1318359359375 0.5794712203125 0.12207031406249999 0.5842602375 0.10449218906249999 0.581865728125 0.09082031406249999 0.5615124015624999 0.076171875 0.5399618187499999 0.076171875 0.5196084921875 0.09082031406249999
0 0.6046135703125 0.080078125 0.5938382765625 0.0927734375 0.5938382765625 0.1103515625 0.6094025875 0.126953125 0.62736140625 0.1298828109375 0.65370100625 0.12207031406249999 0.66088453125 0.09863281093750001 0.6560955140625 0.08886718906249999 0.6429257171875 0.078125 0.6141916046875 0.076171875 0.6046135703125 0.080078125
0 0.10535840625 0.1376953140625 0.10296389218749999 0.1591796859375 0.11852820312500001 0.1757812484375 0.13888153125 0.1787109359375 0.16282662187500002 0.1708984375 0.16761564375 0.1630859359375 0.16761564375 0.1416015625 0.1448678078125 0.125 0.1233172203125 0.125 0.10535840625 0.1376953140625
0 0.1855744625 0.1328124984375 0.17958818593749998 0.1416015625 0.1819827 0.1650390640625 0.1927579890625 0.1757812484375 0.22268935625 0.1767578109375 0.23346464375 0.173828125 0.24184542968749997 0.1630859359375 0.24184542968749997 0.1416015625 0.2214921015625 0.126953125 0.19754700625 0.126953125 0.1855744625 0.1328124984375
0 0.2621987578125 0.1328124984375 0.253817971875 0.1455078109375 0.26100150312500003 0.1708984375 0.2765658078125 0.1777343734375 0.296919140625 0.1767578109375 0.3076944296875 0.173828125 0.316075209375 0.1650390640625 0.316075209375 0.1396484375 0.3076944296875 0.1328124984375 0.28853835625 0.126953125 0.2621987578125 0.1328124984375
0 0.3328367734375 0.1396484375 0.330442265625 0.1455078109375 0.330442265625 0.1630859359375 0.3352312875 0.1748046859375 0.355584615625 0.1835937515625 0.3711489203125 0.1826171890625 0.392699503125 0.1728515625 0.39509401718750004 0.1455078109375 0.39030499375 0.1376953140625 0.3747406890625 0.1289062484375 0.348401084375 0.1289062484375 0.3328367734375 0.1396484375
0 0.407066559375 0.1650390640625 0.417841853125 0.1796875015625 0.450167728125 0.1806640640625 0.4669292875 0.1728515625 0.4717183109375 0.1474609359375 0.4537594921875 0.1308593734375 0.4298143953125 0.1289062484375 0.4094610671875 0.1416015625 0.407066559375 0.1650390640625
0 0.4812963453125 0.1455078109375 0.4812963453125 0.1669921890625 0.49207163906250007 0.1796875015625 0.522003 0.1826171890625 0.5435535812500001 0.1748046859375 0.5483426046875 0.1494140640625 0.5327782937500001 0.1328124984375 0.5232002546875 0.1289062484375 0.501649671875 0.1289062484375 0.4812963453125 0.1455078109375
0 0.580668475 0.1289062484375 0.5579206390625 0.1435546859375 0.5555261296875 0.1572265625 0.571090440625 0.1777343734375 0.603416315625 0.1787109359375 0.615388859375 0.1728515625 0.620177875 0.1630859359375 0.620177875 0.1455078109375 0.6070080796874999 0.1328124984375 0.5974300390625 0.1289062484375 0.580668475 0.1289062484375
0 0.6525037515625 0.1289062484375 0.6429257171875 0.1328124984375 0.6321504234375 0.1474609359375 0.6321504234375 0.1572265625 0.6417284624999999 0.1669921890625 0.6417284624999999 0.1728515625 0.654898259375 0.1796875015625 0.6776460953125001 0.1787109359375 0.68602688125 0.1757812484375 0.6944076609375001 0.1650390640625 0.69680216875 0.1494140640625 0.692013153125 0.1376953140625 0.6740543328124999 0.1289062484375 0.6525037515625 0.1289062484375
0 0.0718352765625 0.1865234375 0.064341496875 0.20276870468750002 0.0742297859375 0.2216796859375 0.0873995875 0.232421875 0.11014742343749999 0.2333984375 0.129414146875 0.21708179218749998 0.1301453 0.19441940625 0.1209227125 0.1835937515625 0.10895016875 0.1777343734375 0.0921886046875 0.1757812484375 0.0718352765625 0.1865234375
0 0.149656825 0.1835937515625 0.1412760390625 0.1904296859375 0.13888153125 0.1982421890625 0.143670553125 0.2197265625 0.1664183890625 0.234375 0.191560734375 0.2333984375 0.2083223 0.2216796859375 0.2083223 0.2001953140625 0.2035332828125 0.1904296859375 0.180785440625 0.1777343734375 0.1664183890625 0.1777343734375 0.149656825 0.1835937515625
0 0.215505825 0.1923828109375 0.21311131562500002 0.1982421890625 0.21790033281249999 0.2197265625 0.22867562656249998 0.2304687515625 0.26100150312500003 0.2314453140625 0.2801575765625 0.2216796859375 0.2801575765625 0.1962890640625 0.2598042484375 0.1796875015625 0.24783170000000002 0.1777343734375 0.23107013593749998 0.1816406265625 0.215505825 0.1923828109375
0 0.3148779546875 0.1796875015625 0.2945246265625 0.1943359359375 0.2945246265625 0.2197265625 0.30529992031250003 0.2304687515625 0.330442265625 0.2314453140625 0.351992846875 0.2275390640625 0.35678187031249997 0.2216796859375 0.35917637812500003 0.2001953140625 0.351992846875 0.1884765625 0.341217559375 0.1816406265625 0.3148779546875 0.1796875015625
0 0.3663599046875 0.2177734375 0.3771351984375 0.2304687515625 0.396291271875 0.2382812484375 0.407066559375 0.2373046859375 0.43340616406250004 0.2236328109375 0.43340616406250004 0.1962890640625 0.410658321875 0.1796875015625 0.39150224843750003 0.1796875015625 0.3687544125 0.1943359359375 0.3663599046875 0.2177734375
0 0.44537870625 0.1943359359375 0.4429841984375 0.2158203140625 0.4537594921875 0.2285156265625 0.483690853125 0.2353515625 0.5028469265625 0.2275390640625 0.5100304578125 0.2060546859375 0.505241434375 0.1943359359375 0.49207163906250007 0.1835937515625 0.47052105624999996 0.1796875015625 0.44537870625 0.1943359359375
0 0.5351728015624999 0.1835937515625 0.522003 0.1943359359375 0.5196084921875 0.2177734375 0.5303837859375 0.2304687515625 0.5603151468750001 0.2333984375 0.5794712203125 0.2255859359375 0.5842602375 0.2021484375 0.5734849484375 0.1875 0.556723384375 0.1796875015625 0.54714535 0.1796875015625 0.5351728015624999 0.1835937515625
0 0.5962327859375 0.1962890640625 0.5962327859375 0.2138671890625 0.603416315625 0.2236328109375 0.6165861125000001 0.2304687515625 0.6417284624999999 0.2294921890625 0.6525037515625 0.2265624984375 0.6584900218749999 0.2197265625 0.6584900218749999 0.1962890640625 0.63095316875 0.1796875015625 0.6141916046875 0.1816406265625 0.5962327859375 0.1962890640625
0 0.100569384375 0.2490234375 0.10296389218749999 0.2685546859375 0.11852820312500001 0.28125 0.1460650625 0.2822265625 0.1652211359375 0.2666015625 0.1652211359375 0.2451171890625 0.1448678078125 0.2304687515625 0.1281062421875 0.2304687515625 0.111344678125 0.236328125 0.100569384375 0.2490234375
0 0.202336028125 0.232421875 0.1903634796875 0.236328125 0.17958818593749998 0.2470703140625 0.17958818593749998 0.2705078109375 0.187968971875 0.28125 0.20712504531249998 0.2871093734375 0.215505825 0.2861328109375 0.24184542968749997 0.2783203140625 0.246634446875 0.2685546859375 0.246634446875 0.2529296859375 0.23825366093749997 0.2402343734375 0.2190975875 0.232421875 0.202336028125 0.232421875
0 0.253817971875 0.2470703140625 0.2562124796875 0.2724609359375 0.2669877734375 0.283203125 0.296919140625 0.2822265625 0.30529992031250003 0.279296875 0.316075209375 0.2666015625 0.316075209375 0.2470703140625 0.29332737343750004 0.232421875 0.27177679062500004 0.234375 0.253817971875 0.2470703140625
0 0.330442265625 0.2451171890625 0.330442265625 0.2685546859375 0.341217559375 0.283203125 0.3711489203125 0.2841796859375 0.3771351984375 0.283203125 0.392699503125 0.2685546859375 0.392699503125 0.2470703140625 0.3747406890625 0.234375 0.35319010156249997 0.232421875 0.330442265625 0.2451171890625
0 0.4046720515625 0.2685546859375 0.4154473453125 0.283203125 0.4274198875 0.2871093734375 0.44537870625 0.2861328109375 0.4669292875 0.2744140640625 0.46932379687500003 0.2490234375 0.4537594921875 0.236328125 0.4298143953125 0.232421875 0.407066559375 0.2470703140625 0.4046720515625 0.2685546859375
0 0.4812963453125 0.2490234375 0.4812963453125 0.2685546859375 0.5040441812500001 0.2851562484375 0.522003 0.2841796859375 0.538764565625 0.2744140640625 0.5435535812500001 0.2666015625 0.5435535812500001 0.2490234375 0.5232002546875 0.234375 0.508833203125 0.232421875 0.4812963453125 0.2490234375
0 0.578273965625 0.234375 0.5603151468750001 0.2470703140625 0.5603151468750001 0.2685546859375 0.5758794578125 0.283203125 0.59862729375 0.2841796859375 0.615388859375 0.2763671890625 0.620177875 0.2685546859375 0.620177875 0.2509765625 0.6117970953125 0.2421875015625 0.59503553125 0.234375 0.578273965625 0.234375
0 0.06944076875 0.2919921890625 0.067046259375 0.3193359359375 0.0778215484375 0.3339843734375 0.098174875 0.3388671890625 0.12451447499999999 0.3291015625 0.13169800625 0.3134765625 0.13169800625 0.3017578109375 0.11373918593750001 0.2851562484375 0.0921886046875 0.28125 0.06944076875 0.2919921890625
0 0.1412760390625 0.2978515625 0.143670553125 0.3251953140625 0.1544458421875 0.3359375015625 0.1819827 0.3369140640625 0.20113876875 0.3291015625 0.2035332828125 0.2978515625 0.1999415140625 0.2929687515625 0.180785440625 0.2851562484375 0.15684035000000002 0.2871093734375 0.1412760390625 0.2978515625
0 0.21311131562500002 0.3056640640625 0.21790033281249999 0.3271484375 0.22867562656249998 0.3359375015625 0.26100150312500003 0.3369140640625 0.27177679062500004 0.3359375015625 0.2777630625 0.3310546859375 0.2777630625 0.2939453140625 0.2550152265625 0.2851562484375 0.2238866109375 0.2910156265625 0.21311131562500002 0.3056640640625
0 0.2945246265625 0.2958984375 0.2945246265625 0.3291015625 0.3076944296875 0.3378906265625 0.3280477578125 0.3388671890625 0.348401084375 0.3359375015625 0.35678187031249997 0.3291015625 0.35917637812500003 0.3037109359375 0.3364285421875 0.2871093734375 0.312483446875 0.2871093734375 0.2945246265625 0.2958984375
0 0.39150224843750003 0.2851562484375 0.3687544125 0.2958984375 0.3663599046875 0.3251953140625 0.3843187234375 0.3398437515625 0.407066559375 0.3408203140625 0.428617140625 0.3330078109375 0.43340616406250004 0.3232421890625 0.43340616406250004 0.3037109359375 0.42023636093750005 0.2910156265625 0.403474796875 0.2851562484375 0.39150224843750003 0.2851562484375
0 0.5196084921875 0.3193359359375 0.5303837859375 0.3339843734375 0.5399618187499999 0.3378906265625 0.5627096546875 0.3369140640625 0.581865728125 0.3291015625 0.581865728125 0.3037109359375 0.5615124015624999 0.2890624984375 0.5399618187499999 0.2890624984375 0.5196084921875 0.3056640640625 0.5196084921875 0.3193359359375
0 0.6094025875 0.2910156265625 0.5962327859375 0.3076171890625 0.603416315625 0.3291015625 0.6165861125000001 0.3378906265625 0.644122971875 0.3369140640625 0.6525037515625 0.3359375015625 0.66088453125 0.3251953140625 0.66088453125 0.3056640640625 0.6560955140625 0.2978515625 0.6285586609375 0.2871093734375 0.6094025875 0.2910156265625
0 0.6680680625 0.09082031406249999 0.6680680625 0.1103515625 0.6836323734375 0.125 0.69321040625 0.1289062484375 0.7111692265625 0.1279296859375 0.7195500109374999 0.126953125 0.7303253 0.11816406406249999 0.7327198078125 0.0927734375 0.7147609890625 0.076171875 0.68602688125 0.076171875 0.6680680625 0.09082031406249999
0 0.762651175 0.076171875 0.742297846875 0.0927734375 0.742297846875 0.11425781093750001 0.7446923562500001 0.12011718906249999 0.7602566671875 0.1289062484375 0.783004503125 0.1298828109375 0.7985688140625 0.125 0.804555084375 0.11816406406249999 0.8093441015625 0.0947265625 0.80694959375 0.08886718906249999 0.7889907734375 0.076171875 0.762651175 0.076171875
0 0.82131665 0.09082031406249999 0.8237111578125 0.11816406406249999 0.83927546875 0.126953125 0.8620233046875001 0.1279296859375 0.8727985984375 0.125 0.8811793781249999 0.11621093593750001 0.8859683953124999 0.0947265625 0.870404084375 0.076171875 0.8416699781249999 0.07421875156249999 0.82131665 0.09082031406249999
0 0.7147609890625 0.1347656265625 0.706380209375 0.1455078109375 0.7087747171875 0.1650390640625 0.7219445203125 0.1796875015625 0.731522553125 0.1835937515625 0.7518758812499999 0.1826171890625 0.7710319546875 0.1669921890625 0.7710319546875 0.1416015625 0.765045684375 0.1347656265625 0.7506786265625001 0.1289062484375 0.7267335375 0.1289062484375 0.7147609890625 0.1347656265625
0 0.8009633218750001 0.1289062484375 0.78060999375 0.1494140640625 0.783004503125 0.1611328109375 0.7985688140625 0.1777343734375 0.8081468468749999 0.1816406265625 0.828500175 0.1806640640625 0.8368809609375001 0.1777343734375 0.845261740625 0.1669921890625 0.8476562484375 0.1455078109375 0.84286723125 0.1376953140625 0.8273029203125001 0.1289062484375 0.8009633218750001 0.1289062484375
0 0.8751931078125 0.1289062484375 0.8572342875000001 0.1474609359375 0.8572342875000001 0.1708984375 0.8823766328125 0.1835937515625 0.9003354515625 0.1826171890625 0.9170970171875 0.1728515625 0.9242805421875 0.1591796859375 0.9242805421875 0.1455078109375 0.90871623125 0.1289062484375 0.8823766328125 0.126953125 0.8751931078125 0.1289062484375
0 0.6776460953125001 0.2216796859375 0.6908158984375 0.2304687515625 0.720747265625 0.2294921890625 0.7327198078125 0.2216796859375 0.7327198078125 0.1923828109375 0.709971971875 0.1796875015625 0.68602688125 0.1835937515625 0.6704625703125 0.2021484375 0.6776460953125001 0.2216796859375
0 0.7494813734375 0.2138671890625 0.7602566671875 0.2285156265625 0.7973715593749999 0.2294921890625 0.8093441015625 0.2197265625 0.8117386109375 0.1982421890625 0.7961743046875001 0.1816406265625 0.7698347 0.1796875015625 0.7494813734375 0.1962890640625 0.7494813734375 0.2138671890625
0 0.82131665 0.2001953140625 0.8237111578125 0.2255859359375 0.8476562484375 0.2353515625 0.877587615625 0.2285156265625 0.8883629046875001 0.2119140640625 0.8835738875000001 0.1904296859375 0.8656150671875 0.1796875015625 0.83927546875 0.1816406265625 0.82131665 0.2001953140625
0 0.6393339484375 0.2451171890625 0.636939440625 0.2666015625 0.6525037515625 0.283203125 0.6728570796875 0.2841796859375 0.692013153125 0.2744140640625 0.69680216875 0.2509765625 0.6884213890625 0.2402343734375 0.6644763 0.232421875 0.654898259375 0.234375 0.6393339484375 0.2451171890625
0 0.7111692265625 0.2470703140625 0.7111692265625 0.2666015625 0.7267335375 0.283203125 0.7542703890625 0.2841796859375 0.7710319546875 0.2724609359375 0.7734264625 0.2509765625 0.765045684375 0.2402343734375 0.7506786265625001 0.234375 0.7291280453125 0.234375 0.7111692265625 0.2470703140625
0 0.7877935203125 0.2685546859375 0.8057523390625001 0.283203125 0.828500175 0.2841796859375 0.845261740625 0.2724609359375 0.8476562484375 0.2490234375 0.8320919375000001 0.236328125 0.8033578312499999 0.234375 0.7877935203125 0.2470703140625 0.7877935203125 0.2685546859375
0 0.8620233046875001 0.2470703140625 0.8620233046875001 0.2666015625 0.8751931078125 0.28125 0.891954671875 0.2871093734375 0.9027299609374999 0.2861328109375 0.90871623125 0.2851562484375 0.9242805421875 0.2705078109375 0.9242805421875 0.2490234375 0.9063217234375 0.234375 0.877587615625 0.234375 0.8620233046875001 0.2470703140625
0 0.6884213890625 0.2890624984375 0.6752515875 0.3017578109375 0.6752515875 0.3212890640625 0.68602688125 0.3339843734375 0.7003939375 0.3378906265625 0.713563734375 0.3369140640625 0.724339028125 0.3359375015625 0.7327198078125 0.3291015625 0.735114315625 0.3017578109375 0.7267335375 0.2929687515625 0.709971971875 0.2871093734375 0.6884213890625 0.2890624984375
0 0.7518758812499999 0.2978515625 0.7494813734375 0.3193359359375 0.762651175 0.3339843734375 0.7877935203125 0.3369140640625 0.8057523390625001 0.3320312484375 0.8093441015625 0.3271484375 0.8093441015625 0.2978515625 0.7985688140625 0.2910156265625 0.7722292093750001 0.2871093734375 0.7518758812499999 0.2978515625
0 0.8344864515625 0.2910156265625 0.8261056671875 0.2978515625 0.8237111578125 0.3056640640625 0.828500175 0.3232421890625 0.8440644859375 0.3359375015625 0.86920683125 0.3369140640625 0.8751931078125 0.3359375015625 0.8859683953124999 0.3251953140625 0.8859683953124999 0.2998046859375 0.877587615625 0.2929687515625 0.8584315421875001 0.2871093734375 0.8344864515625 0.2910156265625
0 0.10655566093749999 0.34375 0.0957803671875 0.3583984375 0.0957803671875 0.3681640640625 0.10296389218749999 0.3818359359375 0.11852820312500001 0.390625 0.1412760390625 0.3896484375 0.15684035000000002 0.3867187515625 0.1652211359375 0.3798828109375 0.16761564375 0.3544921890625 0.1544458421875 0.341796875 0.14247329375 0.3378906265625 0.10655566093749999 0.34375
0 0.1855744625 0.34375 0.17479916874999998 0.3564453140625 0.17479916874999998 0.3740234375 0.17958818593749998 0.3818359359375 0.187968971875 0.388671875 0.202336028125 0.392578125 0.22268935625 0.3916015625 0.23346464375 0.388671875 0.2442399375 0.3798828109375 0.2442399375 0.3544921890625 0.2238866109375 0.3398437515625 0.1999415140625 0.3398437515625 0.1855744625 0.34375
0 0.2562124796875 0.3505859359375 0.253817971875 0.3720703140625 0.2621987578125 0.3867187515625 0.29213011875 0.3916015625 0.3076944296875 0.3867187515625 0.316075209375 0.3779296859375 0.3184697234375 0.3544921890625 0.2981163953125 0.3398437515625 0.28135483125 0.3378906265625 0.2562124796875 0.3505859359375
0 0.372346175 0.3398437515625 0.35079559374999997 0.3398437515625 0.341217559375 0.34375 0.3280477578125 0.3583984375 0.3280477578125 0.3779296859375 0.341217559375 0.390625 0.3687544125 0.3935546859375 0.3843187234375 0.390625 0.39030499375 0.3857421890625 0.39509401718750004 0.3779296859375 0.39509401718750004 0.3583984375 0.3819242140625 0.34375 0.372346175 0.3398437515625
0 0.407066559375 0.3525390640625 0.4046720515625 0.3759765625 0.41185558125000005 0.3857421890625 0.42502537812499996 0.392578125 0.44777321406250004 0.3916015625 0.4645347796875 0.3818359359375 0.46932379687500003 0.3740234375 0.46932379687500003 0.3564453140625 0.44897046874999996 0.3398437515625 0.4274198875 0.3398437515625 0.407066559375 0.3525390640625
0 0.4812963453125 0.3544921890625 0.483690853125 0.3818359359375 0.4992551640625 0.392578125 0.5291865312499999 0.3916015625 0.5411590734375 0.3837890640625 0.5435535812500001 0.3779296859375 0.5435535812500001 0.3544921890625 0.5184112375 0.3398437515625 0.49207163906250007 0.34375 0.4812963453125 0.3544921890625
0 0.580668475 0.341796875 0.5603151468750001 0.3564453140625 0.5627096546875 0.3779296859375 0.578273965625 0.390625 0.59862729375 0.3916015625 0.6177833671874999 0.3837890640625 0.622572384375 0.3740234375 0.622572384375 0.3583984375 0.620177875 0.3525390640625 0.6022190562499999 0.341796875 0.580668475 0.341796875
0 0.07303253125 0.3945312484375 0.0646517453125 0.4052734375 0.0646517453125 0.4287109359375 0.07303253125 0.4414062484375 0.0921886046875 0.4472656265625 0.10296389218749999 0.4462890640625 0.1161336953125 0.4433593734375 0.129303496875 0.4326171890625 0.129303496875 0.4052734375 0.10895016875 0.392578125 0.0850050734375 0.390625 0.07303253125 0.3945312484375
0 0.136487021875 0.4072265625 0.13888153125 0.4287109359375 0.1544458421875 0.4433593734375 0.177193678125 0.4423828109375 0.18317995468749998 0.4414062484375 0.198744259375 0.4248046859375 0.198744259375 0.4052734375 0.1783909328125 0.392578125 0.1520513328125 0.3945312484375 0.136487021875 0.4072265625
0 0.21790033281249999 0.4033203140625 0.21790033281249999 0.4287109359375 0.22867562656249998 0.4414062484375 0.253817971875 0.4443359359375 0.27177679062500004 0.4414062484375 0.2801575765625 0.4345703140625 0.2801575765625 0.4033203140625 0.2621987578125 0.392578125 0.235859153125 0.392578125 0.21790033281249999 0.4033203140625
0 0.312483446875 0.3945312484375 0.30051090468749997 0.3984375015625 0.2945246265625 0.4033203140625 0.29213011875 0.4130859359375 0.2945246265625 0.4365234375 0.3148779546875 0.4472656265625 0.337625796875 0.4462890640625 0.35079559374999997 0.4414062484375 0.35917637812500003 0.4306640640625 0.35917637812500003 0.4111328109375 0.35438735625 0.4033203140625 0.3364285421875 0.3945312484375 0.312483446875 0.3945312484375
0 0.37952970625 0.3964843734375 0.3663599046875 0.4111328109375 0.3687544125 0.4345703140625 0.3747406890625 0.4414062484375 0.389107740625 0.4472656265625 0.41185558125000005 0.4462890640625 0.42502537812499996 0.4414062484375 0.43340616406250004 0.4306640640625 0.43340616406250004 0.4111328109375 0.428617140625 0.4033203140625 0.410658321875 0.3945312484375 0.37952970625 0.3964843734375
0 0.4429841984375 0.4326171890625 0.46333752500000003 0.4472656265625 0.488479875 0.4462890640625 0.50763594375 0.4365234375 0.50763594375 0.4072265625 0.4848881078125 0.3945312484375 0.46333752500000003 0.3945312484375 0.4429841984375 0.4091796859375 0.4429841984375 0.4326171890625
0 0.5172139828125 0.4150390640625 0.5196084921875 0.4306640640625 0.5327782937500001 0.4433593734375 0.5447508359375 0.4472656265625 0.5579206390625 0.4462890640625 0.5794712203125 0.4384765625 0.5794712203125 0.4072265625 0.5615124015624999 0.3964843734375 0.5375673109375 0.3964843734375 0.522003 0.4052734375 0.5172139828125 0.4150390640625
0 0.5938382765625 0.4091796859375 0.5938382765625 0.4306640640625 0.59862729375 0.4384765625 0.6141916046875 0.4472656265625 0.6345449328125 0.4462890640625 0.6453202265625 0.4433593734375 0.6560955140625 0.4345703140625 0.6560955140625 0.4052734375 0.6357421859375 0.3945312484375 0.6094025875 0.3964843734375 0.5938382765625 0.4091796859375
0 0.195152496875 0.4472656265625 0.17479916874999998 0.4658203140625 0.17479916874999998 0.4814453140625 0.17958818593749998 0.4892578109375 0.19754700625 0.5 0.22029484687499998 0.4990234375 0.23346464375 0.4960937515625 0.24184542968749997 0.4892578109375 0.2442399375 0.4619140640625 0.23945091562499998 0.4541015625 0.22628111875 0.4472656265625 0.195152496875 0.4472656265625
0 0.253817971875 0.4658203140625 0.2562124796875 0.4892578109375 0.26459326562499996 0.4960937515625 0.29931365 0.4970703140625 0.3184697234375 0.4892578109375 0.32086423124999996 0.4677734375 0.316075209375 0.4580078109375 0.29572188125 0.4472656265625 0.2669877734375 0.4492187515625 0.253817971875 0.4658203140625
0 0.35319010156249997 0.4472656265625 0.3328367734375 0.4580078109375 0.3280477578125 0.4658203140625 0.3280477578125 0.4833984375 0.341217559375 0.4960937515625 0.357979125 0.501953125 0.3663599046875 0.5009765625 0.39030499375 0.4931640640625 0.39509401718750004 0.4814453140625 0.39509401718750004 0.4638671890625 0.38671323125 0.453125 0.372346175 0.4472656265625 0.35319010156249997 0.4472656265625
0 0.4046720515625 0.4638671890625 0.4046720515625 0.4853515625 0.4154473453125 0.4960937515625 0.4298143953125 0.501953125 0.44537870625 0.5009765625 0.4669292875 0.4912109359375 0.4717183109375 0.4755859359375 0.46932379687500003 0.4619140640625 0.4513649828125 0.4492187515625 0.4226308703125 0.4492187515625 0.4046720515625 0.4638671890625
0 0.508833203125 0.4472656265625 0.49207163906250007 0.451171875 0.483690853125 0.4580078109375 0.4812963453125 0.4873046859375 0.487282615625 0.4941406265625 0.5064386890625 0.501953125 0.5172139828125 0.5009765625 0.5411590734375 0.4931640640625 0.5483426046875 0.4833984375 0.5483426046875 0.4697265625 0.5375673109375 0.455078125 0.5255947625 0.4492187515625 0.508833203125 0.4472656265625
0 0.5555261296875 0.4853515625 0.5663014234375 0.4960937515625 0.580668475 0.501953125 0.59144376875 0.5009765625 0.6177833671874999 0.4892578109375 0.620177875 0.4638671890625 0.5998245484375 0.4492187515625 0.5734849484375 0.4492187515625 0.5555261296875 0.4638671890625 0.5555261296875 0.4853515625
0 0.11373918593750001 0.501953125 0.0921886046875 0.498046875 0.0754270390625 0.501953125 0.0646517453125 0.5107421890625 0.06225723749999999 0.5419921890625 0.0754270390625 0.5546875015625 0.100569384375 0.5556640640625 0.1161336953125 0.5507812484375 0.11972545781249999 0.5419921890625 0.129303496875 0.5380859359375 0.13169800625 0.5302734375 0.1269089890625 0.5126953140625 0.11373918593750001 0.501953125
0 0.1520513328125 0.5039062484375 0.13888153125 0.5146484375 0.136487021875 0.5361328109375 0.1412760390625 0.5458984375 0.1520513328125 0.5527343734375 0.184377209375 0.5537109359375 0.195152496875 0.5507812484375 0.2035332828125 0.5419921890625 0.20592779062500002 0.5146484375 0.1927579890625 0.5039062484375 0.1688128984375 0.498046875 0.1520513328125 0.5039062484375
0 0.215505825 0.5126953140625 0.21311131562500002 0.5341796859375 0.22628111875 0.5507812484375 0.235859153125 0.5546875015625 0.25860699375 0.5537109359375 0.2777630625 0.5458984375 0.282552084375 0.5146484375 0.2598042484375 0.5 0.24304268437499998 0.498046875 0.22628111875 0.5039062484375 0.215505825 0.5126953140625
0 0.32924501093749997 0.5 0.31727246875000004 0.5 0.2945246265625 0.5126953140625 0.29213011875 0.5341796859375 0.30051090468749997 0.548828125 0.31727246875000004 0.5546875015625 0.330442265625 0.5537109359375 0.33882305156250003 0.5527343734375 0.351992846875 0.5439453140625 0.35917637812500003 0.5322265625 0.35917637812500003 0.5205078109375 0.35079559374999997 0.5078124984375 0.32924501093749997 0.5
0 0.3687544125 0.5146484375 0.3687544125 0.5400390640625 0.3771351984375 0.548828125 0.39150224843750003 0.5546875015625 0.41185558125000005 0.5537109359375 0.42502537812499996 0.548828125 0.43340616406250004 0.5380859359375 0.43340616406250004 0.5146484375 0.410658321875 0.501953125 0.3819242140625 0.5039062484375 0.3687544125 0.5146484375
0 0.44537870625 0.5126953140625 0.4429841984375 0.5361328109375 0.456154 0.5507812484375 0.483690853125 0.5537109359375 0.4992551640625 0.548828125 0.50763594375 0.5400390640625 0.50763594375 0.5146484375 0.4848881078125 0.501953125 0.46333752500000003 0.501953125 0.44537870625 0.5126953140625
0 0.522003 0.5087890640625 0.5172139828125 0.5166015625 0.5172139828125 0.5400390640625 0.5279892765625 0.5507812484375 0.553131621875 0.5537109359375 0.563906909375 0.5527343734375 0.5770767125 0.5458984375 0.5794712203125 0.5185546859375 0.571090440625 0.5058593734375 0.5447508359375 0.5 0.522003 0.5087890640625
0 0.5938382765625 0.5126953140625 0.5938382765625 0.5400390640625 0.6141916046875 0.5546875015625 0.6393339484375 0.5537109359375 0.6477147343749999 0.5507812484375 0.66088453125 0.5361328109375 0.6584900218749999 0.5146484375 0.640531203125 0.501953125 0.6165861125000001 0.5 0.5938382765625 0.5126953140625
0 0.11373918593750001 0.5566406265625 0.0957803671875 0.5693359359375 0.0957803671875 0.5966796859375 0.111344678125 0.607421875 0.13888153125 0.6083984375 0.15923485937499998 0.6035156265625 0.1652211359375 0.5966796859375 0.1652211359375 0.5693359359375 0.1544458421875 0.5585937515625 0.1400787859375 0.5546875015625 0.11373918593750001 0.5566406265625
0 0.17958818593749998 0.5673828109375 0.17479916874999998 0.5751953140625 0.17479916874999998 0.5947265625 0.187968971875 0.607421875 0.215505825 0.6083984375 0.23346464375 0.6035156265625 0.24184542968749997 0.5966796859375 0.24184542968749997 0.5693359359375 0.22867562656249998 0.5585937515625 0.1999415140625 0.5566406265625 0.17958818593749998 0.5673828109375
0 0.24902895468750003 0.5712890640625 0.24902895468750003 0.5947265625 0.26459326562499996 0.607421875 0.2897356109375 0.6083984375 0.316075209375 0.5966796859375 0.316075209375 0.5673828109375 0.3100889375 0.560546875 0.29332737343750004 0.5546875015625 0.2669877734375 0.5566406265625 0.24902895468750003 0.5712890640625
0 0.330442265625 0.5966796859375 0.3460065765625 0.6054687515625 0.3639653953125 0.6083984375 0.392699503125 0.5966796859375 0.392699503125 0.5673828109375 0.3771351984375 0.5566406265625 0.3460065765625 0.5566406265625 0.330442265625 0.5673828109375 0.330442265625 0.5966796859375
0 0.4046720515625 0.5693359359375 0.407066559375 0.5966796859375 0.4274198875 0.607421875 0.44537870625 0.6064453140625 0.46932379687500003 0.5966796859375 0.4717183109375 0.5712890640625 0.4645347796875 0.5615234375 0.4537594921875 0.5566406265625 0.42023636093750005 0.5566406265625 0.4046720515625 0.5693359359375
0 0.48967712968750005 0.5585937515625 0.4812963453125 0.5693359359375 0.4812963453125 0.5947265625 0.49686065468749996 0.6054687515625 0.5196084921875 0.6064453140625 0.5435535812500001 0.5966796859375 0.5483426046875 0.5751953140625 0.5399618187499999 0.5625 0.5208057453125 0.5546875015625 0.4992551640625 0.5546875015625 0.48967712968750005 0.5585937515625
0 0.5555261296875 0.5947265625 0.571090440625 0.6054687515625 0.59862729375 0.6064453140625 0.620177875 0.5947265625 0.620177875 0.5693359359375 0.6046135703125 0.5566406265625 0.571090440625 0.5566406265625 0.5555261296875 0.5693359359375 0.5555261296875 0.5947265625
0 0.06225723749999999 0.6201171890625 0.06225723749999999 0.6513671890625 0.0754270390625 0.6640624984375 0.10296389218749999 0.6630859359375 0.111344678125 0.6601562484375 0.11972545781249999 0.6494140640625 0.11972545781249999 0.6240234375 0.10655566093749999 0.611328125 0.0778215484375 0.609375 0.06225723749999999 0.6201171890625
0 0.136487021875 0.6240234375 0.13169800625 0.6494140640625 0.1400787859375 0.6601562484375 0.170010153125 0.6669921890625 0.1963497515625 0.6591796859375 0.20113876875 0.6513671890625 0.20113876875 0.6240234375 0.180785440625 0.611328125 0.15684035000000002 0.611328125 0.136487021875 0.6240234375
0 0.23107013593749998 0.611328125 0.2214921015625 0.6152343734375 0.2107168078125 0.6279296859375 0.2083223 0.6494140640625 0.2214921015625 0.6621093734375 0.23825366093749997 0.6660156265625 0.253817971875 0.6650390640625 0.2669877734375 0.6601562484375 0.27297404531249997 0.6533203140625 0.2777630625 0.6416015625 0.27536855312499997 0.6220703140625 0.2598042484375 0.611328125 0.23107013593749998 0.611328125
0 0.2945246265625 0.6181640640625 0.2897356109375 0.6279296859375 0.2897356109375 0.6435546859375 0.3029054125 0.6601562484375 0.3328367734375 0.6611328109375 0.3460065765625 0.65625 0.35438735625 0.6474609359375 0.35678187031249997 0.6240234375 0.33882305156250003 0.609375 0.312483446875 0.607421875 0.2945246265625 0.6181640640625
0 0.3711489203125 0.6181640640625 0.3663599046875 0.6455078109375 0.3747406890625 0.65625 0.389107740625 0.6621093734375 0.407066559375 0.6611328109375 0.4226308703125 0.65625 0.43340616406250004 0.6455078109375 0.43340616406250004 0.6259765625 0.417841853125 0.611328125 0.39150224843750003 0.607421875 0.3711489203125 0.6181640640625
0 0.4429841984375 0.6201171890625 0.4429841984375 0.6455078109375 0.456154 0.658203125 0.476507328125 0.6611328109375 0.48967712968750005 0.6601562484375 0.5028469265625 0.6513671890625 0.505241434375 0.6259765625 0.48967712968750005 0.611328125 0.46333752500000003 0.609375 0.4429841984375 0.6201171890625
0 0.54714535 0.607421875 0.5375673109375 0.609375 0.5172139828125 0.6220703140625 0.5172139828125 0.6435546859375 0.5303837859375 0.658203125 0.5447508359375 0.6621093734375 0.5579206390625 0.6611328109375 0.5663014234375 0.6601562484375 0.5794712203125 0.6494140640625 0.581865728125 0.6318359359375 0.5794712203125 0.6220703140625 0.571090440625 0.6132812484375 0.54714535 0.607421875
0 0.618980621875 0.609375 0.6022190562499999 0.6152343734375 0.5938382765625 0.6240234375 0.5938382765625 0.6494140640625 0.6070080796874999 0.6601562484375 0.636939440625 0.6611328109375 0.6453202265625 0.6601562484375 0.6584900218749999 0.6494140640625 0.66088453125 0.6357421890625 0.6560955140625 0.6201171890625 0.6357421859375 0.609375 0.618980621875 0.609375
0 0.636939440625 0.3564453140625 0.636939440625 0.3779296859375 0.6501092421875 0.390625 0.6752515875 0.3916015625 0.6944076609375001 0.3837890640625 0.69680216875 0.3564453140625 0.6908158984375 0.3496093734375 0.6740543328124999 0.341796875 0.65729276875 0.341796875 0.636939440625 0.3564453140625
0 0.713563734375 0.3544921890625 0.713563734375 0.3759765625 0.7363115703124999 0.392578125 0.7542703890625 0.3916015625 0.7710319546875 0.3837890640625 0.775820971875 0.3623046859375 0.7602566671875 0.34375 0.7363115703124999 0.3398437515625 0.7195500109374999 0.3476562484375 0.713563734375 0.3544921890625
0 0.7985688140625 0.34375 0.790188028125 0.3544921890625 0.790188028125 0.3720703140625 0.7949770515625 0.3818359359375 0.8105413562500001 0.390625 0.83568370625 0.3896484375 0.845261740625 0.3818359359375 0.8500507578125 0.3701171890625 0.845261740625 0.3505859359375 0.8368809609375001 0.34375 0.8225139046875001 0.3398437515625 0.7985688140625 0.34375
0 0.8644178140625 0.3759765625 0.8823766328125 0.392578125 0.9075189781249999 0.3935546859375 0.9266750515625001 0.3779296859375 0.9266750515625001 0.3583984375 0.9063217234375 0.341796875 0.8799821250000001 0.341796875 0.8620233046875001 0.3623046859375 0.8644178140625 0.3759765625
0 0.6704625703125 0.4287109359375 0.68602688125 0.4453124984375 0.713563734375 0.4462890640625 0.7327198078125 0.4345703140625 0.7327198078125 0.4072265625 0.717155496875 0.3964843734375 0.68602688125 0.3964843734375 0.6728570796875 0.4072265625 0.6704625703125 0.4287109359375
0 0.762651175 0.3964843734375 0.7494813734375 0.4072265625 0.7494813734375 0.4287109359375 0.7542703890625 0.4365234375 0.7674401921875 0.4453124984375 0.7925825375 0.4443359359375 0.8033578312499999 0.4414062484375 0.8117386109375 0.4306640640625 0.8117386109375 0.4130859359375 0.80694959375 0.4033203140625 0.786596265625 0.3945312484375 0.762651175 0.3964843734375
0 0.8237111578125 0.4267578109375 0.8416699781249999 0.4433593734375 0.86920683125 0.4443359359375 0.8883629046875001 0.4306640640625 0.8859683953124999 0.4072265625 0.870404084375 0.3964843734375 0.8416699781249999 0.3945312484375 0.8261056671875 0.4033203140625 0.8237111578125 0.4267578109375
0 0.6345449328125 0.4619140640625 0.6321504234375 0.4794921890625 0.6453202265625 0.4960937515625 0.665673553125 0.5009765625 0.6836323734375 0.498046875 0.6944076609375001 0.4912109359375 0.69680216875 0.4619140640625 0.6836323734375 0.451171875 0.6525037515625 0.4492187515625 0.6345449328125 0.4619140640625
0 0.7267335375 0.4492187515625 0.7087747171875 0.4638671890625 0.7111692265625 0.4873046859375 0.731522553125 0.5 0.7542703890625 0.4990234375 0.765045684375 0.4960937515625 0.7734264625 0.4873046859375 0.7734264625 0.4638671890625 0.768637446875 0.4560546859375 0.7554676437500001 0.4492187515625 0.7267335375 0.4492187515625
0 0.8009633218750001 0.451171875 0.7925825375 0.4560546859375 0.7853990109375 0.4677734375 0.7877935203125 0.4853515625 0.7985688140625 0.4960937515625 0.8129358640625 0.501953125 0.8237111578125 0.5009765625 0.8344864515625 0.5 0.845261740625 0.4931640640625 0.8500507578125 0.4814453140625 0.8476562484375 0.4619140640625 0.8344864515625 0.451171875 0.8009633218750001 0.451171875
0 0.877587615625 0.4492187515625 0.8644178140625 0.4638671890625 0.8644178140625 0.4814453140625 0.8823766328125 0.498046875 0.9027299609374999 0.5009765625 0.9135052546875 0.498046875 0.9266750515625001 0.4873046859375 0.929069559375 0.4677734375 0.9135052546875 0.4492187515625 0.884771140625 0.4472656265625 0.877587615625 0.4492187515625
0 0.6836323734375 0.5058593734375 0.6752515875 0.5126953140625 0.6728570796875 0.5224609359375 0.6800406109375 0.5478515625 0.6908158984375 0.5527343734375 0.7183527578125 0.5517578109375 0.724339028125 0.5507812484375 0.735114315625 0.5400390640625 0.7327198078125 0.5126953140625 0.7123664796875 0.501953125 0.69321040625 0.501953125 0.6836323734375 0.5058593734375
0 0.7494813734375 0.5205078109375 0.7494813734375 0.5341796859375 0.7566649046875 0.5478515625 0.7674401921875 0.5527343734375 0.7997660671875 0.5517578109375 0.81413311875 0.5380859359375 0.8117386109375 0.5146484375 0.7913852828125 0.501953125 0.7698347 0.501953125 0.7578621578125 0.5078124984375 0.7494813734375 0.5205078109375
0 0.84645899375 0.501953125 0.8296974296874999 0.5097656265625 0.8261056671875 0.5126953140625 0.8261056671875 0.5322265625 0.83568370625 0.5478515625 0.8440644859375 0.5527343734375 0.8716013453125001 0.5517578109375 0.877587615625 0.5507812484375 0.8931519265625001 0.5341796859375 0.8931519265625001 0.5224609359375 0.8859683953124999 0.5107421890625 0.8680095765625 0.501953125 0.84645899375 0.501953125
0 0.6429257171875 0.5585937515625 0.6321504234375 0.5732421890625 0.6321504234375 0.5888671890625 0.636939440625 0.5986328109375 0.6525037515625 0.607421875 0.68243511875 0.6064453140625 0.6908158984375 0.6035156265625 0.6991966781250001 0.5927734375 0.6991966781250001 0.5751953140625 0.692013153125 0.5634765625 0.67884335 0.5566406265625 0.6429257171875 0.5585937515625
0 0.7291280453125 0.5566406265625 0.7195500109374999 0.560546875 0.7111692265625 0.5712890640625 0.713563734375 0.5986328109375 0.7267335375 0.607421875 0.7590594125 0.6064453140625 0.765045684375 0.6054687515625 0.775820971875 0.5947265625 0.775820971875 0.5751953140625 0.7710319546875 0.5634765625 0.7578621578125 0.5566406265625 0.7291280453125 0.5566406265625
0 0.790188028125 0.5732421890625 0.790188028125 0.5908203140625 0.7949770515625 0.6005859359375 0.8057523390625001 0.607421875 0.83568370625 0.6064453140625 0.852445265625 0.5947265625 0.852445265625 0.5810546859375 0.845261740625 0.5654296859375 0.8249084124999999 0.5566406265625 0.8009633218750001 0.560546875 0.790188028125 0.5732421890625
0 0.86920683125 0.5673828109375 0.86920683125 0.5947265625 0.88716565 0.609375 0.9099134921875001 0.6083984375 0.929069559375 0.5947265625 0.929069559375 0.5712890640625 0.9111107453124999 0.5566406265625 0.891954671875 0.5546875015625 0.8751931078125 0.560546875 0.86920683125 0.5673828109375
0 0.6704625703125 0.6259765625 0.6704625703125 0.6455078109375 0.6812378640625 0.6601562484375 0.6956049156249999 0.6660156265625 0.7087747171875 0.6650390640625 0.7327198078125 0.6552734375 0.735114315625 0.6279296859375 0.7303253 0.6181640640625 0.7219445203125 0.6132812484375 0.6908158984375 0.611328125 0.6704625703125 0.6259765625
0 0.7542703890625 0.6220703140625 0.7518758812499999 0.6455078109375 0.762651175 0.6601562484375 0.77701823125 0.6660156265625 0.7877935203125 0.6650390640625 0.8117386109375 0.6572265625 0.8165276328125 0.6474609359375 0.81413311875 0.6240234375 0.7985688140625 0.6132812484375 0.7674401921875 0.6132812484375 0.7542703890625 0.6220703140625
0 0.856037034375 0.611328125 0.84645899375 0.6132812484375 0.8332891984374999 0.6240234375 0.830894684375 0.6376953140625 0.8332891984374999 0.6494140640625 0.8416699781249999 0.6601562484375 0.853642525 0.6640624984375 0.8644178140625 0.6630859359375 0.8751931078125 0.6621093734375 0.8907574125 0.6533203140625 0.895546434375 0.6337890640625 0.8907574125 0.6240234375 0.877587615625 0.6132812484375 0.856037034375 0.611328125
0 0.0885968421875 0.7041015625 0.10895016875 0.720703125 0.13169800625 0.7197265625 0.1532485875 0.7060546859375 0.1532485875 0.6845703140625 0.132895259375 0.6660156265625 0.10176663906250001 0.6679687515625 0.086202328125 0.6904296859375 0.0885968421875 0.7041015625
0 0.170010153125 0.6826171890625 0.170010153125 0.7099609359375 0.195152496875 0.720703125 0.21311131562500002 0.7197265625 0.2322673890625 0.7080078109375 0.2322673890625 0.6826171890625 0.21670307968750002 0.6679687515625 0.187968971875 0.6679687515625 0.1783909328125 0.671875 0.170010153125 0.6826171890625
0 0.24902895468750003 0.7099609359375 0.2741713 0.7226562484375 0.2897356109375 0.7216796859375 0.31368070000000003 0.7099609359375 0.31368070000000003 0.6826171890625 0.29572188125 0.6679687515625 0.2669877734375 0.6679687515625 0.24902895468750003 0.6845703140625 0.24902895468750003 0.7099609359375
0 0.3364285421875 0.6679687515625 0.3280477578125 0.6767578109375 0.3256532484375 0.6982421890625 0.3280477578125 0.7060546859375 0.33882305156250003 0.7148437515625 0.3639653953125 0.7177734375 0.3843187234375 0.7109375015625 0.392699503125 0.7041015625 0.392699503125 0.6787109359375 0.3771351984375 0.6660156265625 0.348401084375 0.6640624984375 0.3364285421875 0.6679687515625
0 0.410658321875 0.6679687515625 0.4022775421875 0.6845703140625 0.4046720515625 0.7041015625 0.42023636093750005 0.7148437515625 0.44777321406250004 0.7138671890625 0.4609430171875 0.7089843734375 0.4669292875 0.7021484375 0.4645347796875 0.6728515625 0.44657596093749996 0.6640624984375 0.4226308703125 0.6640624984375 0.410658321875 0.6679687515625
0 0.4789018359375 0.6826171890625 0.4812963453125 0.7060546859375 0.4992551640625 0.7148437515625 0.526792021875 0.7138671890625 0.5435535812500001 0.7021484375 0.5411590734375 0.6748046859375 0.5208057453125 0.6640624984375 0.4992551640625 0.6640624984375 0.487282615625 0.6679687515625 0.4789018359375 0.6826171890625
0 0.5663014234375 0.6679687515625 0.5555261296875 0.6787109359375 0.5579206390625 0.7041015625 0.5758794578125 0.7148437515625 0.6010218015625 0.7138671890625 0.6141916046875 0.7089843734375 0.620177875 0.7021484375 0.6177833671874999 0.6748046859375 0.6022190562499999 0.6660156265625 0.58785200625 0.6640624984375 0.5663014234375 0.6679687515625
0 0.1544458421875 0.720703125 0.129303496875 0.7333984375 0.12451447499999999 0.7431640640625 0.12451447499999999 0.7607421890625 0.14247329375 0.7753906265625 0.1652211359375 0.7744140640625 0.173601915625 0.7734375015625 0.18677171718750002 0.7626953140625 0.18916622656249998 0.7470703140625 0.18677171718750002 0.7353515625 0.1759964234375 0.7246093734375 0.1544458421875 0.720703125
0 0.21311131562500002 0.7333984375 0.2107168078125 0.7587890640625 0.215505825 0.7666015625 0.23107013593749998 0.7753906265625 0.2514234625 0.7744140640625 0.2621987578125 0.7714843734375 0.27297404531249997 0.7587890640625 0.2705795375 0.7373046859375 0.2526207171875 0.7246093734375 0.22628111875 0.7246093734375 0.21311131562500002 0.7333984375
0 0.3076944296875 0.720703125 0.2897356109375 0.7333984375 0.2873411015625 0.7587890640625 0.3076944296875 0.7753906265625 0.3280477578125 0.7744140640625 0.34720383125 0.7646484375 0.351992846875 0.7568359359375 0.351992846875 0.7373046859375 0.34959833906250004 0.7314453140625 0.334034028125 0.720703125 0.3076944296875 0.720703125
0 0.3843187234375 0.720703125 0.3663599046875 0.7314453140625 0.3639653953125 0.7529296859375 0.37952970625 0.7695312484375 0.397488525 0.7724609359375 0.4154473453125 0.767578125 0.423828125 0.7607421890625 0.4262226328125 0.7314453140625 0.4226308703125 0.7265624984375 0.4058693046875 0.720703125 0.3843187234375 0.720703125
0 0.4429841984375 0.7314453140625 0.4429841984375 0.7548828109375 0.4585485078125 0.7695312484375 0.4812963453125 0.7705078109375 0.49686065468749996 0.765625 0.505241434375 0.7587890640625 0.50763594375 0.7333984375 0.48967712968750005 0.720703125 0.46573203437500005 0.71875 0.4429841984375 0.7314453140625
0 0.5327782937500001 0.7304687515625 0.526792021875 0.7294921890625 0.5196084921875 0.7392578109375 0.5196084921875 0.7470703140625 0.522003 0.7548828109375 0.5375673109375 0.7695312484375 0.5507371125 0.7705078109375 0.5770767125 0.7626953140625 0.5794712203125 0.7373046859375 0.5734849484375 0.7285156265625 0.54714535 0.720703125 0.5375673109375 0.7226562484375 0.5327782937500001 0.7304687515625
0 0.4789018359375 0.8115234375 0.49686065468749996 0.828125 0.522003 0.8271484375 0.53637005625 0.8173828109375 0.538764565625 0.7958984375 0.5232002546875 0.779296875 0.49686065468749996 0.779296875 0.4789018359375 0.7939453140625 0.4789018359375 0.8115234375
0 0.5603151468750001 0.7939453140625 0.5603151468750001 0.8134765625 0.5758794578125 0.828125 0.6010218015625 0.8291015625 0.620177875 0.8173828109375 0.622572384375 0.7958984375 0.6141916046875 0.783203125 0.5998245484375 0.7773437515625 0.580668475 0.7773437515625 0.5603151468750001 0.7939453140625
0 0.636939440625 0.6708984375 0.629755915625 0.6845703140625 0.629755915625 0.6962890640625 0.6321504234375 0.7041015625 0.6429257171875 0.7128906265625 0.665673553125 0.7197265625 0.6944076609375001 0.7080078109375 0.6991966781250001 0.6962890640625 0.69680216875 0.6787109359375 0.68602688125 0.6679687515625 0.6501092421875 0.6660156265625 0.636939440625 0.6708984375
0 0.6141916046875 0.7226562484375 0.59862729375 0.7353515625 0.5962327859375 0.7509765625 0.6141916046875 0.7714843734375 0.6345449328125 0.7724609359375 0.6501092421875 0.767578125 0.6584900218749999 0.7607421890625 0.6584900218749999 0.7353515625 0.6525037515625 0.7285156265625 0.6357421859375 0.7226562484375 0.6141916046875 0.7226562484375
0 0.713563734375 0.6826171890625 0.7111692265625 0.7041015625 0.731522553125 0.71875 0.7470868640624999 0.7197265625 0.7602566671875 0.716796875 0.7734264625 0.7080078109375 0.7734264625 0.6787109359375 0.7602566671875 0.6679687515625 0.7267335375 0.6679687515625 0.713563734375 0.6826171890625
0 0.8081468468749999 0.6660156265625 0.7985688140625 0.669921875 0.790188028125 0.6806640640625 0.790188028125 0.7060546859375 0.8129358640625 0.7226562484375 0.8261056671875 0.7216796859375 0.8368809609375001 0.71875 0.852445265625 0.7060546859375 0.852445265625 0.6806640640625 0.845261740625 0.6708984375 0.8344864515625 0.6660156265625 0.8081468468749999 0.6660156265625
0 0.6836323734375 0.7285156265625 0.6776460953125001 0.7373046859375 0.6776460953125001 0.7587890640625 0.6908158984375 0.7714843734375 0.702788446875 0.7753906265625 0.713563734375 0.7744140640625 0.7327198078125 0.7666015625 0.7399033390625 0.7451171890625 0.735114315625 0.7314453140625 0.7291280453125 0.7265624984375 0.6979994234375 0.7226562484375 0.6836323734375 0.7285156265625
0 0.636939440625 0.7939453140625 0.636939440625 0.8134765625 0.654898259375 0.830078125 0.6800406109375 0.8291015625 0.69680216875 0.8154296859375 0.69680216875 0.7919921890625 0.6908158984375 0.783203125 0.6764488421875 0.7773437515625 0.65729276875 0.7773437515625 0.636939440625 0.7939453140625
0 0.7722292093750001 0.7226562484375 0.7566649046875 0.7314453140625 0.7518758812499999 0.7412109359375 0.7542703890625 0.7587890640625 0.7698347 0.7734375015625 0.790188028125 0.7744140640625 0.81413311875 0.7646484375 0.818922140625 0.7568359359375 0.818922140625 0.7431640640625 0.8081468468749999 0.7265624984375 0.7961743046875001 0.7226562484375 0.7722292093750001 0.7226562484375
0 0.7578621578125 0.7773437515625 0.7363115703124999 0.7773437515625 0.7183527578125 0.7900390640625 0.7159582421875 0.8095703140625 0.731522553125 0.828125 0.7518758812499999 0.8291015625 0.762651175 0.828125 0.7710319546875 0.8212890640625 0.7782154859375 0.8115234375 0.7782154859375 0.7978515625 0.7734264625 0.7880859359375 0.7578621578125 0.7773437515625
0 0.8368809609375001 0.7265624984375 0.830894684375 0.7373046859375 0.83568370625 0.7646484375 0.853642525 0.7753906265625 0.8644178140625 0.7744140640625 0.884771140625 0.7695312484375 0.895546434375 0.7548828109375 0.8931519265625001 0.7373046859375 0.8859683953124999 0.7275390640625 0.8656150671875 0.720703125 0.8368809609375001 0.7265624984375
0 0.7949770515625 0.8154296859375 0.8105413562500001 0.830078125 0.8404727234375 0.8291015625 0.8548397796874999 0.8115234375 0.852445265625 0.7939453140625 0.8416699781249999 0.78125 0.8153303781250001 0.7773437515625 0.7949770515625 0.7919921890625 0.7949770515625 0.8154296859375
0 0.8727985984375 0.669921875 0.8644178140625 0.6787109359375 0.8644178140625 0.7060546859375 0.8823766328125 0.71875 0.891954671875 0.7226562484375 0.9027299609374999 0.7216796859375 0.9158997624999999 0.71875 0.929069559375 0.7080078109375 0.9314640734375 0.6865234375 0.9158997624999999 0.6679687515625 0.891954671875 0.6640624984375 0.8727985984375 0.669921875
0 0.8668123218750001 0.7919921890625 0.8668123218750001 0.8134765625 0.884771140625 0.830078125 0.9051244687500001 0.8310546859375 0.9158997624999999 0.830078125 0.929069559375 0.8193359359375 0.9314640734375 0.7939453140625 0.9158997624999999 0.7773437515625 0.88716565 0.7753906265625 0.8668123218750001 0.7919921890625