0 0.474453459375 0.5665552375 0.4731736234375 0.57433624375 0.47686899687500006 0.582960140625 0.489405021875 0.5805852078125 0.49090680937500003 0.5753411296875 0.4900190015625 0.5651934296875 0.4867675359375 0.56164338125 0.47703906875 0.5624945125 0.474453459375 0.5665552375
0 0.501079178125 0.5795638515625 0.511891465625 0.579896071875 0.5142551234375 0.5732984171875 0.5135892671875 0.56568764375 0.5103378000000001 0.5621375937499999 0.5025550296875 0.5628184984375 0.49824567656249996 0.5695863765625 0.501079178125 0.5795638515625
0 0.5237356953125001 0.5584090875000001 0.5211500859375 0.5624698125 0.5224817984375 0.577691365625 0.5257332640625 0.581241415625 0.5354617312500001 0.5803902843750001 0.5378253890625 0.5737926328125 0.536715628125 0.561108003125 0.5315184656249999 0.5577281828125 0.5237356953125001 0.5584090875000001
0 0.545608159375 0.573111728125 0.5529729640625 0.57885825 0.5594499609375 0.5744570703125 0.5605078453125001 0.5641391421875 0.5529210890625 0.5558556953125 0.5490297046875 0.5561961484375 0.5447203515625 0.562964028125 0.545608159375 0.573111728125
0 0.5884134015625 0.56936675625 0.5842741265625 0.5556690046874999 0.580382740625 0.55600945625 0.5782150921875 0.5536427578125 0.570432321875 0.5543236609375 0.5678467125 0.5583843859375001 0.5689564734375 0.571069015625 0.5743755875 0.5769857640625 0.5780450203124999 0.5741083859375 0.5858277921874999 0.57342748125 0.5884134015625 0.56936675625
0 0.592056896875 0.5549881 0.589471284375 0.559048828125 0.59035909375 0.5691965296875 0.5977239 0.57494305 0.6016152859375 0.5746025984375 0.6042008953125 0.5705418703125 0.603091134375 0.5578572453125 0.5998396687499999 0.5543071953125 0.592056896875 0.5549881
0 0.607896265625 0.579165771875 0.60531065625 0.5832265 0.606198465625 0.5933742015625 0.60944993125 0.5969242484375 0.6133413156249999 0.596583796875 0.6159269296875001 0.592523071875 0.6172067640625001 0.584742065625 0.6117876515625 0.5788253203125 0.607896265625 0.579165771875
0 0.5861016171875 0.5989669609375 0.5938843890625 0.59828605625 0.5964700015625 0.59422533125 0.594498371875 0.5828942796875001 0.590385034375 0.58069780625 0.5828242140625 0.5839156359375 0.5828501515625 0.5954169140625 0.5861016171875 0.5989669609375
0 0.5705360749999999 0.6003287703125 0.574845428125 0.593560890625 0.5744015234375001 0.5884870390625 0.57092810625 0.5824000671875 0.56681476875 0.5802035921875001 0.557308253125 0.58359165 0.55886191875 0.6013501265625 0.5705360749999999 0.6003287703125
0 0.5493294703125 0.59323690625 0.5458560484375 0.58714993125 0.5352657171875 0.5893546375 0.5342078328125 0.5996725656249999 0.5374593015625 0.6032226125 0.545242071875 0.6025417078124999 0.5493294703125 0.59323690625
0 0.5145030125 0.5873366234375 0.511917403125 0.5913973515625 0.5128052125 0.601545053125 0.516056678125 0.6050951 0.5257851453125 0.60424396875 0.5283707546875 0.60018324375 0.5253153 0.587668840625 0.5201181421875 0.5842890171875 0.5145030125 0.5873366234375
0 0.49029282968750004 0.590732909375 0.490736734375 0.595806759375 0.48901299375 0.5985139140625 0.4946540609375 0.6069675859375 0.50243683125 0.6062866812500001 0.505022440625 0.6022259562500001 0.5028288562500001 0.5883579796875 0.49482413281250004 0.58650195625 0.49029282968750004 0.590732909375
0 0.468054278125 0.6054602515624999 0.4732514375 0.6088400734375 0.47908851874999997 0.60832939375 0.481674128125 0.60426866875 0.4805643671875 0.5915840390625 0.46975208124999995 0.591251821875 0.46716647031249997 0.5953125499999999 0.468054278125 0.6054602515624999
0 0.45721605312499997 0.593626753125 0.45396458749999996 0.5900767046875 0.44812750625 0.5905873828125 0.44381815625 0.5973552625 0.44470596562500003 0.6075029640625 0.45746394218750003 0.60766495625 0.45721605312499997 0.593626753125
0 0.4247791921875 0.5926300953125 0.42046984375 0.599397975 0.42135765156250005 0.6095456765625 0.42460912031250003 0.6130957234375 0.4323918921875 0.6124148203125 0.43670124218749995 0.605646940625 0.4360353859375 0.5980361671875001 0.43061627500000005 0.5921194171875 0.4247791921875 0.5926300953125
0 0.40165283125 0.597209734375 0.39734348124999996 0.6039776109375 0.3980093390625 0.6115883906249999 0.4012608078125 0.6151384359375001 0.40904357812500003 0.6144575328124999 0.413352928125 0.607689653125 0.4129090234375 0.6026158015624999 0.4074899140625 0.5966990562500001 0.40165283125 0.597209734375
0 0.3919762453125 0.62106341875 0.3876668953125 0.6278313 0.38855470468750003 0.6379790015625 0.3918061734375 0.641529046875 0.3976432484375 0.6410183703125 0.40389829375 0.6340802640625001 0.40278853281250004 0.6213956390625001 0.397591375 0.618015815625 0.3919762453125 0.62106341875
0 0.4155465109375 0.62155763125 0.41296090156250004 0.6256183609375 0.41362675781249997 0.633229134375 0.4168782234375 0.636779184375 0.4227153046875 0.63626850625 0.42530091406250004 0.632207778125 0.4246350578125 0.6245970046875 0.4213835921875 0.621046953125 0.4155465109375 0.62155763125
0 0.436949134375 0.6196851437500001 0.43436352187500005 0.6237458734375 0.43525133125000004 0.633893575 0.4385028 0.6374436218749999 0.444339875 0.63693294375 0.4469254875 0.63287221875 0.44820532343749997 0.6250912140625 0.4447319046875 0.619004240625 0.436949134375 0.6196851437500001
0 0.4605453375 0.6316806359375 0.4676881875 0.63489023125 0.471997540625 0.6281223515625001 0.47133168437500006 0.620511578125 0.46808021875000005 0.6169615265624999 0.46224313749999996 0.61747220625 0.459657528125 0.621532934375 0.4605453375 0.6316806359375
0 0.4827838890625 0.6169532921875 0.481504053125 0.6247342984375 0.487145115625 0.6331879703125 0.492982196875 0.6326772921875 0.4975135 0.6284463421875001 0.4968476421875 0.6208355625 0.493374221875 0.6147485890625 0.4853694984375 0.6128925671875 0.4827838890625 0.6169532921875
0 0.504186509375 0.6150808062500001 0.503128625 0.6253987359375001 0.5085477390625 0.631315484375 0.5143848140625 0.63080480625 0.518472215625 0.621500003125 0.515860665625 0.61405945 0.512609196875 0.610509403125 0.506772121875 0.61102008125 0.504186509375 0.6150808062500001
0 0.5288665359375 0.628259646875 0.5357874375 0.62893231875 0.538373046875 0.62487159375 0.537707190625 0.6172608140625 0.534455725 0.6137107671875001 0.5277567750000001 0.6155750234374999 0.5262549859375001 0.6208190984375 0.5288665359375 0.628259646875
0 0.5517450046875 0.60964180625 0.5491593953125 0.6137025359375 0.5498252515625001 0.621313309375 0.5530767171875001 0.624863359375 0.5589137984375 0.62435268125 0.5614994078125 0.620291953125 0.5608335515625 0.6126811796875 0.5575820859375 0.609131128125 0.5517450046875 0.60964180625
0 0.5733955171875 0.621807525 0.5766469828125 0.625357571875 0.58637545 0.6245064421875 0.5861275578125 0.610468240625 0.5828760890625 0.606918190625 0.5742314484375 0.6089526671875001 0.5727296609375 0.6141967453125 0.5733955171875 0.621807525
0 0.6042787125 0.605045703125 0.596495940625 0.6057266078125 0.5939103296875 0.6097873375 0.5924085406249999 0.6150314125 0.5947981375 0.6199350390625 0.599995296875 0.623314859375 0.60388668125 0.6229744078125 0.6081960343749999 0.616206528125 0.607530178125 0.6085957546875 0.6042787125 0.605045703125
0 0.40244838281249995 0.662326896875 0.4056998515625 0.6658769453125 0.4154283125 0.665025815625 0.4149584703125 0.6484506859375 0.4117070046875 0.6449006390625 0.4058699234375 0.6454113171875 0.40156057343749996 0.6521791953125 0.40244838281249995 0.662326896875
0 0.42921823750000004 0.6433686046875 0.4249088875 0.6501364828125 0.42535279218750005 0.655210334375 0.42860426093750004 0.65876038125 0.4346632875 0.660786628125 0.43919459375000003 0.6565556734375 0.43830678437500004 0.6464079734375 0.43505531875000003 0.642857925 0.42921823750000004 0.6433686046875
0 0.46017925000000004 0.661110615625 0.462764859375 0.6570498890625001 0.46187705 0.6469021875000001 0.4564579359375 0.6409854390625 0.45062086093750003 0.6414961171875 0.4463115078125 0.648263996875 0.44675541250000006 0.6533378484375 0.4502288296875 0.6594248203124999 0.45434216875000005 0.66162129375 0.45801160156250004 0.658743915625 0.46017925000000004 0.661110615625
0 0.47396917343749995 0.6394534046875 0.46965982031250003 0.6462212843749999 0.47032567812500004 0.6538320578125 0.4755228390625 0.6572118812500001 0.48135991406249995 0.656701203125 0.4839455265625 0.652640475 0.48305771875000003 0.6424927734375 0.4798062484375 0.6389427265625 0.47396917343749995 0.6394534046875
0 0.5094614859375 0.6529644640625001 0.5083517234375 0.640279834375 0.502932609375 0.6343630874999999 0.49904122500000003 0.6347035390625 0.494731875 0.6414714171875 0.4932300859375 0.6467154953125 0.49539773125000003 0.649082196875 0.49584163593749997 0.6541560468750001 0.49909310468749996 0.6577060953125 0.5068758765625 0.657025190625 0.5094614859375 0.6529644640625001
0 0.51482871875 0.6358786578125 0.5122431093750001 0.6399393828125 0.5144107546875001 0.642306084375 0.5152985640625001 0.6524537859375 0.528056540625 0.652615778125 0.5304202015625 0.6460181281249999 0.5275867 0.6360406515625 0.5223895375 0.6326608265625 0.51482871875 0.6358786578125
0 0.540122728125 0.63366571875 0.537537115625 0.63772644375 0.538202971875 0.6453372234375 0.5436220828125 0.6512539687500001 0.54751346875 0.6509135171875 0.5537685140625 0.6439754140625 0.5533246093749999 0.6389015625 0.5498511890625 0.6328145890625 0.540122728125 0.63366571875
0 0.5755891015625 0.6356755 0.5714757640625 0.6334790265625 0.5639149453125001 0.63669685625 0.5637189296875 0.64566120625 0.5691380453125 0.6515779562499999 0.5775607328125 0.6470065515625001 0.5755891015625 0.6356755
0 0.5887650437499999 0.6294100671875 0.5844556937500001 0.636177946875 0.5851215515625 0.6437887203125 0.590318709375 0.64716854375 0.5942100953125 0.6468280921875 0.600465140625 0.6398899890624999 0.599799284375 0.632279209375 0.5965478156249999 0.6287291625 0.5887650437499999 0.6294100671875
0 0.6118914046875 0.624830428125 0.6075820546874999 0.63159830625 0.6084698640624999 0.64174600625 0.6119432859375 0.6478329828125 0.6180023125 0.6498592296875 0.624257359375 0.6429211265625 0.6233695499999999 0.632773425 0.6179504390624999 0.6268566765625 0.6118914046875 0.624830428125
0 0.5989892890624999 0.6566353406250001 0.5990152296875 0.6681366171875001 0.6022666984375 0.6716866671874999 0.6083257265625 0.6737129140625 0.614580771875 0.666774809375 0.6126091421875001 0.6554437578125001 0.6084958046875 0.6532472859375 0.6026587234375 0.6537579640625 0.5989892890624999 0.6566353406250001
0 0.579310409375 0.6558006765625 0.5767248 0.6598614031250001 0.577612609375 0.6700091046875001 0.580864075 0.6735591546874999 0.58670115625 0.6730484765625 0.589286765625 0.6689877484375 0.58839895625 0.658840046875 0.585147490625 0.6552899984375 0.579310409375 0.6558006765625
0 0.5579077921875 0.6576731625 0.5535984390625 0.66444104375 0.55404234375 0.66951489375 0.5594614578125 0.675431640625 0.5652985328125 0.6749209625 0.56766219375 0.6683233109375 0.5669963359375 0.6607125328125 0.5637448671875 0.6571624843749999 0.5579077921875 0.6576731625
0 0.5326137828124999 0.6598861015625 0.5300281734375 0.663946828125 0.53069403125 0.67155760625 0.5341674484375 0.6776445796874999 0.538058834375 0.6773041281250001 0.5423681874999999 0.67053625 0.5419242828125 0.6654624 0.5384508640625 0.6593754234375 0.5326137828124999 0.6598861015625
0 0.5224673546874999 0.6671646609375 0.517048240625 0.6612479109375 0.511211165625 0.6617585890625 0.5069018125 0.66852646875 0.5075676687499999 0.6761372421875 0.5149324734375 0.6818837656250001 0.5166562171875 0.6791766140625 0.520547603125 0.6788361625 0.5231332109375 0.674775434375 0.5224673546874999 0.6671646609375
0 0.49889708906249997 0.6666704453125 0.493699928125 0.6632906234375 0.48591715625000004 0.663971528125 0.4816078078125 0.6707394078125 0.48421935625 0.6781799546875 0.487470821875 0.6817300046875 0.493307903125 0.6812193265625 0.4969773375 0.67834195 0.49934099375 0.6717442953125 0.49889708906249997 0.6666704453125
0 0.4627907953125 0.668551165625 0.46281673593750006 0.6800524421875 0.46606820468750004 0.6836024921875 0.4738509765625 0.6829215875 0.47643658593750005 0.6788608593750001 0.47554877656250005 0.6687131578125001 0.47229731093750005 0.665163109375 0.46646022968749995 0.6656737875000001 0.4627907953125 0.668551165625
0 0.4444176921875 0.671436775 0.445527453125 0.6841214046874999 0.452448353125 0.684794075 0.4519785109375 0.6682189468749999 0.4470033015625 0.6673760484375 0.4444176921875 0.671436775
0 0.4178179125 0.6699294390625 0.41350855937500003 0.6766973203125 0.41395246406249997 0.6817711703125 0.419371578125 0.6876879171875 0.42715435 0.6870070125 0.429739959375 0.682946284375 0.4310197953125 0.6751652859374999 0.425600684375 0.669248534375 0.4178179125 0.6699294390625
0 0.411340915625 0.67433061875 0.4080894453125 0.6707805703124999 0.40397610781250004 0.668584096875 0.39813903281249996 0.669094775 0.393607728125 0.6733257296875 0.3921059390625 0.67856980625 0.3927717953125 0.6861805796875 0.3962452171875 0.6922675546875 0.40597367812499996 0.691416425 0.4124506765625 0.6870152484375 0.411340915625 0.67433061875
0 0.415975971875 0.716104775 0.4222310171875 0.70916666875 0.42156516093749996 0.7015558953125 0.41831369062499996 0.6980058453125 0.41420035312500003 0.695809371875 0.40858523125 0.698856975 0.40991694375 0.7140785265625 0.415975971875 0.716104775
0 0.4434116859375 0.704757259375 0.439716315625 0.6961333578125 0.431071671875 0.6981678359375 0.42956988437500004 0.7034119140625 0.4330433046875 0.7094988890625 0.43715664218750006 0.7116953625 0.4434116859375 0.704757259375
0 0.4643704015625 0.697810921875 0.46111893281249994 0.694260871875 0.45333616093750007 0.6949417765625 0.454445921875 0.707626403125 0.45855925937500003 0.709822875 0.46481430625 0.7028847734375 0.4643704015625 0.697810921875
0 0.47473878437500006 0.6930692890625 0.4758485453125 0.705753915625 0.4799618828125 0.7079503890625001 0.485798959375 0.7074397109375 0.4883845703125 0.7033789828125 0.4896644078125 0.6955979828125 0.48424529375 0.689681234375 0.47840821875 0.6901919125 0.47473878437500006 0.6930692890625
0 0.501586453125 0.708614828125 0.5054778390625 0.7082743765624999 0.51000914375 0.7040434234374999 0.5112889796875 0.6962624203125001 0.5080375109374999 0.692712371875 0.49830905000000003 0.6935635015625 0.4983349875 0.7050647796875 0.501586453125 0.708614828125
0 0.5214613484374999 0.7004851390625 0.5247128140624999 0.7040351890625 0.5305498953125001 0.7035245109375 0.5342193296875 0.700647134375 0.5339714375 0.6866089328125 0.5231591484375 0.6862767125 0.5205735390624999 0.6903374375 0.5214613484374999 0.7004851390625
0 0.544561771875 0.6844042265625 0.541976159375 0.6884649515625 0.54286396875 0.698612653125 0.5461154374999999 0.7021627031250001 0.553898209375 0.7014817984375 0.558207559375 0.694713921875 0.5575417015624999 0.6871031421875 0.5501768953124999 0.681356621875 0.544561771875 0.6844042265625
0 0.581555871875 0.692671209375 0.5778604984375 0.6840473078125 0.5681320375000001 0.6848984375 0.565546425 0.6889591671875 0.567296103125 0.697753290625 0.5753008265624999 0.6996093125 0.581555871875 0.692671209375
0 0.58933864375 0.6919903046875 0.594757753125 0.6979070515625 0.5986491390625 0.6975665984375 0.60318044375 0.6933356453124999 0.6012088125 0.6820045953125 0.5914803515625 0.682855725 0.5888947390625 0.686916453125 0.58933864375 0.6919903046875
0 0.6265287578125001 0.69129293125 0.6247790765625 0.6824988078125 0.6122430515625 0.684873740625 0.6107412640625001 0.69011781875 0.61421468125 0.696204790625 0.6239431484375 0.695353659375 0.6265287578125001 0.69129293125
0 0.606875815625 0.7019595468750001 0.602566465625 0.7087274234375001 0.603232321875 0.7163382015625 0.606483790625 0.71988825 0.6125428187499999 0.721914496875 0.6170741234375 0.7176835421875001 0.6161863140625 0.7075358406250001 0.6129348484375 0.7039857921875 0.606875815625 0.7019595468750001
0 0.57985806875 0.7068796359375 0.5772724593749999 0.7109403624999999 0.5777163640625 0.7160142125 0.583135478125 0.7219309625 0.588972553125 0.7214202843749999 0.59328190625 0.7146524046875 0.5928380015625 0.7095785546875 0.5895865359375 0.70602850625 0.57985806875 0.7068796359375
0 0.5584813875 0.7202534015625 0.5639005015625 0.7261701484375 0.5703774968750001 0.72176896875 0.5684058640625 0.7104379171875 0.5597612234375 0.712472396875 0.5584813875 0.7202534015625
0 0.5504766640625001 0.7183973781249999 0.547865115625 0.7109568296875 0.5426679562500001 0.70757700625 0.5387765718749999 0.7079174578125 0.536190959375 0.7119781859375001 0.5366348640624999 0.7170520375 0.534911121875 0.7197591859375 0.5373007203125 0.7246628109375 0.5405521890625 0.7282128609375 0.5463892640625 0.7277021828125 0.5504766640625001 0.7183973781249999
0 0.5156502093750001 0.7124970953124999 0.5113408578125 0.7192649765625 0.5117847609374999 0.7243388265624999 0.5150362281249999 0.727888875 0.5228189984375 0.7272079703125 0.5254046109375 0.72314724375 0.5247387546875 0.715536465625 0.5214872859375 0.7119864171875 0.5156502093750001 0.7124970953124999
0 0.4908260453125 0.731285165625 0.49969263750000004 0.731787609375 0.50227825 0.7277268796875 0.501390440625 0.7175791796875 0.498138971875 0.71402913125 0.49230189687500003 0.7145398078125 0.48971628437500003 0.7186005359375 0.4908260453125 0.731285165625
0 0.4689535828125 0.716582521875 0.466367971875 0.7206432484375 0.4672557796875 0.73079095 0.4724529390625 0.7341707734375 0.476344325 0.733830321875 0.4789299359375 0.7297695937500001 0.47804212812499997 0.7196218921875001 0.474790659375 0.71607184375 0.4689535828125 0.716582521875
0 0.44412941874999995 0.735370590625 0.4512722734375 0.7385801843750001 0.457527315625 0.7316420796875 0.45663950781249996 0.721494378125 0.45338804218749995 0.7179443296875 0.44474339843750005 0.7199788109374999 0.4432416109375 0.7252228890625 0.44412941874999995 0.735370590625
0 0.4213950859375 0.7220215234375 0.41989329687500004 0.7272656015625001 0.420559153125 0.734876375 0.4257563125 0.7382561984375 0.43159339374999994 0.7377455203125 0.434179003125 0.7336847921875 0.43329119374999997 0.723537090625 0.42787207968749996 0.71762034375 0.4213950859375 0.7220215234375
0 0.41080475312500003 0.724226228125 0.406691415625 0.7220297546875 0.40085433281249994 0.722540434375 0.396544984375 0.7293083140625 0.397210840625 0.7369190875 0.4006842609375 0.7430060625 0.41041272187500005 0.7421549328125 0.41472207499999997 0.735387053125 0.4142781703125 0.7303132015625 0.41080475312500003 0.724226228125
0 0.42383655937500003 0.7499277 0.4186393984375 0.7465478796875 0.41496996406250003 0.74942525625 0.414773953125 0.7583896109375 0.41716355 0.7632932343750001 0.4240844484375 0.7639659046875 0.42383655937500003 0.7499277
0 0.43445283281249997 0.759224271875 0.4415956875 0.76243386875 0.44612698906250003 0.758202915625 0.447406825 0.7504219156249999 0.4419877109375 0.7445051671875 0.43809632499999995 0.74484561875 0.433786975 0.7516134984375 0.43445283281249997 0.759224271875
0 0.4556075640625 0.743313584375 0.4530219515625 0.7473743093749999 0.45346585624999997 0.7524481609375 0.45910691875 0.760901834375 0.46299830468750003 0.7605613828125 0.46730765781250005 0.75379350625 0.4666418 0.7461827265625 0.463390334375 0.7426326796875 0.4556075640625 0.743313584375
0 0.48262530937500003 0.7383934921875001 0.47831595625 0.7451613703125 0.479203765625 0.755309071875 0.48245523125 0.758859121875 0.4921836984375 0.7580079921875 0.4947693078125 0.7539472640625 0.49604914375 0.7461662640625 0.49040808125 0.7377125890625 0.48262530937500003 0.7383934921875001
0 0.5059736234375001 0.7363507796875 0.5016642703125 0.7431186578125 0.5023301265625 0.7507294375 0.5055815921875 0.754279484375 0.515310059375 0.7534283546875 0.5176737171875 0.7468307015625 0.5172298125 0.74175685 0.5118106984375 0.7358401015625 0.5059736234375001 0.7363507796875
0 0.5295438890625 0.73684499375 0.5252345359375 0.7436128734375 0.5259003921875001 0.751223646875 0.53304324375 0.7544332453125 0.5347669875000001 0.75172609375 0.5386583734375 0.751385640625 0.5410220296875 0.7447879875 0.53841048125 0.737347440625 0.5295438890625 0.73684499375
0 0.5509465062500001 0.7349725078125 0.548360896875 0.7390332328125 0.54924870625 0.749180934375 0.552500171875 0.7527309843750001 0.5602829421875 0.7520500796875 0.5628685546875001 0.7479893515625 0.561980746875 0.73784165 0.5587292765625 0.734291603125 0.5509465062500001 0.7349725078125
0 0.5719571 0.7510287234375 0.581685565625 0.7501775921875 0.584271175 0.746116865625 0.58360531875 0.7385060921875 0.580353853125 0.7349560421875 0.5697635171875 0.7371607453125 0.5682617296875 0.7424048234375 0.5719571 0.7510287234375
0 0.59569744375 0.7310573078125 0.5931118296875 0.7351180328125 0.5937776875 0.7427288125 0.59702915625 0.746278859375 0.6067576171875 0.7454277296875 0.6093432296875 0.7413670046874999 0.608677371875 0.733756225 0.6032582625 0.7278394765625 0.59569744375 0.7310573078125
0 0.61904575625 0.7290145953125 0.614736403125 0.7357824749999999 0.6151803078125 0.7408563265625 0.6184317734375 0.7444063734374999 0.626436496875 0.74626239375 0.6329134953125 0.7418612140625 0.6320256859375 0.7317135125 0.6287742171875 0.728163465625 0.61904575625 0.7290145953125
0 0.6095911218750001 0.7554052046875 0.607005509375 0.7594659312500001 0.6074494140625 0.76453978125 0.612868525 0.77045653125 0.6167599109374999 0.7701160796875001 0.6210692625 0.7633481984375 0.620625359375 0.7582743484375001 0.6173738921874999 0.7547243 0.6095911218750001 0.7554052046875
0 0.586490696875 0.7714861187500001 0.5936335484375 0.7746957171875 0.5981648546875 0.7704647625 0.59705509375 0.7577801375 0.5938036265625 0.7542300875 0.5879665453125 0.7547407671874999 0.5853809359375 0.75880149375 0.586490696875 0.7714861187500001
0 0.564840184375 0.7593204046875 0.562254575 0.76338113125 0.5626984796875 0.76845498125 0.56811759375 0.77437173125 0.570063284375 0.7742015046875 0.572648896875 0.770140778125 0.5719830390625 0.76253 0.5687315703125 0.7589799515625 0.564840184375 0.7593204046875
0 0.5356807328125 0.7733750734375 0.5389322 0.776925121875 0.5469369234375 0.7787811421875 0.55319196875 0.7718430390625 0.5492746421875 0.7606822125 0.53954618125 0.7615333421875 0.5352368296875001 0.7683012234375 0.5356807328125 0.7733750734375
0 0.5181435578125 0.7634058296874999 0.5155579484375 0.76746655625 0.51622380625 0.7750773343749999 0.519475271875 0.7786273828125 0.5272580421875 0.777946478125 0.5298436546875 0.7738857515625 0.528955846875 0.76373805 0.5237586875 0.7603582265625 0.5181435578125 0.7634058296874999
0 0.49418126874999996 0.780840321875 0.5039097296875 0.779989190625 0.5064953421875 0.7759284640625 0.5058294859375 0.7683176859375 0.5025780156249999 0.7647676375 0.491987684375 0.7669723453125 0.490707846875 0.7747533453125001 0.49418126874999996 0.780840321875
0 0.471472871875 0.7789925328125 0.474724340625 0.78254258125 0.480561415625 0.782031903125 0.483147028125 0.7779711765624999 0.48225922031249996 0.7678234749999999 0.47339262812499994 0.767321028125 0.470807015625 0.7713817546875 0.471472871875 0.7789925328125
0 0.45376562187499997 0.7894889187499999 0.4632721359375 0.7861008625 0.4658577453125 0.7820401343750001 0.461718471875 0.768342384375 0.4537137484375 0.7664863640624999 0.44745870156249995 0.77342446875 0.44640081875000004 0.7837423953125 0.45376562187499997 0.7894889187499999
0 0.4266960015625 0.7714064546875 0.42411038906250004 0.77546718125 0.42477624531249997 0.783077959375 0.43019535624999994 0.78899470625 0.43214105312499995 0.7888244796875 0.4383960953125 0.7818863765625 0.4377302375 0.7742755984375 0.434478771875 0.77072555 0.4266960015625 0.7714064546875
0 0.40701712187499994 0.7705717890625 0.40270776875000003 0.7773396671875 0.4035955765625 0.78748736875 0.40684704375 0.79103741875 0.412684125 0.7905267406250001 0.4172154265625 0.7862957859375 0.41610566562500007 0.7736111609375 0.41285419687499997 0.7700611125 0.40701712187499994 0.7705717890625
0 0.4172413671875 0.797797065625 0.4146557546875 0.801857790625 0.41532161093750003 0.8094685703125 0.41879503281249997 0.8155555437500001 0.42268641718750005 0.815215090625 0.42721772031249994 0.8109841359375001 0.42632991093749995 0.800836434375 0.4209108 0.7949196875 0.4172413671875 0.797797065625
0 0.45184586875 0.8011604234374999 0.44923432031250005 0.793719871875 0.440367728125 0.793217428125 0.436058375 0.7999853031249999 0.4388918765625 0.8099627796875 0.44970416406249997 0.810295 0.45184586875 0.8011604234374999
0 0.4609084765625 0.7926985140625 0.4594066875 0.7979425906250001 0.460294496875 0.8080902921875 0.4635459625 0.81164034375 0.471328734375 0.8109594390625 0.473914346875 0.806898709375 0.4728045859375 0.7942140859375 0.469553115625 0.7906640375 0.4609084765625 0.7926985140625
0 0.4844787421875 0.7931927296875 0.482976953125 0.79843680625 0.48581045468750006 0.8084142812499999 0.49662274375 0.8087465 0.4989864 0.80214885 0.49809859218749997 0.7920011484375 0.49290142968749995 0.7886213234375 0.4870643546875 0.7891320015625001 0.4844787421875 0.7931927296875
0 0.5058813625 0.79132024375 0.5043795734375001 0.7965643203125 0.508074946875 0.8051882171875 0.5160796703125 0.807044240625 0.5223347140625 0.8001061359375001 0.52166885625 0.79249535625 0.5162497421875 0.7865786109374999 0.508466971875 0.787259515625 0.5058813625 0.79132024375
0 0.53376098125 0.7850465765625 0.53117536875 0.7891073046875 0.531841225 0.796718078125 0.537038384375 0.8000979015624999 0.54092976875 0.79975745 0.54351538125 0.795696721875 0.542849525 0.7880859484375 0.53959805625 0.7845358984375 0.53376098125 0.7850465765625
0 0.5551635984375001 0.783174090625 0.5525779890625 0.78723481875 0.55368775 0.7999194421875 0.5588849125 0.8032992671875 0.56644573125 0.8000814359374999 0.5688093875 0.7934837828125 0.5683654828125 0.78840993125 0.56294636875 0.7824931859375 0.5551635984375001 0.783174090625
0 0.5765662218750001 0.781301603125 0.57225686875 0.7880694796875 0.573144678125 0.79821718125 0.5783418390625 0.80159700625 0.582233225 0.8012565546875001 0.5884882671875 0.79431845 0.587600459375 0.7841707484375 0.582403296875 0.780790925 0.5765662218750001 0.781301603125
0 0.6014682 0.7970173671875 0.6073052750000001 0.7965066890625 0.611614628125 0.789738809375 0.6111707234375 0.7846649578125 0.6057516109375001 0.7787482125 0.598190790625 0.7819660421875 0.59821673125 0.7934673203125 0.6014682 0.7970173671875
0 0.6347669265625 0.79666045 0.6390762796875 0.7898925734375 0.6384104234375 0.78228179375 0.632991309375 0.7763650484375 0.6234848000000001 0.779753103125 0.6208991875 0.783813828125 0.6217869968749999 0.7939615296875 0.625038465625 0.79751158125 0.629151803125 0.799708053125 0.6308755406250001 0.797000903125 0.6347669265625 0.79666045
0 0.6121104109375 0.8178152171875 0.6153618796875 0.821365265625 0.62314465 0.8206843609375 0.6252863546875 0.8115497843749999 0.6196452890625 0.803096109375 0.615753903125 0.8034365609374999 0.611444553125 0.8102044390625001 0.6121104109375 0.8178152171875
0 0.5961269031249999 0.8256044499999999 0.6000182890625 0.8252639984375 0.6026038984375 0.8212032703125001 0.6017160890625 0.81105556875 0.5943512859375 0.8053090468749999 0.58981998125 0.8095400015625 0.588762096875 0.8198579296874999 0.5961269031249999 0.8256044499999999
0 0.5690572765625 0.8075219859375 0.5647479265625 0.8142898640625 0.56519183125 0.8193637140625001 0.5725566375 0.8251102390625 0.5764480234375 0.8247697859375 0.5807573734375 0.8180019062499999 0.5800915171875001 0.8103911328125 0.5748943578125 0.8070113078125001 0.5690572765625 0.8075219859375
0 0.5565212515625 0.8098969171875 0.5513240921875 0.8065170953124999 0.5457089640625 0.8095646999999999 0.5431233546875001 0.813625428125 0.5440111640625 0.8237731281249999 0.549208325 0.8271529515625 0.5530997109375 0.8268124984374999 0.5591328015625 0.8173374703125 0.5589108484375 0.8148005421875 0.5565212515625 0.8098969171875
0 0.52236065 0.8116074125000001 0.519775040625 0.8156681406249999 0.52066285 0.8258158421875 0.523914315625 0.829365890625 0.5316970875 0.8286849859375 0.5360064390625 0.8219171046874999 0.5355625359375 0.8168432546875 0.530143421875 0.8109265078125001 0.52236065 0.8116074125000001
0 0.4973145375 0.8278585546875 0.5027336499999999 0.8337753015624999 0.5066250359375 0.8334348500000001 0.5109343859375 0.826666971875 0.5096026734375 0.8114454203125 0.498790384375 0.8111132 0.496204775 0.8151739250000001 0.4973145375 0.8278585546875
0 0.47760972031250004 0.8155226109375 0.4733003671875 0.8222904890624999 0.47396622343750006 0.8299012671874999 0.47721768906250006 0.8334513156250001 0.48694615625 0.8326001843749999 0.48930981406249996 0.8260025296875 0.48669826406250005 0.8185619828125 0.4834467953125 0.8150119328125 0.47760972031250004 0.8155226109375
0 0.45145384218749995 0.8190891234375 0.449952053125 0.8243332015625 0.45083986249999997 0.834480903125 0.458204665625 0.8402274265624999 0.4638197953125 0.8371798234375 0.4664054046875 0.8331190953125001 0.46529564375000004 0.8204344703125 0.46204417812500004 0.8168844203125 0.45145384218749995 0.8190891234375
0 0.4328587828125 0.8194378109375 0.4285494328125 0.8262056890625 0.4289933375 0.8312795390625001 0.43441244843750004 0.8371962890625 0.43635814375 0.8370260625 0.44002757812500004 0.8341486859374999 0.44239123437499994 0.827551034375 0.4389178171875 0.8214640578125 0.4328587828125 0.8194378109375
0 0.417293240625 0.82079961875 0.40928851718750003 0.8189435984375001 0.404757215625 0.8231745500000001 0.40369933125 0.8334924765625 0.4093403984375 0.8419461531250001 0.41517747343750006 0.8414354749999999 0.41970877812499996 0.8372045203124999 0.41904292187500003 0.8295937468749999 0.420544709375 0.82434966875 0.417293240625 0.82079961875
0 0.42707358125 0.84295104375 0.42123650625 0.8434617203125001 0.41865089375000003 0.8475224484374999 0.41714910625 0.8527665234375 0.41998260781249996 0.8627439984375 0.42323407656249995 0.8662940499999999 0.4310168484375 0.8656131468750001 0.43360245624999993 0.8615524171875 0.4324926953125 0.84886779375 0.42707358125 0.84295104375
0 0.44310896875 0.8581643640625 0.4483061265625 0.8615441859375 0.4545611734375 0.8546060796875 0.45411726874999997 0.8495322281250001 0.4508658 0.8459821812499999 0.44502872499999996 0.8464928593750001 0.4424431125 0.850553584375 0.44310896875 0.8581643640625
0 0.469930703125 0.8622086250000001 0.48052103593749995 0.86000391875 0.479411275 0.8473192890625001 0.476159809375 0.8437692421874999 0.47204647031249997 0.8415727703125 0.46556947343750005 0.84597395 0.4645115890625 0.856291878125 0.469930703125 0.8622086250000001
0 0.49522470625 0.8599956859375 0.4991160921875 0.859655234375 0.5032034921874999 0.8503504281250001 0.5027595875 0.8452765765624999 0.49950812187500004 0.8417265296875 0.4897796546875 0.8425776609375 0.48980559531249995 0.8540789390624999 0.49522470625 0.8599956859375
0 0.511182278125 0.8407051734375001 0.508596665625 0.8447658984374999 0.5090405703124999 0.8498397499999999 0.51445968125 0.8557565 0.5241881484375 0.8549053687500001 0.5267737578125 0.85084464375 0.5241622078125 0.8434040906250001 0.5209107390625001 0.83985404375 0.511182278125 0.8407051734375001
0 0.5356144125 0.8398458124999999 0.534556528125 0.8501637390625 0.5378079953125 0.8537137859374999 0.545590765625 0.8530328828125 0.548176378125 0.8489721578125 0.54728856875 0.83882445625 0.5440370999999999 0.8352744062499999 0.538200025 0.8357850843750001 0.5356144125 0.8398458124999999
0 0.5673854140625 0.83323169375 0.5615483390625 0.8337423718749999 0.5589627265625 0.8378031 0.5576828890625001 0.8455840984374999 0.5611563078125 0.8516710734374999 0.5652696453125 0.8538675484375 0.5711067265625001 0.8533568703125001 0.5754160765624999 0.8465889921875001 0.574972171875 0.8415151406250001 0.5673854140625 0.83323169375
0 0.5840347796875001 0.8330532328125001 0.5829768953125 0.843371159375 0.58839600625 0.849287909375 0.5922873921875 0.84894745625 0.5965967453125 0.8421795781249999 0.5957089359375 0.8320318765625 0.5924574703125 0.828481828125 0.5866203890625 0.82899250625 0.5840347796875001 0.8330532328125001
0 0.6080230125 0.82712001875 0.603713659375 0.8338879 0.604379515625 0.8414986734375001 0.6097986296875 0.847415421875 0.613690015625 0.8470749703125 0.617999365625 0.8403070906250001 0.617333509375 0.8326963171875 0.6119143984375001 0.8267795671875 0.6080230125 0.82712001875
0 0.631371325 0.8250773062500001 0.6270619734375 0.8318451874999999 0.62794978125 0.8419928890625 0.6303393796875 0.8468965125000001 0.6355365374999999 0.8502763359375001 0.641347678125 0.838264378125 0.640681821875 0.8306536046874999 0.6352627109375 0.8247368546875 0.631371325 0.8250773062500001
0 0.6182472578125 0.85434529375 0.6156616453125 0.8584060234375 0.61610555 0.863479875 0.6215246609375 0.8693966218750001 0.6254160468750001 0.8690561703125 0.6297254 0.8622882921875 0.6292814953125 0.8572144406250001 0.6260300296875 0.8536643906249999 0.6182472578125 0.85434529375
0 0.6024597640625 0.853170178125 0.5966226828125001 0.8536808562499999 0.5940370734375 0.85774158125 0.592535284375 0.862985659375 0.5953687859375 0.8729631343750001 0.6005659484375 0.8763429578125 0.6044573328125 0.8760025062500001 0.6087666828125 0.869234628125 0.607878875 0.8590869265625001 0.6024597640625 0.853170178125
0 0.5715506312499999 0.8584307203125 0.5689650187499999 0.8624914484374999 0.569630875 0.870102221875 0.5728823453125 0.8736522734375001 0.5826108062500001 0.8728011421874999 0.5851964171875 0.8687404125 0.5845305609375 0.8611296390625001 0.57911145 0.8552128906249999 0.5715506312499999 0.8584307203125
0 0.5501480078125 0.86030320625 0.5475623984375 0.8643639343749999 0.5486721593749999 0.8770485593749999 0.5540912734375001 0.8829653078125 0.557982659375 0.88262485625 0.562292009375 0.8758569765625 0.5611822484375 0.863172353125 0.5579307796874999 0.859622303125 0.5501480078125 0.86030320625
0 0.53611019375 0.8679222140625 0.532858728125 0.864372165625 0.5250759578124999 0.8650530703125 0.5224903453125 0.869113796875 0.525963765625 0.8752007718750001 0.5365540984375 0.8729960640625001 0.53611019375 0.8679222140625
0 0.5006438203125 0.8659124328125 0.49914203125 0.871156509375 0.4998078875 0.8787672875 0.5030593578125 0.8823173359375 0.510842128125 0.8816364312499999 0.5134277375 0.8775757046875 0.512539928125 0.8674280046874999 0.5092884625 0.863877953125 0.5006438203125 0.8659124328125
0 0.48010306875 0.8664313453125001 0.47579371875 0.873199221875 0.476237621875 0.878273071875 0.481656734375 0.8841898234375 0.4894395046875 0.8835089187499999 0.49374885781250005 0.8767410375000001 0.4930830015625 0.8691302640625 0.48983153437500004 0.8655802140625 0.48010306875 0.8664313453125001
0 0.45416914531249997 0.8725347859375001 0.4526673578125 0.8777788640624999 0.456140778125 0.8838658359375 0.4658692390625 0.88301470625 0.4684548515625 0.8789539765625 0.46778899531249996 0.8713432031250001 0.46453752656249997 0.8677931531249999 0.4567547546875 0.8684740578125 0.45416914531249997 0.8725347859375001
0 0.43535213749999996 0.87034654375 0.432766525 0.8744072718749999 0.43343238125 0.8820180453124999 0.435821978125 0.8869216718749999 0.4446885734375 0.8874241171874999 0.44705223125 0.8808264640625 0.446386375 0.8732156906249999 0.443134909375 0.869665640625 0.43535213749999996 0.87034654375
0 0.40813837499999994 0.884230984375 0.41161179375 0.8903179609375 0.41939456562500005 0.88963705625 0.41892472343750004 0.8730619265625 0.41567325781250003 0.8695118796875001 0.411781871875 0.86985233125 0.40747251875 0.8766202109375 0.40813837499999994 0.884230984375
0 0.425897503125 0.8967371546875 0.42158815 0.9035050312499999 0.42225400625000004 0.9111158109374999 0.42767312031250004 0.9170325578125 0.4354558921875 0.916351653125 0.4380415015625 0.9122909234375 0.4371536921875 0.9021432234375 0.43173457812500005 0.8962264765624999 0.425897503125 0.8967371546875
0 0.44776996406249997 0.91143979375 0.45663655625 0.911942240625 0.45922216875000005 0.907881515625 0.4583343609375 0.8977338140625 0.45291525000000005 0.8918170640625 0.4464382515625 0.8962182421874999 0.4449364625 0.9014623187499999 0.44776996406249997 0.91143979375
0 0.4723721765625 0.8901148031250001 0.46806282499999996 0.896882684375 0.4689506328125 0.9070303859375001 0.474369746875 0.9129471328125 0.48215251875 0.9122662281249999 0.48473812812499995 0.9082054984375001 0.4836283671875 0.8955208750000001 0.478209253125 0.889604125 0.4723721765625 0.8901148031250001
0 0.5069766796875 0.8934781624999999 0.5037252140625 0.8899281125 0.4959424421875 0.8906090171875001 0.49335683125 0.8946697453124999 0.494466590625 0.9073543687500001 0.4998857015625 0.91327111875 0.5016094453125 0.9105639671875 0.50550083125 0.910223515625 0.508086440625 0.9061627859374999 0.5069766796875 0.8934781624999999
0 0.5178149046875 0.90531165625 0.5210663734375001 0.9088617078125001 0.5286271921875 0.9056438765625 0.5283793 0.8916056765624999 0.5229601890625 0.885688925 0.516483190625 0.8900901046874999 0.514981403125 0.8953341796875 0.5178149046875 0.90531165625
0 0.5523934703125 0.8971737359375 0.549338015625 0.8846593374999999 0.54436280625 0.8838164390625 0.54005345625 0.8905843203125 0.5407193140625 0.8981950937500001 0.546138425 0.9041118421875 0.5523934703125 0.8971737359375
0 0.5642895796875 0.8986893078125 0.5675410484375 0.9022393546874999 0.5733781234374999 0.9017286765625 0.575297878125 0.8900571718749999 0.5696568156249999 0.8816035 0.5649035578125 0.8832975296875001 0.5634017703125 0.8885416062499999 0.5642895796875 0.8986893078125
0 0.59408895 0.8807441390624999 0.58911374375 0.8799012390625001 0.5865281312499999 0.883961965625 0.5850263421874999 0.8892060421875 0.5856922 0.896816821875 0.588943665625 0.9003668687499999 0.5947807468749999 0.899856190625 0.597144403125 0.8932585375000001 0.596478546875 0.8856477640625 0.59408895 0.8807441390624999
0 0.6090405125 0.894774109375 0.612291978125 0.89832415625 0.6161833640625 0.897983703125 0.6187689765625 0.8939229781250001 0.617659215625 0.8812383484374999 0.6124620562499999 0.8778585265625001 0.6081527046875 0.8846264078124999 0.6090405125 0.894774109375
0 0.6407855765625 0.8766587124999999 0.6355884171875 0.8732788890625001 0.6291114203125 0.8776800687499999 0.629555325 0.8827539203124999 0.6278315828125 0.88546106875 0.6287193921875 0.8956087703125 0.63413850625 0.9015255203124999 0.6434230624999999 0.8956005390625 0.6431751734375 0.8815623390624999 0.6407855765625 0.8766587124999999
0 0.6244100390625 0.9023766515625 0.620100690625 0.9091445312499999 0.620766546875 0.916755303125 0.6261856578125 0.9226720546875 0.6300770421874999 0.9223316015625 0.6326626546874999 0.9182708765625 0.63155289375 0.9055862453125 0.628301425 0.9020361984375 0.6244100390625 0.9023766515625
0 0.5991160359375 0.9045895890625 0.5948066843750001 0.9113574703125 0.5952505890625 0.9164313203125 0.59872400625 0.9225182937499999 0.6045610875 0.922007615625 0.6069247453125 0.9154099640625001 0.6047570999999999 0.9130432624999999 0.6043131953125 0.9079694109374999 0.5991160359375 0.9045895890625
0 0.579267078125 0.9242205546875001 0.5831584640624999 0.923880103125 0.5857440765625 0.9198193734375 0.5848562671875001 0.9096716718750001 0.5816047984375 0.9061216249999999 0.575989675 0.9091692281249999 0.5760156125 0.920670503125 0.579267078125 0.9242205546875001
0 0.5638975515625 0.916618009375 0.5604241328125 0.9105310359375001 0.5537251828125 0.9123952875000001 0.5522233953125 0.9176393656249999 0.554391040625 0.9200060671875001 0.555056896875 0.9276168406249999 0.5583083656250001 0.931166890625 0.5621997515625 0.9308264390625001 0.5645634078125 0.9242287890625001 0.5638975515625 0.916618009375
0 0.5314866312500001 0.9271226312499999 0.5347381 0.9306726781249999 0.5386294859375 0.9303322265625 0.5412150953125 0.9262715015625 0.540105334375 0.9135868703125001 0.5331844343750001 0.9129142 0.530598821875 0.9169749312500001 0.5314866312500001 0.9271226312499999
0 0.511167834375 0.9301784671875 0.517004909375 0.9296677890625 0.5169789734375 0.9181665125 0.5187027140625 0.9154593578125001 0.5154512437500001 0.9119093109374999 0.5076684734375 0.9125902140625 0.5079163656250001 0.926628415625 0.511167834375 0.9301784671875
0 0.4957983046875 0.9225759218749999 0.4923248828125 0.9164889484375 0.4864878078125 0.9169996265625 0.48673569843750003 0.93103783125 0.49193285937500003 0.9344176515625 0.49624220937499997 0.9276497718750001 0.4957983046875 0.9225759218749999
0 0.460971846875 0.9166756406250001 0.45838623749999996 0.9207363656249999 0.45949599843750005 0.933420996875 0.46491511250000006 0.9393377421875 0.47075218750000003 0.9388270640625 0.47506154062499995 0.9320591874999999 0.4739517796875 0.91937455625 0.4665869765625 0.9136280375 0.460971846875 0.9166756406250001
0 0.43979118125000005 0.9210850515625 0.435481828125 0.9278529296875 0.4359257328125 0.9329267796874999 0.44134484687500003 0.9388435296875001 0.4452362328125 0.938503078125 0.449767534375 0.9342721265625 0.4488797265625 0.9241244249999999 0.4436825671875 0.9207445999999999 0.43979118125000005 0.9210850515625
0 0.4125774203125 0.9349694921875 0.4158288859375 0.93851954375 0.4216659671875 0.9380088656250001 0.4242515765625 0.9339481359375 0.42314181562500003 0.9212635125 0.4142752203125 0.920761065625 0.4116896109375 0.924821790625 0.4125774203125 0.9349694921875
0 0.43789736562500003 0.9442578328125 0.4281689 0.9451089640625 0.42558328906250004 0.9491696890625001 0.4240815015625 0.9544137656249999 0.42713695625000003 0.9669281703125 0.43255606875 0.9728449156250001 0.4401168875 0.9696270859375 0.4427024984375 0.9655663609375 0.44114883125000004 0.9478078796875 0.43789736562500003 0.9442578328125
0 0.4558784421875 0.959300928125 0.45935186406249995 0.9653879 0.46324325 0.9650474484375 0.4658288578125 0.9609867203125001 0.46427519375 0.9432282453124999 0.45735429375000003 0.9425555718749999 0.45476868125000003 0.9466162984375 0.4558784421875 0.959300928125
0 0.4870095265625 0.9565773109375 0.484176025 0.946599834375 0.480924559375 0.9430497843750001 0.47703317343749996 0.9433902375000001 0.47444756093749996 0.947450965625 0.4729457734375 0.9526950421875 0.4751134171875 0.9550617390625 0.47555732187500005 0.960135590625 0.48075448125 0.9635154140625 0.4846458671875 0.9631749624999999 0.4870095265625 0.9565773109375
0 0.5062704421875 0.9638394 0.5099398765625 0.9609620234375 0.5123035328125 0.9543643718749999 0.5114157234375 0.9442166703125 0.5081642578125 0.9406666203125 0.5006034390625 0.94388445 0.50107328125 0.9604595796875 0.5062704421875 0.9638394
0 0.5215621515625 0.9369381125 0.517252803125 0.9437059921875001 0.5183625640625 0.9563906171875001 0.5216140328125001 0.9599406671875 0.529396803125 0.9592597625 0.5317604609375 0.9526621109375 0.531094603125 0.9450513328125 0.5254535375 0.9365976609375 0.5215621515625 0.9369381125
0 0.5421029046875 0.936419203125 0.540601115625 0.9416632796875 0.541488925 0.9518109812500001 0.5469080359375 0.957727728125 0.5507994203125001 0.9573872765625 0.554886821875 0.9480824703125 0.554220965625 0.940471696875 0.5488018515624999 0.9345549484375001 0.5421029046875 0.936419203125
0 0.567396909375 0.9342062640625001 0.565895121875 0.9394503406249999 0.56678293125 0.9495980421875 0.5702563484375001 0.9556850156250001 0.5760934296875 0.9551743374999999 0.5786790390625 0.951113609375 0.5797369234375 0.94079568125 0.5740958593750001 0.932342009375 0.567396909375 0.9342062640625001
0 0.6022493046874999 0.951607825 0.6009175921875001 0.9363862718749999 0.59594238125 0.9355433718749999 0.593356771875 0.9396040984375 0.594466534375 0.952288728125 0.5996636953125 0.9556685500000001 0.6022493046874999 0.951607825
0 0.6251537140625001 0.9444912593750001 0.624709809375 0.9394174109375 0.62643355 0.9367102562499999 0.623822 0.929269709375 0.620570534375 0.9257196578125001 0.6166791484374999 0.9260601093749999 0.6123697953125 0.9328279875 0.6108680078125001 0.9380720640625 0.61347955625 0.9455126171874999 0.6167310234375 0.9490626656250001 0.6225681046875 0.9485519859375 0.6251537140625001 0.9444912593750001
0 0.6352742046875 0.925711425 0.634660225 0.9411032015625 0.637049821875 0.9460068265625001 0.6424689359375 0.9519235765625 0.6444146265625 0.95175335 0.64894593125 0.9475223984375001 0.647392265625 0.9297639171875 0.6419731515625 0.9238471703125001 0.6352742046875 0.925711425
0 0.3547027171875 0.10538666249999999 0.360317846875 0.1023390578125 0.364627196875 0.0955711796875 0.36093182343749997 0.08694728125 0.3531490515625 0.0876281859375 0.3505634421875 0.0916889109375 0.3490616546875 0.0969329875 0.3547027171875 0.10538666249999999
0 0.374773628125 0.0882926234375 0.37218801562500003 0.09235335156249999 0.373075825 0.10250105312499999 0.37632729375 0.1060511015625 0.38411006406250003 0.105370196875 0.3866956734375 0.1013094703125 0.3858078640625 0.09116176875000001 0.3825563984375 0.08761171875 0.374773628125 0.0882926234375
0 0.40006763125000006 0.08607968437499999 0.394034540625 0.0955547171875 0.3944784453125 0.10062856718749999 0.3977299109375 0.104178615625 0.407458378125 0.10332748437499999 0.41004398750000004 0.0992667578125 0.4093781296875 0.0916559796875 0.40395901562500003 0.0857392328125 0.40006763125000006 0.08607968437499999
0 0.41977244999999996 0.098415628125 0.42302392031249997 0.1019656765625 0.430806690625 0.101284771875 0.43317034843749996 0.0946871171875 0.4305587984375 0.08724657031250001 0.42169220625000003 0.0867441234375 0.41910659375000003 0.09080485 0.41977244999999996 0.098415628125
0 0.4467642578125 0.081994259375 0.4407311671875 0.091469290625 0.44117507187499994 0.096543140625 0.448539875 0.1022896625 0.4524312609375 0.1019492109375 0.4567406140625 0.09518133281249999 0.45607475624999994 0.0875705546875 0.4506556421875 0.0816538078125 0.4467642578125 0.081994259375
0 0.46474533593749995 0.0970373515625 0.472110140625 0.102783875 0.47836518593750005 0.09584576875 0.4776993296875 0.0882349953125 0.470334521875 0.082488471875 0.46666508906250004 0.0853658484375 0.4640794796875 0.089426578125 0.46474533593749995 0.0970373515625
0 0.487205840625 0.0848469375 0.485704053125 0.0900910140625 0.48853755468750004 0.10006848906250002 0.49178902031250005 0.1036185390625 0.4976261015625 0.10310786093749999 0.5017134984375 0.09380305625 0.5008256906249999 0.0836553546875 0.49346088281249995 0.077908834375 0.487205840625 0.0848469375
0 0.5114160265625001 0.08145065 0.5071066734375 0.0882185265625 0.507328625 0.0907554546875 0.5151373328125 0.1015758265625 0.51902871875 0.10123537499999999 0.523338071875 0.09446749843749999 0.5224502625 0.08431979687499999 0.5170311484375001 0.07840304687500001 0.5114160265625001 0.08145065
0 0.5499119140625 0.084473553125 0.5425471109375 0.0787270328125 0.538655725 0.079067484375 0.534346371875 0.0858353625 0.535012228125 0.0934461421875 0.542598984375 0.10172958750000001 0.5503817546875001 0.101048684375 0.5529673671875 0.0969879578125 0.5523015109375 0.0893771796875 0.5499119140625 0.084473553125
0 0.5691468890625 0.080234371875 0.563949728125 0.0768545453125 0.55616695625 0.07753544999999999 0.55185760625 0.084303328125 0.5523015109375 0.0893771796875 0.5544691562499999 0.09174388125 0.5549130609375 0.09681773125000001 0.5666131546875001 0.10729765 0.5709225078125 0.1005297734375 0.5691468890625 0.080234371875
0 0.5489059078125 0.1177940390625 0.5521573734375 0.1213440875 0.5579944546875 0.1208334078125 0.5603581109375 0.1142357546875 0.5575246093749999 0.10425827812499999 0.5497418390625 0.1049391828125 0.54824005 0.1101832609375 0.5489059078125 0.1177940390625
0 0.5275032875 0.119666525 0.5309767078125 0.1257534984375 0.532922396875 0.125583271875 0.53723175 0.1188153953125 0.5363439421875 0.10866769375 0.5309248281250001 0.10275094375 0.526615478125 0.1095188234375 0.5275032875 0.119666525
0 0.501987328125 0.1193425359375 0.5091301796875001 0.12255213437500001 0.513661484375 0.1183211796875 0.512995628125 0.11071040624999999 0.5075765140625 0.10479365781250001 0.5036851296875 0.105134109375 0.50109951875 0.109194834375 0.501987328125 0.1193425359375
0 0.4838361765625 0.12476507187500001 0.48772756250000004 0.12442462031249998 0.4920369125 0.11765674374999999 0.49137105625000005 0.1100459640625 0.48811958750000006 0.1064959171875 0.4783911265625 0.10734704843750001 0.4784170625 0.1188483265625 0.4838361765625 0.12476507187500001
0 0.45893419843750005 0.1090493078125 0.4546248453125 0.1158171875 0.45506875 0.12089103906250001 0.46048786406250003 0.126807784375 0.46437925 0.1264673328125 0.4689105515625 0.12223637812499999 0.47019038750000003 0.1144553796875 0.4647712734375 0.10853863125 0.45893419843750005 0.1090493078125
0 0.4353639328125 0.1085550953125 0.43277832031249996 0.112615825 0.43366612968749996 0.1227635265625 0.43691759843750005 0.126313571875 0.440808984375 0.12597312031250002 0.44511833437500004 0.11920524218749999 0.4446744296875 0.114131390625 0.43925531875 0.10821464218750002 0.4353639328125 0.1085550953125
0 0.41332139375 0.11431808437499999 0.41204155625 0.12209908437500001 0.4174606703125 0.1280158328125 0.4232977453125 0.1275051546875 0.42588335781250003 0.1234444296875 0.42499555000000006 0.113296728125 0.42174407968749994 0.10974667656249999 0.41590700468749997 0.1102573546875 0.41332139375 0.11431808437499999
0 0.3848018578125 0.12448224999999999 0.3956141421875 0.1248144703125 0.3981997546875 0.12075374375 0.3975338984375 0.113142965625 0.3942824296875 0.1095929171875 0.3864996578125 0.11027382187500001 0.3839140484375 0.11433454843749999 0.3848018578125 0.12448224999999999
0 0.36898842656249997 0.11180585624999999 0.3646790734375 0.11857373593750001 0.3653449296875 0.126184509375 0.37076404375 0.132101259375 0.372709734375 0.13193103281250002 0.3770190875 0.12516315312499998 0.376131278125 0.1150154515625 0.3728798125 0.111465403125 0.36898842656249997 0.11180585624999999
0 0.3428325484375 0.115372371875 0.343276453125 0.1204462234375 0.3415527125 0.123153371875 0.343942309375 0.128056996875 0.34719377812499996 0.131607046875 0.3510851640625 0.13126659375 0.3503933671875 0.11215453906249999 0.3454181609375 0.11131164375 0.3428325484375 0.115372371875
0 0.35564240625 0.13853691875000002 0.35305679375 0.14259764375 0.3537226515625 0.15020842343750002 0.3591417609375 0.15612516875 0.3649788421875 0.155614490625 0.369066240625 0.1463096875 0.3664546921875 0.1388691390625 0.36125752968749997 0.1354893140625 0.35564240625 0.13853691875000002
0 0.39113471718750004 0.15204797812499998 0.39002495625 0.1393633484375 0.3802964921875 0.1402144796875 0.379238609375 0.15053240625 0.38465772343750004 0.15644915625 0.38854910781249996 0.1561087046875 0.39113471718750004 0.15204797812499998
0 0.40428472187500003 0.1342812671875 0.40169911249999996 0.1383419921875 0.40258692187499995 0.14848969375 0.40800603593749996 0.15440644375 0.4099517265625 0.15423621875 0.414261078125 0.1474683375 0.41337327031250004 0.1373206359375 0.41012180468750004 0.1337705890625 0.40428472187500003 0.1342812671875
0 0.42398954218749996 0.1466172078125 0.43135435 0.15236373125 0.4350237828125 0.149486353125 0.4349978421875 0.137985078125 0.42980068437499996 0.134605253125 0.42613124999999996 0.13748263125 0.4235456375 0.1415433578125 0.42398954218749996 0.1466172078125
0 0.4470899640625 0.13053629375 0.4427806140625 0.1373041734375 0.4434464703125 0.144914946875 0.44886558125000003 0.150831696875 0.4547026625 0.15032101874999998 0.457288271875 0.1462602921875 0.4564004625 0.136112590625 0.4509813484375 0.1301958421875 0.4470899640625 0.13053629375
0 0.4821383734375 0.138973503125 0.4786649515625 0.1328865265625 0.4728278765625 0.1333972046875 0.47024226406249997 0.13745793125 0.4711300734375 0.1476056328125 0.479996665625 0.1481080796875 0.4821383734375 0.138973503125
0 0.49423049375000006 0.13152471875 0.491644884375 0.1355854453125 0.4923107421875 0.1431962234375 0.49772985625 0.14911297031249998 0.501621240625 0.14877251875 0.50420685 0.144711790625 0.5033190421875 0.1345640890625 0.5000675765625 0.131014040625 0.49423049375000006 0.13152471875
0 0.5161029593750001 0.14622736249999999 0.5232458109375 0.14943695625 0.5275551640625 0.14266907812500002 0.5268893078125 0.1350583046875 0.52147019375 0.129141553125 0.5175788078125 0.12948200625 0.5149931984375 0.1335427328125 0.5161029593750001 0.14622736249999999
0 0.5389814312500001 0.12760951874999998 0.53639581875 0.1316702453125 0.5375055796875 0.144354875 0.5398951765625 0.1492584984375 0.5507074624999999 0.14959071875000002 0.553071121875 0.1429930671875 0.5521833140625 0.132845365625 0.5467642015624999 0.1269286140625 0.5389814312500001 0.12760951874999998
0 0.5603840484375 0.12573703281249998 0.5560746984375 0.13250491250000002 0.556518603125 0.1375787625 0.5643273140625 0.1483991359375 0.5682187 0.148058684375 0.5725280500000001 0.14129080624999998 0.5714182890624999 0.1286061765625 0.5681668203125 0.125056128125 0.5603840484375 0.12573703281249998
0 0.5528751093750001 0.1519574171875 0.550289496875 0.15601814218750001 0.5511773062499999 0.16616584375000001 0.554428775 0.1697158953125 0.5602658500000001 0.16920521718749998 0.564575203125 0.1624373390625 0.5643532515625 0.15990041093750001 0.5587121859375 0.1514467390625 0.5528751093750001 0.1519574171875
0 0.5275811015625 0.15417035625 0.5249954921875 0.15823108125000002 0.527607040625 0.16567163437500002 0.530858509375 0.16922168124999998 0.5366955859375 0.168711003125 0.53883729375 0.15957642656249998 0.536447696875 0.154672803125 0.531250534375 0.1512929796875 0.5275811015625 0.15417035625
0 0.5098479171875 0.153165465625 0.5055385640625001 0.1599333421875 0.5064263718750001 0.17008104375 0.511623534375 0.17346086875 0.5155149203125 0.173120415625 0.5181005296875 0.1690596875 0.5172127203125 0.1589119859375 0.51179360625 0.1529952390625 0.5098479171875 0.153165465625
0 0.48285610781250005 0.169586834375 0.48805326875 0.1729666546875 0.49236261875 0.166198775 0.4916967625 0.1585880015625 0.48844529375 0.155037953125 0.4845539078125 0.1553784046875 0.48196829843750005 0.1594391328125 0.48285610781250005 0.169586834375
0 0.4612055953125 0.15742111718750001 0.45861998593750003 0.1614818453125 0.45950779375 0.171629546875 0.462759259375 0.17517959375 0.47054203125000005 0.1744986890625 0.47290569062500004 0.1679010359375 0.47007218906250003 0.15792356093749998 0.46682072343750003 0.1543735125 0.4612055953125 0.15742111718750001
0 0.4354676875 0.1545602046875 0.43288207500000003 0.1586209328125 0.433769884375 0.168768634375 0.437021353125 0.1723186828125 0.44308037968749997 0.17434492968749998 0.4473897328125 0.1675770515625 0.4467238765625 0.1599662734375 0.43935907343749997 0.1542197515625 0.4354676875 0.1545602046875
0 0.41584068125 0.17672809375 0.4216777625 0.17621741562499998 0.42426337187499996 0.1721566875 0.42359751562500003 0.16454591406250002 0.42034605 0.1609958640625 0.41170140625 0.1630303421875 0.41019961875 0.16827441875 0.41584068125 0.17672809375
0 0.3708677984375 0.17810636875000002 0.374759184375 0.177765915625 0.37734479374999996 0.17370518906250002 0.3751771484375 0.1713384875 0.3745112921875 0.1637277140625 0.36672852031250003 0.16440861874999999 0.365448684375 0.17218961875 0.3708677984375 0.17810636875000002
0 0.3459658203125 0.162390603125 0.3416564671875 0.16915848125 0.34210037031249996 0.17423233124999998 0.3453518375 0.1777823828125 0.3533565609375 0.17963840312499998 0.35961160625 0.172700296875 0.35700005625000003 0.1652597484375 0.353748590625 0.1617096984375 0.3459658203125 0.162390603125
0 0.393524315625 0.156951603125 0.39202252656250003 0.16219567968749998 0.393354240625 0.1774172328125 0.39660570625 0.18096727968749998 0.40049709062499994 0.180626828125 0.40286075156249995 0.17402917499999998 0.40197294218749996 0.16388147343749998 0.3963318796875 0.1554278 0.393524315625 0.156951603125
0 0.3592195796875 0.190629003125 0.35771779062500003 0.1958730796875 0.3605512921875 0.20585055468750002 0.3674721921875 0.20652322656250002 0.3715595921875 0.1972184203125 0.3711156875 0.19214456875000002 0.3656965734375 0.1862278234375 0.3618051875 0.186568275 0.3592195796875 0.190629003125
0 0.39251830781249997 0.19027208281250002 0.3892668390625 0.1867220359375 0.38148406874999996 0.1874029390625 0.3817319609375 0.201441140625 0.38887481562500004 0.2046507390625 0.3925442484375 0.2017733609375 0.39251830781249997 0.19027208281250002
0 0.4053022265625 0.2019353546875 0.4141688171875 0.2024378015625 0.416532478125 0.1958401484375 0.41586662187499995 0.18822936875000001 0.4104475109375 0.18231262343750002 0.40397051250000005 0.1867138046875 0.402468725 0.1919578796875 0.4053022265625 0.2019353546875
0 0.43207207968750005 0.1829770625 0.4277627296875 0.189744940625 0.4284285859375 0.19735571406250002 0.43168005625 0.200905765625 0.43751713125 0.2003950875 0.44010274374999997 0.1963343578125 0.439214934375 0.18618665625 0.435963465625 0.18263660937499998 0.43207207968750005 0.1829770625
0 0.44894339843750003 0.18533552656250002 0.4476635625 0.19311653281250002 0.451136984375 0.1992035046875 0.46086544375000005 0.198352375 0.46345105625 0.1942916453125 0.4625632484375 0.18414394375 0.459311778125 0.180593896875 0.4515290078125 0.1812748015625 0.44894339843750003 0.18533552656250002
0 0.4766529390625 0.19952749218750002 0.4824900203125 0.1990168140625 0.48679937031250003 0.1922489328125 0.4861335140625 0.184638159375 0.47876870625 0.17889163749999998 0.4731535828125 0.1819392390625 0.4734014734375 0.19597744374999998 0.4766529390625 0.19952749218750002
0 0.49369433125000006 0.1814203265625 0.49219254375 0.1866644046875 0.4928584 0.1942751828125 0.4982775140625 0.20019192968750002 0.5021689 0.19985147812499998 0.5084239421875 0.192913375 0.5077580859374999 0.185302596875 0.5042846671875 0.1792156234375 0.49369433125000006 0.1814203265625
0 0.5200721625 0.1803907390625 0.51748655 0.184451465625 0.51815240625 0.19206224375 0.5214038750000001 0.1956122921875 0.527462903125 0.1976385390625 0.53177225625 0.1908706609375 0.5311063984375 0.1832598828125 0.5278549328125 0.17970983437500002 0.5200721625 0.1803907390625
0 0.5431985234375001 0.1758111015625 0.5388891703125 0.1825789796875 0.5393330749999999 0.1876528296875 0.5428064921875 0.19373980625 0.5505892640625001 0.1930589015625 0.5531748765625 0.188998175 0.5522870671875 0.1788504734375 0.5490355984375 0.17530042343750002 0.5431985234375001 0.1758111015625
0 0.5775810734375 0.17663753437500002 0.5743296078125 0.173087484375 0.5665468359375 0.1737683890625 0.56051374375 0.18324342031250002 0.5611796 0.19085419374999998 0.5663767578125001 0.19423401875 0.5741595296875001 0.1935531140625 0.576327178125 0.19591981249999998 0.5806365265625 0.1891519328125 0.5775810734375 0.17663753437500002
0 0.3475972984375 0.2146529109375 0.3460955109375 0.2198969875 0.3467613671875 0.22750776562500002 0.3500128328125 0.2310578140625 0.355849915625 0.23054713593749998 0.3603812171875 0.22631618437499998 0.3594934078125 0.21616848281249998 0.3562419390625 0.21261843281249998 0.3475972984375 0.2146529109375
0 0.37010968125 0.22546505312499998 0.373361146875 0.2290151015625 0.3811439171875 0.22833419843749997 0.380896028125 0.21429599531250001 0.3776445625 0.21074594531250002 0.3737531765625 0.2110863984375 0.36944382343750004 0.21785427500000001 0.37010968125 0.22546505312499998
0 0.391068396875 0.2185187171875 0.394319865625 0.2220687640625 0.40015694062499996 0.2215580859375 0.4001310046875 0.21005680624999998 0.3923482328125 0.2107377109375 0.391068396875 0.2185187171875
0 0.42239549375 0.206830746875 0.41808614374999997 0.21359862343749997 0.4189739515625 0.22374632499999997 0.422225421875 0.22729637500000002 0.428062496875 0.226785696875 0.43064810937500003 0.22272496875 0.4295383484375 0.21004034374999997 0.426286878125 0.20649029375 0.42239549375 0.206830746875
0 0.4394887640625 0.2117261375 0.438208928125 0.21950714218749998 0.4436280390625 0.2254238890625 0.451410809375 0.224742984375 0.453996421875 0.22068225625000001 0.4531086125 0.21053455468750001 0.44985714374999997 0.20698450625000003 0.4420743734375 0.20766541093750002 0.4394887640625 0.2117261375
0 0.4637248859375 0.2198311265625 0.4669763515625 0.2233811765625 0.47475912343750004 0.22270027187500002 0.47690083124999993 0.2135656921875 0.47125976718749996 0.2051120203125 0.46736838281250004 0.20545247187500001 0.4630590296875 0.21222035312499998 0.4637248859375 0.2198311265625
0 0.49399409843750003 0.21846108593750002 0.49788548437499996 0.218120634375 0.49808149999999995 0.20915628437499997 0.4926623859375 0.20323953281249998 0.486825309375 0.2037502109375 0.48251595781249995 0.2105180921875 0.4829598609375 0.21559194218750002 0.486211328125 0.219141990625 0.4901027125 0.2188015390625 0.4922703609375 0.2211682375 0.49399409843750003 0.21846108593750002
0 0.5117272890625 0.2194659765625 0.517786315625 0.2214922234375 0.52209566875 0.21472434375 0.5216517640625 0.20965049218749998 0.51623265 0.203733746875 0.5097556562500001 0.20813492656250002 0.5082538671875 0.21337900312500002 0.5117272890625 0.2194659765625
0 0.5469457703125 0.20743755468749997 0.5436943015625 0.20388750781249998 0.5395809640625 0.20169103437499997 0.5337438890625 0.20220171250000002 0.5300744546875 0.2050790890625 0.525765103125 0.21184696875000003 0.52620900625 0.2169208203125 0.5316281203125001 0.22283756718749997 0.54135658125 0.22198643749999997 0.5458878859375 0.21775548125 0.5469457703125 0.20743755468749997
0 0.5573141546875 0.202695925 0.5547285421875 0.20675665 0.5553943984374999 0.2143674296875 0.560813509375 0.22028417656250002 0.5647048953125 0.21994372499999998 0.5672905078125 0.21588299531250002 0.5664026984375 0.20573529375000002 0.5631512296875 0.202185246875 0.5573141546875 0.202695925
0 0.5673423843750001 0.2388855515625 0.570815803125 0.24497252500000002 0.5785985734375 0.24429162187500003 0.582464021875 0.23244989375 0.57682295625 0.22399621875000003 0.570763928125 0.22196997187499998 0.5664545750000001 0.22873785 0.5673423843750001 0.2388855515625
0 0.54896928125 0.2417711625 0.5548063562500001 0.241260484375 0.559115709375 0.23449260624999999 0.5573660281249999 0.22569847968749998 0.553252690625 0.22350200625 0.545691871875 0.2267198359375 0.5457178109374999 0.2382211109375 0.54896928125 0.2417711625
0 0.52259145 0.2428007515625 0.5334037390625 0.24313297031249997 0.5359893484375 0.23907224062500002 0.53554544375 0.233998390625 0.5301263296875 0.22808164375 0.5242892546875 0.22859232187499998 0.5199799015625 0.2353602 0.52259145 0.2428007515625
0 0.50288663125 0.230464809375 0.49857728124999995 0.23723268593750002 0.4992431375 0.2448434640625 0.504440296875 0.24822328593749998 0.5122230671875 0.2475423828125 0.5165324203125 0.24077450156250002 0.516088515625 0.23570065156250003 0.5106694015625 0.2297839046875 0.50288663125 0.230464809375
0 0.4812620609375 0.2298003703125 0.4769527078125 0.23656825 0.47761856406250003 0.2441790234375 0.48087003125 0.247729075 0.4867071125 0.2472183953125 0.48929272187499995 0.243157665625 0.48862686406250005 0.2355468921875 0.48320774999999994 0.22963014375 0.4812620609375 0.2298003703125
0 0.453800409375 0.22964660937499998 0.4512147984375 0.2337073375 0.4518806546875 0.2413181109375 0.457299765625 0.2472348609375 0.463136846875 0.24672418281250003 0.46572245624999997 0.24266345781249998 0.464834646875 0.23251575624999998 0.45941553281249997 0.2265990046875 0.453800409375 0.22964660937499998
0 0.4343434828125 0.2313488703125 0.4300341296875 0.238116746875 0.4306999859375 0.2457275265625 0.4361191 0.2516442734375 0.44001048593750003 0.251303821875 0.4425960953125 0.2472430921875 0.4417082859375 0.237095390625 0.43628917187500005 0.2311786453125 0.4343434828125 0.2313488703125
0 0.4226952625 0.243871503125 0.4198617609375 0.23389402656249997 0.4166102921875 0.230343978125 0.40882752031249997 0.23102488281250003 0.4062419109375 0.235085609375 0.40668581562500006 0.240159459375 0.404962075 0.24286661406249999 0.40757362500000005 0.2503071609375 0.41082509062500006 0.2538572125 0.41860786250000004 0.2531763078125 0.4226952625 0.243871503125
0 0.38764685625 0.2354342953125 0.38333750312500003 0.24220217187499998 0.38378140781250003 0.2472760234375 0.38725482499999997 0.2533629984375 0.39331385937499996 0.255389246875 0.3978451609375 0.251158290625 0.3989030453125 0.2408403640625 0.39348393125 0.23492361874999998 0.38764685625 0.2354342953125
0 0.3584614609375 0.2379876875 0.3558758515625 0.242048415625 0.3565417078125 0.2496591890625 0.3600151265625 0.2557461640625 0.3716892828125 0.2547248078125 0.3759986359375 0.24795692812499998 0.3753327796875 0.2403461546875 0.3720813140625 0.2367961046875 0.3584614609375 0.2379876875
0 0.3656561921875 0.2641998359375 0.3582913890625 0.258453315625 0.3524543078125 0.25896399375 0.3481449578125 0.2657318703125 0.350312603125 0.268098571875 0.3507565078125 0.27317242343750003 0.3581213109375 0.2789189453125 0.363736440625 0.275871340625 0.36632205 0.27181061562500003 0.3656561921875 0.2641998359375
0 0.3775782390625 0.277216684375 0.3855829625 0.2790727046875 0.389892315625 0.27230482500000003 0.3892264578125 0.2646940515625 0.38380734375 0.2587773015625 0.37538465625 0.2633487046875 0.37410482031250003 0.2711297109375 0.3775782390625 0.277216684375
0 0.41151688750000004 0.272969265625 0.41040712656249995 0.2602846359375 0.39959483906250004 0.25995241875 0.39700922968749996 0.264013146875 0.398118990625 0.276697771875 0.40893127500000004 0.2770299921875 0.41151688750000004 0.272969265625
0 0.4231651046875 0.26044663125 0.42057949531250005 0.2645073578125 0.4212453515625 0.2721181359375 0.4244968171875 0.275668184375 0.43227958906249997 0.27498727968750003 0.43464324843749996 0.268389625 0.43419934375 0.26331577500000003 0.4287802328125 0.257399028125 0.4231651046875 0.26044663125
0 0.45538001250000004 0.258906365625 0.45212854687500004 0.255356315625 0.446291465625 0.25586699375 0.441982115625 0.2626348703125 0.44481561718749996 0.272612346875 0.4556279015625 0.27294456718750004 0.45538001250000004 0.258906365625
0 0.467941978125 0.268032709375 0.47119344375 0.271582759375 0.47897621562500003 0.2709018546875 0.481561828125 0.266841128125 0.4808959703125 0.25923035 0.47180742656249997 0.25619097968750004 0.46749807343749994 0.2629588609375 0.467941978125 0.268032709375
0 0.49321004375 0.2543184921875 0.48890069374999995 0.2610863734375 0.489122646875 0.2636232953125 0.49454175781250004 0.2695400453125 0.5003788390625 0.26902936718750003 0.5029644484375 0.264968640625 0.5022985906249999 0.25735786250000003 0.49710142968750004 0.25397804062499996 0.49321004375 0.2543184921875
0 0.5165583578125 0.25227577968750003 0.5122490078124999 0.25904366093750003 0.5126929125 0.2641175109375 0.518112021875 0.2700342578125 0.5220034078125 0.26969380625 0.5263127609375 0.262925928125 0.52586885625 0.257852078125 0.5204497421875 0.25193532812499997 0.5165583578125 0.25227577968750003
0 0.5362631765625 0.26461172187500004 0.5395146468750001 0.268161771875 0.5472974171875 0.2674808671875 0.5513848140625 0.2581760609375 0.54791139375 0.2520890890625 0.5399066703125001 0.2502330671875 0.5355973203125 0.2570009484375 0.5362631765625 0.26461172187500004
0 0.559611490625 0.262569009375 0.5628629593750001 0.2661190578125 0.5706457312500001 0.2654381546875 0.570619790625 0.2539368796875 0.567368321875 0.2503868296875 0.561531246875 0.25089750781250003 0.558945634375 0.2549582359375 0.559611490625 0.262569009375
0 0.57503289375 0.2931741078125 0.582815665625 0.292493203125 0.5869030671875 0.2831884015625 0.58451346875 0.27828477500000004 0.581262 0.27473472499999996 0.5715335390625 0.27558585625 0.571781428125 0.289624059375 0.57503289375 0.2931741078125
0 0.551854659375 0.2747511921875 0.54754530625 0.2815190703125 0.5479892109375 0.28659292187499996 0.553408325 0.29250966875 0.5592454 0.29199899218750003 0.5629148328125 0.2891216125 0.562888896875 0.277620334375 0.557691734375 0.2742405140625 0.551854659375 0.2747511921875
0 0.528506346875 0.2767939046875 0.525920734375 0.28085462968749997 0.5268085421875 0.29100233124999997 0.5320057015625 0.29438215625 0.5358970875 0.2940417046875 0.5384826984375 0.28998097500000003 0.5397625359375 0.282199975 0.534343421875 0.27628322656250004 0.528506346875 0.2767939046875
0 0.508827465625 0.2759592390625 0.5071037234375 0.278666390625 0.5032123375 0.27900684375 0.5006267281250001 0.28306756875 0.501292584375 0.2906783484375 0.5036821812500001 0.295581971875 0.5125487734374999 0.2960844171875 0.516636175 0.2867796109375 0.514024625 0.27933906406250003 0.508827465625 0.2759592390625
0 0.4932878609375 0.2888223234375 0.4950116015625 0.286115175 0.49262200468749995 0.28121155 0.48742484218750004 0.2778317265625 0.4818097203125 0.28087932968749996 0.4792241078125 0.2849400546875 0.47988996406249995 0.29255083437499996 0.4822795609375 0.2974544578125 0.49114615625 0.297956903125 0.49373176562500004 0.29389617343749996 0.4932878609375 0.2888223234375
0 0.46018514374999997 0.2802148921875 0.45587579375000004 0.2869827671875 0.4563196984375 0.29205661875 0.46196076093749994 0.30051029375 0.465852146875 0.3001698421875 0.4703834515625 0.2959388859375 0.47144133593750004 0.285620959375 0.46796791562499995 0.27953398749999997 0.46018514374999997 0.2802148921875
0 0.43683683125000006 0.2822576046875 0.434251221875 0.28631833281249996 0.4353609828125 0.29900295625 0.4386124484375 0.3025530078125 0.4444495296875 0.302042328125 0.44875887968750006 0.2952744515625 0.44787107031250006 0.28512675 0.4446196015625 0.2815767 0.43683683125000006 0.2822576046875
0 0.411542828125 0.2844705421875 0.408957215625 0.2885312703125 0.409623071875 0.29614204375000003 0.41482023124999995 0.29952186875 0.42065731250000005 0.29901119062500003 0.423242921875 0.2949504625 0.4223551125 0.2848027609375 0.419103646875 0.2812527125 0.411542828125 0.2844705421875
0 0.3881945140625 0.28651325625 0.38822045156249996 0.29801453125 0.39147191718749996 0.30156458124999996 0.3992546890625 0.3008836765625 0.40356404218749997 0.2941157984375 0.40139639687499995 0.291749096875 0.4009524921875 0.286675246875 0.39575533281249997 0.283295425 0.3881945140625 0.28651325625
0 0.368515634375 0.2856785890625 0.36420628125 0.2924464703125 0.364428234375 0.29498339218749997 0.3679016515625 0.30107036875 0.37568442343749997 0.3003894640625 0.3782700359375 0.2963287375 0.37782613125000003 0.2912548875 0.374352709375 0.2851679109375 0.368515634375 0.2856785890625
0 0.3703171890625 0.31747527343750004 0.36662181875 0.308851371875 0.35883904843750003 0.30953227499999997 0.3562534359375 0.313593003125 0.357363196875 0.326277628125 0.360614665625 0.32982767812499997 0.3645060515625 0.3294872265625 0.369037353125 0.325256271875 0.3685934484375 0.3201824203125 0.3703171890625 0.31747527343750004
0 0.3809334625 0.32677184375 0.3880763171875 0.3299814390625 0.39260761875 0.3257504875 0.393665503125 0.315432559375 0.38802443593749997 0.306978884375 0.3821873609375 0.3074895625 0.3796017484375 0.311550290625 0.3809334625 0.32677184375
0 0.40731129218750006 0.325742253125 0.41314836718750003 0.325231575 0.4172357671875 0.31592676875 0.41462421875000005 0.308486221875 0.41137275000000006 0.304936171875 0.40381193125000003 0.3081540015625 0.4040598234375 0.322192203125 0.40731129218750006 0.325742253125
0 0.4371366 0.319298359375 0.43602683906250006 0.30661373593749996 0.426298375 0.307464865625 0.4252404921875 0.31778279375 0.4306596046875 0.323699540625 0.434550990625 0.3233590875 0.4371366 0.319298359375
0 0.4526762046875 0.306435275 0.45009059375 0.3104960046875 0.45097840156249996 0.32064370625 0.45422987031249995 0.324193753125 0.4620126421875 0.3235128484375 0.46459825156249995 0.31945212343749996 0.46393239375000006 0.31184134375 0.45851328125 0.305924596875 0.4526762046875 0.306435275
0 0.47407882343749996 0.3045627875 0.4714932140625 0.3086235171875 0.472381021875 0.31877121875 0.4756324875 0.32232126562499996 0.48146957031250004 0.3218105875 0.4840551796875 0.31774986250000004 0.4831673703125 0.30760216093750004 0.4779702078125 0.3042223359375 0.47407882343749996 0.3045627875
0 0.5106290203125 0.30775591874999997 0.5032642171874999 0.302009396875 0.4974271359375 0.302520075 0.49311778593750005 0.309287953125 0.49400559531250005 0.3194356546875 0.49920275312499995 0.322815478125 0.505039834375 0.3223048 0.50870926875 0.31942742343749997 0.511072925 0.3128297703125 0.5106290203125 0.30775591874999997
0 0.51713195625 0.31485602031250004 0.520383425 0.31840606718750003 0.5281661953125 0.3177251625 0.530529853125 0.311127509375 0.5279183046875 0.3036869625 0.5190517109375 0.3031845140625 0.5164660984375 0.307245240625 0.51713195625 0.31485602031250004
0 0.54587344375 0.307228778125 0.5471532796874999 0.299447771875 0.540010425 0.2962381765625 0.537424815625 0.3002989015625 0.538090671875 0.30790968125 0.543287834375 0.311289503125 0.54587344375 0.307228778125
0 0.5657483375 0.2990990875 0.563162725 0.3031598140625 0.564050534375 0.313307515625 0.567302003125 0.316857565625 0.5711933890625 0.3165171140625 0.5755027390625 0.3097492375 0.5750588343749999 0.3046753859375 0.5696397234374999 0.29875863593749996 0.5657483375 0.2990990875
0 0.5740528281249999 0.33799586718749997 0.5792499859375 0.341375690625 0.5868108046875 0.3381578609375 0.58678486875 0.3266565828125 0.5813657546875 0.3207398359375 0.5755286796875 0.3212505140625 0.5729430671875 0.3253112421875 0.5740528281249999 0.33799586718749997
0 0.559767121875 0.331576675 0.5593232171875 0.3265028234375 0.55240231875 0.3258301515625 0.54981670625 0.329890878125 0.5504825624999999 0.33750165625 0.55373403125 0.3410517046875 0.5576254171875 0.34071125156250004 0.5602110265625 0.336650525 0.55804338125 0.33428382343749996 0.559767121875 0.331576675
0 0.534277103125 0.3427539640625 0.5401141796875 0.34224328593750003 0.5426997921875001 0.33818255937499997 0.542033934375 0.33057178125000003 0.538782465625 0.32702173437500004 0.5301378265625 0.329056215625 0.5288579890625 0.3368372140625 0.534277103125 0.3427539640625
0 0.5057056921874999 0.32991557656250003 0.505731628125 0.3414168546875 0.5089830953125001 0.344966903125 0.5195734296875 0.342762196875 0.52107521875 0.33751811875 0.5204093624999999 0.3299073453125 0.5171578968749999 0.3263572953125 0.509375125 0.3270382 0.5057056921874999 0.32991557656250003
0 0.4862487640625 0.33161783749999996 0.4836631515625 0.3356785640625 0.48410705624999995 0.3407524140625 0.48952616718749997 0.34666916406250003 0.493417553125 0.34632871249999997 0.49772690468749997 0.33956083125 0.4972830015625 0.33448698125 0.494031534375 0.3309369328125 0.4862487640625 0.33161783749999996
0 0.4640102125 0.34634517656249997 0.46984728750000004 0.3458344984375 0.4724329 0.3417737703125 0.4704612703125 0.3304427203125 0.4646241875 0.3309533984375 0.46095475468749997 0.33383077656250004 0.4607587421875 0.3427951265625 0.4640102125 0.34634517656249997
0 0.441275875 0.33299611093750003 0.438690265625 0.3370568390625 0.43935612187500006 0.3446676125 0.4447752359375 0.35058436406250004 0.44672092656249995 0.3504141375 0.451030278125 0.34364625625 0.450364421875 0.3360354828125 0.44711295624999997 0.3324854328125 0.441275875 0.33299611093750003
0 0.4131743078125 0.33673285000000003 0.4121164234375 0.34705077812499996 0.41753553749999994 0.352967528125 0.42509635625 0.349749696875 0.42940570625 0.342981821875 0.42896180156249997 0.3379079703125 0.42548838125 0.3318209953125 0.417705609375 0.3325019 0.4131743078125 0.33673285000000003
0 0.3963029921875 0.3343743859375 0.3937173796875 0.3384351109375 0.39460518906250003 0.3485828125 0.3978566578125 0.35213286250000003 0.40174804374999995 0.351792409375 0.40605739375 0.34502453437499997 0.40561348906249994 0.33995068281249996 0.40019437812499997 0.334033934375 0.3963029921875 0.3343743859375
0 0.36908923125 0.3482588296875 0.37450834375 0.354175575 0.3820691625 0.3509577453125 0.381821271875 0.3369195453125 0.3785698015625 0.33336949374999997 0.3699251625 0.3354039734375 0.3684233734375 0.34064805 0.36908923125 0.3482588296875
0 0.3596345953125 0.37464943906250003 0.3628860625 0.3781994875 0.36677744687499997 0.377859034375 0.3708648484375 0.3685542328125 0.36522378125 0.3601005578125 0.361332396875 0.360441009375 0.3587467875 0.36450173750000003 0.3596345953125 0.37464943906250003
0 0.3883501421875 0.35552091875 0.38231705312500003 0.3649959484375 0.382982909375 0.3726067265625 0.388623975 0.3810603984375 0.396406746875 0.38037949375 0.39899235625 0.37631876875 0.3976606421875 0.36109721562499997 0.392241528125 0.35518046718749996 0.3883501421875 0.35552091875
0 0.408276915625 0.37039378749999996 0.41152838437500006 0.37394383593749997 0.417365459375 0.37343315781249997 0.41711757031249996 0.3593949546875 0.41386610468749996 0.35584490468749996 0.40997471875 0.3561853578125 0.40738910625 0.36024608593749996 0.408276915625 0.37039378749999996
0 0.4299014875 0.3710582234375 0.4368223875 0.371730896875 0.437018403125 0.362766546875 0.43874214218749996 0.3600593921875 0.4354906734375 0.35650934375 0.4315992875 0.3568497953125 0.429013678125 0.360910521875 0.4299014875 0.3710582234375
0 0.4530019125 0.354977309375 0.44869255937499997 0.361745190625 0.4513041078125 0.3691857375 0.4545555765625 0.3727357875 0.4623383484375 0.3720548828125 0.4649239578125 0.36799415468749996 0.4640361484375 0.35784645312499996 0.4607846828125 0.3542964046875 0.4530019125 0.354977309375
0 0.47829591406249994 0.35276437031249996 0.473986565625 0.3595322515625 0.47443046874999995 0.3646061015625 0.47984957968749997 0.3705228484375 0.4856866609375 0.3700121703125 0.48827227031250003 0.3659514421875 0.4876064140625 0.35834066875000004 0.4821873 0.35242391875 0.47829591406249994 0.35276437031249996
0 0.498000734375 0.36510031249999997 0.5053655421875 0.370846834375 0.511620584375 0.3639087296875 0.510954728125 0.35629795625 0.5055356140625 0.35038120625 0.501644228125 0.3507216578125 0.49733487812500005 0.35748953906250003 0.498000734375 0.36510031249999997
0 0.5323832875 0.3659267453125 0.5323573484375 0.35442546875000003 0.52349075625 0.353923021875 0.5209051437500001 0.357983746875 0.521571 0.3655945265625 0.5287138546875 0.368804121875 0.5323832875 0.3659267453125
0 0.5462250859375 0.3672720875 0.5540078578125 0.3665911828125 0.5563715171875 0.3599935296875 0.5559276125 0.354919678125 0.550508503125 0.34900293125 0.541863859375 0.35103741093749996 0.5408059749999999 0.3613553390625 0.5462250859375 0.3672720875
0 0.57713421875 0.3620115453125 0.57710828125 0.3505102703125 0.5699654296875 0.3473006703125 0.5656560765624999 0.3540685484375 0.56609998125 0.3591424 0.5693514468750001 0.36269245 0.57713421875 0.3620115453125
0 0.5799677234375 0.3719890203125 0.5773821109374999 0.3760497484375 0.5802156125 0.386027225 0.583467078125 0.3895772734375 0.59124985 0.38889636875 0.5938354625 0.3848356421875 0.592947653125 0.374687940625 0.5855828468750001 0.3689414171875 0.5799677234375 0.3719890203125
0 0.5585651 0.3738615078125 0.555979490625 0.37792223593749996 0.5568673000000001 0.38806993749999996 0.5620644609375 0.39144975937500004 0.565955846875 0.3911093078125 0.570265196875 0.3843414265625 0.5695993406250001 0.376730653125 0.5663478703125 0.373180603125 0.5585651 0.3738615078125
0 0.533297034375 0.387575721875 0.5365485 0.391125771875 0.5443312703125 0.3904448671875 0.54669493125 0.3838472171875 0.54408338125 0.3764066640625 0.5352167859375 0.3759042203125 0.532631178125 0.3799649484375 0.533297034375 0.387575721875
0 0.5099487203125 0.389618434375 0.5173135249999999 0.395364959375 0.5229286531249999 0.3923173546875 0.5226807609375 0.37827915 0.5194292921875 0.374729103125 0.5118684734375 0.37794693281249997 0.5092828640625 0.3820076609375 0.5099487203125 0.389618434375
0 0.48854610000000004 0.391490921875 0.49374325937499997 0.3948707453125 0.49763464375 0.39453029375000004 0.50022025625 0.3904695640625 0.4993324484375 0.3803218640625 0.49218959375000004 0.37711226875000003 0.48788024375 0.38388014843749996 0.48854610000000004 0.391490921875
0 0.4688412796875 0.37915498125 0.4645319296875 0.3859228609375 0.464975834375 0.3909967125 0.47039494531250003 0.3969134578125 0.47428633124999997 0.39657300625 0.478595684375 0.3898051296875 0.4781517796875 0.38473127812499996 0.4746783609375 0.378644303125 0.4688412796875 0.37915498125
0 0.4454929671875 0.38119769375 0.4429073578125 0.38525841875 0.44357321406250005 0.3928691984375 0.44682467968750006 0.3964192453125 0.4526617609375 0.3959085671875 0.455247371875 0.3918478421875 0.45480346718750003 0.386773990625 0.44938435312499997 0.3808572421875 0.4454929671875 0.38119769375
0 0.41955904374999997 0.38730113125 0.42044685312499996 0.3974488328125 0.4312591375 0.39778105468749997 0.4310112484375 0.383742853125 0.422144653125 0.38324040625 0.41955904374999997 0.38730113125
0 0.3968765875 0.3969546234375 0.4042413921875 0.40270114375 0.4104964375 0.39576304218749997 0.409608628125 0.38561534062499997 0.406357159375 0.3820652890625 0.400520084375 0.38257596718750003 0.39621073125 0.38934384375 0.3968765875 0.3969546234375
0 0.3840926703125 0.3852913515625 0.3788955078125 0.381911528125 0.3732803859375 0.38495913125 0.3706947734375 0.3890198609375 0.3713606296875 0.396630634375 0.3746120984375 0.400180684375 0.382616821875 0.4020367046875 0.3867042203125 0.392731903125 0.384536575 0.3903652015625 0.3840926703125 0.3852913515625
0 0.3649355125 0.42403436875 0.3727182828125 0.42335346406249996 0.375081940625 0.41675581250000004 0.3746380359375 0.4116819609375 0.3713865703125 0.4081319125 0.3627419265625 0.4101663953125 0.36168404375 0.42048432187499996 0.3649355125 0.42403436875
0 0.40037594531250004 0.41454287343749996 0.3999320421875 0.409469021875 0.3947348828125 0.4060892 0.3888978015625 0.4065998796875 0.3843665 0.4108308296875 0.38286471093749996 0.4160749078125 0.3835305671875 0.4236856859375 0.390895371875 0.42943220625 0.39845619062500004 0.42621437812499996 0.402543590625 0.41690957500000003 0.40037594531250004 0.41454287343749996
0 0.41246806718749995 0.40709409062499996 0.4081587171875 0.41386196875000003 0.41032636250000004 0.4162286703125 0.4107702671875 0.42130252031250004 0.41791311875000003 0.4245121171875 0.42244442343750005 0.4202811640625 0.42372425937499997 0.4125001609375 0.41830514843750005 0.4065834125 0.41246806718749995 0.40709409062499996
0 0.4377620765625 0.40488115156250004 0.43345272343749996 0.4116490296875 0.43434053125 0.42179673125 0.44148338281250005 0.4250063296875 0.4432071265625 0.422299178125 0.44709851250000004 0.4219587265625 0.44924021718749996 0.41282414999999995 0.4457668 0.40673717343750004 0.4377620765625 0.40488115156250004
0 0.4555212 0.417387321875 0.46071835937500005 0.42076714375 0.46502771249999997 0.41399926249999996 0.4645838078125 0.40892541250000003 0.45916469375 0.403008665625 0.45721900312499997 0.4031788921875 0.4546333921875 0.4072396203125 0.4555212 0.417387321875
0 0.48078926875 0.40367310312500004 0.47820365625 0.40773383125 0.479091465625 0.41788153125000005 0.48428862500000003 0.42126135624999994 0.488180009375 0.42092090468750004 0.4924893625 0.41415302656249997 0.492045459375 0.40907917656250004 0.488572040625 0.4029922 0.48078926875 0.40367310312500004
0 0.5037455515625 0.4195590953125 0.5115283234375 0.418878190625 0.5158376765625 0.41211031406250004 0.515393771875 0.4070364640625 0.5099746578125 0.4011197125 0.5004681484375 0.40450776875 0.5004940859375 0.4160090453125 0.5037455515625 0.4195590953125
0 0.5238164624999999 0.40246505624999995 0.523620446875 0.411429409375 0.5268719125 0.4149794578125 0.534654684375 0.41429855312499997 0.5372402968750001 0.4102378265625 0.536574440625 0.40262704843749997 0.5333229703125 0.399077 0.5274858953125 0.39958767812499996 0.5238164624999999 0.40246505624999995
0 0.556671284375 0.3970342875 0.5508342093749999 0.39754496562499997 0.5471647749999999 0.40042234218750006 0.5445791640625 0.404483071875 0.5450230671875 0.409556921875 0.5482745375 0.4131069703125 0.558002996875 0.412255840625 0.560588609375 0.4081951140625 0.5599227531250001 0.4005843359375 0.556671284375 0.3970342875
0 0.572458778125 0.3982094046875 0.5698731687499999 0.402270134375 0.5705390265625 0.4098809078125 0.5737904921875 0.41343095781250006 0.5796275734375 0.412920278125 0.5822131828125 0.40885955156250003 0.5815473265625 0.401248778125 0.578295859375 0.3976987265625 0.572458778125 0.3982094046875
0 0.3794431671875 0.4329904875 0.3751338171875 0.43975836875 0.3760216265625 0.4499060703125 0.383608384375 0.4581895171875 0.385554075 0.45801929062499996 0.3918091203125 0.451081184375 0.3928670046875 0.44076325625 0.3872259375 0.432309584375 0.3794431671875 0.4329904875
0 0.4002058703125 0.4350085015625 0.3991479875 0.4453264296875 0.4026214078125 0.4514134046875 0.41234986874999996 0.45056227499999996 0.416659221875 0.4437943953125 0.41404767343750004 0.43635384843749997 0.40862856093750005 0.430437096875 0.40473717656249997 0.43077755 0.4002058703125 0.4350085015625
0 0.43414451718749997 0.43076108281250003 0.43003117968750004 0.4285646109375 0.42441605625 0.43161221406249994 0.42183044374999995 0.43567294375000004 0.42294020468750004 0.44835756718750003 0.42619167343750003 0.45190761718749994 0.4320287484375 0.4513969390625 0.4400075359375 0.4417516828125 0.43739598593749995 0.434311134375 0.43414451718749997 0.43076108281250003
0 0.44971005937499997 0.429399275 0.445400709375 0.436167153125 0.44628851718749996 0.4463148546875 0.4495399875 0.44986490312500005 0.4573227578125 0.44918399999999997 0.460992190625 0.446306621875 0.4609662515625 0.43480534375 0.45554714062499996 0.42888859687499997 0.44971005937499997 0.429399275
0 0.46680332968749993 0.43429466562499996 0.4657454453125 0.44461259374999995 0.47333220468750004 0.4528960421875 0.4791692796875 0.4523853640625 0.48347863281250003 0.4456174875 0.482368871875 0.43293285781249996 0.47911740625 0.4293828109375 0.47133463437499995 0.4300637140625 0.46680332968749993 0.43429466562499996
0 0.1498803078125 0.27413057812499997 0.1438472171875 0.28360560625 0.14406916875 0.28614253437500003 0.1497102359375 0.29459620625 0.15749300625 0.293915303125 0.16180235625 0.2871474234375 0.1611365 0.27953665 0.1557173890625 0.2736199 0.1498803078125 0.27413057812499997
0 0.1732949453125 0.20561712812500002 0.1707093328125 0.209677853125 0.1711532375 0.2147517046875 0.17440470624999999 0.2183017546875 0.1841331671875 0.21745062499999998 0.188664471875 0.2132196703125 0.1882205671875 0.20814581875 0.1849691015625 0.204595771875 0.1732949453125 0.20561712812500002
0 0.1690115296875 0.22388628437500002 0.1664259203125 0.2279470125 0.167313728125 0.2380947140625 0.17056519375 0.2416447609375 0.176402275 0.2411340828125 0.17898788593749998 0.2370733578125 0.1781000765625 0.22692565625 0.1729029140625 0.2235458328125 0.1690115296875 0.22388628437500002
0 0.1593349421875 0.24773996875 0.1550255921875 0.25450784843749996 0.1559134015625 0.2646555484375 0.15916487031249998 0.268205596875 0.166947640625 0.26752469375 0.170617075 0.264647315625 0.170591134375 0.2531460390625 0.16517202343749998 0.247229290625 0.1593349421875 0.24773996875
0 0.1809595171875 0.24840440625000001 0.176650165625 0.255172284375 0.1777599265625 0.2678569140625 0.1810113921875 0.2714069609375 0.18707042499999998 0.273433209375 0.19332546875 0.26649510625 0.1919937546875 0.251273553125 0.18679659375 0.247893728125 0.1809595171875 0.24840440625000001
0 0.20452978281249998 0.24889861875000002 0.2019441703125 0.2529593453125 0.202610028125 0.2605701234375 0.20586149687500002 0.26412017187500003 0.2136442671875 0.2634392671875 0.2162298765625 0.259378540625 0.2155640203125 0.2517677640625 0.2123125546875 0.2482177140625 0.20452978281249998 0.24889861875000002
0 0.21842346250000003 0.2732465171875 0.21583785 0.27730724218749997 0.21650370625 0.284918021875 0.21975517500000002 0.28846806875 0.22581420312499997 0.29049431718749996 0.23012355625 0.2837264390625 0.2294576984375 0.276115659375 0.2262062328125 0.2725656125 0.21842346250000003 0.2732465171875
0 0.1903218921875 0.276983259375 0.1890420546875 0.284764259375 0.19468311875 0.293217934375 0.20441158593750003 0.292366803125 0.20872093593750002 0.28559892656249997 0.20827703125000002 0.280525075 0.2026359671875 0.2720714 0.194853196875 0.2727523046875 0.1903218921875 0.276983259375
0 0.1832568546875 0.30827749375 0.1906216609375 0.314024015625 0.196236784375 0.3109764109375 0.19621084687499998 0.29947513125 0.19295938125 0.295925084375 0.185176609375 0.2966059890625 0.182590996875 0.3006667140625 0.1832568546875 0.30827749375
0 0.204659475 0.3064050078125 0.207910940625 0.3099550546875 0.21416598593749997 0.3030169484375 0.2126382609375 0.29675975 0.2050774421875 0.299977578125 0.204659475 0.3064050078125
0 0.243129425 0.297926634375 0.239877959375 0.294376584375 0.23576462187499997 0.2921801109375 0.234040878125 0.29488726249999997 0.23014949218749997 0.295227715625 0.2275638828125 0.29928844374999997 0.228229740625 0.3068992171875 0.23364885468750002 0.31281596718750004 0.2412096734375 0.3095981375 0.24379528281249999 0.3055374078125 0.243129425 0.297926634375
0 0.2206948578125 0.3216183265625 0.21810924843750001 0.3256790546875 0.2187751046875 0.3332898265625 0.222026571875 0.336839878125 0.2280856046875 0.338866125 0.23239495468750002 0.3320982453125 0.23195105 0.32702439375000003 0.22847762968750002 0.32093742187499996 0.2206948578125 0.3216183265625
0 0.19520484062500001 0.33279561874999997 0.20256964375000003 0.3385421375 0.206878996875 0.33177426250000003 0.20621314062499999 0.3241634828125 0.201015978125 0.32078365937500003 0.1973465453125 0.3236610390625 0.1947609359375 0.3277217671875 0.19520484062500001 0.33279561874999997
0 0.21296396718750002 0.34530178437500003 0.2086546140625 0.3520696640625 0.20909851875 0.3571435140625 0.2125719375 0.3632304890625 0.22035470781250002 0.362549584375 0.2229403203125 0.35848885625000004 0.2220525109375 0.34834115468750004 0.21880104218750002 0.34479110625 0.21296396718750002 0.34530178437500003
0 0.2361681421875 0.37522597968750004 0.23291667343750003 0.37167592968749996 0.22707959843749997 0.3721866078125 0.2227702453125 0.378954484375 0.2253817953125 0.3863950375 0.23619408281249998 0.3867272546875 0.2361681421875 0.37522597968750004
0 0.19792014375 0.3862412734375 0.19725428750000001 0.3786305 0.19400281875 0.37508045 0.1898894796875 0.372883978125 0.1801610203125 0.3737351078125 0.1758516671875 0.3805029875 0.176295571875 0.3855768390625 0.181714684375 0.391493584375 0.18949745625 0.3908126796875 0.19122119375 0.3881055296875 0.19792014375 0.3862412734375
0 0.1640996921875 0.3470205109375 0.161514084375 0.3510812390625 0.16217994062500002 0.3586920125 0.1675990546875 0.36460876249999996 0.1734361296875 0.364098084375 0.1760217421875 0.3600373578125 0.1751339328125 0.34988965625 0.17188246406250002 0.34633960625000004 0.1640996921875 0.3470205109375
0 0.1985081859375 0.35934821875 0.20087184374999997 0.35275056875 0.200649890625 0.350213640625 0.1952307765625 0.34429689375 0.18744800625 0.3449777984375 0.18572426875 0.34768494843750003 0.1818328828125 0.3480254015625 0.181414915625 0.35445282968749997 0.18683402968750001 0.360369575 0.190725415625 0.36002912343750004 0.1928930578125 0.3623958234375 0.1985081859375 0.35934821875
0 0.228529509375 0.343939975 0.22811154218750002 0.3503674046875 0.23136300781250002 0.3539174515625 0.23936773125 0.35577347187499997 0.241091475 0.3530663203125 0.247790421875 0.351202065625 0.2451788734375 0.34376151875 0.23998171406250002 0.34038169375 0.228529509375 0.343939975
0 0.2430486609375 0.45387066249999997 0.244158421875 0.4665552921875 0.2513012765625 0.46976488906249997 0.25366493437500004 0.463167234375 0.25211126875 0.44540875937499996 0.2449684171875 0.44219916093749995 0.2406590640625 0.4489670390625 0.2430486609375 0.45387066249999997
0 0.20600268124999999 0.422601128125 0.203417071875 0.426661853125 0.204082928125 0.4342726328125 0.20950204218750001 0.44018937812500003 0.213393428125 0.43984892656249996 0.2159790375 0.4357881984375 0.215091228125 0.425640496875 0.20967211406250003 0.41972375 0.20600268124999999 0.422601128125
0 0.2054146421875 0.44949418437500005 0.19999552812500002 0.44357743593750004 0.1961041421875 0.44391788749999994 0.1917947921875 0.45068576718750003 0.1924606484375 0.45829654062499997 0.19462829375 0.4606632421875 0.1950721984375 0.46573709374999994 0.20221505 0.4689466890625 0.20652440312499998 0.462178809375 0.2054146421875 0.44949418437500005
0 0.2184205125 0.46369438125 0.2218939296875 0.46978135312499997 0.22989865312500002 0.47163737499999997 0.2289849078125 0.4499883953125 0.225733440625 0.44643834687500006 0.219034490625 0.44830260156249996 0.217532703125 0.4535466796875 0.2184205125 0.46369438125
0 0.2145435703125 0.3745615375 0.21107015156250003 0.3684745640625 0.20242550937499998 0.37050904375 0.20264746093750002 0.373045971875 0.1991999796875 0.3784602734375 0.1998658359375 0.386071046875 0.20528495000000002 0.3919877984375 0.2111220265625 0.3914771203125 0.215431378125 0.3847092390625 0.2145435703125 0.3745615375
0 0.217181059375 0.3935033671875 0.21287170625 0.40027124374999995 0.2139814671875 0.4129558734375 0.2172329328125 0.4165059203125 0.22307001406250002 0.41599524218750006 0.22760131718749999 0.41176429062500003 0.22821529687500003 0.3963725125 0.22496383125000002 0.39282246249999997 0.217181059375 0.3935033671875
0 0.1689711484375 0.301858296875 0.1657196828125 0.29830825 0.161828296875 0.2986487015625 0.159242684375 0.3027094265625 0.16035244531249998 0.31539405625 0.1692190375 0.31589650156250004 0.1689711484375 0.301858296875
0 0.1467585328125 0.32808691562500003 0.1467844734375 0.3395881921875 0.153927328125 0.34279778906249997 0.161488146875 0.339579959375 0.163851803125 0.33298230625 0.1636298515625 0.33044538437500004 0.1582107375 0.3245286328125 0.150427965625 0.32520953750000003 0.1467585328125 0.32808691562500003
0 0.1720784796875 0.337375253125 0.1794432828125 0.3431217765625 0.185698328125 0.33618367031249996 0.18481051875 0.32603596874999996 0.18155905 0.3224859203125 0.175721975 0.3229965984375 0.171412621875 0.3297644796875 0.1720784796875 0.337375253125
0 0.149958125 0.30863440937500003 0.14756852812500001 0.3037307828125 0.1367562390625 0.303398565625 0.1367821796875 0.314899840625 0.1400336484375 0.31844989218749997 0.14854394843750002 0.3186840640625 0.149958125 0.30863440937500003
0 0.14551908125 0.25789590156250003 0.1400999671875 0.2519791546875 0.1342628921875 0.2524898328125 0.1299535390625 0.25925770937500003 0.1303974421875 0.264331559375 0.133648909375 0.2678816109375 0.13754029375000001 0.267541159375 0.1397079421875 0.2699078578125 0.14423924531250001 0.26567690625 0.14551908125 0.25789590156250003
0 0.1734505734375 0.2746247921875 0.1691412234375 0.2813926671875 0.16958512812499998 0.28646651875 0.175226190625 0.2949201953125 0.1791175765625 0.2945797421875 0.18342692968750002 0.287811865625 0.182761071875 0.28020108593750004 0.177341959375 0.2742843390625 0.1734505734375 0.2746247921875
0 0.22593239999999998 0.2470261328125 0.219899309375 0.2565011609375 0.22012126250000003 0.25903808906250003 0.22770801875000002 0.26732153593749997 0.23938217499999997 0.2663001796875 0.243691528125 0.2595323 0.2432476234375 0.2544584484375 0.2356608671875 0.2461750015625 0.22593239999999998 0.2470261328125
0 0.16853873749999998 0.39775901875 0.1642293875 0.4045268953125 0.1651171953125 0.414674596875 0.168368665625 0.418224646875 0.1761514359375 0.4175437421875 0.1787370453125 0.4134830140625 0.177627284375 0.4007983890625 0.172430121875 0.397418565625 0.16853873749999998 0.39775901875
0 0.18157054687500002 0.423460490625 0.1800687578125 0.42870456562500003 0.18073461562499998 0.43631534531250005 0.18593177656249998 0.43969516718749996 0.1898231625 0.43935471406250004 0.19413251250000002 0.43258683593749997 0.1936886078125 0.427512984375 0.188269496875 0.4215962359375 0.18157054687500002 0.423460490625
0 0.1899413609375 0.39588653125 0.1873557484375 0.39994725937500003 0.1882435578125 0.41009496093750003 0.1914950265625 0.413645009375 0.1973321015625 0.41313433125000004 0.1999177140625 0.4090736046875 0.19902990468749998 0.398925903125 0.1957784359375 0.395375853125 0.1899413609375 0.39588653125