0 0.77798035625 0.8500142734375 0.7625354015625 0.8313372843750001 0.738987971875 0.832193996875 0.7250831437499999 0.852543165625 0.728463371875 0.876594734375 0.745842446875 0.894999903125 0.764385571875 0.893620165625 0.7781683968750001 0.8794198046874999 0.77798035625 0.8500142734375
0 0.8575791359375 0.7848688078125 0.839644659375 0.768733009375 0.8224549859374999 0.766504890625 0.8078741125000001 0.78204374375 0.8080621499999999 0.8114492703125 0.8235071062499999 0.830126259375 0.8443223734374999 0.8308798609375 0.858105196875 0.8166794953125001 0.8575791359375 0.7848688078125
0 0.607851909375 0.7341224796875 0.593082996875 0.72025580625 0.5718077078125 0.723245853125 0.559837 0.743323196875 0.5635552500000001 0.769779921875 0.5805963000000001 0.7857799328125 0.6007355203125 0.7817232171875 0.6122462046875 0.7653895203125 0.607851909375 0.7341224796875
0 0.77446805625 0.7548540390625 0.7717638734375 0.735612784375 0.7639333859375 0.7219973078125 0.7540467796875 0.7148024578125 0.74984051875 0.7129409484375 0.7343675796875 0.715115528125 0.7273071578125 0.7210131343749999 0.7201247328125 0.7330595421874999 0.7188666609375 0.7381416765625 0.7222468890625 0.7621932453125 0.737353821875 0.7784650796875 0.7496345718749999 0.78164445625 0.7562349703125 0.7794904984375 0.7644314640625 0.7746595640625 0.773209984375 0.7599361734375 0.77446805625 0.7548540390625
0 0.8422740921875 0.66193398125 0.827167159375 0.645662153125 0.8187546421875 0.6419391265625001 0.8071499421875 0.6435700609375 0.7922310453125 0.6567037578125 0.788794853125 0.674355325 0.7908229890625 0.688786265625 0.7963813390625 0.700268409375 0.804333828125 0.707735075 0.8146804624999999 0.7111862796875 0.8290173281250001 0.70794503125 0.8336836109375 0.7060628999999999 0.8428001546875 0.6937446703125 0.8449782750000001 0.6811752375 0.8422740921875 0.66193398125
0 0.75351064375 0.60573430625 0.738741734375 0.5918676328125 0.7190625390625 0.5921807 0.7120021140625 0.5980783046875 0.7048196890625 0.6101247109375 0.703993659375 0.6323147687499999 0.7072798671875 0.641663575 0.7243209171875 0.657663584375 0.7370616937500001 0.6570993171875 0.7491264203125 0.651724734375 0.7563088453125 0.639678328125 0.7584869671875001 0.6271089 0.7564588296875 0.61267795625 0.75351064375 0.60573430625
0 0.8106040437500001 0.527809459375 0.791262871875 0.5305276828125 0.7789541390625 0.5481998734375 0.7767760171875 0.5607693015625 0.778128109375 0.57038993125 0.7859585953125 0.58400540625 0.7939110859375 0.5914720734375 0.8023236015625 0.5951951 0.82052870625 0.59141020625 0.8304432953124999 0.5777534890625 0.8329594374999999 0.567589215625 0.8299172328125 0.545942803125 0.8246969078124999 0.5368658187500001 0.8106040437500001 0.527809459375
0 0.6628813499999999 0.837984759375 0.66708760625 0.8398462703125 0.6833585953125 0.8363332031249999 0.6896209718749999 0.8317740890625 0.69772344375 0.8122403890625 0.6924091 0.7884606390625 0.6753680484375 0.7724606328125 0.656026875 0.7751788578125 0.6437181421875 0.79285104375 0.645502275 0.8195795953125 0.6628813499999999 0.837984759375
0 0.5825684734375 0.8419140109375001 0.5705977625 0.8619913546875001 0.5696777140625 0.8694786515624999 0.5743160125 0.8884480828125 0.5871508046875 0.9025865796874999 0.5955633203125 0.9063096015625 0.6099001875 0.903068359375 0.6161625640625 0.8985092437500001 0.6233449890625 0.8864628359375001 0.6246030609375001 0.8813807 0.6212228328125 0.8573291281250001 0.6019096453125 0.8391957859374999 0.5825684734375 0.8419140109375001
0 0.540383896875 0.8294476906250001 0.5416419671875 0.8243655562500001 0.5389377843750001 0.8051243015624999 0.5333794375 0.7936421593749999 0.5254269468749999 0.7861754890625 0.5092779640625 0.7835397562499999 0.5076818656250001 0.7862167343750001 0.4999453984375 0.7873040234375 0.48923276250000003 0.8022992375 0.4870546390625 0.8148686640625 0.48874475312500004 0.82689445 0.49430310312500003 0.8383765875 0.50225559375 0.8458432578125 0.51680848125 0.851155975 0.5234088796874999 0.8490020156250001 0.5316053734375 0.8441710828125 0.540383896875 0.8294476906250001
0 0.47161975624999997 0.8734491453125001 0.46151712500000003 0.857700334375 0.4539026578125 0.8526388203125 0.44582816718749996 0.8513209546875 0.43069325156250005 0.8559006890624999 0.421576709375 0.8682189203125 0.41906056718749995 0.8783831937500001 0.4217647484375 0.89762445 0.434937565625 0.914168103125 0.44335007812500005 0.9178911281250001 0.45962106406250003 0.9143780578125 0.46588344218750005 0.90981894375 0.4714697734375 0.9004495140625 0.47364789218750003 0.8878800859375 0.47161975624999997 0.8734491453125001
0 0.45650275 0.7799198453125 0.45868087187500006 0.7673504171875 0.4569907578125 0.7553246312499999 0.45370454843749997 0.7459758234375 0.44120777968749997 0.734242484375 0.430861146875 0.730791284375 0.42312467812500004 0.7318785734375 0.4125340421875 0.740724978125 0.405351615625 0.752771384375 0.40409354531249997 0.7578535234375 0.40713575156250004 0.7794999359375 0.41462821562499996 0.7907102515625 0.424514821875 0.7979051 0.4306551953125 0.7994947890625 0.439189715625 0.7970690109375 0.4493203265625 0.7919662515625 0.45650275 0.7799198453125
0 0.5265809265625 0.6891331218750001 0.5213606015625001 0.680056140625 0.511135971875 0.67045613125 0.50272345625 0.666733109375 0.4930528703125 0.6680922218750001 0.48246223437499997 0.6769386296875 0.47561783125 0.6913901921875001 0.4770639421875 0.715713584375 0.49217087499999995 0.7319854171875 0.5005833875000001 0.7357084406250001 0.5091179046875001 0.733282659375 0.517652425 0.73085688125 0.5264309421875 0.7161334921875 0.5286090640625 0.7035640640625 0.5265809265625 0.6891331218750001
0 0.5984432359375 0.625074946875 0.5810641640624999 0.6066697828125001 0.5671873187500001 0.6061673843750001 0.5597888703125 0.60965983125 0.549076234375 0.6246550390625 0.5472361375 0.639629625 0.54892625 0.6516554078125 0.5518744359375 0.658599059375 0.5666433468750001 0.6724657328125 0.570849603125 0.67432724375 0.5851864734375 0.6710859984375 0.58985275625 0.6692038625000001 0.598969296875 0.6568856328125 0.601485440625 0.6467213593750001 0.5984432359375 0.625074946875
0 0.6726717046874999 0.5778528703125 0.6709815906250001 0.5658270875 0.6654232421875 0.554344946875 0.6551986125 0.5447449421874999 0.644851978125 0.5412937421875 0.6371155109375 0.5423810312499999 0.6245907578125001 0.5514992578125 0.61934245 0.5632738421875 0.6180843781250001 0.5683559828125 0.6211265828125 0.5900023937500001 0.6385056546875 0.6084075578125 0.6446460328125 0.609997246875 0.6512464312499999 0.6078432921875 0.6633111578124999 0.602468709375 0.6704935843750001 0.5904223015625 0.6726717046874999 0.5778528703125
0 0.7372855515625 0.49028677343749993 0.7270609218749999 0.48068676562499996 0.7186484078125 0.47696374375 0.7051095875 0.4788665015625 0.6908667359375 0.4968105125 0.6886886156250001 0.5093799421874999 0.69004070625 0.519000571875 0.6982092171875001 0.5350212 0.7038895671875001 0.5403545375000001 0.712302084375 0.5440775640625 0.7305071859375001 0.5402926703125 0.74235589375 0.5263641265625 0.7448720359375 0.5161998546875 0.7425058765625 0.4993637578125 0.7372855515625 0.49028677343749993
0 0.37957010156250004 0.8079006640624999 0.371955634375 0.80283915 0.352276434375 0.80315221875 0.339291659375 0.81601409375 0.33677551562499997 0.8261783671874999 0.3398177203125 0.8478247796874999 0.35299053593749996 0.8643684328125 0.36140305 0.868091459375 0.373805803125 0.8651220328125 0.3820022953125 0.8602910953125 0.38758862656250004 0.850921665625 0.3901047703125 0.8407573953125 0.38740058906249997 0.8215161406249999 0.37957010156250004 0.8079006640624999
0 0.31553827968750003 0.885574315625 0.3099799328125 0.874092175 0.3020274421875 0.866625503125 0.293614925 0.8629024796874999 0.280076103125 0.8648052375 0.2670913265625 0.8776671125 0.2639931578125 0.897723834375 0.2679554125 0.9118829546875 0.2807902046875 0.9260214515625 0.2892027171875 0.9297444734375 0.3035395875 0.9265032281250001 0.309801965625 0.9219441140625 0.31538829687500003 0.9125746843749999 0.3179044375 0.9024104109375 0.31553827968750003 0.885574315625
0 0.1252526984375 0.87184826875 0.11272794687500001 0.8809664953125 0.10554552187499999 0.893012903125 0.1092637734375 0.9194696312499999 0.12209856562500002 0.9336081281249999 0.1305110796875 0.93733115 0.14484795 0.9340899046875 0.1511103265625 0.9295307906250001 0.1582927515625 0.917484384375 0.159550821875 0.912402246875 0.15617059375 0.888350678125 0.1433358015625 0.8742121796875001 0.1252526984375 0.87184826875
0 0.2287089484375 0.8291028171875 0.21553613437500002 0.8125591640625001 0.21132987343749998 0.810697653125 0.19392281875 0.8131440546875 0.18686239531249998 0.819041659375 0.1796799703125 0.8310880656249999 0.1784219 0.8361702 0.18146410468750002 0.8578166125 0.19463691875 0.87436026875 0.2030494328125 0.8780832921874999 0.21738630312499999 0.8748420421875001 0.22364868124999998 0.87028293125 0.2308311046875 0.858236525 0.2320891765625 0.8531543859375 0.2287089484375 0.8291028171875
0 0.129720871875 0.7633031359375 0.11550600312499999 0.7603955796874999 0.10104713437499999 0.7697856328125 0.09546080312500001 0.7791550609375 0.09420273125 0.784237196875 0.0972449359375 0.8058836093749999 0.1104177515625 0.8224272609375 0.11883026562500001 0.8261502890625 0.133167134375 0.8229090390625 0.13783341875 0.82102690625 0.14661193749999998 0.8063035171875 0.147870009375 0.8012213828125001 0.14448978125 0.7771698140625001 0.129720871875 0.7633031359375
0 0.1780357484375 0.700101678125 0.17097532499999998 0.7059992796875 0.1644689453125 0.7228560015625 0.1678491734375 0.7469075703125 0.1848902234375 0.7629075796875 0.1910306 0.76449726875 0.1995651171875 0.7620714875 0.20616551562500002 0.7599175328125 0.2152820578125 0.747599303125 0.2177982 0.7374350296875 0.21441797343750002 0.7133834593749999 0.19737692499999998 0.6973834531249999 0.1780357484375 0.700101678125
0 0.28434616562500004 0.6495971078125 0.2679811609375 0.6384074140625 0.2486399859375 0.6411256390625 0.2363312546875 0.658797825 0.2371013203125 0.6783109046875 0.24265966875 0.6897930453125001 0.25515643906249996 0.7015263843749999 0.2674371875 0.7047057624999999 0.27016935468750003 0.7030954515625 0.2802999640625 0.6979926921875 0.289078484375 0.6832693062499999 0.29033655625 0.6781871703125 0.2872943515625 0.6565407578125 0.28434616562500004 0.6495971078125
0 0.3708374734375 0.7036634484375 0.365617146875 0.6945864640625 0.3534584015625 0.6852582828125 0.334117225 0.6879765078125 0.321470471875 0.7032435390625 0.319630375 0.718218125 0.320982465625 0.7278387546875 0.3265408125 0.73932089375 0.33449330312500003 0.7467875640625 0.3471120765625 0.7523721015625 0.3537124734375 0.7502181421875 0.360312871875 0.748064184375 0.369767440625 0.7381511109375001 0.3735416546875 0.72290470625 0.3708374734375 0.7036634484375
0 0.44506594218749995 0.6564413734375 0.4426997828125 0.639605275 0.439751596875 0.6326616265625 0.42952696562500003 0.623061621875 0.42111445 0.6193385953125 0.4056415109375 0.621513175 0.3985810890625 0.6274107812499999 0.3913986640625 0.6394571874999999 0.393182796875 0.6661857359375001 0.39840312187500004 0.6752627171875 0.40862775312500005 0.684862721875 0.41897438593749997 0.6883139265625 0.42364066874999995 0.686431790625 0.43570539531249997 0.6810572078125 0.44288782031249996 0.6690108015625 0.44506594218749995 0.6564413734375
0 0.49718301875000004 0.5571419359374999 0.477841846875 0.559860159375 0.47078142187500005 0.5657577640625 0.4655331125 0.5775323484375 0.46436906093749997 0.5973172484375 0.47253757187499995 0.61333788125 0.4827622 0.6229378859375 0.48696846093749996 0.6247993953125001 0.49937121093750003 0.6218299703125 0.5075677046875 0.6169990375000001 0.516346225 0.6022756499999999 0.5145620906249999 0.5755470984375 0.509341765625 0.5664701171875001 0.49718301875000004 0.5571419359374999
0 0.585598371875 0.533678984375 0.5855043515625 0.51897621875 0.5796079796875 0.505088921875 0.5693833500000001 0.4954889171875 0.5609708343750001 0.49176589374999996 0.5493661328125 0.493396828125 0.5403715906250001 0.49956625312499997 0.534785259375 0.5089356828125 0.532269115625 0.519099953125 0.5353113203125 0.54074636875 0.5481461140625 0.554884865625 0.5565586296875 0.5586078875 0.570895496875 0.5553666421875 0.5771578734375 0.550807528125 0.5827442046875 0.5414380984375 0.585598371875 0.533678984375
0 0.6573666593749999 0.4549180453125 0.6518083125 0.443435903125 0.6393115421875 0.4317025640625 0.619632346875 0.4320156328125 0.606985590625 0.44728266406249995 0.6035493984375 0.4649342296875 0.6045634671875 0.47214970312500004 0.610121815625 0.48363184062500003 0.6203464453125 0.493231846875 0.6287589625 0.49695486874999995 0.6430958296875 0.493713625 0.6477621109375 0.4918314875 0.6565406312500001 0.47710810156249994 0.6590567734375 0.46694383124999994 0.6573666593749999 0.4549180453125
0 0.7229945765625 0.3745674140625 0.710835828125 0.3652392328125 0.706629571875 0.363377721875 0.69309075 0.365280478125 0.686030325 0.37117808124999996 0.6772518062499999 0.3859014703125 0.6783598937499999 0.4078197046875 0.683918240625 0.41930184375 0.694142871875 0.428901853125 0.69834913125 0.4307633625 0.7165542312500001 0.42697847031249997 0.7228166078125 0.4224193546875 0.7299990328125 0.41037294687500003 0.728214903125 0.3836444 0.7229945765625 0.3745674140625
0 0.7969891140625001 0.4169004171875 0.790848740625 0.41531072968749994 0.777647940625 0.4196186421875 0.770587515625 0.4255162453125 0.76533920625 0.43729083125 0.7634991109375 0.45226541875 0.7648512015625 0.46188604375000003 0.770071525 0.470963028125 0.78029615625 0.480563034375 0.788708671875 0.4842860578125 0.8049796593749999 0.48077298593749995 0.81283813125 0.47353689374999997 0.8196825328124999 0.459085328125 0.8163023062500001 0.4350337578125 0.7969891140625001 0.4169004171875
0 0.804621490625 0.32385289375 0.80167330625 0.31690924531250003 0.7914486765625 0.307309240625 0.7830361609375001 0.3035862171875 0.7675632218749999 0.305760796875 0.7605028 0.3116584 0.753320375 0.32370480625 0.75544253125 0.3528385140625 0.7682773234375 0.3669770109375 0.7766898359375001 0.370700034375 0.7894306125 0.37013576718749996 0.7992232015625 0.3626278515625 0.8048095312499999 0.353258421875 0.8073256734375001 0.34309414843749997 0.804621490625 0.32385289375
0 0.66523296875 0.2723154484375 0.6650829859375 0.2993158171875 0.684396178125 0.3174491640625 0.6905365515625 0.319038853125 0.704873421875 0.3157976046875 0.7167221296874999 0.3018690640625 0.719238271875 0.2917047890625 0.7161960671875 0.2700583765625 0.696882875 0.2519250328125 0.6888083843749999 0.250607165625 0.677541703125 0.25464325625 0.66523296875 0.2723154484375
0 0.6005530859375 0.324327215625 0.5917745671875 0.3390506015625 0.5932206765625 0.36337399375 0.5961688625 0.370317640625 0.60866563125 0.3820509796875 0.6128718921874999 0.38391249375 0.6310769921875 0.38012760156250003 0.64452179375 0.36352207812500004 0.6430756843750001 0.33919868750000004 0.6401274984375 0.332255040625 0.6253585890625 0.3183883640625 0.609547628125 0.3181577875 0.6005530859375 0.324327215625
0 0.5322209906250001 0.3854365859375 0.5202502796874999 0.4055139328125 0.51933023125 0.4130012265625 0.52396853125 0.431970659375 0.536803321875 0.44610915625 0.5429437 0.44769884375 0.5630829171875 0.44364213281250003 0.5742555796875 0.42490327499999997 0.5748376093750001 0.41501082343749995 0.5708753515625 0.40085170625 0.565655028125 0.391774721875 0.5515621625 0.3827183625 0.5322209906250001 0.3854365859375
0 0.5027312953124999 0.49136660625 0.5039893656250001 0.486284471875 0.5012851828125 0.4670432171875 0.48811236874999997 0.450499559375 0.4796998546875 0.4467765359375 0.464226915625 0.448951115625 0.45557039687499995 0.45752569843749996 0.45066011093749997 0.4717054390625 0.4520122015625 0.48132606874999995 0.45041610781249997 0.4840030484375 0.45268824687500003 0.48613638124999997 0.4540403390625 0.49575701250000004 0.46687512968749995 0.5098955078125 0.475287646875 0.51361853125 0.48769039843749995 0.5106491078125 0.493952775 0.5060899921875001 0.5027312953124999 0.49136660625
0 0.4261366671875 0.5217525843749999 0.4159120359375 0.512152578125 0.3997630515625 0.5095168453125 0.38883439218750004 0.51595809375 0.3800558734375 0.5306814796875 0.381501984375 0.5550048703125 0.38933247031249996 0.5686203453124999 0.401491221875 0.5779485281250001 0.41776220625000005 0.57443545625 0.42242848750000006 0.572553325 0.4312070078125 0.5578299390625 0.43338512656250006 0.5452605078125 0.431356990625 0.530829565625 0.4261366671875 0.5217525843749999
0 0.359926725 0.6119956609375 0.3568845203125 0.5903492499999999 0.3398434703125 0.5743492375 0.33210700000000004 0.575436528125 0.329834859375 0.5733031937499999 0.3185681765625 0.5773392859375 0.30911361249999997 0.5872523578125 0.3065974703125 0.5974166328125 0.30736753437500003 0.6169297109375 0.312587859375 0.6260066921874999 0.322812490625 0.635606696875 0.33122500781249997 0.6393297234374999 0.3455618734375 0.636088475 0.35182425 0.631529359375 0.35741058125 0.6221599328125 0.359926725 0.6119956609375
0 0.11576791875 0.649988940625 0.1096275421875 0.6483992468750001 0.092558509375 0.653250809375 0.0850380625 0.6628920593750001 0.08252191875 0.67305633125 0.0859021453125 0.6971079 0.091122471875 0.706184884375 0.1052153375 0.71524124375 0.121486321875 0.7117281734375001 0.1277486984375 0.7071690625 0.13493112499999999 0.6951226546875 0.13280896874999998 0.665988946875 0.125316503125 0.654778628125 0.11576791875 0.649988940625
0 0.185696109375 0.5862025859375 0.16635493750000002 0.5889208109374999 0.1553042765625 0.6015108625 0.15312615624999998 0.6140802937500001 0.15515429218750001 0.628511234375 0.160712640625 0.639993375 0.1709372703125 0.6495933796875 0.181283903125 0.6530445796875 0.19175253750000001 0.65034698125 0.1980149140625 0.645787865625 0.20679343437500003 0.6310644796875 0.2050092984375 0.604335928125 0.19978897499999998 0.595258946875 0.185696109375 0.5862025859375
0 0.26403681562500003 0.5261392578125 0.2556243015625 0.522416234375 0.23821724687499998 0.5248626359374999 0.229560728125 0.533437221875 0.22465044218750002 0.5476169625 0.22769264687500002 0.569263375 0.2408654609375 0.5858070265624999 0.2512120953125 0.5892582281250001 0.2597466125 0.58683245 0.2663470109375 0.5846784921875 0.275463553125 0.5723602624999999 0.2788997484375 0.554708696875 0.27459946875 0.538144421875 0.26403681562500003 0.5261392578125
0 0.3419174984375 0.4698195796875 0.329420728125 0.4580862359375 0.3078074171875 0.45867112656250003 0.300746990625 0.46456872968749996 0.2942406109375 0.48142545468750003 0.29762083906250003 0.5054770234375 0.312727771875 0.52174885625 0.3208022640625 0.523066721875 0.32933678125 0.5206409421875 0.3394673921875 0.51553818125 0.3466498171875 0.5034917734375 0.349165959375 0.493327503125 0.34747584531250003 0.4813017171875 0.3419174984375 0.4698195796875
0 0.4073394640625 0.45817245624999997 0.4172540546875 0.4445157375 0.4197702 0.4343514640625 0.414793875 0.4129768734375 0.3977528265625 0.39697686718749997 0.3784116546875 0.3996950921875 0.3661029203125 0.41736727812499996 0.367887053125 0.4440958265625 0.387200246875 0.4622291703125 0.4073394640625 0.45817245624999997
0 0.454142196875 0.33509327187500004 0.4451476546875 0.341262696875 0.43636913593750004 0.3559860828125 0.4371392 0.3754991609375 0.4453077125 0.3915197921875 0.4574664609375 0.400847975 0.47373744531249995 0.3973349078125 0.4819339375 0.3925039703125 0.488778340625 0.37805240625000003 0.487670253125 0.356134171875 0.4847220671875 0.3491905203125 0.46995315781249997 0.33532384843749996 0.454142196875 0.33509327187500004
0 0.0998808484375 0.5369465609375 0.0808776984375 0.5420699421874999 0.0720991765625 0.5567933296875001 0.0738833109375 0.583521878125 0.087056125 0.6000655328125 0.095468640625 0.6037885562499999 0.10980550781250001 0.6005473109375 0.1144717921875 0.598665175 0.1248464078125 0.5812648078125 0.12340029687500001 0.5569414140625 0.11817996875 0.5478644328125 0.106021221875 0.53853625 0.0998808484375 0.5369465609375
0 0.1944365734375 0.5150733 0.19139436875 0.49342688749999997 0.18617404531249998 0.48434990312500004 0.1762874375 0.47715505468749997 0.1701470625 0.47556536562499996 0.14920979375 0.48096056875000004 0.1432854421875 0.487924840625 0.1407692984375 0.498089115625 0.140187271875 0.5079815640625001 0.144149525 0.5221406843749999 0.15732233906249998 0.5386843359375 0.16573485625 0.5424073625 0.17813760781250002 0.5394379375 0.18793019375 0.5319300218749999 0.1931785015625 0.5201554359375 0.1944365734375 0.5150733
0 0.24553958437499998 0.4085583890625 0.237803115625 0.40964567812499997 0.2355309765625 0.40751234375 0.2223301765625 0.4118202578125 0.2116175375 0.4268154671875 0.21340167187499998 0.45354401875 0.2265744859375 0.4700876703125 0.23498700156250002 0.47381069374999996 0.2512579875 0.47029762656249996 0.25911646093749996 0.46306153281249995 0.26436476875000003 0.451286946875 0.26325668125 0.42936871249999997 0.25542619218749996 0.4157532375 0.24553958437499998 0.4085583890625
0 0.09938276874999999 0.484284309375 0.112151525 0.4628684734375 0.10910932031250001 0.4412220578125 0.0897961296875 0.42308871718749996 0.07045495625 0.42580694062499996 0.0584842453125 0.44588428437500005 0.0618644734375 0.46993585781249997 0.0670848 0.4790128375 0.08117766562499999 0.4880692 0.09938276874999999 0.484284309375
0 0.1693109609375 0.42049795625 0.1820797171875 0.3990821203125 0.1790375125 0.377435709375 0.173817184375 0.3683587234375 0.1616584375 0.359030540625 0.1403831484375 0.3620205875 0.1296705125 0.377015796875 0.13179266875 0.4061495046875 0.15110585781250002 0.424282846875 0.1693109609375 0.42049795625
0 0.3331848734375 0.3655823609375 0.3279645453125 0.3565053796875 0.3200120546875 0.349038709375 0.3096654234375 0.3455875046875 0.301928953125 0.34667479375 0.2910002984375 0.3531160453125 0.283817871875 0.365162453125 0.2813017265625 0.3753267234375 0.2833298640625 0.389757665625 0.2888882140625 0.4012398078125 0.2968407015625 0.40870647812499994 0.311393590625 0.41401919062500003 0.31412575625 0.4124088765625 0.327786578125 0.40435731874999997 0.33622707812499997 0.387228771875 0.3331848734375 0.3655823609375
0 0.40050290312500003 0.2972575171875 0.39027826875 0.2876575125 0.38186575624999997 0.2839344890625 0.3663928171875 0.28610906875 0.354084084375 0.30378125625 0.35325805625 0.3259713140625 0.35881640312499996 0.3374534546875 0.3713131765625 0.34918679375 0.384391971875 0.351027684375 0.3929264875 0.348601903125 0.40397714687499997 0.33601185 0.406831315625 0.3282527359375 0.40639927187499997 0.31114481562499996 0.40050290312500003 0.2972575171875
0 0.556922403125 0.28753750624999996 0.5418154671875001 0.271265671875 0.5240703890625 0.2713069171875 0.5150758453125001 0.27747634374999997 0.5094895140625 0.28684577187500004 0.50663535 0.294604890625 0.5067293703125 0.30930765625 0.5126257390625 0.32319495 0.5251225125000001 0.334928290625 0.52932876875 0.336789803125 0.5455997531250001 0.33327673281250003 0.55539234375 0.3257688171875 0.5590445546875 0.3166712109375 0.5603026296875 0.311589075 0.556922403125 0.28753750624999996
0 0.7845460765625 0.1108399671875 0.781503871875 0.08919355625 0.764124796875 0.07078839218750001 0.7560503062499999 0.069470525 0.7389812703125 0.074322084375 0.7289446796875 0.09412760625 0.728362653125 0.10402005781250001 0.7326629296875 0.120584334375 0.7477698609375001 0.1368561640625 0.7519761218750001 0.138717675 0.7663129890625 0.1354764296875 0.7729133874999999 0.133322471875 0.77803969375 0.1276966921875 0.7832880015625 0.11592210781250001 0.7845460765625 0.1108399671875
0 0.6966847671874999 0.1452620390625 0.6825918984375 0.1362056765625 0.6616546328124999 0.1416008828125 0.6541341843749999 0.1512421328125 0.6516180421875 0.16140640312500001 0.6506979890625 0.1688936953125 0.6553362921875 0.18786312968750002 0.6723773421875 0.203863140625 0.6905824453125 0.20007824687500003 0.6952487281249999 0.19819611406249998 0.7027691765624999 0.1885548625 0.706543390625 0.1733084546875 0.70417723125 0.1564723546875 0.6966847671874999 0.1452620390625
0 0.6150757609374999 0.097867525 0.60485113125 0.0882675203125 0.5867680296875 0.08590360625 0.5758393703125 0.0923448578125 0.5686569453125 0.10439126406250002 0.5661408031249999 0.11455553593750001 0.5685069625 0.131391634375 0.574065309375 0.1428737765625 0.5820178 0.15034044375 0.5904303125 0.154063471875 0.6028330671875 0.15109404531249998 0.616953915625 0.1392988390625 0.6210661515625 0.1264575859375 0.6209721312500001 0.11175482031249999 0.6150757609374999 0.097867525
0 0.6130017296875 0.202397184375 0.60686135625 0.2008074953125 0.5991248859375 0.201894784375 0.584666015625 0.2112848390625 0.58067578125 0.2179772828125 0.5784976578125 0.2305467140625 0.5822159078125 0.257003440625 0.598580915625 0.2681931375 0.620654253125 0.2638646 0.6321649390624999 0.24753090000000003 0.6330849875 0.24004360781249998 0.6303808046875 0.220802353125 0.6251604765625001 0.21172536718749999 0.6130017296875 0.202397184375
0 0.494278490625 0.1786137109375 0.49732069531249995 0.20026012343750002 0.5104935140625 0.21680377499999998 0.518906028125 0.2205268015625 0.5332428984375001 0.21728555312500003 0.543035484375 0.2097776359375 0.5492038421875 0.190515759375 0.5442275203125 0.1691411703125 0.5271864671875 0.153141159375 0.5059111781250001 0.15613120625000002 0.4983907296875 0.1657724578125 0.494278490625 0.1786137109375
0 0.4773415328125 0.2545739359375 0.47565141874999994 0.24254815000000002 0.467820928125 0.22893267499999997 0.45986843750000006 0.22146600312500003 0.45566218281250004 0.2196044921875 0.436321009375 0.222322715625 0.42401227812500003 0.239994903125 0.42275420468749997 0.2450770421875 0.42545838593749996 0.2643182984375 0.43067871406249997 0.27339527812500003 0.4409033453125 0.2829952828125 0.447381740625 0.28699012968750004 0.45785037500000003 0.28429252968749996 0.46991510468750003 0.278917946875 0.4723092453125 0.27490248125 0.4773415328125 0.2545739359375
0 0.3675747796875 0.16821513125 0.3524398640625 0.17279486875 0.343323321875 0.18511309843749998 0.34080717968749996 0.195277371875 0.343849384375 0.21692378437499998 0.3631625734375 0.23505712499999998 0.3813676765625 0.2312722359375 0.387630053125 0.2267131203125 0.3941364328125 0.2098564 0.3950564828125 0.20236910468749997 0.39075620624999996 0.18580482812500002 0.373715153125 0.16980482187499998 0.3675747796875 0.16821513125
0 0.46397060625000003 0.1313672828125 0.4554640734375 0.1129414953125 0.449783721875 0.1076081578125 0.43716495 0.1020236234375 0.4274943609375 0.1033827359375 0.41849982187499996 0.109552159375 0.412913490625 0.11892158906250001 0.409815321875 0.1389783109375 0.4120874625 0.141111646875 0.4134395546875 0.150732275 0.4232041578125 0.164075928125 0.430818625 0.1691374390625 0.4490237296875 0.1653525484375 0.45369001249999996 0.1634704125 0.46246853125 0.148747028125 0.46397060625000003 0.1313672828125
0 0.2565880109375 0.1433443640625 0.2599682390625 0.16739593749999998 0.2705308921875 0.17940109843750002 0.2812155453125 0.18525745625 0.2974865328125 0.18174438906249998 0.3021528140625 0.17986225312499998 0.3093352390625 0.1678158453125 0.3118513828125 0.1576515703125 0.3065370375 0.133871825 0.28756186875 0.1181436390625 0.2701548125 0.1205900421875 0.2565880109375 0.1433443640625
0 0.32116603593750004 0.2519963375 0.31367356874999996 0.24078602343750002 0.30185284375 0.2338629953125 0.28444579062500003 0.23630939843749998 0.2757892734375 0.24488398125000002 0.270540965625 0.256658565625 0.2699589390625 0.26655101718749996 0.274259215625 0.28311529375 0.2913002640625 0.2991153015625 0.2974406375 0.300704990625 0.309843390625 0.2977355671875 0.31610576875 0.2931764515625 0.3232881921875 0.28113004531249997 0.3254663125 0.2685606140625 0.32116603593750004 0.2519963375
0 0.2361309125 0.2995108609375 0.22385016093750001 0.296331478125 0.2106493640625 0.3006393953125 0.20153282031250003 0.312957625 0.199016675 0.323121896875 0.20205887968749997 0.34476830937499997 0.21489367656249997 0.3589068046875 0.223306190625 0.36262983125 0.23957717500000003 0.359116759375 0.245839553125 0.3545576453125 0.2526839546875 0.34010608124999997 0.25326598125 0.3302136328125 0.2489657046875 0.31364935625 0.2361309125 0.2995108609375
0 0.0441932734375 0.330164928125 0.045545364062499996 0.339785559375 0.0439492671875 0.3424625375 0.048249546875 0.35902681406250003 0.05654005937499999 0.368898640625 0.06722471249999999 0.3747549984375 0.0834956984375 0.37124192968749997 0.0881619828125 0.36935979375 0.0969405015625 0.35463640937499996 0.09515636875 0.3279078609375 0.075843175 0.30977451718750004 0.056502003125 0.3124927421875 0.0441932734375 0.330164928125
0 0.0580219890625 0.1970039609375 0.046417284375 0.1986348953125 0.0342305578125 0.2101582828125 0.0321744359375 0.21657890625 0.031592410937499996 0.2264713578125 0.0365687328125 0.247845946875 0.044859245312500004 0.25771777500000004 0.0555438984375 0.2635741328125 0.073749003125 0.2597892421875 0.084921665625 0.2410503859375 0.0834755546875 0.21672699374999999 0.0759830890625 0.205516675 0.06836862187500001 0.2004551625 0.0580219890625 0.1970039609375
0 0.15838006875 0.1743152328125 0.1553378640625 0.1526688203125 0.1501175390625 0.1435918390625 0.137958790625 0.1342636515625 0.1318184140625 0.1326739640625 0.11474938125 0.137525521875 0.10882502812499999 0.14448979374999998 0.10471279062500001 0.157331046875 0.10379274218750001 0.1648183390625 0.10809301874999999 0.181382615625 0.1209278125 0.19552111562500002 0.12934032812500001 0.1992441375 0.1436771953125 0.19600288906250002 0.149939571875 0.191443778125 0.157121996875 0.1793973671875 0.15838006875 0.1743152328125