0 0.7781513109375 0.8519537171874999 0.7585710109375 0.8401706265625 0.7415957390625 0.8598169468749999 0.7525927671875 0.8731060125000001 0.7685458515625 0.8729641765625 0.7781513109375 0.8519537171874999
0 0.7124231437499999 0.84850905 0.7055644234375 0.83739266875 0.6865842734375 0.8344421578125001 0.6759697890624999 0.8544218328125 0.698679375 0.867346825 0.7124231437499999 0.84850905
0 0.6264882 0.86551925 0.6424544484375 0.844842146875 0.6186336234375001 0.83283681875 0.605898878125 0.852705375 0.6264882 0.86551925
0 0.5768285015625 0.83944703125 0.56784951875 0.8282195328125 0.5530076734375 0.8274417046875 0.540272928125 0.8473102609375 0.5608622515625 0.8601241359375 0.5768285015625 0.83944703125
0 0.472424496875 0.8437544750000001 0.4791809984375 0.8568213015625 0.4949296453125 0.8605803640625 0.508162321875 0.8514948312499999 0.5089800703125 0.8358912453125 0.48495480625000004 0.8277868156249999 0.472424496875 0.8437544750000001
0 0.43809140625 0.8497783765625 0.441029421875 0.8342859078125 0.42144912031250004 0.8225028171875 0.40649189375 0.8442107046875 0.427183434375 0.8550741296875 0.43809140625 0.8497783765625
0 0.37236324062500004 0.8463337093750001 0.37116294375000003 0.82866855625 0.3448129796875 0.8243539046875 0.338439025 0.8445558156249999 0.363473309375 0.853691028125 0.37236324062500004 0.8463337093750001
0 0.3047192484375 0.8388770265625001 0.29413109375 0.81778616875 0.271306125 0.8273468921875 0.27059059375 0.8410000312499999 0.287143828125 0.8496907703125001 0.3047192484375 0.8388770265625001
0 0.23970661093749998 0.8217792218750001 0.2179038296875 0.8118354609375 0.20557795781250002 0.823902225 0.2069826890625 0.83766648125 0.2299989328125 0.844740128125 0.23970661093749998 0.8217792218750001
0 0.7888943390625001 0.7889530625 0.7802979031249999 0.810994303125 0.8031097062500001 0.8219688453125 0.8141198984375 0.81472264375 0.8149376484375 0.7991190578125 0.8017181390625 0.7876693234375 0.7888943390625001 0.7889530625
0 0.7131650031250001 0.7937853796875001 0.712347253125 0.809388965625 0.7352612765625001 0.8184130609375 0.7462714671875 0.811166859375 0.7470892171875 0.7955632718750001 0.725286434375 0.7856195140625 0.7131650031250001 0.7937853796875001
0 0.6783208187499999 0.8095615203125 0.68125883125 0.7940690515625 0.6574380046875 0.782063728125 0.6446010390625 0.8038827312500001 0.665190365625 0.8166966046875 0.6783208187499999 0.8095615203125
0 0.5795884046875 0.7867849265625 0.576752609375 0.8003269468750001 0.599462196875 0.8132519374999999 0.6126948703124999 0.80416640625 0.6135126203125 0.78856281875 0.5938301015625 0.7787301796875 0.5795884046875 0.7867849265625
0 0.5380767750000001 0.808079059375 0.5457664078125 0.7830565859374999 0.5216389234375 0.7769026046875 0.5130424890625 0.7989438453125 0.5380767750000001 0.808079059375
0 0.44389154375000006 0.7796733546875 0.44317601250000005 0.79332649375 0.46386755312499994 0.80418991875 0.477100228125 0.7951043859375 0.4779179765625 0.7795008 0.46035572187499996 0.7697792765625 0.44389154375000006 0.7796733546875
0 0.41157649999999996 0.787758821875 0.40300638906249997 0.7687295328125 0.37594089375 0.7780680171875 0.377345628125 0.791832275 0.3938988609375 0.8005230140625 0.41157649999999996 0.787758821875
0 0.3076835890625 0.7823140265624999 0.3124220453125 0.7933192874999999 0.33029095625 0.797189465625 0.3434214125 0.7900543812499999 0.3442391625 0.7744507953124999 0.3224363796875 0.7645070375 0.3076835890625 0.7823140265624999
0 0.27557298124999996 0.786498596875 0.2763907296875 0.770895009375 0.252365465625 0.7627905796875 0.241750984375 0.7827702546875 0.2645627875 0.7937447984375 0.27557298124999996 0.786498596875
0 0.2083378625 0.7712401203125 0.18239677031249998 0.7591236765625 0.16976424375000002 0.7770417859375 0.1766229640625 0.788158165625 0.1945940953125 0.79007789375 0.2083378625 0.7712401203125
0 0.17908937656249999 0.7208121375000001 0.15981573124999998 0.70317770625 0.14567625312500002 0.7092820046874999 0.14263602343749998 0.7267249203125 0.16332756406249999 0.7375883453125 0.17908937656249999 0.7208121375000001
0 0.2449197640625 0.7223063578125 0.2234236375 0.7065112546875 0.21140442187500003 0.7127266718749999 0.208364190625 0.7301695875 0.22915795 0.7390825624999999 0.2449197640625 0.7223063578125
0 0.3122571 0.735614384375 0.31297263124999997 0.7219612484375 0.289151803125 0.709955921875 0.2764170578125 0.7298244765625 0.2991266453125 0.7427494671875 0.3122571 0.735614384375
0 0.38020775 0.7372197218750001 0.38092328124999997 0.723566584375 0.3612407609375 0.71373394375 0.3441632703125 0.7353307109375 0.3668728578125 0.7482557015625 0.38020775 0.7372197218750001
0 0.4466514484375 0.7270112515625 0.424848665625 0.71706749375 0.41201170156250005 0.738886496875 0.42311094843749997 0.7502251125 0.43694376874999996 0.74997215625 0.4466514484375 0.7270112515625
0 0.5164157046875 0.7345790515624999 0.5095569859375 0.723462671875 0.49057683281250003 0.7205121609375 0.47794430468750004 0.7384302671875 0.500551671875 0.7533057046875 0.5164157046875 0.7345790515624999
0 0.5725384109375 0.7590341765625 0.5843663546875 0.736184390625 0.5605455265625 0.7241790640625 0.5454860796875 0.747837396875 0.5725384109375 0.7590341765625
0 0.6517036921875 0.749492415625 0.6389952734375 0.728290440625 0.613947821875 0.7396904937500001 0.61535255625 0.7534547515625001 0.6319057890625001 0.7621454890625 0.6517036921875 0.749492415625
0 0.6813873781249999 0.751048071875 0.6882460984375001 0.762164453125 0.7061150109375001 0.7660346296875 0.719858778125 0.74719685625 0.698464871875 0.7294513031250001 0.6842231734374999 0.7375060515625 0.6813873781249999 0.751048071875
0 0.7519693843749999 0.7430122859375 0.7511516359375 0.758615871875 0.7740656609375 0.767639965625 0.7877072093749999 0.7507526421875 0.77883044375 0.7375746953125 0.76409081875 0.7348464203125 0.7519693843749999 0.7430122859375
0 0.738558603125 0.71492818125 0.7524045874999999 0.694139959375 0.7285837625 0.6821346328125 0.7157467984375 0.7039536390625 0.738558603125 0.71492818125
0 0.8202530187500001 0.6976957453125 0.8007749390625 0.6839622078125001 0.7820882765625 0.695695615625 0.7815771828125 0.70544785625 0.806407034375 0.7184839671875001 0.8202530187500001 0.6976957453125
0 0.6867786390624999 0.68874484375 0.669318603125 0.6770728734375 0.650223065625 0.696608075 0.6590998328125 0.7097860203125 0.6749506984375 0.7115946328125 0.6867786390624999 0.68874484375
0 0.6209482546875 0.687250625 0.601367953125 0.675467534375 0.5850059937500001 0.683411165625 0.5842904640625 0.6970643046875 0.6071022671875 0.708038846875 0.6209482546875 0.687250625
0 0.55299760625 0.6856452890625 0.529278996875 0.6716895125 0.5148328609374999 0.6836451593749999 0.5162375953125 0.6974094156249999 0.5413741 0.7045941796874999 0.55299760625 0.6856452890625
0 0.48737165625 0.680250171875 0.4635508296875 0.6682448453125 0.450816084375 0.6881134015625 0.46181311249999996 0.7014024671875 0.47564593281249995 0.7011495125 0.48737165625 0.680250171875
0 0.41952322343750004 0.6766943875 0.3979248796875 0.66284973125 0.385803446875 0.671015596875 0.384985696875 0.686619184375 0.40577945625 0.6955321624999999 0.41952322343750004 0.6766943875
0 0.351572575 0.67508905 0.3406777671875 0.6598495375 0.3279561875 0.6591828265624999 0.3151192234375 0.6810018296875 0.3358107640625 0.6918652578125 0.351572575 0.67508905
0 0.2700825953125 0.688420590625 0.28180831875 0.66752125 0.2578852734375 0.6574663703125 0.24716857343749998 0.6793964953125 0.2700825953125 0.688420590625
0 0.21809819687499998 0.6661381484375 0.19427736874999998 0.6541328203125001 0.18215593593749999 0.6622986890625 0.18144040625 0.675951828125 0.20425220937500002 0.6869263703125 0.21809819687499998 0.6661381484375
0 0.1867294484375 0.6155990484375 0.165233321875 0.5998039453125 0.1508894046875 0.6098091390625 0.15017387499999998 0.623462278125 0.1752081625 0.632597490625 0.1867294484375 0.6155990484375
0 0.786048478125 0.660698665625 0.7889864890625 0.645206196875 0.7651656625000001 0.6332008703125 0.7525331359375 0.65111898125 0.7751405046875 0.66599441875 0.786048478125 0.660698665625
0 0.7073942921875 0.660488184375 0.7213424953125 0.6377495140625 0.6952991859375001 0.6275835203125 0.6866005296875 0.6515752078125 0.7073942921875 0.660488184375
0 0.6415639046875 0.658993965625 0.6534940640625 0.6341937296875 0.6294688015625 0.6260893000000001 0.61864988125 0.64996986875 0.6415639046875 0.658993965625
0 0.5801784828125001 0.6538210859375 0.5877658984374999 0.6307490625 0.5637406328125001 0.6226446328125 0.5550419796875 0.6466363203125 0.5801784828125001 0.6538210859375
0 0.524055775 0.6293659593750001 0.5023552109375 0.6174717546874999 0.48760242343750004 0.63527874375 0.49647918593749996 0.648456690625 0.512330053125 0.6502653015625001 0.524055775 0.6293659593750001
0 0.42370102656249997 0.6172612734375 0.421465378125 0.6396358671875 0.4424635765625 0.6446479484375 0.4535759890625 0.6354512999999999 0.45217125625000004 0.6216870421875 0.44298783437499994 0.6143604421875 0.42370102656249997 0.6172612734375
0 0.3538213859375 0.6321791875 0.3649206328125 0.6435178031250001 0.3787534546875 0.6432648484375 0.3903769578125 0.62431595625 0.3813979765625 0.6130884578125 0.36655613125 0.6123106296875 0.3538213859375 0.6321791875
0 0.3203060453125 0.6225995015625 0.29880991875 0.6068043984375 0.2867907046875 0.6130198140625 0.28385269218750003 0.6285122828125 0.30242396875 0.6392645890625 0.3203060453125 0.6225995015625
0 0.2160042625 0.624956496875 0.227103509375 0.6362951140625001 0.2409363296875 0.636042159375 0.251946521875 0.6287959562500001 0.25276427031250004 0.6131923703125 0.23096148749999998 0.6032486125000001 0.2160042625 0.624956496875
0 0.8274842171874999 0.6002844484375001 0.8082105734375 0.5826500140624999 0.79407109375 0.5887543140625 0.79113308125 0.6042467828125 0.8138426671874999 0.6171717734375 0.8274842171874999 0.6002844484375001
0 0.7238979624999999 0.58898830625 0.7253026953124999 0.602752565625 0.7460964546875 0.6116655390625 0.7599424406249999 0.5908773171874999 0.7509634593750001 0.5796498203125 0.7361216125000001 0.5788719921875 0.7238979624999999 0.58898830625
0 0.6761277625 0.6079986359375 0.692094009375 0.5873215328125 0.6704956656250001 0.5734768781249999 0.6555384375 0.5951847625 0.6761277625 0.6079986359375
0 0.6235300484375 0.5974188859375 0.622329753125 0.5797537312500001 0.5959797890625 0.5754390796875 0.5915216609375 0.5996530078125 0.61464011875 0.6047762046875 0.6235300484375 0.5974188859375
0 0.5241843234375 0.5863449796875 0.5330610874999999 0.5995229265625001 0.5467916890625 0.60122041875 0.5604332390625 0.5843330921875001 0.551556475 0.5711551484374999 0.53681685 0.5684268718750001 0.5241843234375 0.5863449796875
0 0.490055671875 0.588467984375 0.49087342031250003 0.572864396875 0.46896841875 0.5648710859375 0.4562336734375 0.5847396421875 0.4790454765625 0.595714184375 0.490055671875 0.588467984375
0 0.3912210359375 0.5676418375 0.3904032875 0.5832454234375 0.4111970453125 0.5921583984375001 0.42210502187500004 0.5868626484374999 0.42504303125 0.5713701796875 0.40334247031250003 0.559475971875 0.3912210359375 0.5676418375
0 0.3205368125 0.577628071875 0.33163605937499996 0.5889666874999999 0.3454688796875 0.58871373125 0.3570923828125 0.569764840625 0.3397345640625 0.5561424234375 0.3233726046875 0.5640860515624999 0.3205368125 0.577628071875
0 0.2776204484375 0.5851579453125 0.28944838906250003 0.562308159375 0.269765871875 0.55247551875 0.2549108625 0.5722329562499999 0.2776204484375 0.5851579453125
0 0.1898982265625 0.55513515 0.18696021406250002 0.57062761875 0.2055314921875 0.5813799234375 0.22331135 0.5666652828125 0.21453680312499998 0.551536890625 0.201917440625 0.548919734375 0.1898982265625 0.55513515
0 0.794404078125 0.5418324359375 0.7854250953124999 0.5306049390625 0.770583253125 0.5298271109375 0.7579507249999999 0.5477452171875 0.7806603125 0.560670209375 0.794404078125 0.5418324359375
0 0.7287781296875 0.5364373203125 0.7113180921875 0.5247653484375 0.692324775 0.542350103125 0.7032195859375 0.557589615625 0.7170524078125 0.5573366609375 0.7287781296875 0.5364373203125
0 0.6449634515625 0.5535586390625 0.66082748125 0.5348319828125 0.6392291359375 0.5209873265625 0.6245785640625 0.53684386875 0.6449634515625 0.5535586390625
0 0.585698290625 0.5484968796875 0.5952015328125 0.5294368671874999 0.57350096875 0.5175426578125 0.56066400625 0.539361665625 0.585698290625 0.5484968796875
0 0.5291667078125 0.5318435453125 0.522410209375 0.5187767187500001 0.50555031875 0.5159373234375 0.492815575 0.5358058796875 0.513404896875 0.5486197515625 0.5291667078125 0.5318435453125
0 0.459504671875 0.522325296875 0.4378041078125 0.5104310875 0.4230513171875 0.528238078125 0.4340483453125 0.5415271421875001 0.4500014296875 0.5413853078125 0.459504671875 0.522325296875
0 0.393163190625 0.53058331875 0.393980940625 0.5149797328125 0.3699556765625 0.5068753015625 0.35934119375 0.5268549765625 0.3821529984375 0.537829521875 0.393163190625 0.53058331875
0 0.3279461171875 0.5173864109374999 0.3062455546875 0.505492203125 0.29412412187500003 0.5136580687500001 0.293408590625 0.5273112078125 0.318442875 0.5364464203125 0.3279461171875 0.5173864109374999
0 0.2601999046875 0.5118801765625001 0.23627685937499998 0.5018252984375 0.225662378125 0.5218049734375 0.23676162343749999 0.533143590625 0.2505944453125 0.532890634375 0.2601999046875 0.5118801765625001
0 0.1903334296875 0.5062628250000001 0.168530646875 0.4963190625 0.1564092125 0.50448493125 0.1556936828125 0.5181380703125 0.1807279703125 0.527273284375 0.1903334296875 0.5062628250000001
0 0.8172422125000001 0.511736446875 0.828967934375 0.49083710625 0.8051471078124999 0.4788317796875 0.7943281890625 0.50271235 0.8172422125000001 0.511736446875
0 0.7624220171875 0.5029960250000001 0.7653600296875 0.4875035578125 0.7436594671875 0.47560935000000004 0.730924721875 0.49547790625 0.7515140437500001 0.5082917796875 0.7624220171875 0.5029960250000001
0 0.6657076484375 0.482280996875 0.6650943359375 0.4939836875 0.6835633953125 0.5066864437499999 0.6966938500000001 0.49955135781250004 0.6996318640625 0.48405889062499996 0.6821718265625 0.47238691875 0.6657076484375 0.482280996875
0 0.62945873125 0.48429288281250005 0.60796260625 0.468497778125 0.5930053765625 0.490205665625 0.6041046234375 0.50154428125 0.617937446875 0.5012913265625001 0.62945873125 0.48429288281250005
0 0.552209278125 0.49784665937500006 0.563935003125 0.47694731875 0.5422344390625 0.46505311093749996 0.529397475 0.48687211562500005 0.552209278125 0.49784665937500006
0 0.48637889218749997 0.4963524421875 0.496086571875 0.47339153281249996 0.47428379062500003 0.46344777343750004 0.46134460781250003 0.4872172265625 0.48637889218749997 0.4963524421875
0 0.43247866718749994 0.470057984375 0.410778103125 0.45816377656249996 0.39865667031249996 0.46632964218749995 0.3979411390625 0.47998278125000005 0.4229754265625 0.48911799375 0.43247866718749994 0.470057984375
0 0.362509971875 0.46639108125 0.338586928125 0.45633620312499995 0.3258521828125 0.476204759375 0.33695142968749997 0.4875433765625 0.35078425 0.48729042031249997 0.362509971875 0.46639108125
0 0.2828336 0.485685084375 0.29678180625 0.46294641406250003 0.2728587609375 0.4528915359375 0.262142059375 0.47482165781249996 0.2828336 0.485685084375
0 0.2307469828125 0.465353090625 0.2218702171875 0.45217514375 0.20713059375 0.44944686875000006 0.1942936296875 0.471265871875 0.21498516875 0.48212929843749996 0.2307469828125 0.465353090625
0 0.7924386906249999 0.45762980468750003 0.7975991875 0.4402980046875 0.7758986234374999 0.42840379687499996 0.763061659375 0.45022280312499996 0.7816329359374999 0.46097510937499997 0.7924386906249999 0.45762980468750003
0 0.722367778125 0.4559133484375 0.7360093265625001 0.43902602343749997 0.7166334625 0.4233420375 0.699658190625 0.44298835781249996 0.722367778125 0.4559133484375
0 0.629689496875 0.439321453125 0.6407887437500001 0.4506600703125 0.6546215671875 0.4504071140625 0.6661428515625001 0.4334086703125 0.6592841296875 0.422292290625 0.6424242421875 0.41945289687500004 0.629689496875 0.439321453125
0 0.5983966390625 0.42790243749999995 0.5788163390625 0.4161193484375 0.5644724234375 0.42612454531250005 0.5638591109375 0.4378272359375 0.5867731359375 0.44685132968749997 0.5983966390625 0.42790243749999995
0 0.5252854953125 0.44362889843750003 0.532872909375 0.42055687500000005 0.5087454265625 0.414402890625 0.502167034375 0.4385057 0.5252854953125 0.44362889843750003
0 0.443017259375 0.4109582234375 0.432402775 0.4309379015625 0.45097405625000003 0.44169020625 0.46400229218750005 0.436505571875 0.4668380859375 0.42296354999999997 0.457859103125 0.41173605156250004 0.443017259375 0.4109582234375
0 0.3983763421875 0.43111045625 0.3991940921875 0.41550686875 0.37516882812499996 0.40740243749999994 0.3646565640625 0.425431665625 0.383125625 0.4381344203125 0.3983763421875 0.43111045625
0 0.3332614875 0.415963096875 0.32428250625 0.40473559843749995 0.309440659375 0.4039577703125 0.29882617968749997 0.42393744843750003 0.321637984375 0.434911990625 0.3332614875 0.415963096875
0 0.25166928906249997 0.4312450859375 0.2633950125 0.41034574687500003 0.237351703125 0.40017974843750004 0.226839440625 0.4182089765625 0.25166928906249997 0.4312450859375
0 0.1976668453125 0.40690107812500004 0.184447334375 0.39545134375 0.1694010546875 0.39857441250000003 0.1630271 0.41877632499999995 0.188061384375 0.4279115375 0.1976668453125 0.40690107812500004
0 0.8363013484374999 0.3914753609375 0.8273223671875 0.3802478625 0.8124805234375 0.37947003437500004 0.801763821875 0.4014001578125 0.8246778453125 0.41042425156249995 0.8363013484374999 0.3914753609375
0 0.7568294140625 0.406868465625 0.76845291875 0.387919575 0.7467523546875 0.3760253671875 0.7339153921875 0.397844371875 0.7568294140625 0.406868465625
0 0.6978709140625 0.3959553609375 0.6986886625000001 0.380351775 0.6767836609375 0.3723584640625 0.6660669593749999 0.3942885875 0.686860721875 0.4032015609375 0.6978709140625 0.3959553609375
0 0.6350807578125 0.3770182265625 0.615398240625 0.3671855859375 0.60054323125 0.38694302343750003 0.6095222125 0.398170521875 0.6233550359375 0.39791756562499997 0.6350807578125 0.3770182265625
0 0.5691481546875 0.3774744546875 0.547549809375 0.3636298 0.5348150640625 0.38349835625 0.543794046875 0.3947258546875 0.5597471328125 0.3945840171875 0.5691481546875 0.3774744546875
0 0.4918987 0.39102823125 0.5036244234375 0.370128890625 0.47970137968750004 0.360074015625 0.46908689531250003 0.38005368906250003 0.4918987 0.39102823125
0 0.43718072656249996 0.3803373625 0.43386016875 0.36256109062499997 0.4117507296875 0.3584686765625 0.4032565109375 0.37855946875 0.428290796875 0.38769468281249997 0.43718072656249996 0.3803373625
0 0.3698433890625 0.367029334375 0.34824504375 0.35318468125 0.3355102984375 0.3730532359375 0.34448928125 0.3842807359375 0.360442365625 0.384138896875 0.3698433890625 0.367029334375
0 0.306133265625 0.365646234375 0.29725650312499996 0.3524682875 0.282516875 0.3497400125 0.2698843515625 0.3676581203125 0.2904736734375 0.3804719921875 0.306133265625 0.365646234375
0 0.22252302343750002 0.3788666546875 0.238387053125 0.36014 0.2167887078125 0.3462953453125 0.2019337015625 0.36605278281250003 0.22252302343750002 0.3788666546875
0 0.7977540609375 0.35620649375 0.8052392562499999 0.335084915625 0.7789915093750001 0.3288198171875 0.7726175546875 0.349021728125 0.7977540609375 0.35620649375
0 0.7411202609374999 0.3415036078125 0.7374930453124999 0.32957868125 0.7133655625 0.3234247 0.70487134375 0.34351549375 0.7299056296875001 0.35265070781249996 0.7411202609374999 0.3415036078125
0 0.666604384375 0.34346581249999997 0.66954239375 0.32797334375 0.6477396125 0.3180295828125 0.6351070859375 0.33594769375 0.6556964109375001 0.3487615671875 0.666604384375 0.34346581249999997
0 0.6032009171875 0.336231365625 0.594630809375 0.31720207500000003 0.56978779375 0.32470123281249996 0.5710903093749999 0.3404159375 0.585625496875 0.3470451109375 0.6032009171875 0.336231365625
0 0.5402063234375001 0.321195128125 0.5184035406249999 0.3112513671875 0.505668796875 0.3311199234375 0.5167680421874999 0.342458540625 0.5306008656250001 0.34220558749999996 0.5402063234375001 0.321195128125
0 0.47235789375000004 0.3176393421875 0.45489785468750005 0.305967371875 0.437922584375 0.325613690625 0.4489196125 0.3389027546875 0.46063217031250003 0.338538684375 0.47235789375000004 0.3176393421875
0 0.40642528906250003 0.318095571875 0.3826044609375 0.3060902453125 0.37198998125 0.32606992031250004 0.3809689625 0.33729741875 0.396922046875 0.33715558125 0.40642528906250003 0.318095571875
0 0.3291758359375 0.33164935 0.3407993421875 0.31270045625 0.3170807328125 0.29874468125 0.3062618140625 0.322625253125 0.3291758359375 0.33164935
0 0.2729509109375 0.3091446703125 0.25125034375 0.2972504609375 0.2368042125 0.3092061078125 0.2384133828125 0.3190694671875 0.2613274046875 0.3280935640625 0.2729509109375 0.3091446703125
0 0.2052047 0.30363843749999997 0.1835041328125 0.291744228125 0.16854690781249998 0.3134521140625 0.179646153125 0.3247907296875 0.1934789734375 0.324537778125 0.2052047 0.30363843749999997
0 0.830197653125 0.30510004375 0.83768285 0.28397846718749997 0.813555365625 0.2778244859375 0.80506115 0.2979152796875 0.830197653125 0.30510004375
0 0.775479678125 0.294409175 0.7720569015625001 0.27858335156249997 0.7477249796875001 0.276330265625 0.7434712890624999 0.2966432953125 0.7664875296875 0.30371694374999997 0.775479678125 0.294409175
0 0.7054087640625 0.29269271875 0.7039018140625 0.2808789109375 0.67987655 0.2727744796875 0.6732981578125 0.2968772890625 0.6942963546875001 0.30188936875 0.7054087640625 0.29269271875
0 0.64231195625 0.279606928125 0.6354532359375 0.26849054843750003 0.618593346875 0.2656511546875 0.607978865625 0.2856308296875 0.6244298796875001 0.2962720171875 0.64231195625 0.279606928125
0 0.5607197562499999 0.2948889171875 0.574463525 0.27605114375 0.5527629625 0.2641569359375 0.540130434375 0.28207504375000003 0.5607197562499999 0.2948889171875
0 0.5087353578125 0.2726064765625 0.4997563734375 0.261378978125 0.48491453125 0.26060115 0.4743000484375 0.28058082500000003 0.49287132656250005 0.29133313125 0.5087353578125 0.2726064765625
0 0.43886888281249997 0.26698912343750003 0.41484361718749996 0.2588846921875 0.40463801093749996 0.2710625765625 0.40826522499999995 0.28298750156249997 0.429263421875 0.28799958124999997 0.43886888281249997 0.26698912343750003
0 0.3767679296875 0.2754693828125 0.37344736875 0.25769311093749997 0.3491154515625 0.255440025 0.34486175937499997 0.2757530546875 0.36787800000000004 0.28282670312499997 0.3767679296875 0.2754693828125
0 0.293668778125 0.2789375625 0.30539450156250003 0.2580382203125 0.2835917203125 0.24809446249999997 0.27095919375 0.2660125734375 0.293668778125 0.2789375625
0 0.2279406125 0.2754928953125 0.24178660000000002 0.254704671875 0.222206296875 0.24292158281249998 0.207351290625 0.2626790234375 0.2279406125 0.2754928953125
0 0.810452409375 0.23561205156249998 0.790872109375 0.2238289625 0.7787506750000001 0.231994828125 0.777932925 0.247598415625 0.8009491687500001 0.2546720609375 0.810452409375 0.23561205156249998
0 0.7447242421875 0.232167384375 0.72514394375 0.2203842953125 0.7103911515625 0.23819128437499998 0.717249871875 0.2493076640625 0.7331007375 0.2511162765625 0.7447242421875 0.232167384375
0 0.6673725703125 0.247671609375 0.6769780296875 0.22666114999999998 0.6551752468750001 0.216717390625 0.6423382828124999 0.238536396875 0.6673725703125 0.247671609375
0 0.6106365515625 0.23491917343750002 0.6092318171875 0.22115491875 0.5873268171875 0.2131616046875 0.5767123359374999 0.2331412796875 0.5995241390625 0.2441158234375 0.6106365515625 0.23491917343750002
0 0.5359162359375 0.24078227343749997 0.5434014328125001 0.21966069843749997 0.517153684375 0.2133955984375 0.5107797296875 0.233597509375 0.5359162359375 0.24078227343749997
0 0.479691309375 0.218277596875 0.47071232656250006 0.20705009843750002 0.45587048125 0.2062722703125 0.44515378281249995 0.2282023953125 0.46806780468750003 0.2372264890625 0.479691309375 0.218277596875
0 0.41002927031249997 0.20875934843750002 0.38812426875 0.2007660375 0.3775097890625 0.2207457125 0.3864887703125 0.231973209375 0.40244185468750004 0.23183137187499997 0.41002927031249997 0.20875934843750002
0 0.33449120625 0.2302260359375 0.3420786203125 0.20715401249999998 0.3179511390625 0.20100003125 0.311474965625 0.2231523890625 0.33449120625 0.2302260359375
0 0.241915146875 0.2116836921875 0.248671646875 0.22475052031249998 0.26240225 0.22644801406249998 0.273310221875 0.221152259375 0.2762482359375 0.2056597921875 0.2587881984375 0.1939878203125 0.241915146875 0.2116836921875
0 0.2085020234375 0.20015355937499998 0.1845789765625 0.1900986796875 0.17184423124999998 0.2099672375 0.182943478125 0.221305853125 0.19677630156249998 0.221052896875 0.2085020234375 0.20015355937499998
0 0.8310680609375 0.207355390625 0.844811828125 0.18851761875 0.8253337453125 0.1747840828125 0.8083584734375 0.1944304 0.8310680609375 0.207355390625
0 0.776350084375 0.19666452343750002 0.777065615625 0.1830113859375 0.7552628328125001 0.173067625 0.7426303078125 0.1909857328125 0.7632196296875 0.2037996046875 0.776350084375 0.19666452343750002
0 0.7017319890625 0.2005771734375 0.711337446875 0.17956671875000002 0.6895346640625 0.1696229578125 0.67679991875 0.1894915140625 0.7017319890625 0.2005771734375
0 0.6131920171874999 0.186157965625 0.622171 0.1973854640625 0.6381240859374999 0.19724362499999998 0.6476273265625 0.1781836171875 0.6386483421875 0.16695611875 0.6238064999999999 0.166178290625 0.6131920171874999 0.186157965625
0 0.5799833328124999 0.170726934375 0.5603008125 0.1608942953125 0.5454458046874999 0.18065173125 0.5544247890625 0.19187923125 0.5682576078125 0.191626275 0.5799833328124999 0.170726934375
0 0.5157621171875 0.179096075 0.514357384375 0.16533181875 0.49033212031250006 0.157227390625 0.48183790000000004 0.1773181828125 0.50464970625 0.188292725 0.5157621171875 0.179096075
0 0.4434687234375 0.17921895000000002 0.4464067328125 0.16372648125 0.4224836890625 0.15367160468750002 0.41176698749999996 0.1756017265625 0.432560746875 0.184514703125 0.4434687234375 0.17921895000000002
0 0.37107310781249997 0.18129227187500002 0.38279883125 0.1603929328125 0.3567555203125 0.1502269375 0.3482613046875 0.1703177296875 0.37107310781249997 0.18129227187500002
0 0.31484818125 0.158787596875 0.293352053125 0.1429924890625 0.2812306234375 0.1511583578125 0.2804128734375 0.16676194375 0.3033268953125 0.1757860390625 0.31484818125 0.158787596875
0 0.2471019703125 0.1532813609375 0.23388245937500002 0.14183162656249998 0.21459565 0.144732459375 0.21246222499999998 0.16515660625 0.237598728125 0.172341371875 0.2471019703125 0.1532813609375
0 0.8138519546874999 0.130176725 0.8046685328125 0.122850121875 0.7875019875 0.125862075 0.7831460781249999 0.1481255515625 0.8062645390625001 0.1532487515625 0.8138519546874999 0.130176725
0 0.7405363703125001 0.14980408437499998 0.7481237859375 0.12673205781250002 0.726218784375 0.11873874531249999 0.715399865625 0.1426193171875 0.7405363703125001 0.14980408437499998
0 0.6813734328125001 0.1427918734375 0.6843114453125 0.1272994046875 0.6626108828125 0.1154051953125 0.6498761375 0.13527375156250002 0.670465459375 0.14808762656250002 0.6813734328125001 0.1427918734375
0 0.604839509375 0.14269251249999998 0.6165652328125 0.12179317187500001 0.59486466875 0.1098989625 0.58404575 0.133779534375 0.604839509375 0.14269251249999998
0 0.5142814953125 0.126211734375 0.5232604765625 0.13743923281249998 0.5392135609375 0.13729739531250001 0.550734846875 0.12029895156249999 0.543876128125 0.1091825703125 0.5270162390625 0.106343178125 0.5142814953125 0.126211734375
0 0.4512869015625 0.1111754953125 0.45046915312499997 0.12677908124999998 0.4712629125 0.135692059375 0.482273103125 0.12844585625 0.48309085312500005 0.1128422703125 0.4634083359375 0.103009628125 0.4512869015625 0.1111754953125
0 0.4172604671875 0.11134805156250001 0.39990264999999997 0.09772563125 0.387985653125 0.10199060156249999 0.382722940625 0.12127284687499999 0.4055347453125 0.13224739218749998 0.4172604671875 0.11134805156250001
0 0.3377885328125 0.12674115625 0.34951425468749997 0.1058418171875 0.325591209375 0.09578693906249999 0.3168925546875 0.1197786296875 0.3377885328125 0.12674115625
0 0.28084807500000003 0.11788961718749999 0.28166582500000004 0.10228603124999999 0.2599652609375 0.09039182343749999 0.24702607968749998 0.11416127499999999 0.2677176203125 0.125024703125 0.28084807500000003 0.11788961718749999
0 0.2178534828125 0.1028533796875 0.19635735781250002 0.08705827499999999 0.17989317968750002 0.096952353125 0.1791776484375 0.1106054890625 0.201989453125 0.1215800359375 0.2178534828125 0.1028533796875