0 0.8849850953124999 0.760664865625 0.8711285140625 0.75456273125 0.8571696765624999 0.7543190796875 0.8477956093750001 0.7580623 0.8347443562500001 0.7724851593750001 0.8345057499999999 0.7861549484375 0.839022346875 0.7940474765625 0.8493380890625 0.8030179421874999 0.8620825609375 0.80617053125 0.8725346453125 0.8073296828125001 0.8795481531249999 0.8054986828124999 0.894925878125 0.7911164328125 0.8930084468749999 0.76764189375 0.8849850953124999 0.760664865625
0 0.833985871875 0.6826144828125 0.8236701328124999 0.673644021875 0.8144324140625001 0.6695759296875 0.7911335937499999 0.6711226703125 0.7781505125 0.6816398734375 0.7757217796875 0.687457746875 0.775517259375 0.6991747109374999 0.7799997750000001 0.70902006875 0.7880231265625001 0.71599709375 0.7984411265625 0.719109075 0.813546159375 0.720349446875 0.8276072578125 0.7147346156250001 0.8382979515625 0.7022239765625 0.8385024718749999 0.6905070109375 0.833985871875 0.6826144828125
0 0.7107168765625 0.6785093921875001 0.7004011390625 0.6695389281249999 0.6888369437499999 0.6654302296875 0.6701910718749999 0.6670581875 0.6596026421875 0.67371034375 0.6548133453125 0.6814404359374999 0.6567648687500001 0.7029621484375 0.669372990625 0.7139260484375 0.6751721328125 0.7150039859375 0.6926036375 0.7162849625 0.7019777031250001 0.71254174375 0.7126683984375 0.7000311046875 0.7129751796875 0.6824556546875 0.7107168765625 0.6785093921875001
0 0.5896720953125001 0.680303390625 0.5839411296875 0.6753198015625 0.5654316046875 0.6691364515625 0.5467516453125 0.6727172343750001 0.5361291234375 0.6813222203125 0.533700390625 0.687140090625 0.5356859953125 0.7067089765625 0.5460017374999999 0.7156794421875 0.5564197375 0.71879141875 0.569198296875 0.7199911828125 0.5762118015625 0.71816018125 0.5915554390625 0.7057307609375 0.59193039375 0.68424965625 0.5896720953125001 0.680303390625
0 0.6508166234375 0.7770883796875 0.646334109375 0.7672430203125 0.6383107578125 0.7602659953125 0.626746565625 0.7561572953125 0.6057742203125 0.7577446453125 0.5951857875 0.764396803125 0.590396490625 0.7721268953125 0.590123796875 0.7877495156250001 0.5946403984375 0.7956420421875 0.6072826109375 0.804653115625 0.6154082234375 0.8057716578124999 0.6235338390625 0.8068902031249999 0.6375608500000001 0.8032282000000001 0.6482174578125 0.792670390625 0.6506461906250001 0.7868525156249999 0.6508166234375 0.7770883796875
0 0.77651435 0.77537559375 0.7719977515625 0.7674830671875 0.7616820125 0.7585126015625 0.7501178203125 0.7544039046875 0.7314719484375 0.7560318625 0.7244243531250001 0.759815690625 0.7136995749999999 0.7742791578125 0.715753353125 0.7899423875 0.7260350078125 0.800865678125 0.73412653125 0.80393705 0.7562109859375 0.8052992453125001 0.7608980171875 0.8034276374999999 0.7715205375 0.794822653125 0.7763439156249999 0.7851397296875 0.77651435 0.77537559375
0 0.45719946875 0.6701773828124999 0.43993839843749993 0.659132265625 0.41896605 0.6607196156249999 0.40362240937499994 0.6731490375 0.401159590625 0.6809197390625 0.40324745625 0.6946301421875 0.4077981453125 0.7005698390624999 0.42276682968749996 0.709621521875 0.430892440625 0.7107400671875 0.446065646875 0.70807478125 0.45904872656249995 0.697557578125 0.4614774609375 0.6917397046875 0.4617160671875 0.678069909375 0.45719946875 0.6701773828124999
0 0.153573490625 0.8660800921874999 0.1409653640625 0.8551161921875 0.12238766406249998 0.8528384953125 0.11304768437499998 0.8546288875 0.1000646046875 0.8651460906249999 0.0952753140625 0.872876184375 0.09503670625 0.8865459765624999 0.0995533046875 0.8944385031250001 0.10990313125 0.9014561390625 0.1273005484375 0.904689946875 0.1401131953125 0.9039368796874999 0.1483410671875 0.899196940625 0.157953740625 0.8817839296875001 0.1580900875 0.8739726203125 0.153573490625 0.8660800921874999
0 0.15618959375000002 0.5828794921875 0.1389285203125 0.571834375 0.12264320468750001 0.5715501125 0.1132691390625 0.5752933312499999 0.100217890625 0.5897161921875 0.099945196875 0.6053388125 0.10220349531249999 0.6092850750000001 0.11251923125 0.6182555390625 0.1252637046875 0.621408128125 0.14272929843749999 0.6207362796875 0.1533177296875 0.6140841234375001 0.160467584375 0.6044418140625 0.16070619218749999 0.59077201875 0.15618959375000002 0.5828794921875
0 0.2770298515625 0.59280245625 0.2725473390625 0.582957103125 0.2622316 0.5739866375 0.2483409359375 0.56983733125 0.23198744843750002 0.5734587234374999 0.2190043671875 0.583975928125 0.2165756359375 0.589793803125 0.21633702812500002 0.6034635921875 0.2208536265625 0.6113561203125 0.23349583906250002 0.62036719375 0.239294978125 0.62144513125 0.25440001562500003 0.6226855 0.2590870453125 0.6208138890625 0.27203603906249996 0.6122495125 0.27685941875000003 0.60256659375 0.2770298515625 0.59280245625
0 0.3957822484375 0.58901501875 0.37858935 0.574064246875 0.357651090625 0.57369876875 0.344736184375 0.5803103171874999 0.3375863296875 0.5899526265625 0.3373136359375 0.605575246875 0.339571934375 0.6095215125 0.3556527296875 0.6215227375000001 0.375410709375 0.6228443265625 0.3824242125 0.6210133250000001 0.3954413796875 0.608543296875 0.3979723765625 0.5968669375 0.3957822484375 0.58901501875
0 0.5306495234375 0.5952759828125 0.52033378125 0.5863055187499999 0.5087695906249999 0.5821968171874999 0.49946369687500003 0.5820343828125 0.483076125 0.58760860625 0.47478007968749997 0.5962541984375 0.4744392109375 0.6157824734374999 0.4766975109375 0.6197287375 0.48701325000000006 0.6286992 0.495104775 0.631770571875 0.5102098078124999 0.63301094375 0.5172233140625 0.6311799421875001 0.5302063953125 0.6206627390625 0.532635128125 0.6148448656250001 0.5306495234375 0.5952759828125
0 0.651728390625 0.591529153125 0.6414126515625 0.582558690625 0.63217493125 0.5784906000000001 0.61821609375 0.5782469484375 0.6088420265625001 0.5819901671875 0.59821950625 0.5905951515625001 0.5933961234375 0.600278071875 0.5977763781250001 0.6159819109375 0.6138571703125 0.6279831375 0.6336151484375 0.629304725 0.642989215625 0.6255615046874999 0.6560745546875 0.60918581875 0.6562109015625001 0.6013745078125 0.651728390625 0.591529153125
0 0.7726709125 0.5955936359375 0.762355171875 0.5866231703125 0.7531174515625 0.5825550828125 0.7368321390625 0.5822708203125 0.727458071875 0.5860140390625 0.7168355546875 0.594619025 0.7143727359375001 0.6023897265625 0.7142023015625 0.6121538625 0.7187189 0.620046390625 0.7290346390625 0.62901685625 0.7394526359375 0.6321288359375 0.749904725 0.6332879874999999 0.7616052640625 0.629585378125 0.7746224296875 0.617115346875 0.7749292109375 0.5995399015625 0.7726709125 0.5955936359375
0 0.8763864453125001 0.5866601734375 0.86246169375 0.58446369375 0.8425332796875 0.59290624375 0.8353834265625 0.6025485546875 0.8351448203125 0.6162183484375 0.8396614203125001 0.6241108765625001 0.8499771609375 0.6330813375 0.8650481062500001 0.6362745359375 0.882547784375 0.633649859375 0.8955308640625 0.6231326546875 0.8981641171874999 0.6055978171875 0.8925354109375 0.5947557437500001 0.8763864453125001 0.5866601734375
0 0.8346931171874999 0.5087722234375 0.8150714875 0.49963932499999997 0.8011126453124999 0.49939567343749997 0.7917385796875 0.50313889375 0.7811160578125 0.5117438765625 0.778687325 0.5175617515625001 0.7784828046875 0.52927871875 0.7829653203125 0.539124071875 0.790988671875 0.5461010984375 0.8014066718749999 0.5492130796875 0.8141852328124999 0.5504128421875001 0.8211987359374999 0.5485818421875 0.8365423765625 0.5361524171875 0.8369514171875 0.5127184859375 0.8346931171874999 0.5087722234375
0 0.7160429859375 0.5067011781249999 0.7080196296875 0.499724153125 0.6918365765625001 0.49358140781250004 0.6825306828125 0.493418971875 0.6731566171875001 0.4971621921875 0.6601394546875 0.509632221875 0.659832675 0.5272076734375 0.6677878515625 0.5380903515625 0.6781717656249999 0.5431551625 0.6979297421874999 0.5444767500000001 0.7073038078125 0.5407335296875 0.7203209765625 0.5282635 0.7205595828125 0.51459370625 0.7160429859375 0.5067011781249999
0 0.5787810624999999 0.5043052625 0.563812378125 0.49525358124999996 0.5452005921875 0.4949287125 0.5358265265625 0.49867193125 0.52513583125 0.5111825718749999 0.5270873500000001 0.5327042843750001 0.537403090625 0.541674746875 0.5524740359375 0.54486794375 0.5699737140625001 0.54224326875 0.580596234375 0.5336382859375 0.58302496875 0.5278204109375 0.5832976624999999 0.5121977906249999 0.5787810624999999 0.5043052625
0 0.4623551390625 0.508133309375 0.44974701406250006 0.4971694078125 0.44050929375000003 0.49310131874999996 0.42887692812499995 0.49289827500000005 0.417176390625 0.4966008859375 0.40655386875 0.50520586875 0.40409105 0.5129765703125 0.403920615625 0.5227407109375 0.4084031265625 0.5325860640625 0.4164264828125 0.5395630921875 0.42684447968750006 0.542675071875 0.441949515625 0.5439154421875 0.44663654687500004 0.542043834375 0.454864421875 0.53730389375 0.46201427187500005 0.5276615828125 0.4623551390625 0.508133309375
0 0.336827846875 0.500081953125 0.3241856359375 0.49107088125000004 0.3172403015625 0.488996228125 0.3056079359375 0.48879318437499997 0.293907396875 0.492495796875 0.28085614375 0.506918653125 0.2806516234375 0.5186356171875001 0.2874265234375 0.5304744109375 0.2931574875 0.5354580015625 0.30357548749999996 0.53856998125 0.3163540453125 0.5397697453125 0.330415146875 0.5341549125 0.3387111921875 0.5255093203125 0.3411740109375 0.5177386187499999 0.336827846875 0.500081953125
0 0.2101202734375 0.4929867078125 0.19626369375 0.4868845734375 0.177617821875 0.48851253124999994 0.16227418124999998 0.5009419515625 0.1597091015625 0.5145711359375 0.1618992265625 0.52242305625 0.1721808796875 0.5333463468749999 0.1802724046875 0.53641771875 0.1977039109375 0.5376986984375 0.20707797656250002 0.533955478125 0.2201292296875 0.5195326203125 0.2181095390625 0.5019165609375 0.2101202734375 0.4929867078125
0 0.1557847328125 0.4060876875 0.1442546234375 0.40002616093750004 0.11866342031249999 0.3995794640625 0.11279610468750001 0.402407184375 0.1056462546875 0.4120494953125 0.103081175 0.42567867968749995 0.10756368593750001 0.43552403437500004 0.1155529515625 0.4444538890625 0.1282633359375 0.44955930625 0.138715425 0.4507184578125 0.1504159625 0.447015846875 0.16343312968749998 0.4345458171875 0.1637399109375 0.4169703703125 0.1557847328125 0.4060876875
0 0.2800635703125 0.41900080781250004 0.26287067343750004 0.404050034375 0.24193241406250002 0.4036845546875 0.22186765312499998 0.419938415625 0.221629046875 0.433608209375 0.2261456484375 0.4415007375 0.236461384375 0.45047119843749994 0.242260525 0.451549134375 0.2596920328125 0.45283011249999994 0.2690660984375 0.44908689375 0.279756790625 0.436576253125 0.28228778593750004 0.42489989531249994 0.2800635703125 0.41900080781250004
0 0.3965235796875 0.413219934375 0.3815548953125 0.4041682515625 0.3606166359375 0.40380277343750004 0.34294652187499997 0.4161915875 0.3405177890625 0.42200946093749997 0.34031326875 0.43372642499999997 0.3448298703125 0.4416189515625 0.35514560781250004 0.4505894171875 0.3632371359375 0.45366078906249996 0.37601569218750003 0.4548605484375 0.3877162328125 0.4511579390625 0.4007674875 0.43673508281249995 0.40104018124999996 0.4211124625 0.3965235796875 0.413219934375
0 0.5220167859375 0.42322411718749997 0.5070821875 0.41221960625 0.4861439296875 0.411854128125 0.481456896875 0.41372573749999997 0.4708343765625 0.422330725 0.46604508281249996 0.4300608171875 0.46584056250000005 0.44177778125 0.47035716250000004 0.4496703078125 0.4783805140625 0.45664733281250003 0.4864720421875 0.45971870625 0.5039035468749999 0.4609996859375 0.5132776140625 0.4572564640625 0.523900134375 0.44865148125000004 0.5265333875 0.43111664375 0.5220167859375 0.42322411718749997
0 0.6396570765625 0.4164871328125 0.630419359375 0.412419040625 0.6071205375 0.4139657828125 0.59413745625 0.42448298749999996 0.591572378125 0.43811216875000003 0.593762503125 0.4459640875 0.6098092109375 0.45991814218749993 0.6318936625 0.46128033906250004 0.6495637734375 0.448891528125 0.652162940625 0.433309515625 0.6499387265625 0.42741042343749996 0.6396570765625 0.4164871328125
0 0.7803234890625 0.42382602968749994 0.7630965062499999 0.41082808593750003 0.7375053 0.4103813890625 0.7245563046875 0.4189457671875 0.7197670140625 0.42667585937499997 0.7194943203124999 0.4422984796875 0.72175261875 0.4462447421875 0.73665313125 0.45920207812499997 0.7447787421875 0.46032062187499995 0.7529043578125 0.461439165625 0.76929193125 0.4558649453125 0.7775538890625 0.449172178125 0.7823772671875 0.439489259375 0.7803234890625 0.42382602968749994
0 0.87702551875 0.4167235671875 0.8607742921874999 0.41448647968749996 0.8537607875000001 0.41631747968750005 0.8360565859375001 0.4306591234375 0.8357498046874999 0.44823457031249997 0.8380081046875001 0.4521808359375 0.8483238453125 0.46115129687499995 0.8564153703124999 0.46422266875 0.8715204062499999 0.465463040625 0.8832209453125 0.461760428125 0.8962721984375 0.4473375703125 0.8942525031249999 0.429721515625 0.87702551875 0.4167235671875
0 0.8376927484375001 0.3369234015625 0.831961784375 0.33193981093749997 0.8157787296875 0.3257970671875 0.797098771875 0.329377853125 0.784115690625 0.339895053125 0.7816869578125 0.3457129296875 0.7814824375 0.3574298953125 0.7882573390625 0.3692686859375 0.8009336375 0.37632693125 0.8090592484375 0.377445475 0.828885403125 0.3748614078125 0.8418684843750001 0.36434420312500004 0.84200483125 0.3565328921875 0.8443653890625 0.354620675 0.8376927484375001 0.3369234015625
0 0.7119609359375 0.3405890140625 0.701645196875 0.3316185484375 0.6924074765625 0.327550459375 0.673795690625 0.327225590625 0.6584861375 0.33770218125 0.6536968437499999 0.345432275 0.6534923234375001 0.357149240625 0.6580089234375001 0.36504176875 0.671797328125 0.375049559375 0.69388178125 0.37641175625 0.709157246875 0.36788798906250003 0.7139465406250001 0.36015789531250003 0.7142192359374999 0.34453527500000003 0.7119609359375 0.3405890140625
0 0.5908820687499999 0.3443358390625 0.5736891671875 0.3293850671875 0.5504244359375 0.3289789796875 0.53747544375 0.3375433578125 0.5326861515625 0.34527345 0.5324475453125 0.358943240625 0.5369641421875 0.3668357671875 0.54498749375 0.373812796875 0.553079021875 0.3768841703125 0.5681840546875 0.3781245390625 0.5751975609375 0.3762935375 0.5905412015625 0.363864115625 0.5930721937500001 0.3521877578125 0.5908820687499999 0.3443358390625
0 0.458477615625 0.3303041765625 0.4481277890625 0.3232865421875 0.4271895296875 0.3229210640625 0.4119140609375 0.3314448296875 0.40712476875 0.339174921875 0.4090762875 0.3606966328125 0.42286469374999996 0.3707044234375 0.4449491484375 0.3720666203125 0.46022461249999996 0.363542853125 0.46501390468750003 0.35581276093750003 0.46528659843750003 0.34019014062499997 0.458477615625 0.3303041765625
0 0.344275903125 0.3400313109375 0.33979339375 0.33018595781250004 0.3317700390625 0.32320893125 0.32020584687500003 0.3191002328125 0.306247009375 0.3188565796875 0.2968729421875 0.3225998 0.2838216890625 0.3370226578125 0.28358308125 0.3506924515625 0.2880996796875 0.358584978125 0.296123034375 0.36556200625 0.30421455937499997 0.368633378125 0.3193195921875 0.3698737484375 0.33102013124999996 0.36617113749999997 0.3392820921875 0.359478371875 0.3441054703125 0.349795453125 0.344275903125 0.3400313109375
0 0.22572802812499998 0.3321017859375 0.21082751718749998 0.31914444999999997 0.18523631406250002 0.3186977546875 0.172287321875 0.327262128125 0.167498025 0.334992221875 0.16722533125 0.3506148421875 0.17174193437500002 0.35850736875 0.1855644234375 0.36656233125000004 0.20532240468750002 0.3678839203125 0.2146964703125 0.3641407 0.22535307499999999 0.3535828859375 0.22795224531249997 0.338000875 0.22572802812499998 0.3321017859375
0 0.154131415625 0.23415764687500001 0.13322724531250002 0.23183933906249998 0.123853178125 0.23558256093750002 0.1132306578125 0.24418754687500002 0.1084413671875 0.25191763906250003 0.1082709328125 0.261681775 0.11278752968750001 0.269574303125 0.12886832343750002 0.281575528125 0.15095277499999998 0.2829377265625 0.1686228875 0.2705489125 0.171256140625 0.253014075 0.169031928125 0.24711498281250002 0.154131415625 0.23415764687500001
0 0.268162690625 0.23419464531249998 0.24955090625 0.23386977656250002 0.2401768390625 0.2376129984375 0.22955432187499997 0.246217984375 0.22692106406249998 0.263752821875 0.23143766562499998 0.2716453484375 0.2452260703125 0.2816531390625 0.267310521875 0.2830153359375 0.280225428125 0.27640378593750003 0.2873752828125 0.26676147656250004 0.2876479765625 0.25113885625 0.268162690625 0.23419464531249998
0 0.40633220000000003 0.251257075 0.393724075 0.240293175 0.3821598828125 0.236184475 0.3728539890625 0.2360220390625 0.363479921875 0.2397652609375 0.35046275625 0.2522352921875 0.3501218890625 0.27176356875 0.36616859375 0.2857176203125 0.39057951874999997 0.2871204265625 0.40352851406249995 0.27855605 0.4083178046875 0.27082595625 0.40859049843750006 0.2552033359375 0.40633220000000003 0.251257075
0 0.5296352796875 0.2534093375 0.5193195390625001 0.244438875 0.507755346875 0.24033017499999998 0.5007759265625 0.24020835 0.48438835625000004 0.24578257187500002 0.4736294890625 0.262198865625 0.4779756578125 0.2798555296875 0.48599900937499996 0.2868325578125 0.4940905328125 0.28990393124999997 0.5115220421875 0.29118490937499997 0.52089610625 0.2874416890625 0.5315527109375 0.2768838765625 0.531893578125 0.2573556 0.5296352796875 0.2534093375
0 0.6357113765625 0.24256365624999998 0.6194601484375 0.240326565625 0.6101201703125 0.24211695937500002 0.5994976484375 0.25072194375 0.59470835625 0.2584520359375 0.5966598750000001 0.2799737484375 0.60468323125 0.286950775 0.61277475625 0.290022146875 0.6325327359374999 0.2913437359375 0.6478082015625 0.2828199671875 0.6525974921875 0.27508987500000004 0.6529042734375 0.25751442812500003 0.6357113765625 0.24256365624999998
0 0.7612727546875 0.24866218281250002 0.7520350359375 0.24459409375000002 0.73342325 0.2442692234375 0.7240491828125 0.24801244374999998 0.7133584921875 0.26052308125 0.7130857984375 0.2761457015625 0.715344096875 0.2800919671875 0.7210409765625 0.2870283859375 0.7314248921875001 0.29209319218749996 0.75350934375 0.29345539062500003 0.771213540625 0.2791137515625 0.773778621875 0.265484565625 0.7715544078125001 0.2595854734375 0.7612727546875 0.24866218281250002
0 0.8972521359375 0.2578726921875 0.8846440140625 0.2469087921875 0.8730798171874999 0.24280009218749998 0.8567604203125001 0.2444686578125 0.8438114265625 0.253033034375 0.8390221312499999 0.260763128125 0.8387494375 0.27638574843749997 0.8432660390625 0.284278275 0.8559082515625 0.293289346875 0.8663603375 0.2944484984375 0.8814994546875001 0.29373604375 0.8931999968750001 0.2900334328125 0.89923774375 0.277441575 0.8995104375 0.2618189546875 0.8972521359375 0.2578726921875
0 0.8116625984375 0.161637728125 0.7977378453124999 0.15944124843750002 0.7837108328125 0.16310325 0.7706254921875 0.1794789359375 0.7704209718749999 0.1911959 0.7749375703125 0.199088428125 0.788725978125 0.20909622187500002 0.813136903125 0.210499025 0.8331675765625001 0.1961979921875 0.833406184375 0.1825282 0.8288895828125 0.174635671875 0.8116625984375 0.161637728125
0 0.6929783765625 0.16151950937499998 0.6720401171875 0.16115403125 0.6673530828125 0.1630256390625 0.6567305625000001 0.17163062499999998 0.6519412703125 0.17936071874999998 0.65173675 0.191077684375 0.6562533484374999 0.1989702125 0.6665690890625 0.207940675 0.6769870890624999 0.2110526546875 0.687439171875 0.21221180781250001 0.69445268125 0.21038080468749998 0.7121568796875 0.19603916562499998 0.712463659375 0.17846371875 0.6929783765625 0.16151950937499998
0 0.8759771890625 0.076809753125 0.857365403125 0.0764848828125 0.852678371875 0.0783564921875 0.8373006453125 0.09273874374999999 0.836959778125 0.11226701718750001 0.8530064859375001 0.126221071875 0.8774174109375 0.1276238796875 0.89744808125 0.1133228453125 0.8977548625 0.095747396875 0.8932382640625001 0.0878548703125 0.8759771890625 0.076809753125
0 0.7675405343749999 0.08956765156249999 0.7548983203125 0.08055658125000001 0.736320621875 0.078278884375 0.7199671390625 0.0819002765625 0.7164262984375 0.0847686046875 0.7163240375 0.0906270890625 0.7115688296875 0.0964043515625 0.7113302234375001 0.1100741453125 0.7158468234375001 0.1179666734375 0.729635228125 0.1279744625 0.7493932078125 0.1292960515625 0.7587672750000001 0.12555283281250001 0.7693897921875 0.116947846875 0.772057134375 0.09746017812499999 0.7675405343749999 0.08956765156249999
0 0.6534410859374999 0.0934363078125 0.6431594328125 0.08251301562499999 0.6339217125000001 0.07844492656249999 0.6153099281250001 0.07812005625 0.600000375 0.08859665312500001 0.5952110828125 0.09632674531249999 0.5949724765625 0.10999653437500001 0.5994890734375 0.1178890625 0.6075124296875 0.12486609062500001 0.6156039546875001 0.1279374640625 0.6307089859375 0.1291778328125 0.63772249375 0.1273468328125 0.65310021875 0.11296458437500001 0.6556312109375 0.1012882265625 0.6534410859374999 0.0934363078125
0 0.593779440625 0.1783455 0.589262840625 0.170452971875 0.5789471015625 0.1614825078125 0.565056434375 0.1573332015625 0.551063509375 0.1590423765625 0.533325221875 0.1753368453125 0.5330525265625 0.190959465625 0.5375691296875 0.1988519921875 0.55601048125 0.208941 0.5664625640625001 0.21010015312500002 0.57816310625 0.2063975421875 0.5887856265625 0.197792559375 0.59360900625 0.18810963593750002 0.593779440625 0.1783455
0 0.47506113125000005 0.1801801109375 0.47057861718750005 0.170334753125 0.4602628796875 0.161364290625 0.44869868906250004 0.15725559218750002 0.4417192671875 0.157133765625 0.42533169375 0.16270798749999998 0.4146409984375 0.1752186265625 0.4143683046875 0.19084124687499998 0.4166266078125 0.19478751249999998 0.43270739843749995 0.2067887375 0.452465378125 0.20811032499999998 0.4571524125 0.2062387140625 0.46774084374999997 0.1995865578125 0.474924784375 0.1879914203125 0.47506113125000005 0.1801801109375
0 0.532498565625 0.089371825 0.522182825 0.08040136249999999 0.5129451046875 0.076333271875 0.49433332031250005 0.07600840156250001 0.4896462890625 0.0778800125 0.48141841718749995 0.08261995 0.474234475 0.094215090625 0.47399586875 0.1078848796875 0.478512465625 0.11577740781250001 0.4865358203125 0.12275443593749999 0.4946273453125 0.12582580937500001 0.50740590625 0.1270255703125 0.5191064453124999 0.123322959375 0.5321236109374999 0.1108529296875 0.534688690625 0.09722374375000001 0.532498565625 0.089371825
0 0.41162421718750003 0.0814016875 0.3989820046875 0.07239061718749999 0.3756831875 0.07393735625 0.3556525140625 0.0882383875 0.3554479921875 0.0999553546875 0.3621547203125 0.1156998015625 0.375977209375 0.1237547640625 0.3957351921875 0.12507635 0.40510925625 0.12133312968750001 0.4157658609375 0.11077531874999999 0.41614081562500005 0.08929421562499999 0.41162421718750003 0.0814016875
0 0.3474118828125 0.1603711796875 0.3301167265625 0.151278890625 0.30914438125 0.152866240625 0.2938007421875 0.1652956625 0.2934257890625 0.186776765625 0.2979423859375 0.1946692921875 0.316417825 0.202805471875 0.3245434359375 0.203924015625 0.33857045 0.2002620140625 0.3516217046875 0.1858391578125 0.3518943984375 0.17021653750000001 0.3474118828125 0.1603711796875
0 0.220704309375 0.1532759359375 0.211466590625 0.1492078453125 0.1951812765625 0.148923584375 0.1858072109375 0.1526668046875 0.17279004375 0.1651368328125 0.1747074796875 0.1886113734375 0.185023215625 0.1975818375 0.19082235625 0.198659775 0.21058033593749997 0.19998136093750002 0.228216359375 0.1895453734375 0.230645096875 0.183727503125 0.230951878125 0.16615205156249999 0.220704309375 0.1532759359375
0 0.28602874843750004 0.0772559890625 0.2779713109375 0.0722317890625 0.2570671390625 0.069913484375 0.25005363125 0.071744484375 0.23467590624999998 0.086126734375 0.234369125 0.10370217968749999 0.2366274234375 0.1076484453125 0.2446166921875 0.1165783015625 0.25503468906250004 0.119690278125 0.272466196875 0.120971259375 0.2771532296875 0.11909965 0.2925309546875 0.10471739843750001 0.292837734375 0.0871419515625 0.28602874843750004 0.0772559890625
0 0.17411942656249998 0.0889765625 0.169636915625 0.0791312046875 0.1639400359375 0.0721947875 0.1500834546875 0.066092653125 0.1407775625 0.06593021875 0.1290770234375 0.0696328296875 0.1184545015625 0.0782378125 0.11363112500000001 0.08792073593750001 0.1134947765625 0.0957320453125 0.1179772875 0.1055774 0.1305854140625 0.11654129843750001 0.136384553125 0.1176192328125 0.1491631140625 0.118818996875 0.1561766203125 0.1169879953125 0.16912561406249998 0.10842361874999999 0.17394899218749998 0.0987406984375 0.17411942656249998 0.0889765625