0 0.92109375 0.11875 0.065625 0.0484375
0 0.85 0.11640625 0.0625 0.0484375
0 0.77421875 0.1125 0.059375 0.046875
0 0.70078125 0.10703125 0.0546875 0.0453125
0 0.6265625 0.1046875 0.0546875 0.0515625
0 0.54921875 0.10234375 0.059375 0.046875
0 0.47421875 0.096875 0.0609375 0.0484375
0 0.39921875 0.09375 0.0578125 0.0484375
0 0.325 0.0875 0.0578125 0.0515625
0 0.24921875 0.08203125 0.0640625 0.0484375
0 0.17109375 0.0765625 0.059375 0.05
0 0.8828125 0.16875 0.0578125 0.0453125
0 0.80859375 0.16640625 0.0578125 0.0453125
0 0.73671875 0.1609375 0.059375 0.0421875
0 0.659375 0.1578125 0.0609375 0.0453125
0 0.58359375 0.15390625 0.0609375 0.046875
0 0.50859375 0.15078125 0.0640625 0.0484375
0 0.43125 0.146875 0.059375 0.05
0 0.35859375 0.13984375 0.0625 0.0484375
0 0.2828125 0.134375 0.0671875 0.05
0 0.20625 0.13046875 0.0640625 0.0453125
0 0.12890625 0.125 0.0625 0.0453125
0 0.1625 0.1796875 0.0609375 0.0484375
0 0.2421875 0.184375 0.0625 0.0484375
0 0.31640625 0.18984375 0.0609375 0.0484375
0 0.3921875 0.19375 0.0578125 0.046875
0 0.47265625 0.1984375 0.0609375 0.05
0 0.54453125 0.20234375 0.059375 0.046875
0 0.62109375 0.20703125 0.059375 0.0453125
0 0.6953125 0.21171875 0.059375 0.0484375
0 0.76953125 0.2125 0.065625 0.0453125
0 0.846875 0.21875 0.059375 0.046875
0 0.91796875 0.2234375 0.065625 0.05625
0 0.8796875 0.27265625 0.065625 0.046875
0 0.8078125 0.26953125 0.065625 0.05
0 0.73046875 0.26328125 0.0609375 0.05
0 0.6578125 0.2609375 0.0625 0.046875
0 0.58203125 0.25546875 0.0625 0.046875
0 0.50390625 0.24921875 0.0640625 0.0484375
0 0.4265625 0.246875 0.059375 0.046875
0 0.353125 0.24296875 0.0609375 0.05
0 0.27890625 0.23828125 0.0609375 0.0453125
0 0.2 0.2328125 0.0625 0.0546875
0 0.125 0.22890625 0.0625 0.05
0 0.15703125 0.2828125 0.0640625 0.053125
0 0.23515625 0.284375 0.0625 0.0484375
0 0.3109375 0.28984375 0.059375 0.046875
0 0.38984375 0.296875 0.0625 0.0484375
0 0.465625 0.2984375 0.059375 0.046875
0 0.53828125 0.3046875 0.0671875 0.053125
0 0.6140625 0.30859375 0.0609375 0.0453125
0 0.6921875 0.3140625 0.065625 0.0484375
0 0.76328125 0.315625 0.0578125 0.0484375
0 0.840625 0.32109375 0.0609375 0.0453125
0 0.9140625 0.3234375 0.0578125 0.046875
0 0.878125 0.37265625 0.059375 0.046875
0 0.80390625 0.3703125 0.0609375 0.046875
0 0.7265625 0.365625 0.0609375 0.046875
0 0.65 0.3625 0.065625 0.046875
0 0.57421875 0.3578125 0.06875 0.0484375
0 0.496875 0.3515625 0.0671875 0.05
0 0.421875 0.35078125 0.0671875 0.0453125
0 0.34765625 0.34296875 0.065625 0.0484375
0 0.26953125 0.33984375 0.0625 0.0484375
0 0.19453125 0.334375 0.0625 0.0484375
0 0.1171875 0.32890625 0.0625 0.05
0 0.91328125 0.4265625 0.06875 0.053125
0 0.83515625 0.42265625 0.065625 0.046875
0 0.76015625 0.42109375 0.065625 0.05
0 0.68671875 0.4140625 0.0640625 0.05
0 0.60859375 0.41171875 0.0578125 0.0484375
0 0.5328125 0.40703125 0.0609375 0.0484375
0 0.459375 0.40234375 0.0703125 0.0515625
0 0.38359375 0.39765625 0.0640625 0.0484375
0 0.31015625 0.39375 0.065625 0.053125
0 0.2296875 0.38828125 0.065625 0.05
0 0.14765625 0.3859375 0.06875 0.0515625
0 0.8765625 0.47734375 0.059375 0.0453125
0 0.79765625 0.475 0.0640625 0.0453125
0 0.7234375 0.46796875 0.0671875 0.0515625
0 0.6453125 0.4671875 0.071875 0.05
0 0.57109375 0.46015625 0.0625 0.046875
0 0.4921875 0.45625 0.0609375 0.046875
0 0.41640625 0.45 0.0640625 0.05
0 0.34296875 0.44765625 0.0640625 0.0484375
0 0.26484375 0.4421875 0.059375 0.05
0 0.18828125 0.43828125 0.0640625 0.0484375
0 0.1109375 0.4328125 0.0640625 0.0515625
0 0.146875 0.4875 0.0609375 0.046875
0 0.22109375 0.48984375 0.0609375 0.046875
0 0.3015625 0.4953125 0.0625 0.04375
0 0.3765625 0.4984375 0.0640625 0.046875
0 0.4546875 0.5046875 0.0640625 0.046875
0 0.5265625 0.509375 0.0625 0.0453125
0 0.6046875 0.5125 0.059375 0.046875
0 0.67734375 0.51796875 0.0640625 0.0484375
0 0.75390625 0.52265625 0.0625 0.04375
0 0.834375 0.52734375 0.0625 0.0515625
0 0.9109375 0.5296875 0.065625 0.0484375
0 0.875 0.57890625 0.059375 0.0453125
0 0.79609375 0.578125 0.0625 0.0484375
0 0.71796875 0.571875 0.0625 0.0484375
0 0.64140625 0.56796875 0.0578125 0.0453125
0 0.56484375 0.5609375 0.0609375 0.04375
0 0.48828125 0.55859375 0.0625 0.05
0 0.41640625 0.553125 0.05 0.0453125
0 0.3375 0.55234375 0.059375 0.0484375
0 0.25859375 0.54609375 0.0640625 0.046875
0 0.1796875 0.540625 0.0640625 0.0453125
0 0.103125 0.5375 0.059375 0.0515625
0 0.1390625 0.59375 0.0609375 0.0484375
0 0.215625 0.5953125 0.0609375 0.0484375
0 0.2953125 0.6 0.0640625 0.0453125
0 0.3734375 0.60546875 0.05625 0.046875
0 0.4546875 0.609375 0.0578125 0.0453125
0 0.5234375 0.61015625 0.0625 0.0453125
0 0.603125 0.61796875 0.0625 0.046875
0 0.678125 0.621875 0.0578125 0.046875
0 0.753125 0.62421875 0.0609375 0.0453125
0 0.8328125 0.62890625 0.0609375 0.05
0 0.90625 0.63359375 0.0671875 0.0515625
0 0.8703125 0.68359375 0.0671875 0.05
0 0.79296875 0.68125 0.0609375 0.05
0 0.7109375 0.675 0.065625 0.0515625
0 0.634375 0.671875 0.0625 0.05
0 0.5609375 0.66640625 0.0609375 0.0484375
0 0.4828125 0.6625 0.0625 0.0515625
0 0.409375 0.65703125 0.059375 0.046875
0 0.3296875 0.65234375 0.06875 0.046875
0 0.25078125 0.65 0.0609375 0.05
0 0.1734375 0.646875 0.059375 0.0515625
0 0.09765625 0.64296875 0.0640625 0.0546875
0 0.1328125 0.696875 0.059375 0.0484375
0 0.20703125 0.7015625 0.0640625 0.05
0 0.28515625 0.7046875 0.0640625 0.05
0 0.36328125 0.70703125 0.0625 0.0515625
0 0.4421875 0.71171875 0.0640625 0.0515625
0 0.51875 0.71875 0.0640625 0.053125
0 0.5953125 0.72265625 0.0640625 0.0515625
0 0.67421875 0.728125 0.059375 0.0484375
0 0.74609375 0.73125 0.0640625 0.0484375
0 0.8265625 0.7359375 0.0640625 0.0484375
0 0.90234375 0.740625 0.0625 0.0515625
0 0.8640625 0.790625 0.0671875 0.0515625
0 0.78515625 0.78828125 0.0640625 0.0515625
0 0.70859375 0.78515625 0.059375 0.0484375
0 0.63046875 0.7796875 0.0625 0.05
0 0.5546875 0.7765625 0.0609375 0.0484375
0 0.47890625 0.7734375 0.0625 0.053125
0 0.40078125 0.76484375 0.065625 0.0515625
0 0.32109375 0.7625 0.059375 0.0515625
0 0.24375 0.7546875 0.06875 0.053125
0 0.1671875 0.75390625 0.0625 0.0546875
0 0.08984375 0.7484375 0.065625 0.053125