0 0.8826541390625 0.8974609375 0.874755859375 0.888671875 0.857830975 0.8876953125 0.8488043703124999 0.8935546875 0.8465477203124999 0.9091796875 0.8544459984375001 0.91796875 0.87024255625 0.919921875 0.8826541390625 0.9091796875 0.8826541390625 0.8974609375
0 0.7935164171875 0.888671875 0.7765915328124999 0.8896484375 0.7698215796875 0.8935546875 0.77207823125 0.9169921875 0.79802971875 0.91796875 0.803671346875 0.9111328125 0.803671346875 0.8974609375 0.7935164171875 0.888671875
0 0.731458509375 0.9150390625 0.7292018578125 0.8955078125 0.7134053 0.8896484375 0.6987370671875001 0.89453125 0.6953520906249999 0.9013671875 0.6976087421875 0.9150390625 0.7055070203125 0.923828125 0.7213035796875 0.923828125 0.731458509375 0.9150390625
0 0.65473236875 0.8994140625 0.6423207875 0.892578125 0.62990920625 0.8935546875 0.6208826015625 0.9033203125 0.6208826015625 0.9150390625 0.62878088125 0.923828125 0.646834090625 0.923828125 0.65473236875 0.9169921875 0.65473236875 0.8994140625
0 0.5802628796875 0.9052734375 0.5746212515625 0.896484375 0.5554397171875001 0.8935546875 0.5464131125 0.8994140625 0.5464131125 0.9189453125 0.5565680421875 0.92578125 0.5701079499999999 0.92578125 0.5802628796875 0.9150390625 0.5802628796875 0.9052734375
0 0.505793390625 0.8994140625 0.4978951125 0.89453125 0.480970228125 0.8955078125 0.4719436234375 0.9072265625 0.47645692500000003 0.9228515625 0.49338180937500004 0.927734375 0.5024084140625 0.92578125 0.5080500421874999 0.9208984375 0.505793390625 0.8994140625
0 0.433580553125 0.9052734375 0.4256822734375 0.896484375 0.411014040625 0.8955078125 0.3997307859375 0.9091796875 0.3997307859375 0.9208984375 0.40988571562500004 0.9296875 0.42342562343749995 0.9296875 0.433580553125 0.9208984375 0.433580553125 0.9052734375
0 0.35911106406250004 0.9052734375 0.348956134375 0.89453125 0.3342879015625 0.8955078125 0.325261296875 0.9033203125 0.325261296875 0.9189453125 0.333159575 0.927734375 0.34669948281249996 0.927734375 0.35911106406250004 0.9189453125 0.35911106406250004 0.9052734375
0 0.289154878125 0.9189453125 0.284641575 0.9033203125 0.2688450171875 0.8974609375 0.2586900859375 0.900390625 0.2507918078125 0.9130859375 0.253048459375 0.9228515625 0.26771669062500003 0.931640625 0.2812565984375 0.927734375 0.289154878125 0.9189453125
0 0.21017208593749998 0.9111328125 0.20001715625 0.900390625 0.1853489234375 0.9013671875 0.17632231874999998 0.9072265625 0.1740656671875 0.9208984375 0.17970729531250001 0.9296875 0.1932472015625 0.93359375 0.21017208593749998 0.9248046875 0.21017208593749998 0.9111328125
0 0.839777765625 0.8447265625 0.8296228359375 0.8359375 0.8149546031250001 0.8369140625 0.8059279984375 0.8466796875 0.8059279984375 0.8564453125 0.816082928125 0.865234375 0.827366184375 0.8671875 0.839777765625 0.8564453125 0.839777765625 0.8447265625
0 0.767564928125 0.8447265625 0.7472550671875 0.8369140625 0.731458509375 0.8466796875 0.731458509375 0.8583984375 0.7416134390625 0.869140625 0.755153346875 0.87109375 0.767564928125 0.8603515625 0.767564928125 0.8447265625
0 0.6885821375 0.8447265625 0.6806838578125001 0.837890625 0.6637589734375 0.8388671875 0.65473236875 0.8505859375 0.6569890203125001 0.8623046875 0.671657253125 0.87109375 0.6806838578125001 0.869140625 0.6908387874999999 0.8564453125 0.6885821375 0.8447265625
0 0.6163692984375 0.8466796875 0.6084710203125 0.83984375 0.5938027875 0.8408203125 0.58251953125 0.8505859375 0.58251953125 0.8642578125 0.5926744609375 0.87109375 0.6084710203125 0.87109375 0.61862595 0.8623046875 0.6163692984375 0.8466796875
0 0.5441564609375 0.8466796875 0.53625818125 0.841796875 0.5193332984375 0.8427734375 0.51030669375 0.8525390625 0.5125633453125 0.8662109375 0.518204971875 0.87109375 0.5385148328125 0.87109375 0.5464131125 0.8623046875 0.5441564609375 0.8466796875
0 0.4719436234375 0.8525390625 0.46178869375 0.841796875 0.4426071578125 0.8427734375 0.433580553125 0.8505859375 0.433580553125 0.8642578125 0.43922218125 0.869140625 0.4595320421875 0.87109375 0.4719436234375 0.8623046875 0.4719436234375 0.8525390625
0 0.3952174828125 0.8544921875 0.385062553125 0.84375 0.3703943203125 0.8447265625 0.35911106406250004 0.8564453125 0.35911106406250004 0.8662109375 0.3647526921875 0.873046875 0.3828059015625 0.876953125 0.3952174828125 0.8662109375 0.3952174828125 0.8544921875
0 0.3230046453125 0.8564453125 0.31284971562499997 0.845703125 0.30269478437499997 0.8447265625 0.289154878125 0.8505859375 0.2868982265625 0.8662109375 0.29705315625 0.876953125 0.3105930640625 0.876953125 0.3230046453125 0.8681640625 0.3230046453125 0.8564453125
0 0.24853515625 0.8662109375 0.2462785046875 0.8525390625 0.2383802265625 0.845703125 0.2282252953125 0.8447265625 0.21807036562499998 0.84765625 0.21017208593749998 0.8564453125 0.21017208593749998 0.8662109375 0.22032701718749997 0.876953125 0.2338669234375 0.876953125 0.24853515625 0.8662109375
0 0.20565878437500001 0.8017578125 0.20001715625 0.794921875 0.1853489234375 0.7939453125 0.171809015625 0.8017578125 0.169552365625 0.8095703125 0.181963946875 0.82421875 0.19550385312500002 0.82421875 0.20565878437500001 0.8134765625 0.20565878437500001 0.8017578125
0 0.284641575 0.8037109375 0.27222999375 0.791015625 0.2598184125 0.7919921875 0.2507918078125 0.7978515625 0.24853515625 0.8115234375 0.254176784375 0.8203125 0.2699733421875 0.82421875 0.2823849234375 0.8173828125 0.284641575 0.8037109375
0 0.3568544125 0.7998046875 0.34444283124999997 0.791015625 0.3342879015625 0.7919921875 0.3230046453125 0.7998046875 0.3230046453125 0.8115234375 0.333159575 0.82421875 0.34669948281249996 0.82421875 0.3568544125 0.8154296875 0.3568544125 0.7998046875
0 0.4313239015625 0.7978515625 0.4189123203125 0.7890625 0.40875739062500005 0.7900390625 0.397474134375 0.7978515625 0.3952174828125 0.8115234375 0.4053724140625 0.8203125 0.42116897187499996 0.8203125 0.4313239015625 0.8134765625 0.4313239015625 0.7978515625
0 0.505793390625 0.7958984375 0.4956384609375 0.7890625 0.4787135765625 0.7900390625 0.4719436234375 0.7958984375 0.4719436234375 0.8115234375 0.47984190312499997 0.818359375 0.4978951125 0.818359375 0.505793390625 0.8115234375 0.505793390625 0.7958984375
0 0.5802628796875 0.7998046875 0.5701079499999999 0.7890625 0.5554397171875001 0.7880859375 0.5464131125 0.7919921875 0.541899809375 0.8076171875 0.552054740625 0.818359375 0.5701079499999999 0.818359375 0.5802628796875 0.8076171875 0.5802628796875 0.7998046875
0 0.6524757171875 0.7978515625 0.6445774390625 0.7890625 0.62990920625 0.7861328125 0.61862595 0.7939453125 0.6163692984375 0.8095703125 0.62878088125 0.818359375 0.6400641359375 0.818359375 0.6502190671875 0.8115234375 0.6524757171875 0.7978515625
0 0.7292018578125 0.7919921875 0.719046928125 0.78515625 0.7043786953125 0.7861328125 0.6953520906249999 0.7919921875 0.6953520906249999 0.8095703125 0.7100203234375 0.818359375 0.7213035796875 0.81640625 0.7292018578125 0.8095703125 0.7292018578125 0.7919921875
0 0.8014146953125 0.7900390625 0.791259765625 0.783203125 0.7765915328124999 0.7841796875 0.767564928125 0.7939453125 0.7698215796875 0.8095703125 0.779976509375 0.814453125 0.79802971875 0.8125 0.803671346875 0.8056640625 0.8014146953125 0.7900390625
0 0.8781408359375 0.7939453125 0.86798590625 0.783203125 0.8510610218749999 0.7822265625 0.839777765625 0.7919921875 0.839777765625 0.8056640625 0.8521893468749999 0.814453125 0.8657292546875001 0.814453125 0.8781408359375 0.8037109375 0.8781408359375 0.7939453125
0 0.837521115625 0.7373046875 0.827366184375 0.728515625 0.8126979515625001 0.7294921875 0.803671346875 0.7373046875 0.803671346875 0.7529296875 0.8115696265624999 0.759765625 0.8251095328125 0.76171875 0.837521115625 0.7529296875 0.837521115625 0.7373046875
0 0.7630516265625 0.7353515625 0.755153346875 0.73046875 0.7359718109375 0.7314453125 0.7292018578125 0.7373046875 0.7292018578125 0.7529296875 0.7371001374999999 0.759765625 0.7528966953125 0.76171875 0.7630516265625 0.7529296875 0.7630516265625 0.7353515625
0 0.6806838578125001 0.732421875 0.6637589734375 0.7333984375 0.65473236875 0.7470703125 0.6569890203125001 0.7587890625 0.6784272062500001 0.763671875 0.6885821375 0.7568359375 0.6885821375 0.7392578125 0.6806838578125001 0.732421875
0 0.6141126484375 0.7392578125 0.5994444156250001 0.73046875 0.5915461359374999 0.7314453125 0.5802628796875 0.7412109375 0.5802628796875 0.7529296875 0.5859045078125 0.76171875 0.601701065625 0.765625 0.6141126484375 0.7568359375 0.6141126484375 0.7392578125
0 0.539643159375 0.7412109375 0.529488228125 0.734375 0.5148199953125 0.7353515625 0.5080500421874999 0.7412109375 0.5080500421874999 0.7587890625 0.5159483218750001 0.765625 0.5317448796875001 0.765625 0.541899809375 0.7529296875 0.539643159375 0.7412109375
0 0.4674303203125 0.7431640625 0.46178869375 0.736328125 0.4471204609375 0.7333984375 0.433580553125 0.7412109375 0.4313239015625 0.7529296875 0.4414788328125 0.765625 0.457275390625 0.765625 0.4674303203125 0.7548828125 0.4674303203125 0.7431640625
0 0.39070418125 0.7451171875 0.3828059015625 0.73828125 0.36813766875 0.7373046875 0.35911106406250004 0.7451171875 0.3568544125 0.7607421875 0.36700934375 0.76953125 0.38054925 0.76953125 0.39070418125 0.7607421875 0.39070418125 0.7451171875
0 0.3184913421875 0.7470703125 0.3083364125 0.740234375 0.2936681796875 0.7412109375 0.284641575 0.7470703125 0.284641575 0.7626953125 0.29479650625 0.771484375 0.3083364125 0.771484375 0.32074799375 0.7607421875 0.3184913421875 0.7470703125
0 0.236123575 0.7421875 0.2214553421875 0.7412109375 0.21017208593749998 0.7490234375 0.21017208593749998 0.7646484375 0.2270969703125 0.7734375 0.241765203125 0.7666015625 0.24402185312500002 0.7509765625 0.236123575 0.7421875
0 0.20340213281250002 0.6943359375 0.1977605046875 0.689453125 0.17632231874999998 0.6904296875 0.169552365625 0.6982421875 0.171809015625 0.7138671875 0.184220596875 0.720703125 0.1977605046875 0.71875 0.20340213281250002 0.7119140625 0.20340213281250002 0.6943359375
0 0.2823849234375 0.6982421875 0.26771669062500003 0.6875 0.2575617609375 0.6884765625 0.24853515625 0.6923828125 0.24402185312500002 0.7021484375 0.24853515625 0.7138671875 0.265460040625 0.720703125 0.2801282734375 0.7119140625 0.2823849234375 0.6982421875
0 0.3523411109375 0.6943359375 0.3399295296875 0.68359375 0.327517946875 0.6845703125 0.3184913421875 0.6923828125 0.3184913421875 0.7080078125 0.3286462734375 0.71484375 0.3399295296875 0.71484375 0.350084459375 0.7080078125 0.3523411109375 0.6943359375
0 0.42681060000000004 0.6923828125 0.41665566875 0.68359375 0.40198743593749997 0.6845703125 0.3952174828125 0.6904296875 0.39296083125000003 0.7060546875 0.4031157625 0.71484375 0.41665566875 0.71484375 0.42681060000000004 0.7080078125 0.42681060000000004 0.6923828125
0 0.505793390625 0.6943359375 0.5001517625 0.685546875 0.4832268796875 0.6826171875 0.4719436234375 0.6865234375 0.4674303203125 0.7041015625 0.4775852515625 0.712890625 0.4888685078125 0.71484375 0.503536740625 0.7060546875 0.505793390625 0.6943359375
0 0.5802628796875 0.6923828125 0.5746212515625 0.685546875 0.5576963687500001 0.6826171875 0.5464131125 0.6865234375 0.541899809375 0.7021484375 0.552054740625 0.712890625 0.5610813453125 0.71484375 0.5802628796875 0.7041015625 0.5802628796875 0.6923828125
0 0.6502190671875 0.6904296875 0.6400641359375 0.6796875 0.625395903125 0.6787109375 0.6163692984375 0.6884765625 0.6163692984375 0.7021484375 0.6265242296875 0.7109375 0.6423207875 0.7109375 0.6502190671875 0.7021484375 0.6502190671875 0.6904296875
0 0.7292018578125 0.6865234375 0.719046928125 0.677734375 0.6976087421875 0.6787109375 0.6885821375 0.6923828125 0.6908387874999999 0.7001953125 0.707763671875 0.708984375 0.7235602296875 0.705078125 0.7292018578125 0.6982421875 0.7292018578125 0.6865234375
0 0.791259765625 0.67578125 0.77207823125 0.6767578125 0.7630516265625 0.6884765625 0.7653082765625 0.7001953125 0.7754632078125 0.70703125 0.7935164171875 0.705078125 0.8014146953125 0.6865234375 0.791259765625 0.67578125
0 0.8781408359375 0.6845703125 0.86798590625 0.673828125 0.8533176734374999 0.6728515625 0.839777765625 0.6826171875 0.839777765625 0.6923828125 0.849932696875 0.705078125 0.8634726031250001 0.70703125 0.875884184375 0.6982421875 0.8781408359375 0.6845703125
0 0.837521115625 0.6318359375 0.827366184375 0.62109375 0.8126979515625001 0.6220703125 0.8014146953125 0.6318359375 0.803671346875 0.6474609375 0.8138262781250001 0.654296875 0.8251095328125 0.654296875 0.837521115625 0.6455078125 0.837521115625 0.6318359375
0 0.7630516265625 0.6298828125 0.755153346875 0.623046875 0.744998415625 0.6220703125 0.7292018578125 0.6279296875 0.72694520625 0.6416015625 0.7325868343749999 0.65234375 0.74838339375 0.65625 0.7630516265625 0.6455078125 0.7630516265625 0.6298828125
0 0.6885821375 0.6376953125 0.6806838578125001 0.62890625 0.666015625 0.6259765625 0.6524757171875 0.6337890625 0.6502190671875 0.6474609375 0.660373996875 0.65625 0.6739139046875 0.658203125 0.6885821375 0.6474609375 0.6885821375 0.6376953125
0 0.6141126484375 0.6396484375 0.601701065625 0.62890625 0.587032834375 0.6298828125 0.5802628796875 0.6337890625 0.578006228125 0.6494140625 0.588161159375 0.66015625 0.5994444156250001 0.662109375 0.6118559968749999 0.6533203125 0.6141126484375 0.6396484375
0 0.539643159375 0.6376953125 0.5249749265625 0.626953125 0.5125633453125 0.6279296875 0.5012800890625 0.6376953125 0.5012800890625 0.6513671875 0.5136916703125001 0.66015625 0.5272315765625 0.66015625 0.539643159375 0.6494140625 0.539643159375 0.6376953125
0 0.46517367031249995 0.6376953125 0.45050543750000005 0.626953125 0.44035050625 0.6279296875 0.42906725156250003 0.6357421875 0.42681060000000004 0.6494140625 0.43922218125 0.66015625 0.4527620875 0.66015625 0.46517367031249995 0.6494140625 0.46517367031249995 0.6376953125
0 0.3782926 0.6328125 0.3703943203125 0.6318359375 0.3568544125 0.6396484375 0.35459776249999997 0.6552734375 0.36700934375 0.666015625 0.3782926 0.666015625 0.39070418125 0.6474609375 0.3782926 0.6328125
0 0.3184913421875 0.6474609375 0.3083364125 0.6328125 0.291411528125 0.6318359375 0.2801282734375 0.6416015625 0.2801282734375 0.6533203125 0.290283203125 0.6640625 0.301566459375 0.666015625 0.3162346921875 0.6552734375 0.3184913421875 0.6474609375
0 0.241765203125 0.6435546875 0.231610271875 0.6328125 0.219198690625 0.6318359375 0.20565878437500001 0.6396484375 0.20340213281250002 0.6533203125 0.21130041249999998 0.662109375 0.2270969703125 0.666015625 0.2395085515625 0.6572265625 0.241765203125 0.6435546875
0 0.20114548124999998 0.5908203125 0.1909905515625 0.58203125 0.17632231874999998 0.5830078125 0.169552365625 0.5869140625 0.1672957140625 0.6044921875 0.17745064375 0.61328125 0.1932472015625 0.61328125 0.20114548124999998 0.6064453125 0.20114548124999998 0.5908203125
0 0.27787162187500003 0.5927734375 0.27222999375 0.583984375 0.255305109375 0.5810546875 0.241765203125 0.5888671875 0.241765203125 0.6044921875 0.254176784375 0.61328125 0.26320338906249996 0.61328125 0.27561497031250004 0.6044921875 0.27787162187500003 0.5927734375
0 0.350084459375 0.5869140625 0.337672878125 0.578125 0.327517946875 0.5791015625 0.3184913421875 0.5849609375 0.3162346921875 0.5986328125 0.3218763203125 0.607421875 0.337672878125 0.611328125 0.350084459375 0.6025390625 0.350084459375 0.5869140625
0 0.42681060000000004 0.5888671875 0.41439901875 0.578125 0.3997307859375 0.5791015625 0.39296083125000003 0.5849609375 0.39070418125 0.5966796875 0.398602459375 0.607421875 0.41439901875 0.609375 0.42455394843749994 0.6025390625 0.42681060000000004 0.5888671875
0 0.5012800890625 0.5849609375 0.4888685078125 0.576171875 0.47645692500000003 0.5771484375 0.4674303203125 0.5830078125 0.4674303203125 0.6005859375 0.4753286 0.607421875 0.4888685078125 0.609375 0.5012800890625 0.5966796875 0.5012800890625 0.5849609375
0 0.5734929265625001 0.5810546875 0.5610813453125 0.572265625 0.5509264140625 0.5732421875 0.539643159375 0.5830078125 0.539643159375 0.5986328125 0.5497980890624999 0.607421875 0.5655946468749999 0.607421875 0.575749578125 0.5947265625 0.5734929265625001 0.5810546875
0 0.647962415625 0.5791015625 0.6400641359375 0.572265625 0.6208826015625 0.5732421875 0.6141126484375 0.5791015625 0.6141126484375 0.5966796875 0.6265242296875 0.603515625 0.6423207875 0.6015625 0.6502190671875 0.5927734375 0.647962415625 0.5791015625
0 0.7224319046875001 0.5771484375 0.712276975 0.5703125 0.6976087421875 0.5712890625 0.6885821375 0.5771484375 0.6885821375 0.5947265625 0.696480415625 0.6015625 0.7100203234375 0.603515625 0.7224319046875001 0.5966796875 0.7224319046875001 0.5771484375
0 0.7991580453125 0.5791015625 0.7867464625 0.568359375 0.77207823125 0.5693359375 0.7653082765625 0.5751953125 0.7630516265625 0.5927734375 0.7754632078125 0.6015625 0.7890031140625 0.6015625 0.7991580453125 0.5908203125 0.7991580453125 0.5791015625
0 0.8713708828125 0.5751953125 0.8589593015625001 0.56640625 0.8465477203124999 0.5673828125 0.837521115625 0.5751953125 0.837521115625 0.5927734375 0.8476760453125 0.599609375 0.8612159515625001 0.599609375 0.8713708828125 0.5927734375 0.8713708828125 0.5751953125
0 0.837521115625 0.5224609375 0.827366184375 0.513671875 0.8149546031250001 0.5146484375 0.8059279984375 0.5185546875 0.8014146953125 0.5341796875 0.8138262781250001 0.544921875 0.827366184375 0.544921875 0.837521115625 0.5361328125 0.837521115625 0.5224609375
0 0.7630516265625 0.5283203125 0.755153346875 0.51953125 0.7404851140625001 0.5166015625 0.7246885562500001 0.5263671875 0.7246885562500001 0.5400390625 0.7371001374999999 0.55078125 0.75064004375 0.55078125 0.7630516265625 0.5380859375 0.7630516265625 0.5283203125
0 0.6818121828125 0.5244140625 0.6739139046875 0.51953125 0.6569890203125001 0.5205078125 0.6502190671875 0.5283203125 0.6524757171875 0.5458984375 0.6581173453125 0.55078125 0.6761705546875 0.55078125 0.6863254859375 0.5380859375 0.6818121828125 0.5244140625
0 0.6118559968749999 0.5283203125 0.60621436875 0.521484375 0.589289484375 0.5205078125 0.578006228125 0.5283203125 0.578006228125 0.5439453125 0.5904178109375 0.552734375 0.5994444156250001 0.552734375 0.6118559968749999 0.5439453125 0.6118559968749999 0.5283203125
0 0.5373865078125 0.5341796875 0.5272315765625 0.521484375 0.5148199953125 0.5205078125 0.5012800890625 0.5283203125 0.4990234375 0.5400390625 0.5091783671875 0.552734375 0.522718275 0.5546875 0.53512985625 0.5458984375 0.5373865078125 0.5341796875
0 0.4606603671875 0.5322265625 0.45050543750000005 0.521484375 0.44035050625 0.5224609375 0.42681060000000004 0.5341796875 0.42681060000000004 0.5478515625 0.43922218125 0.556640625 0.44824878593750006 0.556640625 0.4606603671875 0.5478515625 0.4606603671875 0.5322265625
0 0.38619087812499997 0.5361328125 0.373779296875 0.525390625 0.36136771562500003 0.5263671875 0.3523411109375 0.5361328125 0.3523411109375 0.5498046875 0.3602393890625 0.556640625 0.3782926 0.556640625 0.38619087812499997 0.5478515625 0.38619087812499997 0.5361328125
0 0.3162346921875 0.5400390625 0.3038231109375 0.52734375 0.291411528125 0.5263671875 0.27787162187500003 0.5361328125 0.27787162187500003 0.5478515625 0.2857699 0.556640625 0.301566459375 0.560546875 0.3117213890625 0.5537109375 0.3162346921875 0.5400390625
0 0.23725190000000002 0.5361328125 0.231610271875 0.529296875 0.219198690625 0.5283203125 0.20565878437500001 0.5361328125 0.20340213281250002 0.5498046875 0.2135570625 0.560546875 0.2270969703125 0.560546875 0.23725190000000002 0.5517578125 0.23725190000000002 0.5361328125
0 0.20114548124999998 0.4892578125 0.1887339 0.4765625 0.1740656671875 0.4755859375 0.1650390625 0.4833984375 0.1627824109375 0.4970703125 0.1729373421875 0.5078125 0.1909905515625 0.5078125 0.1988888296875 0.5009765625 0.20114548124999998 0.4892578125
0 0.27561497031250004 0.4873046875 0.26094673749999997 0.47265625 0.2507918078125 0.4716796875 0.23725190000000002 0.4853515625 0.23725190000000002 0.4970703125 0.24515017968750002 0.505859375 0.26094673749999997 0.5078125 0.27110166874999997 0.5009765625 0.27561497031250004 0.4873046875
0 0.350084459375 0.4814453125 0.337672878125 0.47265625 0.3230046453125 0.4736328125 0.3117213890625 0.4853515625 0.3117213890625 0.4951171875 0.31736301718750004 0.501953125 0.3354162265625 0.505859375 0.3478278078125 0.4990234375 0.350084459375 0.4814453125
0 0.42455394843749994 0.4814453125 0.4189123203125 0.474609375 0.40198743593749997 0.4716796875 0.38844752968749996 0.4794921875 0.38619087812499997 0.4912109375 0.3940891578125 0.501953125 0.41439901875 0.50390625 0.42455394843749994 0.4951171875 0.42455394843749994 0.4814453125
0 0.4990234375 0.4775390625 0.4843552046875 0.46875 0.47645692500000003 0.4697265625 0.46291701874999996 0.4794921875 0.4606603671875 0.4912109375 0.47081529843750003 0.501953125 0.4843552046875 0.50390625 0.4990234375 0.4931640625 0.4990234375 0.4775390625
0 0.5734929265625001 0.4755859375 0.5610813453125 0.466796875 0.5509264140625 0.4677734375 0.539643159375 0.4736328125 0.5373865078125 0.4892578125 0.5497980890624999 0.501953125 0.5610813453125 0.501953125 0.5734929265625001 0.4912109375 0.5734929265625001 0.4755859375
0 0.6434491125 0.4697265625 0.61862595 0.4677734375 0.6118559968749999 0.4736328125 0.6118559968749999 0.4892578125 0.6220109265625 0.498046875 0.6378074859375 0.498046875 0.647962415625 0.4873046875 0.6434491125 0.4697265625
0 0.72694520625 0.4755859375 0.714533625 0.462890625 0.7043786953125 0.4638671875 0.6908387874999999 0.4697265625 0.6885821375 0.4873046875 0.6987370671875001 0.49609375 0.7100203234375 0.498046875 0.7224319046875001 0.4912109375 0.72694520625 0.4755859375
0 0.7991580453125 0.4755859375 0.7890031140625 0.462890625 0.7788481843749999 0.4619140625 0.7630516265625 0.4697265625 0.7630516265625 0.4873046875 0.77320655625 0.49609375 0.7867464625 0.49609375 0.79690139375 0.4873046875 0.7991580453125 0.4755859375
0 0.8713708828125 0.4697265625 0.8589593015625001 0.4609375 0.8510610218749999 0.4619140625 0.837521115625 0.4697265625 0.837521115625 0.4873046875 0.8431627421875 0.4921875 0.8612159515625001 0.494140625 0.8713708828125 0.4853515625 0.8713708828125 0.4697265625
0 0.1740656671875 0.8564453125 0.16616738749999999 0.84765625 0.1492425046875 0.8466796875 0.13795924843750001 0.8544921875 0.135702596875 0.8681640625 0.1436008765625 0.876953125 0.16616738749999999 0.876953125 0.1740656671875 0.8701171875 0.1740656671875 0.8564453125
0 0.169552365625 0.7529296875 0.159397434375 0.7421875 0.1447292015625 0.7431640625 0.135702596875 0.7509765625 0.135702596875 0.7646484375 0.145857528125 0.7734375 0.159397434375 0.7734375 0.169552365625 0.7646484375 0.169552365625 0.7529296875
0 0.1672957140625 0.6435546875 0.1548841328125 0.634765625 0.14247255 0.6357421875 0.1334459453125 0.6435546875 0.1334459453125 0.6611328125 0.1436008765625 0.66796875 0.1548841328125 0.66796875 0.1672957140625 0.6591796875 0.1672957140625 0.6435546875
0 0.1627824109375 0.5419921875 0.1548841328125 0.53125 0.1402159 0.5302734375 0.12893264375 0.5380859375 0.12893264375 0.5556640625 0.1390875734375 0.5625 0.148114178125 0.5625 0.1627824109375 0.5537109375 0.1627824109375 0.5419921875
0 0.8352644640625 0.4189453125 0.8251095328125 0.408203125 0.8126979515625001 0.4072265625 0.79690139375 0.4169921875 0.79690139375 0.4306640625 0.8070563234374999 0.439453125 0.8251095328125 0.439453125 0.8330078125 0.4326171875 0.8352644640625 0.4189453125
0 0.7461267421875 0.41015625 0.731458509375 0.4111328125 0.7224319046875001 0.4169921875 0.7224319046875001 0.4365234375 0.7416134390625 0.4453125 0.756281671875 0.4345703125 0.7585383234374999 0.4228515625 0.7461267421875 0.41015625
0 0.6818121828125 0.4169921875 0.671657253125 0.41015625 0.661502321875 0.4111328125 0.6502190671875 0.4189453125 0.647962415625 0.4326171875 0.6558606953125 0.443359375 0.671657253125 0.4453125 0.684068834375 0.4306640625 0.6818121828125 0.4169921875
0 0.6073426937499999 0.4189453125 0.5971877640625001 0.41015625 0.589289484375 0.4111328125 0.575749578125 0.4169921875 0.5734929265625001 0.4365234375 0.58139120625 0.4453125 0.5994444156250001 0.4453125 0.6073426937499999 0.4384765625 0.6073426937499999 0.4189453125
0 0.5249749265625 0.416015625 0.505793390625 0.4169921875 0.4990234375 0.4248046875 0.5012800890625 0.4443359375 0.5272315765625 0.4453125 0.53512985625 0.4365234375 0.5328732046875 0.4208984375 0.5249749265625 0.416015625
0 0.4606603671875 0.4267578125 0.45050543750000005 0.416015625 0.4358372046875 0.4150390625 0.42681060000000004 0.4189453125 0.42229729687499995 0.4365234375 0.427938925 0.4453125 0.44599213437499996 0.44921875 0.458403715625 0.4404296875 0.4606603671875 0.4267578125
0 0.38619087812499997 0.4365234375 0.373779296875 0.419921875 0.36136771562500003 0.4189453125 0.3523411109375 0.4228515625 0.3478278078125 0.4404296875 0.3534694359375 0.44921875 0.36926599375 0.453125 0.3839342265625 0.4443359375 0.38619087812499997 0.4365234375
0 0.301566459375 0.421875 0.2823849234375 0.4208984375 0.27110166874999997 0.4306640625 0.27110166874999997 0.4443359375 0.28351325 0.453125 0.29479650625 0.453125 0.3117213890625 0.4384765625 0.301566459375 0.421875
0 0.22484031875000002 0.421875 0.20791543437499999 0.4228515625 0.1966321796875 0.4384765625 0.20114548124999998 0.4482421875 0.21807036562499998 0.45703125 0.23499524843750003 0.4443359375 0.23499524843750003 0.4326171875 0.22484031875000002 0.421875
0 0.160525759375 0.4326171875 0.148114178125 0.421875 0.1311892953125 0.4228515625 0.122162690625 0.4306640625 0.122162690625 0.4462890625 0.1323176203125 0.455078125 0.1436008765625 0.45703125 0.158269109375 0.4462890625 0.160525759375 0.4326171875
0 0.1966321796875 0.3798828125 0.184220596875 0.369140625 0.171809015625 0.3701171875 0.160525759375 0.3818359375 0.1627824109375 0.3955078125 0.1729373421875 0.40234375 0.1864772484375 0.40234375 0.1966321796875 0.3916015625 0.1966321796875 0.3798828125
0 0.27110166874999997 0.3798828125 0.26094673749999997 0.369140625 0.2462785046875 0.3681640625 0.23499524843750003 0.3759765625 0.23048194687499998 0.3876953125 0.2383802265625 0.3984375 0.254176784375 0.40234375 0.27110166874999997 0.3896484375 0.27110166874999997 0.3798828125
0 0.3478278078125 0.3798828125 0.3421861796875 0.369140625 0.325261296875 0.3662109375 0.3117213890625 0.3720703125 0.30946473750000003 0.3857421875 0.31736301718750004 0.396484375 0.3354162265625 0.3984375 0.3455711578125 0.3896484375 0.3478278078125 0.3798828125
0 0.420040646875 0.3779296875 0.41439901875 0.369140625 0.397474134375 0.3642578125 0.38619087812499997 0.3720703125 0.3839342265625 0.3876953125 0.39183250625 0.396484375 0.40762906406250005 0.3984375 0.4177839953125 0.3896484375 0.420040646875 0.3779296875
0 0.494510134375 0.3740234375 0.4888685078125 0.365234375 0.469686971875 0.3623046875 0.4606603671875 0.3681640625 0.458403715625 0.3857421875 0.46630199531249994 0.392578125 0.47984190312499997 0.39453125 0.49225348437500005 0.3857421875 0.494510134375 0.3740234375
0 0.5734929265625001 0.3720703125 0.5610813453125 0.361328125 0.5441564609375 0.3623046875 0.53512985625 0.3701171875 0.53512985625 0.3857421875 0.5475414375 0.39453125 0.5610813453125 0.39453125 0.5734929265625001 0.3818359375 0.5734929265625001 0.3720703125
0 0.6457057640625 0.3701171875 0.6378074859375 0.361328125 0.625395903125 0.3603515625 0.6118559968749999 0.3662109375 0.6095993453124999 0.3837890625 0.617497625 0.392578125 0.635550834375 0.392578125 0.6457057640625 0.3837890625 0.6457057640625 0.3701171875
0 0.7179186015625 0.3818359375 0.7156619515625 0.3662109375 0.7055070203125 0.357421875 0.6998653921875 0.3583984375 0.6897104625 0.361328125 0.6818121828125 0.3701171875 0.6818121828125 0.3837890625 0.6919671140625 0.392578125 0.7055070203125 0.392578125 0.7179186015625 0.3818359375
0 0.79690139375 0.3662109375 0.7890031140625 0.357421875 0.77207823125 0.3564453125 0.760794975 0.3642578125 0.7585383234374999 0.3759765625 0.7641799515625001 0.38671875 0.779976509375 0.390625 0.7946447421875 0.3818359375 0.79690139375 0.3662109375
0 0.86911423125 0.3623046875 0.8612159515625001 0.35546875 0.8420344171874999 0.3564453125 0.8330078125 0.3642578125 0.837521115625 0.3818359375 0.8431627421875 0.38671875 0.8657292546875001 0.384765625 0.8713708828125 0.3779296875 0.86911423125 0.3623046875
0 0.8307511609375 0.3095703125 0.82059623125 0.30078125 0.8059279984375 0.3017578125 0.79690139375 0.3076171875 0.79690139375 0.3232421875 0.8025430218749999 0.33203125 0.82059623125 0.333984375 0.8307511609375 0.3251953125 0.8307511609375 0.3095703125
0 0.756281671875 0.3095703125 0.74838339375 0.302734375 0.731458509375 0.3017578125 0.7201752531250001 0.3115234375 0.7201752531250001 0.3232421875 0.730330184375 0.333984375 0.7461267421875 0.333984375 0.756281671875 0.3232421875 0.756281671875 0.3095703125
0 0.6818121828125 0.3115234375 0.6739139046875 0.3046875 0.6569890203125001 0.3056640625 0.647962415625 0.3115234375 0.6457057640625 0.3291015625 0.6581173453125 0.337890625 0.6694006015625 0.337890625 0.6818121828125 0.3291015625 0.6818121828125 0.3115234375
0 0.6073426937499999 0.3154296875 0.601701065625 0.30859375 0.5847761828125 0.3056640625 0.571236275 0.3134765625 0.5689796234375 0.3291015625 0.5746212515625 0.3359375 0.5926744609375 0.33984375 0.60508604375 0.3310546875 0.6073426937499999 0.3154296875
0 0.53512985625 0.3212890625 0.5204616234375 0.306640625 0.505793390625 0.3076171875 0.494510134375 0.3173828125 0.494510134375 0.3310546875 0.504665065625 0.33984375 0.518204971875 0.33984375 0.5328732046875 0.3310546875 0.53512985625 0.3212890625
0 0.458403715625 0.3251953125 0.4538904140625 0.3134765625 0.43809385624999997 0.3076171875 0.427938925 0.310546875 0.420040646875 0.3193359375 0.420040646875 0.3330078125 0.427938925 0.33984375 0.45050543750000005 0.337890625 0.458403715625 0.3251953125
0 0.38619087812499997 0.3291015625 0.3816775765625 0.3173828125 0.3636243671875 0.3095703125 0.3557260875 0.310546875 0.3455711578125 0.3212890625 0.3455711578125 0.3349609375 0.362496040625 0.345703125 0.38054925 0.337890625 0.38619087812499997 0.3291015625
0 0.30946473750000003 0.3212890625 0.301566459375 0.314453125 0.284641575 0.3134765625 0.27335831875 0.3193359375 0.27110166874999997 0.3349609375 0.278999946875 0.34375 0.29479650625 0.345703125 0.30946473750000003 0.3349609375 0.30946473750000003 0.3212890625
0 0.23499524843750003 0.3271484375 0.22484031875000002 0.31640625 0.20791543437499999 0.3154296875 0.1966321796875 0.3251953125 0.1966321796875 0.3369140625 0.2045304578125 0.345703125 0.22032701718749997 0.34765625 0.23273859843750003 0.3388671875 0.23499524843750003 0.3271484375
0 0.160525759375 0.3291015625 0.148114178125 0.31640625 0.1334459453125 0.3154296875 0.122162690625 0.3232421875 0.122162690625 0.3408203125 0.1323176203125 0.34765625 0.148114178125 0.34765625 0.1560124578125 0.3427734375 0.160525759375 0.3291015625
0 0.1966321796875 0.2744140625 0.181963946875 0.26171875 0.1672957140625 0.2626953125 0.1560124578125 0.2744140625 0.1560124578125 0.2841796875 0.16391073750000001 0.29296875 0.17970729531250001 0.294921875 0.194375528125 0.2861328125 0.1966321796875 0.2744140625
0 0.1560124578125 0.2177734375 0.1436008765625 0.208984375 0.1266759921875 0.2099609375 0.11764938750000001 0.2177734375 0.11764938750000001 0.2333984375 0.1323176203125 0.2421875 0.145857528125 0.240234375 0.1560124578125 0.2314453125 0.1560124578125 0.2177734375
0 0.23273859843750003 0.2177734375 0.22258366718749997 0.20703125 0.20565878437500001 0.2060546875 0.194375528125 0.2138671875 0.19211887656249999 0.2275390625 0.20227380625000002 0.23828125 0.22032701718749997 0.240234375 0.23048194687499998 0.2333984375 0.23273859843750003 0.2177734375
0 0.2688450171875 0.2685546875 0.2564334359375 0.259765625 0.241765203125 0.2607421875 0.23048194687499998 0.2705078125 0.23048194687499998 0.2841796875 0.24289352812499998 0.29296875 0.26094673749999997 0.291015625 0.27110166874999997 0.2783203125 0.2688450171875 0.2685546875
0 0.34331450625 0.2666015625 0.333159575 0.2578125 0.3162346921875 0.2587890625 0.30495143593749996 0.2685546875 0.3072080875 0.2841796875 0.31961966875000003 0.29296875 0.337672878125 0.2890625 0.3455711578125 0.2802734375 0.34331450625 0.2666015625
0 0.4177839953125 0.2646484375 0.4053724140625 0.25390625 0.3952174828125 0.2548828125 0.38619087812499997 0.2607421875 0.3816775765625 0.2783203125 0.39183250625 0.287109375 0.40988571562500004 0.287109375 0.420040646875 0.2744140625 0.4177839953125 0.2646484375
0 0.30495143593749996 0.2138671875 0.2925398546875 0.205078125 0.2823849234375 0.2060546875 0.27110166874999997 0.2119140625 0.2688450171875 0.2294921875 0.2812565984375 0.23828125 0.290283203125 0.23828125 0.30269478437499997 0.2314453125 0.30495143593749996 0.2138671875
0 0.3816775765625 0.2099609375 0.373779296875 0.203125 0.3568544125 0.2021484375 0.34331450625 0.2119140625 0.34331450625 0.2236328125 0.3534694359375 0.234375 0.3715226453125 0.234375 0.3839342265625 0.2216796875 0.3816775765625 0.2099609375
0 0.49225348437500005 0.2626953125 0.482098553125 0.255859375 0.469686971875 0.2568359375 0.458403715625 0.2646484375 0.458403715625 0.2802734375 0.46404534374999995 0.287109375 0.4843552046875 0.287109375 0.49225348437500005 0.2802734375 0.49225348437500005 0.2626953125
0 0.4538904140625 0.2119140625 0.44824878593750006 0.205078125 0.4313239015625 0.2021484375 0.4177839953125 0.2119140625 0.4177839953125 0.2275390625 0.4256822734375 0.234375 0.44599213437499996 0.234375 0.4538904140625 0.2255859375 0.4538904140625 0.2119140625
0 0.5689796234375 0.2626953125 0.5565680421875 0.251953125 0.539643159375 0.2529296875 0.5306165546875 0.2607421875 0.5306165546875 0.2763671875 0.5430281359375 0.28515625 0.5565680421875 0.28515625 0.5689796234375 0.2724609375 0.5689796234375 0.2626953125
0 0.5328732046875 0.2119140625 0.5204616234375 0.19921875 0.5012800890625 0.2001953125 0.49225348437500005 0.2099609375 0.49225348437500005 0.2216796875 0.504665065625 0.234375 0.5159483218750001 0.234375 0.5328732046875 0.2197265625 0.5328732046875 0.2119140625
0 0.49225348437500005 0.1552734375 0.4843552046875 0.146484375 0.4674303203125 0.1455078125 0.4538904140625 0.1552734375 0.4538904140625 0.1689453125 0.46404534374999995 0.177734375 0.482098553125 0.177734375 0.49225348437500005 0.1669921875 0.49225348437500005 0.1552734375
0 0.41552734375 0.1572265625 0.4053724140625 0.146484375 0.39296083125000003 0.1455078125 0.379420925 0.1533203125 0.3771642734375 0.1669921875 0.3873192046875 0.1796875 0.398602459375 0.181640625 0.4132706921875 0.1728515625 0.41552734375 0.1572265625
0 0.338801203125 0.1572265625 0.3286462734375 0.1484375 0.313978040625 0.1494140625 0.30269478437499997 0.1591796875 0.30269478437499997 0.1708984375 0.31284971562499997 0.181640625 0.3286462734375 0.181640625 0.338801203125 0.1728515625 0.338801203125 0.1572265625
0 0.266588365625 0.1591796875 0.254176784375 0.150390625 0.23725190000000002 0.1513671875 0.2282252953125 0.1611328125 0.23048194687499998 0.1767578125 0.2406368765625 0.18359375 0.2586900859375 0.181640625 0.2688450171875 0.1669921875 0.266588365625 0.1591796875
0 0.187605575 0.1552734375 0.1627824109375 0.1533203125 0.1560124578125 0.1591796875 0.1560124578125 0.1767578125 0.16616738749999999 0.18359375 0.184220596875 0.181640625 0.19211887656249999 0.1708984375 0.187605575 0.1552734375
0 0.6411924625000001 0.2568359375 0.6332941828124999 0.251953125 0.6118559968749999 0.2529296875 0.60508604375 0.2626953125 0.6073426937499999 0.2783203125 0.617497625 0.28515625 0.6332941828124999 0.283203125 0.6434491125 0.2705078125 0.6411924625000001 0.2568359375
0 0.60508604375 0.2099609375 0.5926744609375 0.19921875 0.575749578125 0.2001953125 0.5667229734375 0.2080078125 0.5667229734375 0.2216796875 0.5746212515625 0.23046875 0.5904178109375 0.234375 0.6028293921875 0.2255859375 0.60508604375 0.2099609375
0 0.5689796234375 0.1552734375 0.5610813453125 0.146484375 0.5464131125 0.1435546875 0.5328732046875 0.1494140625 0.5283599031249999 0.1669921875 0.5385148328125 0.17578125 0.552054740625 0.177734375 0.5667229734375 0.1689453125 0.5689796234375 0.1552734375
0 0.5283599031249999 0.1025390625 0.5204616234375 0.091796875 0.5012800890625 0.0888671875 0.48774018124999996 0.0986328125 0.48548352968749997 0.1083984375 0.4978951125 0.123046875 0.5136916703125001 0.123046875 0.5261032515624999 0.1123046875 0.5283599031249999 0.1025390625
0 0.6028293921875 0.1103515625 0.6028293921875 0.0966796875 0.5926744609375 0.087890625 0.58251953125 0.0869140625 0.5746212515625 0.087890625 0.5622096703125 0.0986328125 0.5622096703125 0.1083984375 0.5701079499999999 0.119140625 0.5859045078125 0.123046875 0.6028293921875 0.1103515625
0 0.6411924625000001 0.1494140625 0.62878088125 0.140625 0.6141126484375 0.1416015625 0.6028293921875 0.1513671875 0.6028293921875 0.1650390625 0.6152409734375001 0.17578125 0.6265242296875 0.17578125 0.6411924625000001 0.1630859375 0.6411924625000001 0.1494140625
0 0.6795555328125 0.2060546875 0.66714395 0.1953125 0.6524757171875 0.1962890625 0.6434491125 0.2041015625 0.6411924625000001 0.2177734375 0.6513473921874999 0.228515625 0.6648873 0.23046875 0.6750422296874999 0.2255859375 0.6795555328125 0.2060546875
0 0.7179186015625 0.2607421875 0.707763671875 0.25 0.6976087421875 0.2490234375 0.6818121828125 0.2587890625 0.6795555328125 0.2724609375 0.6874538109375 0.28125 0.70325036875 0.283203125 0.7156619515625 0.2763671875 0.7179186015625 0.2607421875
0 0.79690139375 0.2666015625 0.7946447421875 0.2568359375 0.7765915328124999 0.2470703125 0.7664366031250001 0.25 0.756281671875 0.2626953125 0.756281671875 0.2705078125 0.7664366031250001 0.28125 0.7867464625 0.279296875 0.79690139375 0.2666015625
0 0.86911423125 0.2529296875 0.8634726031250001 0.24609375 0.8420344171874999 0.2451171875 0.8307511609375 0.2529296875 0.8307511609375 0.2685546875 0.8431627421875 0.27734375 0.8634726031250001 0.275390625 0.86911423125 0.2685546875 0.86911423125 0.2529296875
0 0.8330078125 0.2080078125 0.8251095328125 0.1953125 0.8104412999999999 0.1923828125 0.792388090625 0.2021484375 0.792388090625 0.2158203125 0.8002863703124999 0.224609375 0.8138262781250001 0.2265625 0.826237859375 0.2216796875 0.8330078125 0.2080078125
0 0.7585383234374999 0.2138671875 0.756281671875 0.2060546875 0.7416134390625 0.193359375 0.7292018578125 0.1943359375 0.7156619515625 0.2060546875 0.7156619515625 0.2216796875 0.7235602296875 0.228515625 0.7393567890625 0.23046875 0.75064004375 0.2265625 0.7585383234374999 0.2138671875
0 0.7134053 0.1455078125 0.7055070203125 0.140625 0.6863254859375 0.1416015625 0.6795555328125 0.1474609375 0.6795555328125 0.1650390625 0.6919671140625 0.173828125 0.7100203234375 0.169921875 0.7156619515625 0.1630859375 0.7134053 0.1455078125
0 0.67729888125 0.0966796875 0.6694006015625 0.087890625 0.6524757171875 0.0888671875 0.6411924625000001 0.0966796875 0.6389358109375001 0.1083984375 0.6490907406249999 0.12109375 0.6648873 0.123046875 0.67729888125 0.1123046875 0.67729888125 0.0966796875
0 0.7517683703125 0.0927734375 0.7393567890625 0.08203125 0.72694520625 0.0830078125 0.7156619515625 0.0908203125 0.7134053 0.1064453125 0.7235602296875 0.1171875 0.7348434859374999 0.119140625 0.74951171875 0.1123046875 0.7517683703125 0.0927734375
0 0.792388090625 0.1513671875 0.7822331609375001 0.140625 0.7653082765625 0.1416015625 0.754025021875 0.1513671875 0.756281671875 0.1650390625 0.7664366031250001 0.171875 0.779976509375 0.171875 0.790131440625 0.1650390625 0.792388090625 0.1513671875
0 0.8646009296875 0.1435546875 0.8420344171874999 0.1416015625 0.8307511609375 0.1474609375 0.8307511609375 0.1630859375 0.8409060921875 0.171875 0.8634726031250001 0.169921875 0.86911423125 0.1611328125 0.8646009296875 0.1435546875
0 0.828494509375 0.0947265625 0.8183395796875 0.08203125 0.8059279984375 0.0810546875 0.792388090625 0.0869140625 0.790131440625 0.1064453125 0.8025430218749999 0.115234375 0.816082928125 0.115234375 0.8239812078125001 0.1103515625 0.828494509375 0.0947265625