0 0.02421875 0.2 0.0484375 0.059375
0 0.090625 0.18203125 0.0640625 0.05625
0 0.1671875 0.16484375 0.06875 0.0578125
0 0.2375 0.146875 0.0640625 0.0546875
0 0.3109375 0.12890625 0.084375 0.0640625
0 0.38828125 0.11328125 0.071875 0.0640625
0 0.46015625 0.0984375 0.075 0.0609375
0 0.5328125 0.08125 0.06875 0.059375
0 0.60703125 0.06328125 0.0703125 0.0578125
0 0.68125 0.046875 0.075 0.059375
0 0.759375 0.02890625 0.071875 0.0578125
0 0.80703125 0.06953125 0.071875 0.05625
0 0.728125 0.0890625 0.0671875 0.0578125
0 0.6546875 0.10703125 0.0640625 0.05625
0 0.58515625 0.125 0.0703125 0.0578125
0 0.509375 0.14140625 0.0609375 0.053125
0 0.4359375 0.16015625 0.0734375 0.0625
0 0.3625 0.17421875 0.06875 0.059375
0 0.29296875 0.18984375 0.0734375 0.0625
0 0.2125 0.20859375 0.0703125 0.059375
0 0.140625 0.2234375 0.0703125 0.0609375
0 0.0671875 0.2390625 0.0734375 0.0640625
0 0.03359375 0.30234375 0.0671875 0.0609375
0 0.1140625 0.2859375 0.075 0.0625
0 0.1859375 0.26875 0.06875 0.059375
0 0.26484375 0.2515625 0.075 0.0625
0 0.33515625 0.23671875 0.06875 0.0578125
0 0.4109375 0.21953125 0.075 0.0609375
0 0.484375 0.2 0.078125 0.0625
0 0.5578125 0.18515625 0.0703125 0.059375
0 0.63125 0.16640625 0.075 0.0625
0 0.71015625 0.1484375 0.071875 0.0625
0 0.784375 0.1328125 0.0734375 0.059375
0 0.83125 0.17734375 0.06875 0.0625
0 0.75703125 0.19453125 0.06875 0.0578125
0 0.684375 0.2109375 0.0703125 0.0578125
0 0.60625 0.228125 0.0703125 0.0578125
0 0.53359375 0.246875 0.071875 0.0625
0 0.4578125 0.2625 0.0671875 0.05625
0 0.384375 0.278125 0.06875 0.05625
0 0.3109375 0.2953125 0.0703125 0.05625
0 0.234375 0.31171875 0.0640625 0.05625
0 0.15859375 0.32890625 0.0640625 0.0578125
0 0.08359375 0.3453125 0.0703125 0.0609375
0 0.059375 0.40859375 0.0734375 0.0625
0 0.1359375 0.3875 0.0671875 0.059375
0 0.20703125 0.37265625 0.0703125 0.059375
0 0.28671875 0.35703125 0.0734375 0.0640625
0 0.35859375 0.3375 0.071875 0.059375
0 0.5078125 0.30703125 0.08125 0.0625
0 0.58125 0.28984375 0.071875 0.059375
0 0.65703125 0.26953125 0.0671875 0.059375
0 0.73203125 0.2546875 0.0703125 0.0609375
0 0.80546875 0.23828125 0.065625 0.0578125
0 0.85546875 0.2828125 0.0734375 0.0625
0 0.78125 0.2984375 0.0703125 0.0578125
0 0.70625 0.31640625 0.0671875 0.05625
0 0.63203125 0.334375 0.0671875 0.0609375
0 0.559375 0.35 0.071875 0.0609375
0 0.4796875 0.36640625 0.06875 0.059375
0 0.40703125 0.38359375 0.0703125 0.0625
0 0.3359375 0.3984375 0.0703125 0.0609375
0 0.26015625 0.41640625 0.0765625 0.0609375
0 0.18125 0.4359375 0.0703125 0.059375
0 0.10703125 0.4515625 0.065625 0.05625
0 0.07890625 0.51328125 0.0703125 0.0609375
0 0.15390625 0.496875 0.06875 0.0578125
0 0.23359375 0.4765625 0.0703125 0.0578125
0 0.30859375 0.4625 0.06875 0.05625
0 0.38203125 0.44375 0.065625 0.05625
0 0.45625 0.42734375 0.0703125 0.05625
0 0.5296875 0.41015625 0.065625 0.0546875
0 0.60625 0.39609375 0.0671875 0.05625
0 0.68125 0.378125 0.0734375 0.0609375
0 0.759375 0.3609375 0.0734375 0.0625
0 0.83359375 0.3421875 0.0703125 0.0609375
0 0.8859375 0.384375 0.06875 0.059375
0 0.8078125 0.40546875 0.075 0.0640625
0 0.73046875 0.4203125 0.071875 0.0625
0 0.65625 0.4390625 0.075 0.05625
0 0.57890625 0.4546875 0.065625 0.0546875
0 0.50859375 0.471875 0.06875 0.059375
0 0.43359375 0.4890625 0.0734375 0.0578125
0 0.3578125 0.50703125 0.0671875 0.0578125
0 0.28515625 0.521875 0.0703125 0.0515625
0 0.20703125 0.540625 0.0765625 0.0609375
0 0.1078125 0.61796875 0.06875 0.0640625
0 0.1828125 0.60078125 0.065625 0.05625
0 0.26015625 0.58359375 0.0671875 0.059375
0 0.33828125 0.5671875 0.0671875 0.059375
0 0.40859375 0.55234375 0.071875 0.0625
0 0.48203125 0.534375 0.0703125 0.059375
0 0.55546875 0.51484375 0.0625 0.0578125
0 0.628125 0.5015625 0.0671875 0.0625
0 0.71015625 0.48046875 0.075 0.0609375
0 0.78671875 0.465625 0.075 0.0625
0 0.859375 0.44609375 0.075 0.059375
0 0.91328125 0.48984375 0.0734375 0.0625
0 0.83125 0.51171875 0.06875 0.0609375
0 0.7578125 0.52734375 0.0671875 0.0578125
0 0.6796875 0.5453125 0.06875 0.0578125
0 0.60234375 0.5609375 0.0671875 0.0578125
0 0.5296875 0.57734375 0.0640625 0.05625
0 0.45703125 0.59296875 0.0671875 0.0546875
0 0.38359375 0.61015625 0.0703125 0.0578125
0 0.30625 0.62578125 0.0734375 0.059375
0 0.23359375 0.64765625 0.0703125 0.0578125
0 0.15546875 0.665625 0.0734375 0.059375
0 0.12734375 0.72578125 0.071875 0.0640625
0 0.203125 0.7109375 0.0703125 0.0609375
0 0.27890625 0.69375 0.0671875 0.0625
0 0.36015625 0.671875 0.0734375 0.0625
0 0.42734375 0.6546875 0.06875 0.0578125
0 0.50546875 0.6375 0.0765625 0.0609375
0 0.58125 0.6203125 0.071875 0.0609375
0 0.65390625 0.60703125 0.0703125 0.0625
0 0.7296875 0.590625 0.0734375 0.0625
0 0.80859375 0.5734375 0.0703125 0.0609375
0 0.88828125 0.553125 0.0734375 0.0609375
0 0.93359375 0.5984375 0.071875 0.0609375
0 0.85703125 0.615625 0.0734375 0.0609375
0 0.78046875 0.63203125 0.0734375 0.0609375
0 0.7078125 0.65 0.071875 0.0640625
0 0.62890625 0.6671875 0.0671875 0.059375
0 0.5546875 0.68515625 0.0734375 0.0640625
0 0.4859375 0.7015625 0.071875 0.05625
0 0.4046875 0.71875 0.0703125 0.053125
0 0.328125 0.73984375 0.0671875 0.0546875
0 0.24921875 0.7578125 0.0734375 0.0578125
0 0.1703125 0.77578125 0.071875 0.0609375
0 0.2203125 0.8234375 0.065625 0.059375
0 0.30078125 0.80390625 0.0640625 0.0546875
0 0.37890625 0.78359375 0.0625 0.0578125
0 0.45234375 0.76328125 0.065625 0.059375
0 0.52734375 0.7453125 0.06875 0.05625
0 0.60078125 0.73125 0.0671875 0.059375
0 0.68046875 0.7140625 0.0625 0.0578125
0 0.75390625 0.69453125 0.0578125 0.05
0 0.83125 0.68203125 0.0671875 0.0625
0 0.9140625 0.65859375 0.071875 0.0640625
0 0.57734375 0.79140625 0.06875 0.0609375
0 0.659375 0.7734375 0.071875 0.0640625
0 0.73515625 0.75859375 0.0765625 0.0671875
0 0.8109375 0.74140625 0.0703125 0.0625
0 0.8859375 0.725 0.06875 0.059375
0 0.95390625 0.70859375 0.06875 0.0578125