0 0.75234375 0.13515625 0.0609375 0.06484375
0 0.75390625 0.24765625 0.05546875 0.06484375
0 0.765625 0.36328125 0.05859375 0.071875
0 0.7765625 0.47265625 0.0578125 0.0671875
0 0.7734375 0.5875 0.05625 0.06171875
0 0.67109375 0.18828125 0.05546875 0.059375
0 0.66875 0.30390625 0.05078125 0.065625
0 0.67578125 0.41640625 0.0515625 0.0671875
0 0.58984375 0.13359375 0.05625 0.06875
0 0.5875 0.246875 0.053125 0.065625
0 0.58828125 0.3625 0.05390625 0.06640625
0 0.59375 0.4703125 0.06484375 0.06328125
0 0.5078125 0.190625 0.0546875 0.06171875
0 0.50625 0.303125 0.0515625 0.06171875
0 0.51328125 0.4171875 0.06171875 0.0609375
0 0.4265625 0.1328125 0.05546875 0.06171875
0 0.425 0.246875 0.05625 0.06171875
0 0.42734375 0.36171875 0.05546875 0.06875
0 0.34609375 0.19140625 0.05390625 0.06796875
0 0.34765625 0.30234375 0.05390625 0.0640625
0 0.346875 0.41171875 0.0546875 0.06171875
0 0.42734375 0.46953125 0.05703125 0.065625
0 0.51796875 0.5234375 0.05546875 0.06015625
0 0.5984375 0.58046875 0.05546875 0.0609375
0 0.6890625 0.52734375 0.059375 0.06640625
0 0.68359375 0.63671875 0.053125 0.065625
0 0.4359375 0.5796875 0.05234375 0.06015625
0 0.51640625 0.6359375 0.05859375 0.0625
0 0.34609375 0.52109375 0.05703125 0.06171875
0 0.35234375 0.634375 0.0578125 0.0609375
0 0.2640625 0.4671875 0.0546875 0.0609375
0 0.26796875 0.58046875 0.06171875 0.0625
0 0.26640625 0.35390625 0.053125 0.0625
0 0.26796875 0.1359375 0.053125 0.0609375
0 0.2671875 0.24375 0.0515625 0.06328125
0 0.1875 0.1859375 0.0578125 0.0578125
0 0.1109375 0.13359375 0.05859375 0.06640625
0 0.1078125 0.2421875 0.05625 0.06484375
0 0.1875 0.296875 0.05 0.0625
0 0.10859375 0.35625 0.05390625 0.0609375
0 0.1875 0.40625 0.05078125 0.0625
0 0.109375 0.46171875 0.059375 0.06640625
0 0.184375 0.5203125 0.05234375 0.06328125
0 0.10390625 0.590625 0.0515625 0.05625
0 0.190625 0.634375 0.05703125 0.06328125
0 0.26875 0.6921875 0.0515625 0.06875
0 0.34765625 0.75 0.053125 0.0625
0 0.43515625 0.6890625 0.05625 0.0625
0 0.51796875 0.746875 0.053125 0.065625
0 0.6015625 0.69375 0.059375 0.07109375
0 0.67890625 0.7484375 0.05546875 0.06796875
0 0.7765625 0.759375 0.06484375 0.0828125
0 0.68125 0.86640625 0.0609375 0.06015625
0 0.60078125 0.809375 0.0609375 0.0671875
0 0.51015625 0.86875 0.0546875 0.06953125
0 0.4296875 0.8015625 0.053125 0.06328125
0 0.34375 0.8640625 0.0578125 0.06484375
0 0.2671875 0.8046875 0.053125 0.0640625
0 0.1890625 0.86015625 0.05546875 0.06484375
0 0.18828125 0.7484375 0.053125 0.06484375
0 0.10390625 0.70859375 0.05234375 0.0609375
0 0.1015625 0.82109375 0.0515625 0.06484375