0 0.92890625 0.14609375 0.04375 0.0703125
0 0.9515625 0.30078125 0.04375 0.071875
0 0.946875 0.478125 0.0390625 0.065625
0 0.95390625 0.6484375 0.0421875 0.0671875
0 0.9140625 0.5578125 0.05 0.065625
0 0.89765625 0.40703125 0.04375 0.0625
0 0.86171875 0.3203125 0.0453125 0.0609375
0 0.8953125 0.23203125 0.0421875 0.0640625
0 0.85859375 0.1421875 0.046875 0.059375
0 0.78671875 0.14296875 0.040625 0.0578125
0 0.8234375 0.23828125 0.0453125 0.0625
0 0.78828125 0.3234375 0.04375 0.0609375
0 0.82265625 0.41171875 0.04375 0.0640625
0 0.8625 0.4921875 0.0421875 0.0578125
0 0.71875 0.14921875 0.046875 0.065625
0 0.64921875 0.146875 0.0421875 0.05
0 0.684375 0.23671875 0.0375 0.0546875
0 0.75 0.23359375 0.0421875 0.0578125
0 0.71640625 0.3171875 0.0375 0.053125
0 0.65 0.31953125 0.0453125 0.0625
0 0.61484375 0.2359375 0.0453125 0.0609375
0 0.7515625 0.4109375 0.0453125 0.0578125
0 0.7875 0.490625 0.040625 0.0546875
0 0.82421875 0.57578125 0.0421875 0.053125
0 0.87890625 0.640625 0.0390625 0.0546875
0 0.790625 0.659375 0.0421875 0.0515625
0 0.75546875 0.5765625 0.0484375 0.059375
0 0.71796875 0.49296875 0.04375 0.0609375
0 0.68203125 0.40859375 0.0421875 0.0578125
0 0.58125 0.14609375 0.0390625 0.053125
0 0.51328125 0.1515625 0.046875 0.0671875
0 0.54765625 0.23359375 0.04375 0.0546875
0 0.5796875 0.31953125 0.0453125 0.0578125
0 0.6140625 0.40546875 0.046875 0.059375
0 0.6484375 0.49140625 0.0390625 0.053125
0 0.684375 0.57890625 0.04375 0.0578125
0 0.71796875 0.66171875 0.0390625 0.0578125
0 0.65078125 0.6625 0.04375 0.0515625
0 0.6171875 0.5765625 0.0453125 0.059375
0 0.57890625 0.49296875 0.046875 0.0578125
0 0.5484375 0.403125 0.046875 0.0546875
0 0.5109375 0.315625 0.040625 0.0578125
0 0.47734375 0.234375 0.046875 0.065625
0 0.44453125 0.15 0.046875 0.059375
0 0.3734375 0.14375 0.0359375 0.059375
0 0.41015625 0.23125 0.040625 0.0578125
0 0.4421875 0.31640625 0.0421875 0.05625
0 0.47734375 0.40078125 0.0421875 0.0578125
0 0.5125 0.48828125 0.0484375 0.0578125
0 0.5453125 0.57578125 0.0453125 0.059375
0 0.57890625 0.6625 0.040625 0.053125
0 0.5125 0.659375 0.0484375 0.0578125
0 0.47734375 0.5734375 0.0453125 0.053125
0 0.44296875 0.48515625 0.0453125 0.0546875
0 0.4078125 0.4 0.0453125 0.05625
0 0.375 0.31484375 0.040625 0.0546875
0 0.34140625 0.22890625 0.04375 0.05625
0 0.3078125 0.140625 0.040625 0.053125
0 0.23671875 0.13046875 0.04375 0.0546875
0 0.27734375 0.2265625 0.0484375 0.065625
0 0.30546875 0.309375 0.040625 0.0625
0 0.34140625 0.39765625 0.0421875 0.0546875
0 0.371875 0.48046875 0.0421875 0.053125
0 0.41015625 0.57109375 0.04375 0.0546875
0 0.4421875 0.6546875 0.04375 0.059375
0 0.37421875 0.6578125 0.0453125 0.05
0 0.33984375 0.571875 0.0421875 0.0578125
0 0.3046875 0.48359375 0.0484375 0.0609375
0 0.275 0.3984375 0.046875 0.0625
0 0.2390625 0.3109375 0.04375 0.05625
0 0.2015625 0.22109375 0.040625 0.05625
0 0.1703125 0.1328125 0.04375 0.0609375
0 0.09921875 0.13125 0.0421875 0.059375
0 0.13125 0.21875 0.04375 0.0640625
0 0.16484375 0.31015625 0.0421875 0.0609375
0 0.2 0.39765625 0.04375 0.053125
0 0.23671875 0.48046875 0.0453125 0.0671875
0 0.2703125 0.5671875 0.04375 0.0609375
0 0.30078125 0.65390625 0.0484375 0.065625
0 0.23359375 0.653125 0.0421875 0.0578125
0 0.196875 0.5671875 0.04375 0.0609375
0 0.16640625 0.48203125 0.05 0.0625
0 0.13125 0.39765625 0.0453125 0.0671875
0 0.0609375 0.21796875 0.0484375 0.05625
0 0.06015625 0.31953125 0.0453125 0.0625
0 0.0609375 0.41640625 0.04375 0.065625
0 0.0703125 0.51875 0.0453125 0.0625
0 0.128125 0.5671875 0.040625 0.059375
0 0.0578125 0.6140625 0.0453125 0.0546875
0 0.1609375 0.65390625 0.0390625 0.0578125
0 0.2 0.74375 0.0390625 0.059375
0 0.228125 0.83125 0.040625 0.065625
0 0.1671875 0.87734375 0.040625 0.0546875
0 0.13125 0.78125 0.0375 0.0578125
0 0.09765625 0.69765625 0.04375 0.0578125
0 0.0578125 0.7859375 0.046875 0.0671875
0 0.08515625 0.865625 0.04375 0.046875
0 0.33671875 0.74765625 0.040625 0.0671875
0 0.26953125 0.7421875 0.0375 0.0640625
0 0.30078125 0.83515625 0.04375 0.0625
0 0.36875 0.83125 0.0375 0.0578125
0 0.4046875 0.746875 0.0421875 0.0625
0 0.47578125 0.74921875 0.0421875 0.059375
0 0.54765625 0.74921875 0.0421875 0.065625
0 0.615625 0.74765625 0.0390625 0.059375
0 0.5796875 0.83359375 0.0453125 0.0609375
0 0.5078125 0.83515625 0.04375 0.059375
0 0.4421875 0.834375 0.04375 0.0671875
0 0.4078125 0.91875 0.0421875 0.053125
0 0.334375 0.9203125 0.0453125 0.0640625
0 0.47421875 0.925 0.0421875 0.0625
0 0.5453125 0.9203125 0.0453125 0.0609375
0 0.6109375 0.92421875 0.0484375 0.0625
0 0.68671875 0.92421875 0.0484375 0.0703125
0 0.76328125 0.92890625 0.0421875 0.0640625
0 0.84375 0.9359375 0.0484375 0.0671875
0 0.6484375 0.83828125 0.04375 0.065625
0 0.721875 0.83671875 0.0453125 0.065625
0 0.7984375 0.83828125 0.0390625 0.065625
0 0.684375 0.75078125 0.04375 0.0640625
0 0.7546875 0.7484375 0.046875 0.05625
0 0.8296875 0.7421875 0.0484375 0.0671875
0 0.9109375 0.74453125 0.046875 0.0640625
0 0.87578125 0.83671875 0.0484375 0.059375
0 0.95703125 0.83203125 0.0421875 0.0640625
0 0.91796875 0.92890625 0.0421875 0.0578125