0 0.20703125 0.9375 0.1 0.0890625
0 0.47109375 0.69140625 0.090625 0.0828125
0 0.6734375 0.753125 0.0875 0.0765625
0 0.7890625 0.7328125 0.090625 0.075
0 0.9125 0.71015625 0.084375 0.0671875
0 0.59765625 0.67890625 0.0828125 0.0765625
0 0.71640625 0.6546875 0.084375 0.071875
0 0.83828125 0.63515625 0.08125 0.065625
0 0.1546875 0.665625 0.0921875 0.078125
0 0.2703125 0.64453125 0.0921875 0.065625
0 0.3875 0.62265625 0.078125 0.0671875
0 0.51953125 0.60703125 0.1 0.0796875
0 0.6390625 0.58046875 0.090625 0.071875
0 0.7625 0.55859375 0.090625 0.0703125
0 0.88046875 0.5390625 0.0890625 0.075
0 0.19453125 0.5734375 0.09375 0.0703125
0 0.3140625 0.55234375 0.0828125 0.075
0 0.4390625 0.5328125 0.0953125 0.06875
0 0.56171875 0.50546875 0.0859375 0.0625
0 0.68671875 0.4828125 0.075 0.0625
0 0.80546875 0.4671875 0.0859375 0.0734375
0 0.13671875 0.4984375 0.08125 0.0734375
0 0.240625 0.4765625 0.0828125 0.0703125
0 0.35703125 0.45390625 0.1015625 0.0765625
0 0.48203125 0.43671875 0.0828125 0.065625
0 0.60390625 0.41640625 0.08125 0.0640625
0 0.72890625 0.3921875 0.090625 0.071875
0 0.846875 0.37421875 0.078125 0.0671875
0 0.17265625 0.40546875 0.078125 0.0671875
0 0.1015625 0.33203125 0.0703125 0.0625
0 0.215625 0.30859375 0.075 0.0625
0 0.28515625 0.37890625 0.0703125 0.0625
0 0.40703125 0.359375 0.071875 0.0578125
0 0.334375 0.2921875 0.06875 0.0609375
0 0.5328125 0.3421875 0.0765625 0.05625
0 0.26328125 0.21953125 0.0765625 0.0609375
0 0.14375 0.2390625 0.0765625 0.0609375
0 0.5046875 0.17578125 0.084375 0.065625
0 0.5765625 0.24765625 0.084375 0.0640625
0 0.46171875 0.27265625 0.071875 0.065625
0 0.6515625 0.32265625 0.08125 0.059375
0 0.61484375 0.15859375 0.08125 0.065625
0 0.690625 0.228125 0.075 0.0578125
0 0.77734375 0.2953125 0.0796875 0.0609375
0 0.81875 0.20625 0.078125 0.0609375
0 0.7375 0.134375 0.0703125 0.0578125
0 0.78515625 0.0421875 0.084375 0.0671875
0 0.659375 0.065625 0.08125 0.0671875
0 0.546875 0.08515625 0.075 0.0640625
0 0.428125 0.1078125 0.071875 0.0625
0 0.3125 0.13046875 0.06875 0.065625
0 0.19140625 0.15 0.0734375 0.0640625
0 0.06796875 0.1671875 0.0703125 0.059375
0 0.3859375 0.20078125 0.075 0.065625