0 0.0296875 0.1890625 0.059375 0.05625
0 0.09375 0.17578125 0.06875 0.05625
0 0.16796875 0.16015625 0.065625 0.0546875
0 0.240625 0.14296875 0.059375 0.053125
0 0.31328125 0.1296875 0.0609375 0.059375
0 0.38984375 0.11484375 0.065625 0.0546875
0 0.4625 0.0984375 0.065625 0.05625
0 0.5359375 0.0828125 0.0640625 0.05625
0 0.6078125 0.065625 0.0640625 0.059375
0 0.6828125 0.0484375 0.06875 0.05625
0 0.75859375 0.03046875 0.065625 0.0578125
0 0.0703125 0.2328125 0.0625 0.053125
0 0.14296875 0.21875 0.0640625 0.053125
0 0.21328125 0.20234375 0.0640625 0.0515625
0 0.2890625 0.18671875 0.065625 0.053125
0 0.36328125 0.171875 0.065625 0.0546875
0 0.43671875 0.15625 0.06875 0.0578125
0 0.5125 0.140625 0.065625 0.0578125
0 0.58359375 0.12265625 0.0671875 0.05625
0 0.6578125 0.10546875 0.071875 0.0578125
0 0.73203125 0.0890625 0.06875 0.053125
0 0.8078125 0.07109375 0.0671875 0.053125
0 0.78359375 0.13046875 0.065625 0.05625
0 0.7046875 0.14765625 0.06875 0.05625
0 0.6328125 0.16484375 0.0671875 0.05625
0 0.55859375 0.18125 0.0640625 0.0546875
0 0.4796875 0.19765625 0.0671875 0.0578125
0 0.409375 0.21328125 0.065625 0.0546875
0 0.33515625 0.2296875 0.065625 0.0546875
0 0.26171875 0.2453125 0.0640625 0.05625
0 0.1890625 0.25859375 0.0703125 0.0546875
0 0.11328125 0.2765625 0.0640625 0.0546875
0 0.04375 0.2921875 0.071875 0.065625
0 0.0890625 0.33515625 0.071875 0.05625
0 0.16015625 0.3203125 0.0703125 0.0578125
0 0.23515625 0.30234375 0.0671875 0.0578125
0 0.30703125 0.2890625 0.0671875 0.0546875
0 0.38046875 0.27109375 0.06875 0.0546875
0 0.45625 0.25234375 0.06875 0.05625
0 0.5328125 0.23828125 0.0640625 0.0546875
0 0.6046875 0.2234375 0.0671875 0.0578125
0 0.678125 0.20703125 0.0671875 0.053125
0 0.7546875 0.1890625 0.06875 0.0625
0 0.828125 0.1734375 0.06875 0.0578125
0 0.8046875 0.23203125 0.06875 0.0609375
0 0.72734375 0.2453125 0.06875 0.05625
0 0.65390625 0.26328125 0.0640625 0.0546875
0 0.57734375 0.28203125 0.06875 0.05625
0 0.50234375 0.29609375 0.065625 0.0546875
0 0.43203125 0.3125 0.071875 0.0609375
0 0.35703125 0.32890625 0.0671875 0.053125
0 0.28125 0.34609375 0.071875 0.05625
0 0.2109375 0.359375 0.0640625 0.05625
0 0.13515625 0.3765625 0.0671875 0.053125
0 0.06328125 0.390625 0.0625 0.0546875
0 0.10703125 0.43359375 0.0640625 0.0546875
0 0.1796875 0.41953125 0.0671875 0.0546875
0 0.25546875 0.40234375 0.065625 0.0546875
0 0.33046875 0.3875 0.071875 0.05625
0 0.4046875 0.37109375 0.0734375 0.0578125
0 0.4796875 0.353125 0.0734375 0.059375
0 0.55390625 0.33984375 0.071875 0.0546875
0 0.6265625 0.32109375 0.071875 0.05625
0 0.703125 0.30546875 0.06875 0.05625
0 0.77578125 0.2890625 0.0671875 0.05625
0 0.8515625 0.27109375 0.06875 0.0578125
0 0.08046875 0.4921875 0.075 0.0625
0 0.15703125 0.47578125 0.0703125 0.05625
0 0.23046875 0.4625 0.0703125 0.0578125
0 0.30234375 0.44453125 0.0703125 0.0578125
0 0.37890625 0.43046875 0.0640625 0.05625
0 0.45234375 0.41328125 0.065625 0.05625
0 0.525 0.396875 0.0765625 0.0609375
0 0.59921875 0.38125 0.06875 0.05625
0 0.67109375 0.36484375 0.071875 0.0609375
0 0.74921875 0.346875 0.071875 0.059375
0 0.83046875 0.33203125 0.075 0.0609375
0 0.12421875 0.5359375 0.065625 0.0546875
0 0.2015625 0.521875 0.06875 0.053125
0 0.275 0.503125 0.0734375 0.0609375
0 0.35078125 0.490625 0.0765625 0.059375
0 0.4234375 0.471875 0.0671875 0.0546875
0 0.50078125 0.45546875 0.065625 0.0546875
0 0.575 0.4375 0.0703125 0.059375
0 0.646875 0.4234375 0.06875 0.0578125
0 0.72265625 0.40625 0.065625 0.0578125
0 0.7984375 0.38984375 0.0703125 0.05625
0 0.87421875 0.37265625 0.0703125 0.059375
0 0.846875 0.4328125 0.0671875 0.0546875
0 0.77421875 0.44609375 0.065625 0.0546875
0 0.6953125 0.46484375 0.0671875 0.0515625
0 0.621875 0.47890625 0.06875 0.05625
0 0.5453125 0.49765625 0.06875 0.05625
0 0.475 0.5140625 0.0671875 0.053125
0 0.3984375 0.52890625 0.0640625 0.0546875
0 0.32734375 0.5453125 0.0703125 0.05625
0 0.253125 0.56171875 0.0671875 0.053125
0 0.17421875 0.57890625 0.06875 0.059375
0 0.09921875 0.59375 0.071875 0.0578125
0 0.1421875 0.63671875 0.0640625 0.053125
0 0.21953125 0.6234375 0.0671875 0.05625
0 0.29609375 0.6046875 0.0671875 0.05625
0 0.3703125 0.5890625 0.0640625 0.053125
0 0.4453125 0.5703125 0.065625 0.0515625
0 0.52109375 0.55625 0.06875 0.0578125
0 0.590625 0.5390625 0.05625 0.0515625
0 0.66875 0.52578125 0.065625 0.05625
0 0.7453125 0.5078125 0.0703125 0.0546875
0 0.82265625 0.48984375 0.06875 0.0546875
0 0.89765625 0.475 0.065625 0.059375
0 0.87109375 0.5359375 0.065625 0.05625
0 0.79609375 0.54921875 0.065625 0.05625
0 0.7171875 0.5671875 0.06875 0.0546875
0 0.64140625 0.584375 0.0625 0.0546875
0 0.56171875 0.6015625 0.0640625 0.053125
0 0.49375 0.6125 0.0671875 0.053125
0 0.41640625 0.63203125 0.0671875 0.0546875
0 0.34375 0.6484375 0.0640625 0.0546875
0 0.26953125 0.6625 0.0671875 0.053125
0 0.1921875 0.6796875 0.0671875 0.0578125
0 0.11953125 0.6953125 0.0734375 0.059375
0 0.16328125 0.7390625 0.0734375 0.059375
0 0.2390625 0.72421875 0.0671875 0.0578125
0 0.31875 0.70625 0.071875 0.059375
0 0.39375 0.690625 0.06875 0.0578125
0 0.465625 0.67421875 0.065625 0.05625
0 0.5421875 0.6578125 0.06875 0.059375
0 0.6140625 0.64140625 0.065625 0.0546875
0 0.6921875 0.62421875 0.0734375 0.05625
0 0.76953125 0.609375 0.0671875 0.0578125
0 0.8453125 0.59453125 0.065625 0.059375
0 0.91953125 0.578125 0.0703125 0.0625
0 0.89296875 0.63671875 0.065625 0.05625
0 0.82109375 0.65390625 0.0703125 0.0578125
0 0.74453125 0.66875 0.0703125 0.0578125
0 0.6671875 0.68359375 0.0671875 0.059375
0 0.590625 0.70078125 0.0703125 0.059375
0 0.51640625 0.71953125 0.0703125 0.0609375
0 0.440625 0.73515625 0.06875 0.059375
0 0.36328125 0.753125 0.0640625 0.05625
0 0.29296875 0.76640625 0.0703125 0.0578125
0 0.2140625 0.784375 0.0703125 0.0578125
0 0.140625 0.8 0.0671875 0.059375
0 0.1859375 0.84453125 0.0734375 0.0609375
0 0.26328125 0.8296875 0.0703125 0.059375
0 0.33828125 0.8140625 0.065625 0.05625
0 0.41484375 0.79609375 0.06875 0.0578125
0 0.4890625 0.78125 0.065625 0.05625
0 0.5640625 0.76640625 0.06875 0.0609375
0 0.6390625 0.74609375 0.0703125 0.0609375
0 0.71796875 0.73125 0.065625 0.059375
0 0.7921875 0.71171875 0.075 0.0625
0 0.86796875 0.6984375 0.06875 0.0625
0 0.94453125 0.68125 0.071875 0.0609375