0 0.2541684859375 0.26038655624999996 0.2446980921875 0.25680863593750003 0.23303050937499997 0.2572160765625 0.2192339015625 0.2635608140625 0.2113051609375 0.270677796875 0.2097214421875 0.2922305703125 0.21706280625000002 0.301745784375 0.23013571718749998 0.308129371875 0.25227004218750004 0.3063792640625 0.26139961875 0.3001975078125 0.2680593515625 0.29019336562500003 0.26744588281250004 0.2726259484375 0.2541684859375 0.26038655624999996
0 0.1480957265625 0.26702216875 0.1396898484375 0.2604756046875 0.125552425 0.25706066562499996 0.10702061874999999 0.2616164390625 0.09236398125 0.2767856265625 0.09297744999999999 0.2943530453125 0.09544729375 0.29817542812500003 0.110990046875 0.308381396875 0.1261919875 0.3088276921875 0.14125759843750002 0.3053701140625 0.15358071874999998 0.290282415625 0.1530354140625 0.2746669328125 0.1480957265625 0.26702216875
0 0.205904309375 0.1829221984375 0.1950285859375 0.17255325 0.17155709375 0.169464265625 0.1554269671875 0.1758904859375 0.14749823125 0.18300746875 0.14584634531250001 0.2026083109375 0.15919191093750001 0.2167996390625 0.1686623015625 0.220377553125 0.18846311093749998 0.2187089359375 0.196528175 0.21549582812499998 0.206654103125 0.2043934859375 0.20871496406249998 0.1965042578125 0.205904309375 0.1829221984375
0 0.13306205625 0.1375851765625 0.1433243109375 0.13038670624999998 0.14991588125 0.118430628125 0.149575065625 0.10867095625 0.14456721875 0.0990742546875 0.1337596609375 0.09065724375 0.1196222375 0.0872423 0.1056211359375 0.0877312296875 0.0930253640625 0.09501119062499999 0.08650195625 0.1089192 0.0869109359375 0.120630809375 0.08944894375 0.1264051296875 0.10265818281250001 0.1366925859375 0.1144620875 0.14018901875 0.1272623484375 0.1387648640625 0.13306205625 0.1375851765625
0 0.250367325 0.084630896875 0.224630478125 0.08357533125 0.21543273749999997 0.08780515625 0.20537497343750002 0.10085942968749999 0.20324594999999998 0.10679672656250001 0.2060566046875 0.120378784375 0.216932325 0.13074772968749998 0.22640271875 0.1343256484375 0.24853704531249998 0.13257554375 0.26439451875 0.1183415796875 0.2664553828125 0.11045235 0.2635765609375 0.09491835625 0.250367325 0.084630896875
0 0.3212008984375 0.20625636875 0.3233980890625 0.2022710125 0.322784621875 0.1847035953125 0.3119089 0.174334646875 0.3024385078125 0.17075673125 0.2814368625 0.1714901234375 0.2665757375 0.18080350625 0.26224952031250004 0.19072615937499998 0.2627266625 0.2043897046875 0.267666346875 0.21203446874999998 0.278405740625 0.2184995453125 0.2902096515625 0.22199597343750002 0.29834287656249997 0.2207348 0.31107497500000003 0.2173587109375 0.3212008984375 0.20625636875
0 0.3871368609375 0.2879894046875 0.3691242640625 0.2739610515625 0.34352374218750004 0.2768093546875 0.3311324625 0.289945121875 0.3290034359375 0.2958824140625 0.33181409375 0.30946447187500004 0.33675377812499996 0.31710923593749996 0.349826690625 0.32349282343749997 0.3696275 0.32182420624999997 0.3776925640625 0.318611096875 0.387818490625 0.3075087546875 0.38987935625 0.2996195265625 0.3871368609375 0.2879894046875
0 0.44487727499999996 0.2019374953125 0.44193029375000004 0.18445156875 0.43345625 0.17595306875 0.42398585625 0.1723751484375 0.40298421093750003 0.1731085421875 0.38592589843749997 0.1864072859375 0.3842058484375 0.20405618749999999 0.3892136953125 0.21365288906250002 0.3976195734375 0.2201994515625 0.40942348281249996 0.22369588437500001 0.42222374374999994 0.2222717296875 0.4302888046875 0.21905861718750003 0.44048289687500003 0.20990821249999997 0.44487727499999996 0.2019374953125
0 0.3860100296875 0.121911934375 0.3853965625 0.1043445171875 0.3745208390625 0.09397556875 0.3650504484375 0.090397653125 0.3440488015625 0.091131046875 0.32918767656250003 0.10044442812500001 0.324861459375 0.1103670828125 0.3252704375 0.1220786921875 0.3362824875 0.1363515078125 0.3434193625 0.140010915625 0.360954815625 0.140375721875 0.3736869140625 0.1369996328125 0.3816156515625 0.1298826515625 0.3860100296875 0.121911934375
0 0.509277428125 0.10588144687500001 0.5066030953125 0.0962032625 0.4885904984375 0.08217490937500001 0.46758884843750004 0.082908303125 0.4527958890625 0.09417361875 0.44840150625 0.10214433593750001 0.44881048593750006 0.11385594843749999 0.4538183359375 0.1234526453125 0.46695941249999995 0.13178816875 0.4740281234375 0.133495640625 0.48682838124999994 0.1320714875 0.49489344687500003 0.128858378125 0.505087534375 0.11970797343749999 0.509277428125 0.10588144687500001
0 0.5661258765625 0.1615485640625 0.556655484375 0.1579706484375 0.5379873515625 0.1586225546875 0.5287896125 0.162852375 0.518663684375 0.1739547171875 0.5193453156250001 0.19347406875 0.5302210374999999 0.2038430171875 0.5444266265625 0.2092098921875 0.552559853125 0.207948715625 0.5629584328125 0.20465411718749998 0.5754178750000001 0.1934702875 0.5770697609375001 0.17386944531249998 0.5661258765625 0.1615485640625
0 0.523928215625 0.25780644218750004 0.5082491359375 0.243696603125 0.48717932187499996 0.242478059375 0.475648065625 0.2467893703125 0.4655221375 0.25789171093749996 0.46627193125 0.279362996875 0.48188285156250005 0.29152090625 0.48895156249999994 0.29322837343749997 0.5017518234375 0.2918042234375 0.5121504 0.28850962343750003 0.5200791406249999 0.28139264062499997 0.5244735203124999 0.2734219234375 0.523928215625 0.25780644218750004
0 0.6499381093750001 0.2534060796875 0.6425285781250001 0.24193893125 0.6341908625 0.237344303125 0.622386953125 0.2338478765625 0.6107193734374999 0.2342553171875 0.5969227625 0.24060005156250003 0.5890621875 0.24966896875 0.5897438187499999 0.26918831875000004 0.59468350625 0.27683308281249996 0.607824578125 0.28516860624999996 0.632292421875 0.2833370140625 0.6459527046875 0.27308840624999997 0.6503470874999999 0.2651176890625 0.6499381093750001 0.2534060796875
0 0.7006098125 0.1656467015625 0.6873324109375 0.153407309375 0.6778620171874999 0.149829390625 0.6545950171875 0.152596209375 0.6444009265624999 0.1617466140625 0.64000654375 0.16971733125 0.6405518484375 0.1853328140625 0.6609661265625 0.2012316125 0.6807669359374999 0.1995629953125 0.6888319984375 0.19634988281250002 0.696760734375 0.1892329015625 0.7011551171875 0.181262184375 0.7006098125 0.1656467015625
0 0.8199599703124999 0.17125048125 0.8194828281250001 0.1575869328125 0.8061372625000001 0.143395603125 0.7966668718750001 0.1398176890625 0.782665775 0.14030661718749998 0.771134515625 0.1446179265625 0.760940425 0.1537683328125 0.7593567046875 0.17532110625 0.76669806875 0.1848363203125 0.7797709796875 0.19121990625000002 0.7995717875 0.18955128906250002 0.8053715 0.1883716015625 0.8155655921875 0.1792211984375 0.8199599703124999 0.17125048125
0 0.8860322546875 0.25688738125 0.887752303125 0.2392384796875 0.885214296875 0.23346415937499998 0.8720050625000001 0.223176703125 0.8602011515625 0.219680271875 0.8508670859375 0.22000622343749998 0.8348051234374999 0.2283843828125 0.8292099 0.23541987656250002 0.827012709375 0.2394052359375 0.8276261765624999 0.2569726546875 0.8409035796875 0.269212046875 0.8527074890625 0.272708478125 0.8655077453125 0.271284325 0.8713074578125 0.2701046375 0.8860322546875 0.25688738125
0 0.8665099484375001 0.09926956249999999 0.875503196875 0.08918393125 0.8752305453125 0.081376190625 0.87008636875 0.067875621875 0.8592788109375 0.0594586109375 0.8381408390624999 0.05628813125 0.82660958125 0.0605994453125 0.8164154890624999 0.06974985156249999 0.8122937640625001 0.085528309375 0.8173697734375001 0.0970769421875 0.8281773328125 0.10549395312500001 0.8399812421874999 0.10899038125 0.8481144687500001 0.10772920781249999 0.8562476921875 0.10646803281249999 0.8665099484375001 0.09926956249999999
0 0.7536150328125 0.0778058359375 0.7426711484374999 0.065484953125 0.7284655578125 0.0601180765625 0.7167979796874999 0.0605255171875 0.6973379859375 0.0719538125 0.692943603125 0.0799245296875 0.6934889078124999 0.0955400109375 0.69842859375 0.103184775 0.709236153125 0.1116017890625 0.7163048640625 0.11330925624999999 0.7314386390625 0.11180361875 0.7372383515625 0.11062392968750001 0.751963146875 0.097406675 0.7536150328125 0.0778058359375
0 0.6371436953125 0.0877360515625 0.6297341671875001 0.07626890625 0.6237299703125 0.0715927859375 0.6095925421875 0.068177846875 0.6002584765625001 0.0685038 0.5841283515625 0.074930021875 0.576335940625 0.08595087500000001 0.574275075 0.09384010468750001 0.581889090625 0.11116305468750001 0.5950301671875 0.1194985765625 0.619498009375 0.117666984375 0.630892940625 0.1094518015625 0.637348184375 0.09359185625000001 0.6371436953125 0.0877360515625