0 0.178873021875 0.07519732968750001 0.16431779062500002 0.0614532171875 0.15732750625 0.0590065125 0.1381871890625 0.0596259859375 0.121860796875 0.071210646875 0.1182591015625 0.0885798390625 0.1303025796875 0.104106209375 0.13953213281250001 0.108667390625 0.1574165703125 0.10893904531250001 0.165935221875 0.1065978859375 0.177374346875 0.09662936718750001 0.18015858906249999 0.09095038125 0.178873021875 0.07519732968750001
0 0.3043662875 0.08984635468749999 0.3000239984375 0.0836690328125 0.300568971875 0.0758755609375 0.29259529687499997 0.070423253125 0.2688402046875 0.0687621359375 0.256690171875 0.0718283109375 0.2451147984375 0.08374519375 0.24388861093749997 0.1012804984375 0.2459916359375 0.105343346875 0.260683109375 0.1171390921875 0.2856940765625 0.11790908281250001 0.2981165953125 0.11094617031250001 0.303412584375 0.1034849265625 0.3043662875 0.08984635468749999
0 0.408237171875 0.12354128906249999 0.4146527984375 0.117137284375 0.4199487875 0.10967603749999999 0.42076624687499997 0.09798583281249999 0.41656020156249995 0.089860140625 0.40410799218750004 0.08017887343749999 0.397117709375 0.077732171875 0.3779773921875 0.07835164375 0.3668107484375 0.084423425 0.361514759375 0.091884671875 0.35873051718750004 0.0975636640625 0.36042481406250004 0.10747161093749999 0.364630859375 0.1155973015625 0.379458575 0.1254446828125 0.399718525 0.12588244843750002 0.408237171875 0.12354128906249999
0 0.5277707234375 0.086868321875 0.5207804375 0.08442161718749999 0.50652738125 0.08342494687499999 0.4943773484375 0.086491121875 0.48307446093750006 0.094511271875 0.4815757859375 0.11594331093750002 0.4836788125 0.12000615781249999 0.49837028437499997 0.131801903125 0.5233812546875 0.1325718953125 0.5384517671875 0.1218783609375 0.5419172234375 0.10645753437500001 0.5378474203125 0.0963834734375 0.5277707234375 0.086868321875
0 0.5994744203125 0.10265074999999999 0.5981119890625 0.12213442187500001 0.602318034375 0.1302601171875 0.61477024375 0.13994138125 0.6374057046875 0.1405452609375 0.6574997234375 0.1262872171875 0.6588621546875 0.10680354375000001 0.637316640625 0.0906127265625 0.6230635828125 0.0896160546875 0.6021224171874999 0.09892012812499999 0.5994744203125 0.10265074999999999
0 0.7255126578125 0.10950630624999999 0.7227284187499999 0.11518529687500001 0.7241502265624999 0.12898998125 0.7409447250000001 0.144848571875 0.761204675 0.145286340625 0.7761389484375 0.13654117500000001 0.7814349375 0.1290799265625 0.7801493749999999 0.1133268765625 0.7655941421875 0.0995827625 0.7394635421875 0.0977555328125 0.7255126578125 0.10950630624999999
0 0.23728956406249999 0.1615137734375 0.22049506874999997 0.14565518125000002 0.19911548437499998 0.144160175 0.1804135828125 0.1555787234375 0.17511759375 0.1630399703125 0.174300134375 0.1747301703125 0.18424058906250002 0.18619369531250002 0.19570940625 0.1928693578125 0.21596935625000002 0.19330712187500002 0.2244880015625 0.1909659640625 0.23606337656249998 0.17904907812499998 0.23884761562499998 0.173370090625 0.23728956406249999 0.1615137734375
0 0.3202664609375 0.1526318765625 0.301700803125 0.162102059375 0.2964048125 0.169563303125 0.295587353125 0.18125350625 0.3052553234375 0.196613765625 0.3144848734375 0.2011749484375 0.3347448234375 0.20161271093750002 0.343263471875 0.1992715546875 0.3521908484375 0.19108529375 0.355928790625 0.1717677296875 0.3415098 0.15607525 0.3202664609375 0.1526318765625
0 0.4762623046875 0.1919296359375 0.4769435203125 0.1821878 0.4706344546875 0.169999259375 0.46042151249999996 0.162432471875 0.4391781703125 0.158989096875 0.42689189531249994 0.16400363906249998 0.417828275 0.1741382703125 0.4166020875 0.1916735734375 0.4287818078125 0.2052515796875 0.44038686718750003 0.20997887343750002 0.448769271875 0.2095860765625 0.46455069218749995 0.20579488750000002 0.47083007187500003 0.20133924687500002 0.4762623046875 0.1919296359375
0 0.595855234375 0.1885450203125 0.586051021875 0.1751331296875 0.5791969796875 0.1707380609375 0.565080165625 0.167793021875 0.550554621875 0.1706930890625 0.5417634890625 0.17693098125 0.5364675 0.18439222500000002 0.5355137984375 0.1980307984375 0.5475572734374999 0.21355716875000003 0.5591623375 0.2182844625 0.5675447421875 0.21789166718750003 0.5870937875 0.21142709375000002 0.5949015328125 0.2021835921875 0.595855234375 0.1885450203125
0 0.6793771 0.171869653125 0.6633231953125 0.17955758125000001 0.6576184765625 0.1928639265625 0.6591765281249999 0.20472024375000003 0.6656218375 0.21496041406250002 0.6759710234375 0.2205788375 0.6986064828125 0.2211827171875 0.7110290015625 0.2142198046875 0.7163249921875 0.2067585609375 0.715448159375 0.185160409375 0.698381175 0.1731985484375 0.6793771 0.171869653125
0 0.84080518125 0.20175780156249998 0.8389746421875 0.1937982234375 0.8242831703125001 0.1820024734375 0.8030398312499999 0.178559103125 0.7869859265625 0.186247025 0.781826175 0.191759903125 0.7786332093749999 0.20328399687499998 0.7825667703125 0.215306425 0.7902679578125 0.22465547031250002 0.804248528125 0.22954887343750002 0.81263093125 0.22915608281250002 0.8235250890625 0.22698103593750002 0.8348279749999999 0.218960884375 0.84080518125 0.20175780156249998
0 0.15866715781250001 0.2617422546875 0.16396314843749998 0.2542810078125 0.16491685 0.24064243749999997 0.15511263749999998 0.22723054843749999 0.14601932812500001 0.22072099843749998 0.13665353593750001 0.2181081828125 0.11724073125000001 0.222624390625 0.1058016015625 0.23259290625 0.10315360312499999 0.23632353125 0.1017911734375 0.255807203125 0.10501382968749999 0.2609272875 0.12109742500000001 0.26988354062500003 0.141357375 0.2703213078125 0.1498760203125 0.2679801484375 0.15866715781250001 0.2617422546875
0 0.29081884375 0.2494463625 0.276399859375 0.2337538796875 0.250405496875 0.22997828125000003 0.231567353125 0.24334519999999998 0.22878311718750002 0.2490241890625 0.230341165625 0.26088050625000003 0.24238464531249998 0.2764068734375 0.24937493125 0.278853578125 0.26725936875 0.2791252328125 0.275778015625 0.2767840734375 0.284569153125 0.2705461796875 0.2898651421875 0.2630849328125 0.29081884375 0.2494463625
0 0.3953115671875 0.2401111015625 0.374068225 0.23666773124999999 0.3555025703125 0.2461379109375 0.3502065796875 0.2535991578125 0.349252878125 0.267237728125 0.35345892343749996 0.27536342187499996 0.3659111296875 0.2850446859375 0.3729014140625 0.287491390625 0.3860348390625 0.2874308234375 0.3945534859375 0.28508966406249997 0.4085043671875 0.273338890625 0.40973055468749997 0.255803584375 0.3953115671875 0.2401111015625
0 0.5272798328125 0.28164448124999997 0.5286422640625 0.2621608046875 0.520941075 0.2528117640625 0.5094722578125 0.246136103125 0.4928436953125 0.24497332031250002 0.48055741875 0.2499878640625 0.4714937953125 0.26012249062500004 0.4702676078125 0.2776577984375 0.48020806406250005 0.28912131875 0.496427903125 0.29612920468750004 0.5000592875 0.2954041890625 0.51584070625 0.291612996875 0.5246318390625 0.2853751015625 0.5272798328125 0.28164448124999997
0 0.6524412390625 0.26690188593749997 0.6378860078125 0.253157771875 0.6213936828125 0.2500466234375 0.60924365 0.2531127984375 0.5978045203125 0.2630813140625 0.594202825 0.2804505078125 0.6062463015625 0.295976875 0.6178513625 0.300704171875 0.6262337703124999 0.3003113765625 0.645782815625 0.293846803125 0.653726803125 0.2826549359375 0.65440801875 0.2729130984375 0.6524412390625 0.26690188593749997
0 0.7661635125 0.2621278078125 0.756933959375 0.25756662656249996 0.740305396875 0.25640384374999997 0.7280191203124999 0.26141838906250003 0.718955496875 0.271553015625 0.717729309375 0.2890883203125 0.7299090328125 0.3026663234375 0.73689931875 0.305113025 0.75715926875 0.3055507921875 0.772093540625 0.2968056265625 0.777525775 0.2873960140625 0.778206990625 0.27765417812500004 0.7661635125 0.2621278078125
0 0.2127414078125 0.341881371875 0.21396759687500003 0.324346065625 0.2017878765625 0.3107680625 0.18319253124999998 0.30359406718750004 0.166155234375 0.3082763859375 0.1598758546875 0.3127320265625 0.1516593828125 0.32782062968750003 0.15097816718749998 0.337562465625 0.1677726640625 0.35342106093750003 0.1747629453125 0.35586775937500004 0.1878963703125 0.3558071921875 0.198790528125 0.3536321453125 0.21009341250000002 0.3456119953125 0.2127414078125 0.341881371875
0 0.3383709171875 0.35458203125 0.3410189125 0.35085140937500003 0.3422451015625 0.3333161015625 0.3300653796875 0.3197381 0.3208358296875 0.31517691875 0.30895828281250004 0.3143463609375 0.28801711406249997 0.323650428125 0.2827211234375 0.3311116765625 0.28176742187500003 0.3447502453125 0.283734203125 0.3507614609375 0.296050165625 0.36239109687500004 0.3030404515625 0.364837796875 0.3185493828125 0.364943340625 0.3245562796875 0.3643844390625 0.3383709171875 0.35458203125
0 0.44884084843750005 0.3280436890625 0.42522199531249993 0.3244342078125 0.406520096875 0.33585275625 0.40278215624999997 0.355170315625 0.4069882015625 0.36329600625 0.42181591718749994 0.3731433859375 0.442075871875 0.37358115468749997 0.4568739 0.3667843546875 0.46216989062499997 0.3593231109375 0.46325983437499996 0.343736171875 0.45905379062499996 0.335610478125 0.44884084843750005 0.3280436890625
0 0.534933846875 0.342874425 0.53214960625 0.3485534140625 0.533435171875 0.3643064640625 0.547990403125 0.378050578125 0.5730013703125 0.3788205703125 0.5905836343749999 0.366344778125 0.5918098234375 0.3488094765625 0.5750153296875 0.33295088125 0.565649534375 0.330338065625 0.5512602375 0.3312897640625 0.534933846875 0.342874425
0 0.7147913390625 0.3652407578125 0.7132332859375 0.353384440625 0.703292834375 0.34192091874999997 0.6940632812499999 0.33735973750000003 0.670171946875 0.33764698437499996 0.6562210625 0.34939775625 0.6534368265625 0.355076746875 0.65485863125 0.36888143281249997 0.6694138609375 0.382625546875 0.6764041484375001 0.38507224687499997 0.6919130796874999 0.385177790625 0.7004317296875 0.38283663125 0.7120070984375 0.37091974687499996 0.7147913390625 0.3652407578125
0 0.834111778125 0.3657528796875 0.8299057328125 0.35762718437499996 0.8198290328125 0.348112028125 0.815214259375 0.345831440625 0.7938346734375 0.344336434375 0.775132775 0.35575498125 0.77221229375 0.3633823375 0.7736341015625 0.3771870234375 0.783574553125 0.38865054374999997 0.79280410625 0.393211725 0.8106885484375 0.39348338125 0.819207196875 0.391142221875 0.8279983296875001 0.3849043265625 0.834111778125 0.3657528796875
0 0.1533361859375 0.40625365625 0.1365416875 0.3903950625 0.1151621015625 0.38890005625 0.10538757968750001 0.3921323421875 0.09394845156250001 0.4021008609375 0.0927222625 0.41963616562499995 0.10476574375 0.43516253593750004 0.111756025 0.43760924062499995 0.1296404671875 0.4378808921875 0.140534625 0.435705846875 0.1493257578125 0.42946795 0.15197375468750002 0.425737328125 0.1533361859375 0.40625365625
0 0.254831559375 0.439782475 0.2636226921875 0.43354458281249997 0.26891868125 0.42608333906249996 0.269872384375 0.412444765625 0.26790560625 0.40643355156250005 0.2578289078125 0.3969183953125 0.2485993546875 0.3923572140625 0.23434630156249997 0.39136054374999996 0.21340513125 0.40066461562500005 0.20783665624999997 0.4120225921875 0.20715544062500002 0.4217644328125 0.2136007546875 0.4320046046875 0.2238136953125 0.439571390625 0.22842846875 0.44185198281250004 0.2463129125 0.44212363750000006 0.254831559375 0.439782475
0 0.35997581093750003 0.40406120312500005 0.347689534375 0.40907574531249996 0.341273909375 0.4154797546875 0.33848967343749997 0.42115874218749993 0.3396389921875 0.43886016093749997 0.35656973281250004 0.4527703859375 0.37682968125 0.453208153125 0.3969237015625 0.438950109375 0.398149890625 0.42141480312499996 0.38135539218750003 0.405556209375 0.3719896 0.4029433953125 0.35997581093750003 0.40406120312500005
0 0.5178021937499999 0.4513185453125 0.5230981828125 0.4438573015625 0.5239156421875 0.4321670953125 0.511872165625 0.41664072656249995 0.5026426109375 0.41207954375 0.488389559375 0.41108287343749994 0.467448390625 0.4203869421875 0.4620161578125 0.4297965546875 0.461334940625 0.43953839375000003 0.463301721875 0.4455496046875 0.47561768437499996 0.4571792421875 0.48722274375 0.461906534375 0.49560514843750003 0.46151374218749996 0.5064993062500001 0.4593386953125 0.5178021937499999 0.4513185453125
0 0.612324771875 0.4138755859375 0.590974878125 0.4290247546875 0.5897486890625 0.4465600625 0.606406940625 0.46436702187499995 0.624155140625 0.46658704687499997 0.6350492984375 0.46441199843750003 0.648863934375 0.45460959218749997 0.6515119328125001 0.45087896875 0.6527381203125 0.4333436625 0.6337043578125 0.4153705921875 0.612324771875 0.4138755859375
0 0.767775646875 0.46096681562499997 0.77110485625 0.4474943546875 0.7671712984375 0.43547192656249994 0.7593338671875001 0.42807125 0.7501043125 0.42351006875 0.7334757484375001 0.42234728749999995 0.7211894734375 0.4273618296875 0.7121258546875 0.43749645781249996 0.7108996671875001 0.4550317640625 0.7230793859375 0.468609765625 0.74069134375 0.47277815624999997 0.749073746875 0.472385365625 0.7626158968750001 0.46647969062500005 0.767775646875 0.46096681562499997
0 0.8444243671875 0.11586353125 0.84136764375 0.1254392546875 0.8430619359374999 0.13534720312499998 0.859856434375 0.151205796875 0.8824918953124999 0.151809671875 0.89742616875 0.14306450937499998 0.9029946437499999 0.13170652656249998 0.903675859375 0.121964690625 0.8846420984375 0.1039916203125 0.8608870015625 0.10233050156250001 0.8444243671875 0.11586353125
0 0.8964374828125001 0.293753234375 0.89698245625 0.2859597671875 0.8927764109374999 0.2778340734375 0.8780849375 0.266038328125 0.851818090625 0.2661594671875 0.838003453125 0.2759618703125 0.8352192140625 0.28164086093749996 0.8342655125 0.29527943125 0.8384715578125 0.3034051265625 0.8532992734375 0.313252503125 0.86392094375 0.314974190625 0.8723033499999999 0.31458139687500003 0.8845896249999999 0.30956685781250004 0.8964374828125001 0.293753234375
0 0.8925283203125 0.452069321875 0.8862192500000001 0.43988078281250004 0.87838181875 0.43248010625 0.8523874593749999 0.42870450781249997 0.8363335546874999 0.4363924359375 0.8310375625 0.4438536828125 0.82994761875 0.4594406203125 0.8319143999999999 0.46545183437500004 0.8397518312500001 0.4728525109375 0.8535961546875 0.479694284375 0.8619785640625001 0.4793014890625 0.8777599796875 0.4755103 0.8840393593749999 0.471054659375 0.8925283203125 0.452069321875
0 0.19231023281249998 0.48044213124999996 0.183080684375 0.475880946875 0.1712031375 0.47505038749999995 0.1590531046875 0.47811656718749995 0.1477502171875 0.4861367125 0.145102221875 0.4898673390625 0.143739790625 0.509351009375 0.1605342875 0.5252096046875 0.1831697484375 0.5258134796875 0.2006157703125 0.5152860625 0.20435371249999998 0.4959684984375 0.20238693125 0.48995728437499997 0.19231023281249998 0.48044213124999996
0 0.324823475 0.5141820359375 0.3257771765625 0.5005434671875 0.3137336953125 0.4850170953125 0.3021286359375 0.48028980312499997 0.29025108906249997 0.47945924375000004 0.28298831875 0.48090927812500006 0.266661928125 0.49249393750000003 0.26292398437500003 0.5118114984375 0.2751037078125 0.5253895 0.2843332578125 0.5299506796875 0.3022177015625 0.5302223374999999 0.310736346875 0.5278811765625 0.3195274796875 0.5216432828124999 0.324823475 0.5141820359375
0 0.43753266875 0.48975817499999996 0.42803062968749994 0.489093728125 0.4158805984375 0.492159903125 0.40457771249999996 0.500180053125 0.39914547968749997 0.509589665625 0.40056728750000004 0.5233943515624999 0.41050773906250004 0.534857871875 0.4197372921875 0.5394190531249999 0.43999724218749997 0.5398568203125 0.45744326874999997 0.5293293984375 0.4610449640625 0.5119602078125001 0.4491377296875 0.4944854671875 0.43753266875 0.48975817499999996
0 0.5738432234374999 0.5374688765625 0.5764912203125 0.5337382546875 0.5777174078125 0.5162029484375 0.5655376859375 0.5026249453125 0.5563081359375001 0.498063765625 0.5420550796875 0.49706709531250004 0.5347923078125 0.49851712812500004 0.5209776703125 0.50831953125 0.5183296734375 0.512050153125 0.5171034859375 0.529585459375 0.5292832093750001 0.5431634625 0.538512759375 0.5477246421874999 0.5516461828125 0.5476640749999999 0.5625403375 0.545489028125 0.5738432234374999 0.5374688765625
0 0.6934658390624999 0.5507284421875001 0.7049049703125 0.5407599234375 0.7055861859375 0.5310180875 0.7080979359375 0.529235834375 0.7062674 0.5212762515625 0.69632694375 0.5098127296875 0.687097390625 0.5052515484375 0.6680933171875 0.5039226546875 0.6583187953125 0.5071549421875 0.6492551765625 0.51728956875 0.64633469375 0.524916928125 0.6478927453125001 0.536773240625 0.652098790625 0.544898934375 0.664687240625 0.552631834375 0.6849471921875 0.5530696015625 0.6934658390624999 0.5507284421875001
0 0.1293033109375 0.5621836078125 0.12007376249999999 0.557622425 0.1010696875 0.5562935312499999 0.08250402968750001 0.5657637109375 0.0770717953125 0.5751733234375 0.07611809375 0.588811896875 0.08829781406250001 0.6023898984375 0.0975273671875 0.60695108125 0.1130362984375 0.6070566234375 0.12393045625000002 0.6048815765625 0.13788133593750002 0.593130803125 0.1392437671875 0.5736471328125 0.1293033109375 0.5621836078125
0 0.2223569078125 0.5628168640625 0.201007009375 0.5779660390625 0.1997808203125 0.5955013421875 0.21657531875 0.6113599359374999 0.24158628906250001 0.612129928125 0.256520559375 0.603384759375 0.26181655312499996 0.595923515625 0.2626340125 0.5842333109375 0.2584279625 0.5761076203125 0.24835126718749997 0.5665924625 0.2223569078125 0.5628168640625
0 0.3764925265625 0.57751086875 0.365023709375 0.5708352078125001 0.343644128125 0.5693402015625 0.3313578484375 0.5743547437500001 0.324942225 0.58075875 0.3221579859375 0.586437740625 0.3233073078125 0.60413915625 0.34023805 0.61804938125 0.3628735109375 0.6186532609375 0.38045577656249996 0.6061774734375 0.3835124984375 0.5966017453125 0.3819544515625 0.5847454328125 0.3764925265625 0.57751086875
0 0.5010617796875 0.6224426421875 0.5063577718750001 0.6149813984375 0.5073114734375 0.6013428265625 0.495267996875 0.5858164578125 0.48366293281250006 0.5810891609375 0.47416089687499996 0.5804247140625 0.453355975 0.58778041875 0.4481962234375 0.593293296875 0.44486701562500003 0.6067657546875 0.44880057500000003 0.6187881828124999 0.45887727343750007 0.6283033390625 0.465867559375 0.630750040625 0.48375199843749994 0.631021696875 0.4922706484375 0.6286805359375001 0.5010617796875 0.6224426421875
0 0.6368151656250001 0.592777559375 0.6243629562499999 0.583096290625 0.602983375 0.5816012859375 0.5906971000000001 0.586615828125 0.5816334765625 0.5967504546875 0.5804072890625 0.6142857625 0.5925870125 0.6278637640625 0.604192071875 0.63259105625 0.6149499875 0.632364378125 0.62835589375 0.6284070734375 0.6372832703125 0.620220809375 0.6410212125 0.60090325 0.6368151656250001 0.592777559375
0 0.1593499875 0.6445583453125 0.1471999546875 0.64762451875 0.13073732031250002 0.6611575484375 0.129647375 0.6767444859375 0.14182709375 0.6903224890625 0.15105664375 0.69488366875 0.1713165984375 0.6953214375 0.19141061718750002 0.6810633937499999 0.1926368046875 0.6635280859375 0.18283259375 0.6501161953125 0.1712275328125 0.645388903125 0.1593499875 0.6445583453125
0 0.3124253515625 0.691483459375 0.317857584375 0.6820738468750001 0.31840255625 0.6742803796875 0.3143327546875 0.6642063203124999 0.30425605624999996 0.6546911640624999 0.29964128125 0.652410571875 0.2782616953125 0.650915565625 0.2659754203125 0.6559301078125 0.25955979375 0.6623341140625 0.25582185625 0.6816516734375 0.26786533281249997 0.6971780453124999 0.27947039375 0.7019053375000001 0.29022830625 0.7016786578125 0.301122465625 0.6995036109375 0.3124253515625 0.691483459375
0 0.4395535328125 0.6827520812500001 0.437586753125 0.676740865625 0.42527078906250004 0.6651112296874999 0.4016519359375 0.661501746875 0.3918774140625 0.6647340328125 0.3804382859375 0.6747025484375 0.37765404375 0.6803815390625 0.3789396109375 0.6961345890625 0.3934948421875 0.709878703125 0.40048512656249996 0.7123254078125 0.4136185484375 0.712264840625 0.42953621249999996 0.70652528125 0.43595183593750003 0.700121271875 0.4395535328125 0.6827520812500001
0 0.5710240062499999 0.6801980249999999 0.556468775 0.6664539109375001 0.53760094375 0.6631766484375 0.5278264218750001 0.6664089359375 0.516523534375 0.674429084375 0.5110913015625 0.6838386984375 0.5125131078125 0.6976433828124999 0.5293076046875 0.7135019765624999 0.5495675546875 0.7139397421875 0.5580862015625 0.71159858125 0.56952533125 0.7016300656250001 0.5723095703125 0.695951075 0.5710240062499999 0.6801980249999999
0 0.6926430890625 0.71611298125 0.698075321875 0.7067033687500001 0.6987565375 0.6969615296875 0.6946867359375 0.6868874703125 0.6822345265624999 0.6772062015625 0.6609911875 0.6737628296875 0.6424255296875 0.6832330093750001 0.636993296875 0.6926426234374999 0.6361758375 0.704332828125 0.6403818828125 0.712458521875 0.65045858125 0.721973678125 0.65507335625 0.7242542671875001 0.67533330625 0.7246920343750001 0.6838519515625 0.722350875 0.6926430890625 0.71611298125
0 0.1208684390625 0.7681516359375 0.126164428125 0.7606903921875 0.1271181296875 0.7470518187499999 0.11507465312500001 0.7315254484375 0.1058451 0.726964265625 0.0892165375 0.725801484375 0.0720429953125 0.7324321734375 0.0656273734375 0.738836178125 0.062025675 0.7562053734374999 0.06623172031249999 0.7643310640625 0.07854768749999999 0.7759607 0.0831624625 0.778241290625 0.09867139375 0.7783468328125001 0.1095655515625 0.7761717859374999 0.1208684390625 0.7681516359375
0 0.24826910781249997 0.7555235203125 0.23622563125 0.73999715 0.226996078125 0.7354359671874999 0.212743021875 0.734439296875 0.20296849843749998 0.7376715843749999 0.1891538578125 0.747473990625 0.1834491390625 0.7607803375 0.18751894062500002 0.770854396875 0.197459396875 0.782317921875 0.20668894999999998 0.786879103125 0.22219788281250002 0.7869846468749999 0.2356037890625 0.7830273421875 0.244531165625 0.7748410796874999 0.24826910781249997 0.7555235203125
0 0.3679214109375 0.7854272625000001 0.37335364375 0.77601765 0.3741711015625 0.7643274453125 0.3699650578125 0.7562017546875001 0.3598883578125 0.7466865968749999 0.336269509375 0.7430771109375 0.3264949828125 0.746309396875 0.31519210000000003 0.754329546875 0.31145415781249997 0.7736471109374999 0.315660203125 0.781772803125 0.3257369015625 0.7912879578124999 0.330351678125 0.7935685515625 0.35061162968750004 0.794006315625 0.3566185234375 0.7934474125000001 0.3679214109375 0.7854272625000001
0 0.4414259546875 0.7925250968750001 0.4540144078125 0.8002579953125 0.47427435781250005 0.8006957640625 0.49172037968750004 0.790168340625 0.495594565625 0.7689024125 0.48117557812499995 0.7532099296875 0.457556728125 0.7496004484375 0.4362068296875 0.7647496171875 0.4349806421875 0.782284925 0.4414259546875 0.7925250968750001
0 0.8253153531249999 0.52568510625 0.819853428125 0.51845054375 0.8060091046875 0.51160876875 0.782117765625 0.5118960203125 0.7680306421875 0.5255951578125 0.766940696875 0.541182096875 0.7711467437499999 0.549307790625 0.783598953125 0.55898905625 0.8062344093749999 0.5595929359375 0.814753059375 0.557251775 0.8236804359375001 0.5490655125 0.8264646765625001 0.5433865265625 0.8253153531249999 0.52568510625
0 0.7666507203124999 0.6136039078125 0.7625809171875 0.6035298499999999 0.7525042203125001 0.5940146921875 0.7478894453125 0.5917341046875 0.7265098578125 0.5902390984375 0.70767171875 0.6036060125 0.7043425046875 0.617078471875 0.708412309375 0.6271525328124999 0.71848900625 0.6366676890625 0.7277185562499999 0.6412288703125 0.74085198125 0.641168303125 0.7580255171875 0.6345376140625001 0.7661057484375 0.6213973796875 0.7666507203124999 0.6136039078125
0 0.8770734687499999 0.6389464703125001 0.8825057062500001 0.6295368578125 0.8830506796875 0.6217433859375 0.8812201421875001 0.6137838062500001 0.8712796859375 0.6023202828125 0.850308834375 0.594980175 0.8381588015625001 0.598046353125 0.8268559140624999 0.606066503125 0.8210149515625 0.6213212171875 0.82270924375 0.631229165625 0.8326496984375 0.6426926875000001 0.8466302703125 0.647586090625 0.8550126734375001 0.6471933 0.8682823375 0.6451843640625 0.8770734687499999 0.6389464703125001
0 0.8765110093749999 0.715265015625 0.8723049609375 0.707139325 0.8598527546874999 0.6974580578125 0.8528624703125001 0.6950113531250001 0.8313466453125 0.695464715625 0.8173957625 0.7072154875 0.8144752828125 0.714842846875 0.8158970875 0.728647528125 0.8304523187499999 0.7423916421875 0.8374426015624999 0.7448383468750001 0.855327046875 0.7451099984375 0.8638456921875 0.7427688390625 0.8727730687499999 0.7345825796875001 0.8765110093749999 0.715265015625