0 0.8109375 0.0359375 0.059375 0.0625
0 0.7171875 0.05078125 0.05625 0.065625
0 0.628125 0.0703125 0.0578125 0.0625
0 0.5375 0.0921875 0.0578125 0.0640625
0 0.59140625 0.11484375 0.0515625 0.0578125
0 0.6453125 0.134375 0.053125 0.0609375
0 0.68125 0.09453125 0.053125 0.059375
0 0.50078125 0.13359375 0.05 0.05
0 0.44765625 0.11796875 0.0546875 0.059375
0 0.7734375 0.07421875 0.053125 0.0625
0 0.82578125 0.09609375 0.0578125 0.0640625
0 0.78828125 0.13828125 0.053125 0.065625
0 0.734375 0.115625 0.0546875 0.0609375
0 0.69609375 0.15390625 0.053125 0.059375
0 0.74765625 0.17734375 0.0578125 0.0625
0 0.8421875 0.15625 0.0609375 0.0671875
0 0.80234375 0.1984375 0.05625 0.065625
0 0.765625 0.2375 0.0546875 0.0625
0 0.7125 0.21796875 0.0546875 0.0625
0 0.66015625 0.196875 0.0578125 0.0671875
0 0.6046875 0.17734375 0.05625 0.0640625
0 0.62265625 0.2390625 0.053125 0.059375
0 0.55234375 0.1578125 0.0546875 0.0625
0 0.56953125 0.221875 0.05625 0.0625
0 0.51328125 0.1984375 0.0578125 0.0671875
0 0.53046875 0.2625 0.05625 0.0671875
0 0.58359375 0.284375 0.05625 0.0625
0 0.63671875 0.303125 0.0546875 0.0625
0 0.67421875 0.2578125 0.05625 0.0625
0 0.72734375 0.27890625 0.0546875 0.0640625
0 0.85625 0.21953125 0.059375 0.06875
0 0.81875 0.25703125 0.05625 0.0671875
0 0.78125 0.29921875 0.0578125 0.0703125
0 0.74140625 0.340625 0.0609375 0.0640625
0 0.69140625 0.32109375 0.0515625 0.0578125
0 0.8703125 0.2828125 0.059375 0.06875
0 0.8328125 0.32109375 0.053125 0.0625
0 0.79453125 0.365625 0.0578125 0.065625
0 0.75703125 0.40546875 0.059375 0.0640625
0 0.70390625 0.384375 0.0578125 0.0625
0 0.65234375 0.36484375 0.053125 0.0625
0 0.59921875 0.346875 0.0578125 0.0625
0 0.61328125 0.4109375 0.0578125 0.065625
0 0.66640625 0.4296875 0.0546875 0.059375
0 0.7203125 0.45078125 0.053125 0.0578125
0 0.8828125 0.34375 0.05625 0.0625
0 0.8484375 0.38515625 0.053125 0.0609375
0 0.81171875 0.428125 0.05625 0.0640625
0 0.90078125 0.40703125 0.0546875 0.0625
0 0.86171875 0.44921875 0.05625 0.0625
0 0.82421875 0.4890625 0.059375 0.0640625
0 0.77265625 0.4671875 0.0546875 0.0609375
0 0.7328125 0.509375 0.05625 0.0625
0 0.68125 0.49375 0.0578125 0.0625
0 0.4078125 0.15625 0.0578125 0.0640625
0 0.35390625 0.134375 0.0578125 0.0640625
0 0.31484375 0.1765625 0.0546875 0.0625
0 0.26328125 0.15625 0.059375 0.0609375
0 0.225 0.20234375 0.0609375 0.065625
0 0.171875 0.17734375 0.0578125 0.0609375
0 0.13515625 0.22109375 0.05 0.059375
0 0.08125 0.19921875 0.0609375 0.065625
0 0.0359375 0.23984375 0.0625 0.065625
0 0.46328125 0.1796875 0.0546875 0.0640625
0 0.425 0.21953125 0.0578125 0.0640625
0 0.36953125 0.2 0.0546875 0.0625
0 0.33359375 0.24296875 0.0578125 0.0640625
0 0.278125 0.221875 0.059375 0.065625
0 0.23984375 0.265625 0.05625 0.0625
0 0.1875 0.24296875 0.0546875 0.0609375
0 0.203125 0.30625 0.0578125 0.065625
0 0.146875 0.2859375 0.0578125 0.0640625
0 0.09296875 0.2640625 0.0578125 0.065625
0 0.478125 0.24375 0.0578125 0.0625
0 0.4390625 0.2859375 0.059375 0.0671875
0 0.38515625 0.265625 0.05625 0.0625
0 0.34765625 0.30703125 0.0546875 0.0625
0 0.2953125 0.284375 0.059375 0.065625
0 0.25546875 0.32734375 0.0578125 0.06875
0 0.1609375 0.346875 0.0609375 0.0640625
0 0.1046875 0.32734375 0.0578125 0.0640625
0 0.05234375 0.3046875 0.05625 0.065625
0 0.54453125 0.3234375 0.0578125 0.065625
0 0.49296875 0.30703125 0.0609375 0.065625
0 0.45625 0.346875 0.0578125 0.0671875
0 0.40234375 0.32890625 0.05625 0.0640625
0 0.36484375 0.3703125 0.0578125 0.0671875
0 0.3109375 0.35 0.059375 0.0640625
0 0.32421875 0.41171875 0.0578125 0.065625
0 0.2703125 0.390625 0.059375 0.0625
0 0.21484375 0.3671875 0.0578125 0.0671875
0 0.50859375 0.36875 0.05625 0.065625
0 0.56015625 0.38828125 0.0578125 0.0703125
0 0.521875 0.43203125 0.0578125 0.065625
0 0.46875 0.4109375 0.0578125 0.065625
0 0.4171875 0.390625 0.05625 0.0640625
0 0.3796875 0.4328125 0.05625 0.06875
0 0.33828125 0.47265625 0.059375 0.0671875
0 0.2859375 0.4515625 0.059375 0.0671875
0 0.2296875 0.43359375 0.0578125 0.06875
0 0.17421875 0.4109375 0.05625 0.065625
0 0.1203125 0.39140625 0.0578125 0.0671875
0 0.134375 0.45390625 0.0625 0.071875
0 0.1890625 0.4734375 0.0578125 0.0640625
0 0.24453125 0.49296875 0.0578125 0.0671875
0 0.29921875 0.5140625 0.0609375 0.0734375
0 0.35234375 0.53515625 0.0578125 0.065625
0 0.39296875 0.49453125 0.0578125 0.06875
0 0.4328125 0.45234375 0.05625 0.065625
0 0.4859375 0.471875 0.05625 0.065625
0 0.44765625 0.51328125 0.0546875 0.0640625
0 0.575 0.45234375 0.05625 0.065625
0 0.6296875 0.471875 0.0609375 0.065625
0 0.59140625 0.5140625 0.05625 0.06875
0 0.0765625 0.43359375 0.059375 0.065625
0 0.09375 0.49765625 0.059375 0.06875
0 0.15 0.51640625 0.05625 0.065625
0 0.203125 0.5359375 0.059375 0.065625
0 0.2578125 0.55625 0.0578125 0.0671875
0 0.3140625 0.57890625 0.0578125 0.065625
0 0.3515625 0.53515625 0.0546875 0.0640625
0 0.40703125 0.55546875 0.0625 0.0671875
0 0.46015625 0.57421875 0.0546875 0.0640625
0 0.49765625 0.53046875 0.0546875 0.065625
0 0.53671875 0.49140625 0.0578125 0.065625
0 0.55 0.5515625 0.05625 0.0625
0 0.64296875 0.53515625 0.0546875 0.0640625
0 0.603125 0.57421875 0.05625 0.0625
0 0.5640625 0.6125 0.0546875 0.0609375
0 0.5109375 0.590625 0.0578125 0.065625
0 0.47265625 0.6359375 0.05625 0.0625
0 0.42109375 0.61640625 0.05625 0.065625
0 0.36875 0.59921875 0.05625 0.06875
0 0.6546875 0.5953125 0.05625 0.0640625
0 0.69609375 0.55546875 0.0578125 0.0640625
0 0.7875 0.53203125 0.0578125 0.0671875
0 0.75 0.5734375 0.0578125 0.0640625
0 0.9171875 0.46796875 0.059375 0.0671875
0 0.878125 0.51015625 0.059375 0.065625
0 0.84140625 0.55078125 0.0546875 0.0640625
0 0.7109375 0.61640625 0.0609375 0.06875
0 0.8015625 0.5953125 0.0546875 0.065625
0 0.93125 0.53125 0.059375 0.071875
0 0.9453125 0.5921875 0.05625 0.065625
0 0.8921875 0.5703125 0.0578125 0.065625
0 0.853125 0.61015625 0.05625 0.0625
0 0.61796875 0.6359375 0.0578125 0.065625
0 0.2171875 0.6015625 0.0609375 0.0734375
0 0.16171875 0.58203125 0.0625 0.071875
0 0.1796875 0.64453125 0.0609375 0.0703125
0 0.2359375 0.6640625 0.0609375 0.0671875
0 0.27421875 0.621875 0.059375 0.0640625
0 0.3296875 0.64140625 0.0578125 0.065625
0 0.2890625 0.684375 0.059375 0.065625
0 0.25 0.73046875 0.0625 0.0703125
0 0.196875 0.7125 0.059375 0.0703125
0 0.34453125 0.70390625 0.059375 0.06875
0 0.30546875 0.75 0.059375 0.0703125
0 0.38359375 0.66171875 0.0578125 0.065625
0 0.4375 0.678125 0.0578125 0.0671875
0 0.109375 0.5578125 0.0609375 0.0640625
0 0.12109375 0.62578125 0.0609375 0.0703125
0 0.1390625 0.6921875 0.0625 0.06875
0 0.1578125 0.75546875 0.059375 0.0640625
0 0.171875 0.8171875 0.0609375 0.0640625
0 0.1859375 0.8796875 0.059375 0.0625
0 0.2046875 0.94140625 0.0625 0.0703125
0 0.21171875 0.775 0.059375 0.0671875
0 0.228125 0.8359375 0.0578125 0.0671875
0 0.24375 0.89609375 0.059375 0.0671875
0 0.26640625 0.79375 0.0609375 0.0640625
0 0.28203125 0.8546875 0.0609375 0.0640625
0 0.29921875 0.9140625 0.059375 0.06875
0 0.321875 0.8109375 0.0578125 0.0671875
0 0.33671875 0.875 0.0578125 0.0640625
0 0.36015625 0.76640625 0.0609375 0.065625
0 0.375 0.82890625 0.059375 0.06875
0 0.3921875 0.89375 0.0578125 0.0640625
0 0.39921875 0.72265625 0.0578125 0.0671875
0 0.4140625 0.7875 0.05625 0.0640625
0 0.42890625 0.8515625 0.0578125 0.0703125
0 0.45234375 0.74296875 0.05625 0.0640625
0 0.465625 0.80625 0.05625 0.06875
0 0.48359375 0.87109375 0.0578125 0.0640625
0 0.4890625 0.7015625 0.0578125 0.06875
0 0.50546875 0.76484375 0.05625 0.0671875
0 0.51953125 0.82734375 0.0609375 0.0640625
0 0.5265625 0.6546875 0.0609375 0.0640625
0 0.54296875 0.71953125 0.05625 0.0671875
0 0.55625 0.78359375 0.05625 0.0671875
0 0.57421875 0.846875 0.0578125 0.071875
0 0.5796875 0.67421875 0.0578125 0.0640625
0 0.5953125 0.740625 0.0578125 0.06875
0 0.6109375 0.80390625 0.0609375 0.06875
0 0.63359375 0.696875 0.0609375 0.0640625
0 0.64921875 0.759375 0.05625 0.0640625
0 0.6640625 0.82265625 0.05625 0.065625
0 0.6734375 0.653125 0.05625 0.0625
0 0.684375 0.7171875 0.0578125 0.065625
0 0.70078125 0.77890625 0.05625 0.0625
0 0.72421875 0.67578125 0.05625 0.065625
0 0.7375 0.7359375 0.0546875 0.0609375
0 0.75234375 0.79921875 0.0578125 0.0671875
0 0.7625 0.63515625 0.0578125 0.0703125
0 0.7765625 0.6953125 0.0546875 0.0640625
0 0.78984375 0.75546875 0.0578125 0.0703125
0 0.8140625 0.65390625 0.059375 0.0625
0 0.82421875 0.71328125 0.05625 0.065625
0 0.84140625 0.775 0.053125 0.0609375
0 0.865625 0.67109375 0.053125 0.0640625
0 0.8796875 0.73046875 0.053125 0.0625
0 0.9046875 0.63125 0.053125 0.065625
0 0.95859375 0.6515625 0.05625 0.059375
0 0.91796875 0.690625 0.0515625 0.0609375
0 0.93046875 0.753125 0.0578125 0.0640625
0 0.9765625 0.74140625 0.046875 0.0671875