0 0.890625 0.09765625 0.0703125 0.0734375
0 0.72578125 0.1078125 0.0703125 0.071875
0 0.55234375 0.11796875 0.08125 0.0765625
0 0.38515625 0.13203125 0.06875 0.071875
0 0.21171875 0.1421875 0.0671875 0.0703125
0 0.11015625 0.15859375 0.0640625 0.06875
0 0.01953125 0.1625 0.0390625 0.071875
0 0.8109375 0.16015625 0.0625 0.0640625
0 0.89765625 0.2078125 0.0609375 0.0671875
0 0.81796875 0.26875 0.0609375 0.065625
0 0.7296875 0.2203125 0.065625 0.0671875
0 0.6421875 0.1703125 0.065625 0.071875
0 0.5609375 0.234375 0.0625 0.06875
0 0.6484375 0.28359375 0.065625 0.06875
0 0.7359375 0.33203125 0.059375 0.0703125
0 0.90625 0.32421875 0.0625 0.0734375
0 0.825 0.38359375 0.06875 0.0703125
0 0.74609375 0.446875 0.0625 0.075
0 0.5703125 0.34765625 0.0609375 0.0765625
0 0.4828125 0.29765625 0.059375 0.0765625
0 0.46953125 0.17890625 0.065625 0.0703125
0 0.39140625 0.2453125 0.0578125 0.071875
0 0.30234375 0.19140625 0.0640625 0.078125
0 0.3109375 0.30703125 0.0671875 0.071875
0 0.3984375 0.3640625 0.0640625 0.0703125
0 0.48515625 0.4109375 0.0609375 0.0671875
0 0.5765625 0.4625 0.0671875 0.0671875
0 0.66484375 0.5125 0.05625 0.06875
0 0.75390625 0.56328125 0.0625 0.0671875
0 0.8359375 0.5 0.0625 0.0671875
0 0.9125 0.43671875 0.0625 0.071875
0 0.9265625 0.5640625 0.0640625 0.0765625
0 0.8390625 0.61328125 0.059375 0.0671875
0 0.934375 0.68359375 0.059375 0.0734375
0 0.8453125 0.73046875 0.0609375 0.0703125
0 0.76015625 0.6796875 0.0625 0.0765625
0 0.66640625 0.6265625 0.0578125 0.065625
0 0.57421875 0.57421875 0.0640625 0.0671875
0 0.48671875 0.5234375 0.0578125 0.071875
0 0.3984375 0.47421875 0.0640625 0.0765625
0 0.4046875 0.58515625 0.0578125 0.071875
0 0.3078125 0.425 0.0625 0.06875
0 0.30390625 0.53671875 0.0609375 0.0703125
0 0.3125 0.6484375 0.0640625 0.0734375
0 0.4078125 0.7015625 0.0671875 0.0671875
0 0.49140625 0.63125 0.0609375 0.0703125
0 0.58203125 0.68515625 0.0578125 0.065625
0 0.49609375 0.7484375 0.0609375 0.06875
0 0.42109375 0.81953125 0.0578125 0.071875
0 0.3234375 0.76484375 0.0625 0.071875
0 0.22109375 0.72578125 0.0609375 0.0765625
0 0.24296875 0.84140625 0.0625 0.078125
0 0.3359375 0.890625 0.0609375 0.0828125
0 0.6734375 0.74296875 0.0609375 0.0671875
0 0.59453125 0.803125 0.0578125 0.071875
0 0.515625 0.8765625 0.065625 0.0734375
0 0.6875 0.86328125 0.0609375 0.0703125
0 0.76640625 0.7953125 0.0640625 0.075
0 0.85 0.84609375 0.0703125 0.0765625
0 0.94296875 0.79765625 0.0671875 0.0703125
0 0.2203125 0.25859375 0.0640625 0.0671875
0 0.11484375 0.27421875 0.0640625 0.078125
0 0.0234375 0.2828125 0.046875 0.075
0 0.11328125 0.390625 0.0703125 0.078125
0 0.2109375 0.37734375 0.06875 0.075
0 0.20859375 0.49375 0.0703125 0.071875
0 0.21953125 0.6046875 0.065625 0.08125
0 0.65390625 0.3984375 0.065625 0.075