0 0.1829182640625 0.167506290625 0.1871199578125 0.16337448125 0.18450801562500002 0.1556881453125 0.1788470234375 0.1530511171875 0.172237821875 0.15339749062500002 0.16698570625 0.15856225625 0.1672923609375 0.1644136015625 0.173055571875 0.16900107656250002 0.1829182640625 0.167506290625
0 0.1424453140625 0.1539809453125 0.1488500765625 0.149733678125 0.1484412015625 0.1419318828125 0.14488105625 0.1372289484375 0.133865721875 0.1378062375 0.1307144515625 0.14090509843750001 0.1312255453125 0.150657340625 0.139191825 0.15512935781249998 0.1424453140625 0.1539809453125
0 0.1041296890625 0.0973148234375 0.1084336046875 0.09513345937499999 0.1079225125 0.0853812171875 0.0999562296875 0.0809091984375 0.0955500953125 0.0811401140625 0.090297978125 0.0863048796875 0.090706853125 0.094106671875 0.0964700640625 0.09869415000000001 0.1041296890625 0.0973148234375
0 0.1790339546875 0.09338925625 0.1832356484375 0.08925744218750001 0.1829289921875 0.0834061015625 0.1771657828125 0.0788186234375 0.1683535125 0.0792804546875 0.163101396875 0.084445221875 0.1634080515625 0.0902965625 0.1691712625 0.094884040625 0.1790339546875 0.09338925625
0 0.213102140625 0.111161871875 0.217406053125 0.10898050781249999 0.2192002453125 0.10106325625000001 0.21564010156250002 0.09636032343749999 0.20462476718749997 0.0969376125 0.20147349375 0.1000364734375 0.20188236874999999 0.10783826406250001 0.2098486484375 0.1123102828125 0.213102140625 0.111161871875
0 0.180976109375 0.1304477765625 0.185177803125 0.1263159625 0.184871146875 0.120464615625 0.1769048703125 0.1159926 0.1702956671875 0.11633897343749999 0.1650435515625 0.1215037359375 0.16535020625000002 0.12735508281250002 0.1711134171875 0.1319425609375 0.180976109375 0.1304477765625
0 0.21714514375 0.1461544859375 0.22144905625 0.143973121875 0.2209379625 0.13422087656249998 0.21748003749999997 0.131468390625 0.2064647015625 0.1320456796875 0.20341564843749999 0.1370949890625 0.20602759062499998 0.1447813265625 0.211688584375 0.1474183546875 0.21714514375 0.1461544859375
0 0.2536773046875 0.1266376671875 0.2577767828125 0.12055540625000001 0.255267059375 0.11481951718750001 0.251809134375 0.11206703437500001 0.2407938 0.1126443234375 0.2376425265625 0.1157431796875 0.23805140156250001 0.12354497499999999 0.243814615625 0.1281324515625 0.2536773046875 0.1266376671875
0 0.2497647609375 0.07305806718749999 0.24095249375 0.0735198984375 0.235802590625 0.0806351125 0.2383123140625 0.086370996875 0.2417702421875 0.08912348437499999 0.2538359984375 0.08751324218749999 0.2555279734375 0.0776455421875 0.2497647609375 0.07305806718749999
0 0.27998365000000003 0.1438391609375 0.284492003125 0.145558690625 0.28774549375 0.1444102796875 0.296251103125 0.13809710625 0.296046665625 0.13419620937500001 0.2901812328125 0.1276582828125 0.28136896718750004 0.12812011406249998 0.276219065625 0.13523532968750002 0.276423503125 0.1391362265625 0.27998365000000003 0.1438391609375
0 0.25341639531250004 0.163811640625 0.2577203078125 0.1616302765625 0.2595145 0.15371302656250002 0.2537512890625 0.14912555 0.2427359546875 0.14970283906249998 0.23958468125 0.1528016984375 0.23999355625000002 0.16060349375 0.2479598375 0.1650755109375 0.25341639531250004 0.163811640625
0 0.2212903625 0.18309754375 0.22538983906249999 0.177015284375 0.22518540156250003 0.17311438750000002 0.2194221921875 0.1685269109375 0.21060992343749999 0.16898874218749999 0.205460021875 0.1761039578125 0.2078675265625 0.1798893921875 0.2136307390625 0.18447687031249999 0.2212903625 0.18309754375
0 0.18486041875 0.2045648109375 0.18895989375 0.1984825484375 0.18875545625 0.1945816546875 0.18068695937499998 0.1881591859375 0.176280825 0.1883901015625 0.1689278609375 0.195620775 0.169234515625 0.20147211875 0.17499772656249998 0.2060595953125 0.18486041875 0.2045648109375
0 0.148691384375 0.1888581 0.1507922296875 0.1867921953125 0.15038335625000002 0.178990403125 0.14462014375 0.17440292500000001 0.13580787656249999 0.17486475625 0.13265660625 0.17796361562500002 0.1331677 0.1877158578125 0.1366256265625 0.1904683421875 0.148691384375 0.1888581
0 0.071686271875 0.1948495734375 0.0758879671875 0.19071776093749998 0.0754790921875 0.18291596875 0.06751281249999999 0.1784439484375 0.06310667812500001 0.17867486562499998 0.0578545609375 0.18383963125 0.0582634359375 0.19164142343749999 0.06402664531249999 0.19622889999999998 0.071686271875 0.1948495734375
0 0.077319028125 0.2180240359375 0.06714968125000001 0.2136674765625 0.059694496875 0.2189476984375 0.060103371875 0.2267494921875 0.06586658125 0.23133697031249997 0.0735262078125 0.22995764375 0.077727903125 0.22582582968749998 0.077319028125 0.2180240359375
0 0.110058371875 0.210440825 0.11436228749999999 0.2082594609375 0.11625869375 0.20229265624999998 0.110393265625 0.1957547328125 0.101580996875 0.196216565625 0.09632887968750001 0.201381328125 0.09663553593749999 0.20723267500000003 0.1046018125 0.21170469375 0.110058371875 0.210440825
0 0.148430471875 0.22603207812499998 0.154835234375 0.22178480625 0.154324140625 0.212032565625 0.1508662140625 0.2092800796875 0.1376478125 0.2099728265625 0.1344965421875 0.2130716875 0.1350076359375 0.2228239265625 0.1407708484375 0.22741140468749999 0.148430471875 0.22603207812499998
0 0.110217065625 0.1713163984375 0.1144187578125 0.167184590625 0.11180682187499999 0.159498253125 0.10834889218749999 0.1567457671875 0.0973335578125 0.15732305625 0.09418228749999999 0.160421915625 0.0945911625 0.1682237109375 0.100354371875 0.1728111859375 0.110217065625 0.1713163984375
0 0.22102945312500002 0.2202715203125 0.2274342125 0.21602424999999997 0.22712755625 0.210172903125 0.221364346875 0.20558542812499997 0.21255207812500002 0.206047259375 0.20940080625 0.20914612031250002 0.20980968125000002 0.2169479125 0.21557289375000002 0.22153538906249998 0.22102945312500002 0.2202715203125
0 0.1426040078125 0.1148565234375 0.14680570312500002 0.1107247109375 0.14649904687499998 0.1048733640625 0.14073583437499998 0.1002858890625 0.1319235671875 0.10074772031250001 0.1266714484375 0.105912484375 0.12697810468749998 0.11176383125 0.13274131718749999 0.1163513078125 0.1426040078125 0.1148565234375
0 0.1082749109375 0.134257884375 0.110375759375 0.13219197656249998 0.10986466718750001 0.12243973281250001 0.1042036703125 0.119802709375 0.09759446875 0.1201490828125 0.09234235156250001 0.12531384375000001 0.09264900781249999 0.131165190625 0.09841221875 0.13575266875 0.1082749109375 0.134257884375
0 0.0718449640625 0.155725146875 0.0760466609375 0.15159333749999998 0.0757400046875 0.1457419921875 0.0699767921875 0.14115451406249999 0.058961459375000004 0.141731803125 0.0558101875 0.1448306640625 0.05621906250000001 0.152632459375 0.061982271874999995 0.15721993125 0.0718449640625 0.155725146875
0 0.06769974375 0.11878208906250001 0.0719014390625 0.1146502765625 0.069289496875 0.10696394218750001 0.0658315703125 0.10421145624999999 0.05701930468750001 0.1046732875 0.051767184375 0.10983804999999999 0.052073840625 0.11568939687499999 0.057837053125 0.1202768734375 0.06769974375 0.11878208906250001
0 0.2900050328125 0.1032199515625 0.29210588125000003 0.10115404531250001 0.29169700625 0.09335225312499999 0.288239078125 0.0905997671875 0.2772237453125 0.09117705625 0.2740724734375 0.0942759171875 0.2743791296875 0.10012725781250001 0.2779392765625 0.10483019375 0.2900050328125 0.1032199515625
0 0.32433413125 0.0838185921875 0.328433609375 0.0777363328125 0.3259238859375 0.07200044375 0.32246595624999996 0.06924795781250001 0.3136536921875 0.0697097890625 0.308503790625 0.0768250046875 0.3110135125 0.0825608890625 0.3144714421875 0.0853133765625 0.32433413125 0.0838185921875
0 0.3606053828125 0.10147575 0.3648070796875 0.0973439375 0.3645004234375 0.09149259374999999 0.358737209375 0.086905115625 0.3521280109375 0.08725148906249999 0.346875890625 0.09241625625 0.347182546875 0.0982676 0.3529457609375 0.1028550765625 0.3606053828125 0.10147575
0 0.3262762859375 0.120877109375 0.328377134375 0.118811203125 0.327968259375 0.11100940781249999 0.3200019796875 0.1065373921875 0.31559584687500003 0.10676830781249999 0.31034372499999996 0.11193307187499998 0.3107526 0.11973486562499999 0.3142105296875 0.12248735156249999 0.3262762859375 0.120877109375
0 0.3647506046875 0.1384188109375 0.366851453125 0.1363529046875 0.366340359375 0.1266006609375 0.36288243124999997 0.123848175 0.354070165625 0.12431000625 0.35091889374999996 0.127408865625 0.3514299875 0.13716110937499998 0.354887915625 0.1399135953125 0.3647506046875 0.1384188109375
0 0.3282184390625 0.1579356265625 0.3324201375 0.1538038171875 0.33211348125 0.1479524703125 0.326350265625 0.1433649921875 0.3197410671875 0.143711365625 0.3144889484375 0.1488761328125 0.314795603125 0.1547274796875 0.32276188437500003 0.15919949375 0.3282184390625 0.1579356265625
0 0.29178849375000004 0.17940289375000001 0.2960924078125 0.177221528125 0.295581315625 0.1674692875 0.2921233875 0.1647168015625 0.2811080546875 0.1652940921875 0.2780590015625 0.1703433984375 0.2806709421875 0.1780297328125 0.284128871875 0.1807822203125 0.29178849375000004 0.17940289375000001
0 0.2464440640625 0.19938154218749998 0.252105059375 0.2020185703125 0.2575616140625 0.20075470156250003 0.26081510625000004 0.199606290625 0.263864159375 0.19455698125 0.2613544359375 0.1888210984375 0.2578965078125 0.1860686109375 0.2468811765625 0.1866459 0.243832121875 0.191695209375 0.2464440640625 0.19938154218749998
0 0.077671428125 0.2669007015625 0.081873125 0.2627688921875 0.0816686875 0.25886799374999997 0.078108540625 0.254165059375 0.071397121875 0.25256098437499996 0.0639419359375 0.2578412078125 0.0643508109375 0.26564299999999996 0.0678087359375 0.2683954875 0.077671428125 0.2669007015625
0 0.1157933484375 0.23556573749999998 0.11233542031249999 0.23281325000000003 0.1035231515625 0.23327508125000002 0.098271034375 0.23843984843750002 0.102035615625 0.24704367968750002 0.11410137499999999 0.24543343750000002 0.1162022234375 0.24336753125000002 0.1157933484375 0.23556573749999998
0 0.0812033375 0.29214107500000003 0.06903535937500001 0.2918008671875 0.0638854625 0.298916078125 0.0663951828125 0.3046519671875 0.07205617656249999 0.3072889953125 0.0797158015625 0.30590966875 0.0839174984375 0.30177785625000003 0.0812033375 0.29214107500000003
0 0.11604352968750001 0.2824919546875 0.118144378125 0.280426046875 0.117735503125 0.2726242546875 0.11197228906250001 0.26803677812500004 0.10536308750000001 0.268383153125 0.1001109703125 0.2735479171875 0.1004176265625 0.2793992609375 0.10618083593750001 0.2839867390625 0.11604352968750001 0.2824919546875
0 0.15301280625 0.25023949375 0.1440983203125 0.2487508765625 0.136643134375 0.2540311 0.13694979062499998 0.259882446875 0.142713003125 0.2644699203125 0.15257569375 0.26297513437500003 0.1566751703125 0.256892878125 0.15301280625 0.25023949375
0 0.1868025734375 0.24162332968750003 0.19100426718750002 0.237491515625 0.19069761093749998 0.2316401703125 0.1849344 0.22705269375 0.17612213125 0.227514525 0.1709722328125 0.2346297390625 0.1734819515625 0.240365628125 0.17693988125 0.2431181140625 0.1868025734375 0.24162332968750003
0 0.36659054062499996 0.173526878125 0.3707922375 0.16939506875000002 0.37048558125 0.163543721875 0.3647223671875 0.15895624531250002 0.35801095156249996 0.15735216875 0.3527588296875 0.1625169359375 0.35326992343749997 0.17226917656250001 0.3567278515625 0.1750216640625 0.36659054062499996 0.173526878125
0 0.3201956875 0.19453848125 0.3247040390625 0.1962580140625 0.33016059375 0.19499414531249998 0.3344645109375 0.19281278125 0.3362587015625 0.18489553125 0.3281902015625 0.17847306406250002 0.3237840703125 0.17870397968750001 0.3184297328125 0.181918296875 0.3166355390625 0.1898355453125 0.3201956875 0.19453848125
0 0.2980345625 0.214280046875 0.30013541093749996 0.212214140625 0.2997265375 0.20441235 0.2962686078125 0.20165986249999998 0.2852532765625 0.20223715156250002 0.282204221875 0.2072864578125 0.282510878125 0.21313780468750002 0.2859688078125 0.2158902890625 0.2980345625 0.214280046875
0 0.36643184687499997 0.212651303125 0.3696853375 0.2115028921875 0.374835240625 0.20438767656249998 0.3688675890625 0.19589930625000002 0.3600553234375 0.1963611375 0.354803203125 0.20152590468749998 0.355212078125 0.2093276953125 0.363178359375 0.2137997140625 0.36643184687499997 0.212651303125
0 0.25940155 0.2358627734375 0.263603246875 0.23173095937500002 0.263296590625 0.2258796125 0.2553303125 0.221407596875 0.2466202640625 0.2238198734375 0.243571209375 0.22886918281250002 0.2460809328125 0.2346050703125 0.2495388609375 0.2373575578125 0.25940155 0.2358627734375
0 0.3343058171875 0.23193720624999997 0.3385075125 0.22780539375000003 0.3380986375 0.2200035984375 0.3324376421875 0.21736657343750002 0.3236253765625 0.2178284046875 0.32047410468750004 0.2209272609375 0.3209851984375 0.2306795046875 0.32664619375 0.23331653281250003 0.3343058171875 0.23193720624999997
0 0.2289674921875 0.245280975 0.221001215625 0.24080895781249997 0.21659508125000002 0.24103987343750002 0.2113429609375 0.2462046375 0.2117518359375 0.25400643125 0.220768540625 0.25744549375000003 0.22937636718749999 0.25308276875 0.2289674921875 0.245280975
0 0.295672803125 0.253519928125 0.29997671718749996 0.25133856718750003 0.301873128125 0.24537176249999998 0.296007696875 0.23883383593750002 0.28719543125 0.2392956671875 0.28404415781250003 0.242394528125 0.2845552515625 0.252146771875 0.2880131796875 0.2548992546875 0.295672803125 0.253519928125
0 0.3726779171875 0.24752845781250002 0.374778765625 0.245462553125 0.37436989062500003 0.23766075781249998 0.3709119625 0.2349082703125 0.364200546875 0.2333041984375 0.3567453578125 0.2385844203125 0.3570520140625 0.24443576562499997 0.36061216093750004 0.249138696875 0.3726779171875 0.24752845781250002
0 0.406746103125 0.265301071875 0.413048646875 0.25910335624999997 0.41284420937500005 0.2552024578125 0.40697877812499994 0.24866453125 0.3981665125 0.24912636250000003 0.3930166109375 0.256241578125 0.3932210484375 0.2601424765625 0.39678119375 0.2648454078125 0.406746103125 0.265301071875
0 0.3366850828125 0.2562600796875 0.3277705984375 0.2547714625 0.3203154109375 0.2600516859375 0.3206220671875 0.2659030328125 0.32638528125 0.2704905078125 0.3362479703125 0.268995721875 0.34034744843750003 0.2629134640625 0.3366850828125 0.2562600796875
0 0.26354677187500003 0.2728058296875 0.2656476203125 0.2707399234375 0.2651365265625 0.260987684375 0.26167859843749997 0.2582351984375 0.252866334375 0.2586970296875 0.24771643124999998 0.26581224375 0.2502261546875 0.271548128125 0.2536840828125 0.27430061562499997 0.26354677187500003 0.2728058296875
0 0.1909477921875 0.2785663890625 0.1950472703125 0.2724841296875 0.192537546875 0.266748240625 0.1890796203125 0.2639957546875 0.1780642859375 0.26457304375 0.17501523125000001 0.2696223515625 0.1753218875 0.2754736953125 0.18108510312499998 0.280061171875 0.1909477921875 0.2785663890625
0 0.1545178484375 0.3000336546875 0.15661869374999998 0.29796774843749996 0.1561076015625 0.2882155078125 0.15264967499999998 0.28546302031250004 0.141634340625 0.2860403109375 0.1384830703125 0.2891391703125 0.1388919453125 0.2969409625 0.1446551578125 0.30152843906250004 0.1545178484375 0.3000336546875
0 0.2271168265625 0.2942730984375 0.23131852187500002 0.29014128437500003 0.231114084375 0.286240390625 0.22755393906250002 0.2815374546875 0.218639453125 0.2800488375 0.213387334375 0.2852136046875 0.21379620937500002 0.293015396875 0.21725413593749998 0.2957678828125 0.2271168265625 0.2942730984375
0 0.29761495781249997 0.290578446875 0.3040197203125 0.286331175 0.303713065625 0.280479834375 0.2979498515625 0.27589235625 0.2891375859375 0.2763541875 0.2859863125 0.279453046875 0.28639518750000004 0.2872548375 0.2921584015625 0.29184231562499996 0.29761495781249997 0.290578446875
0 0.374620071875 0.28458697499999996 0.37882176875 0.2804551609375 0.37851511250000003 0.2746038171875 0.3727518984375 0.27001634218750004 0.3639396328125 0.2704781734375 0.35878973125 0.2775933875 0.361299453125 0.283329271875 0.36475738281250003 0.286081759375 0.374620071875 0.28458697499999996
0 0.11798568437500001 0.319550471875 0.1220851578125 0.3134682125 0.11957543906250001 0.3077323265625 0.1161175109375 0.3049798390625 0.1073052421875 0.30544167031249997 0.10415397343749999 0.30854053124999997 0.10466506718749999 0.3182927703125 0.108122990625 0.32104525625 0.11798568437500001 0.319550471875
0 0.1944797015625 0.303806759375 0.191021775 0.301054271875 0.18000644062499999 0.3016315625 0.1747543234375 0.306796325 0.180721971875 0.3152847 0.192787728125 0.31367445781250003 0.1948885765625 0.3116085515625 0.1944797015625 0.303806759375
0 0.26769199375 0.3097488921875 0.2697928421875 0.3076829859375 0.2693839671875 0.29988119375 0.2659260390625 0.29712870625 0.2549107078125 0.29770599531249997 0.251759434375 0.30080485625 0.252168309375 0.30860664843749996 0.2556262375 0.311359134375 0.26769199375 0.3097488921875
0 0.34039319218749997 0.30593878281250003 0.342494040625 0.3038728765625 0.342085165625 0.2960710859375 0.3363219515625 0.2914836078125 0.32971275312500004 0.29182998125 0.324358415625 0.2950443 0.3248695078125 0.3047965390625 0.3283274359375 0.30754902500000003 0.34039319218749997 0.30593878281250003
0 0.4145819265625 0.28836007812500003 0.41112399843749997 0.28560759375 0.40021088593750004 0.28813533125 0.3996715546875 0.298920525 0.40312948281249994 0.3016730109375 0.41299217187500004 0.30017822656250004 0.41709165 0.2940959640625 0.4145819265625 0.28836007812500003
0 0.0837588046875 0.3409022828125 0.0878582796875 0.3348200203125 0.085348559375 0.32908413125 0.0773822796875 0.32461211562500003 0.0708752953125 0.326908934375 0.0677240265625 0.33000779375 0.0682351203125 0.3397600390625 0.07169304531250001 0.34251252499999996 0.0837588046875 0.3409022828125
0 0.156357784375 0.335141725 0.160559478125 0.3310099125 0.1602528234375 0.325158565625 0.1544896109375 0.3205710921875 0.14567734375000002 0.3210329234375 0.14042522500000001 0.3261976859375 0.14073188125 0.3320490328125 0.14649509375 0.336636509375 0.156357784375 0.335141725
0 0.2328518015625 0.319398009375 0.22939387500000002 0.3166455265625 0.22058160781249997 0.3171073578125 0.2153294890625 0.32227211875 0.21804364999999998 0.33190890624999997 0.2312620484375 0.331216159375 0.235361525 0.325133896875 0.2328518015625 0.319398009375
0 0.3038610265625 0.3254556015625 0.30796050468749997 0.319373340625 0.30545078281250004 0.3136374546875 0.2997897875 0.31100042499999997 0.2931805890625 0.3113467984375 0.2879284671875 0.3165115625 0.2882351234375 0.322362909375 0.29399833750000004 0.3269503859375 0.3038610265625 0.3254556015625
0 0.3721560921875 0.3218764078125 0.3807639234375 0.3175136796875 0.3804572671875 0.311662334375 0.3768971203125 0.3069594015625 0.3701857 0.30535532656250003 0.3658817875 0.307536690625 0.3607318859375 0.314651903125 0.36659731875 0.32118982812499997 0.3721560921875 0.3218764078125
0 0.41283347968750006 0.3393026515625 0.417035175 0.3351708390625 0.41882936718749997 0.3272535859375 0.41306615312500006 0.3226661125 0.406456953125 0.3230124859375 0.401204834375 0.32817724843749996 0.401613709375 0.33597904375 0.4073769203125 0.3405665171875 0.41283347968750006 0.3393026515625
0 0.342335346875 0.342997303125 0.3444361953125 0.34093139687499996 0.3439251015625 0.3311791515625 0.3404671734375 0.32842666875000004 0.3316549078125 0.32888850000000003 0.3285036359375 0.33198735625000003 0.3290147296875 0.3417396015625 0.3324726578125 0.344492084375 0.342335346875 0.342997303125
0 0.2700712609375 0.33407176562499996 0.2568528625 0.3347645125 0.2537015890625 0.3378633734375 0.2540082453125 0.3437147171875 0.2575683921875 0.34841764999999997 0.2696341484375 0.3468074109375 0.27173499687499997 0.34474150468750003 0.2700712609375 0.33407176562499996
0 0.19516699375 0.33799733125000003 0.1862525109375 0.3365087171875 0.178797321875 0.3417889390625 0.179206196875 0.349590734375 0.1826641265625 0.35234321562500004 0.1947298828125 0.3507329765625 0.1988293609375 0.344650715625 0.19516699375 0.33799733125000003
0 0.123822875 0.3466258328125 0.1203649515625 0.34387334687500004 0.10934961562500001 0.3444506359375 0.10419971718750001 0.35156584999999996 0.11237043124999999 0.359938765625 0.11782699062499999 0.35867489531249996 0.12423175 0.354427628125 0.123822875 0.3466258328125
0 0.08603585312499999 0.3632747078125 0.0749182984375 0.3619015484375 0.067463115625 0.367181771875 0.0678719890625 0.3749835625 0.0736352 0.379571040625 0.085700959375 0.3779607984375 0.0876995890625 0.3739444421875 0.08603585312499999 0.3632747078125
0 0.162194978125 0.362217084375 0.1587370515625 0.3594645984375 0.1477217171875 0.3600418875 0.1446726625 0.3650911953125 0.1472846046875 0.3727775296875 0.16050300312500002 0.3720847828125 0.16260385156249998 0.3700188765625 0.162194978125 0.362217084375
0 0.23479395625000002 0.356456528125 0.229132965625 0.3538195 0.22042291406249997 0.35623177968749997 0.2175783 0.3651819859375 0.2233415125 0.369769459375 0.23320420312499998 0.36827467343750003 0.23730367968750002 0.3621924171875 0.23479395625000002 0.356456528125
0 0.3096982234375 0.3525309625 0.3039350078125 0.347943484375 0.2930218953125 0.3504712234375 0.290177278125 0.359421428125 0.2959404921875 0.3640089015625 0.30580318125 0.36251411718750004 0.310004878125 0.3583823078125 0.3096982234375 0.3525309625
0 0.3763013140625 0.3588194671875 0.3806052296875 0.35663810625000003 0.38250164062500003 0.3506713015625 0.37663620625 0.344133375 0.3678239421875 0.34459520625 0.362571821875 0.3497599734375 0.3628784765625 0.3556113203125 0.3686416921875 0.36019879375 0.3763013140625 0.3588194671875
0 0.41500830781250003 0.35972462968749996 0.4083991078125 0.360071003125 0.4031469890625 0.3652357671875 0.4035558640625 0.373037559375 0.4070137921875 0.375790046875 0.4190795484375 0.374179803125 0.420771521875 0.3643121046875 0.41500830781250003 0.35972462968749996
0 0.342074434375 0.3801712765625 0.3463783484375 0.3779899109375 0.3480703234375 0.3681222140625 0.3401040421875 0.3636501953125 0.33139399531249997 0.366062475 0.32844716093750004 0.3730622328125 0.330854665625 0.37684766718749996 0.3366178796875 0.3814351453125 0.342074434375 0.3801712765625
0 0.27316605781250003 0.3720477796875 0.26519977968749997 0.3675757609375 0.2586927984375 0.3698725828125 0.255541525 0.3729714421875 0.25835790468750003 0.38455867499999996 0.271576303125 0.383865928125 0.2736771515625 0.3818000203125 0.27316605781250003 0.3720477796875
0 0.1983640109375 0.37792379375 0.188296884375 0.37551768124999996 0.18294254375000002 0.3787319984375 0.1812505703125 0.38859969843750003 0.1870137859375 0.393187175 0.194673409375 0.3918078484375 0.198977321875 0.389626484375 0.1983640109375 0.37792379375
0 0.12197221250000001 0.39561795625 0.1261739046875 0.39148614375 0.1258672484375 0.3856348015625 0.1201040390625 0.3810473234375 0.1112917703125 0.3815091546875 0.10814050156249999 0.384608015625 0.10865159531249999 0.39436025468749997 0.1143125859375 0.3969972828125 0.12197221250000001 0.39561795625
0 0.16423935 0.40122605 0.1584761390625 0.396638575 0.15186693906249998 0.3969849484375 0.1466148171875 0.4021497125 0.14932897812499998 0.411786496875 0.1625473765625 0.41109375000000004 0.164648225 0.40902784375 0.16423935 0.40122605
0 0.085440046875 0.415134775 0.08964174375 0.4110029625 0.08923286875 0.40320117031249997 0.08577494062499999 0.40044868281249996 0.07475960468750001 0.40102597187500005 0.0716083359375 0.40412483281249995 0.072017209375 0.411926625 0.077780421875 0.4165141015625 0.085440046875 0.415134775
0 0.23327818437499998 0.3907625609375 0.2244659171875 0.3912243921875 0.2192137984375 0.3963891578125 0.21941823437500002 0.40029005156249997 0.22528366718749998 0.40682797812500004 0.23294329062500002 0.40544865156250004 0.23914361562500003 0.3973004828125 0.23327818437499998 0.3907625609375
0 0.3078475546875 0.4015230859375 0.3120492515625 0.39739127343749997 0.311640378125 0.38958948125 0.3081824484375 0.38683699374999997 0.2971671171875 0.3874142828125 0.29401584375 0.39051314375 0.29442471875 0.3983149359375 0.3001879328125 0.4029024109375 0.3078475546875 0.4015230859375
0 0.38078142812500004 0.38107643750000003 0.369766096875 0.3816537265625 0.366614825 0.3847525859375 0.3670236984375 0.39255437656250003 0.37048162812499996 0.39530686406250004 0.382547384375 0.393696621875 0.38654464375 0.385663915625 0.38078142812500004 0.38107643750000003
0 0.12655454531250002 0.419825371875 0.1154369921875 0.4184522125 0.11008265625 0.4216665296875 0.10818624531250001 0.427633334375 0.1140516734375 0.43417126093749997 0.126117434375 0.43256101718749995 0.1303191265625 0.42842920468749995 0.12655454531250002 0.419825371875
0 0.0896874875 0.45402828125 0.09178833593749999 0.451962375 0.0912772421875 0.44221013437499995 0.0878193125 0.4394576484375 0.0746009140625 0.440150396875 0.07144964375 0.44324925468750004 0.07196073593749999 0.4530014953125 0.0754186640625 0.4557539828125 0.0896874875 0.45402828125
0 0.16008340000000001 0.4483831828125 0.16648816093750002 0.444135915625 0.16607928593750002 0.43633412031249996 0.15590994062500002 0.4319775609375 0.148454753125 0.43725778281250005 0.1465583453125 0.44322458593749997 0.1501184890625 0.44792751875 0.1546268421875 0.4496470515625 0.16008340000000001 0.4483831828125
0 0.18654843593749998 0.426460253125 0.1910567890625 0.42817978749999996 0.19871640937499999 0.42680046093749996 0.20291810781250003 0.42266864687499994 0.2025092328125 0.41486685312500005 0.1967460203125 0.410279378125 0.1923398875 0.41051029375 0.188035971875 0.41269165937499996 0.18288606875 0.419806871875 0.18654843593749998 0.426460253125
0 0.23498766249999997 0.444457615625 0.23929157812500002 0.4422762546875 0.2410857703125 0.434359003125 0.23532255625 0.42977152500000004 0.2243072234375 0.43034881406250003 0.22125817187500002 0.43539812343750006 0.2215648265625 0.44124946875 0.22953110781250002 0.44572148437500003 0.23498766249999997 0.444457615625
0 0.2736206765625 0.4228748953125 0.27572152499999997 0.42080898749999995 0.27521043125 0.41105674375 0.271752503125 0.4083042625 0.2629402390625 0.40876609375 0.2576881171875 0.4139308546875 0.2579947734375 0.4197822015625 0.2637579875 0.42436967968749995 0.2736206765625 0.4228748953125
0 0.297621734375 0.4382413984375 0.30213008750000003 0.439960928125 0.30758664375 0.4386970625 0.3118905578125 0.4365156984375 0.31358253125 0.4266479953125 0.3078193171875 0.4220605234375 0.3012101203125 0.422406896875 0.2958557796875 0.42562121093750005 0.2940615875 0.43353846249999994 0.297621734375 0.4382413984375
0 0.350114696875 0.40713117812500005 0.3443514828125 0.402543703125 0.3355392171875 0.403005534375 0.330491534375 0.41207119687500005 0.3363569671875 0.418609121875 0.341915740625 0.419295703125 0.348422721875 0.4169988796875 0.350114696875 0.40713117812500005
0 0.38238869062499997 0.4328210484375 0.38659038749999997 0.428689234375 0.38628373125 0.42283788749999995 0.380520515625 0.4182504140625 0.3717082515625 0.4187122453125 0.3664561296875 0.42387700781250004 0.3667627859375 0.4297283546875 0.3725260015625 0.43431583281249997 0.38238869062499997 0.4328210484375
0 0.4189208546875 0.413304228125 0.4232247703125 0.4111228640625 0.42261145781250004 0.3994201765625 0.4169504625 0.396783146875 0.41034126249999997 0.3971295203125 0.40508914375 0.4022942875 0.40549801875 0.41009607812500004 0.41346429687499997 0.41456809687499996 0.4189208546875 0.413304228125
0 0.6124247656249999 0.058941375 0.60666155 0.054353898437500006 0.5957484375 0.056881635937499994 0.5951068875 0.0657163796875 0.600870103125 0.07030385781250001 0.6085297234375 0.06892453125 0.6127314203124999 0.0647927171875 0.6124247656249999 0.058941375
0 0.6850237453125 0.05318081718749999 0.67926053125 0.0485933421875 0.6683474171875 0.0511210796875 0.6678080859375 0.061906271874999995 0.671266015625 0.064658759375 0.6811287046875 0.06316397343749999 0.6853304015624999 0.0590321640625 0.6850237453125 0.05318081718749999
0 0.7517290546875001 0.061419773437500005 0.7560329703125 0.059238407812500005 0.7577249421875 0.049370709375 0.7497586625 0.044898690625 0.745352528125 0.045129606249999996 0.7401004109375 0.050294371875 0.7405092859375 0.0580961640625 0.7462724953125 0.0626836421875 0.7517290546875001 0.061419773437500005
0 0.828223075 0.045676059375 0.8180537265625001 0.041319498437500005 0.81059854375 0.046599721875 0.8110074171875 0.054401512500000006 0.8189736953125 0.0588735328125 0.824430253125 0.057609664062499996 0.8286319499999999 0.05347785000000001 0.828223075 0.045676059375
0 0.8948261671875001 0.051964564062499996 0.9012309296875 0.047717296874999995 0.9008220546875 0.0399155015625 0.8950588421875001 0.035328025 0.8906527078125 0.035558940625 0.8831975218749999 0.0408391640625 0.8836063968750001 0.048640959375 0.8893696078125 0.053228434375 0.8948261671875001 0.051964564062499996
0 0.57579038125 0.07650774375 0.5656210359375 0.0721511828125 0.5602666968750001 0.0753655 0.5584725046875 0.08328275 0.5643379375 0.08982067656250001 0.571997559375 0.08844135 0.576301475 0.0862599859375 0.57579038125 0.07650774375
0 0.6446987578125001 0.084631240625 0.6489004546875 0.0804994265625 0.650796865625 0.074532628125 0.642728365625 0.068110159375 0.638322234375 0.068341075 0.633070115625 0.073505840625 0.6334789890625 0.0813076328125 0.639242203125 0.085895109375 0.6446987578125001 0.084631240625
0 0.7151968906249999 0.080936590625 0.721601653125 0.07668931875 0.7234980640625001 0.07072251874999999 0.7199379171875 0.066019584375 0.71102343125 0.0645309671875 0.7037726828124999 0.0737120875 0.7074350484374999 0.08036546875 0.7119433984375 0.08208500156250001 0.7151968906249999 0.080936590625
0 0.7901011546875 0.077011025 0.7943028515624999 0.07287921093750001 0.7938939781250001 0.06507741875 0.7881307625 0.0604899421875 0.7837246296875 0.060720857812499994 0.7783702921875 0.063935175 0.7766783187499999 0.0738028734375 0.78244153125 0.0783903515625 0.7901011546875 0.077011025
0 0.8586288953125001 0.0567952921875 0.85201969375 0.057141665625000004 0.8468697953125 0.06425688125 0.8493795171875 0.0699927640625 0.85283744375 0.0727452515625 0.8627001359375001 0.0712504671875 0.8642898906250001 0.059432320312499995 0.8586288953125001 0.0567952921875
0 0.9011744546875 0.0887921671875 0.9032753031249999 0.0867262609375 0.902764209375 0.07697402187499999 0.89930628125 0.074221534375 0.8904940140625 0.074683365625 0.8853441140625 0.081798578125 0.887853834375 0.08753446718749999 0.8913117625 0.0902869515625 0.9011744546875 0.0887921671875
0 0.8267073015624999 0.079982090625 0.81999588125 0.07837801562499999 0.8125406984374999 0.083658240625 0.812847353125 0.08950958437499999 0.8186105640625 0.0940970609375 0.8262701890624999 0.092717734375 0.8302674484375 0.08468502343749999 0.8267073015624999 0.079982090625
0 0.7572595953125 0.0826437890625 0.74509161875 0.0823035828125 0.7399417171875 0.08941879375 0.742349221875 0.093204234375 0.74811243125 0.0977917109375 0.7557720578125 0.09641238437500001 0.7599737531249999 0.092280571875 0.7572595953125 0.0826437890625
0 0.683173078125 0.102172940625 0.68727255625 0.09609068125 0.68706811875 0.0921897828125 0.681304903125 0.0876023078125 0.67469570625 0.08794868125000001 0.6694435859375 0.0931134453125 0.669750240625 0.0989647921875 0.67551345625 0.10355226718749999 0.683173078125 0.102172940625
0 0.6142647015625 0.09404944531250001 0.6085014859375 0.0894619671875 0.599791440625 0.091874246875 0.5969468234375 0.1008244515625 0.6027100390625 0.105411928125 0.6125727265625 0.10391714375000001 0.6146735750000001 0.1018512375 0.6142647015625 0.09404944531250001
0 0.57614278125 0.1253844109375 0.5782436296875 0.12331850312499999 0.5777325359375001 0.1135662609375 0.5742746078125001 0.110813778125 0.5654623437499999 0.111275609375 0.560312440625 0.11839082187500001 0.5627199453125 0.12217625937500001 0.5684831578125 0.1267637375 0.57614278125 0.1253844109375
0 0.6466409125 0.12168976093749999 0.6509448265625 0.11950839531249999 0.6527390203125 0.11159114218749999 0.6469758062500001 0.10700366875 0.638163540625 0.10746549999999999 0.6350122687499999 0.11056435625000001 0.63542114375 0.11836615156250001 0.643387421875 0.12283817187499999 0.6466409125 0.12168976093749999
0 0.7231349328125 0.10594604375000001 0.715168653125 0.1014740265625 0.7086616734375 0.10377085 0.70581705625 0.112721053125 0.7115802703125 0.11730852812499999 0.721442959375 0.1158137453125 0.7235438078125 0.1137478390625 0.7231349328125 0.10594604375000001
0 0.7941441578124999 0.1120036359375 0.79624500625 0.1099377296875 0.7957339140624999 0.100185490625 0.7900729171875 0.0975484609375 0.7834637171875001 0.09789483437499999 0.7782115984375 0.10305959843750001 0.7786204734375 0.11086139218749999 0.7842814671875 0.11349842031249999 0.7941441578124999 0.1120036359375
0 0.8684351124999999 0.09637538125 0.8583679828124999 0.09396926718750001 0.8509127984375 0.0992494890625 0.8513216734375 0.107051284375 0.857084884375 0.1116387625 0.8647445093749999 0.11025943593750001 0.8689462062500001 0.106127621875 0.8684351124999999 0.09637538125
0 0.9047063640624999 0.1140325359375 0.8945370171875 0.10967597968750001 0.8870818312500001 0.1149561984375 0.88749070625 0.12275799375 0.8932539171875 0.12734546875 0.9009135421875 0.1259661453125 0.9051152390625001 0.12183433125000001 0.9047063640624999 0.1140325359375
0 0.8319029468749999 0.115892196875 0.8175319046875 0.1156674515625 0.8144828515625001 0.12071675781249999 0.8170947921874999 0.12840309375 0.8205527187499999 0.13115557656250001 0.8304154125000001 0.12966079531250002 0.8346171078125 0.12552898125 0.8319029468749999 0.115892196875
0 0.7592017484375 0.11970230468750001 0.7470337734375 0.1193621015625 0.7439847203125 0.1244114078125 0.7442913765625 0.130262753125 0.7500545859375001 0.134850228125 0.7599172796875 0.13335544531250001 0.7620181265625 0.131289540625 0.7592017484375 0.11970230468750001
0 0.68721608125 0.1371655546875 0.6893169296874999 0.1350996484375 0.6888058359375 0.12534740312499998 0.6853479078125 0.12259492031250001 0.6765356421875001 0.1230567515625 0.6712835218750001 0.128221515625 0.6715901765625001 0.13407286093749998 0.6773533921875 0.1386603359375 0.68721608125 0.1371655546875
0 0.6126467078125 0.1264050296875 0.6060375109375 0.126751403125 0.6006831703125 0.1299657171875 0.598786759375 0.135932521875 0.6046521921875 0.14247044375 0.6167179484374999 0.1408602046875 0.6185121421875001 0.1329429515625 0.6126467078125 0.1264050296875
0 0.579674690625 0.15062477968750002 0.5695053453125001 0.1462682171875 0.56415100625 0.1494825359375 0.5623568140625 0.15739978906250002 0.57052753125 0.16577270156249999 0.5759840875 0.164508834375 0.580185784375 0.1603770203125 0.579674690625 0.15062477968750002
0 0.6523758890625 0.146814671875 0.64220654375 0.142458109375 0.6368522046875 0.145672428125 0.6350580124999999 0.15358968125 0.6409234453125 0.16012760312500002 0.6485830671875 0.158748275 0.6527847640625 0.154616465625 0.6523758890625 0.146814671875
0 0.7233851140625001 0.1528722609375 0.7254859625 0.1508063578125 0.7249748687500001 0.14105411406249999 0.721516940625 0.138301628125 0.7127046765625 0.138763459375 0.7074525546875 0.143928225 0.7100644968750001 0.1516145625 0.7135224250000001 0.1543670453125 0.7233851140625001 0.1528722609375
0 0.7977782875 0.1391944546875 0.78981200625 0.134722434375 0.7802559718750001 0.142068565625 0.780562628125 0.1479199125 0.786325840625 0.15250738749999998 0.7939854640624999 0.151128059375 0.7982893796874999 0.1489466953125 0.7977782875 0.1391944546875
0 0.8665844453125 0.1453675015625 0.8707861421875001 0.1412356921875 0.8703772671875001 0.1334338984375 0.8624109859375 0.12896187812499998 0.8537009390625 0.1313741578125 0.8507541046875 0.138373915625 0.853263828125 0.144109803125 0.856721753125 0.1468622859375 0.8665844453125 0.1453675015625
0 0.9028556968749999 0.1630246609375 0.90705739375 0.158892846875 0.90664851875 0.15109105625000002 0.903190590625 0.1483385703125 0.89217525625 0.14891585937500001 0.8890239859375001 0.15201471875 0.8894328609375 0.159816509375 0.8951960718749999 0.16440398750000002 0.9028556968749999 0.1630246609375
0 0.8301544984375001 0.1668347703125 0.8365592625 0.1625874984375 0.8361503875 0.15478570625000002 0.8281841062499999 0.15031368750000001 0.823777971875 0.150544603125 0.8185258531249999 0.15570936875000002 0.8189347281250001 0.1635111609375 0.8269010078125 0.16798318125 0.8301544984375001 0.1668347703125
0 0.7596563671875 0.1705294203125 0.7638580625 0.16639760625 0.7634491875 0.1585958140625 0.757685975 0.1540083390625 0.7510767734375 0.1543547125 0.74582465625 0.1595194765625 0.7462335312499999 0.16732126875 0.751996740625 0.171908746875 0.7596563671875 0.1705294203125
0 0.68695516875 0.174339528125 0.691156865625 0.1702077140625 0.690747990625 0.1624059234375 0.6872900609375 0.1596534375 0.6762747296875 0.16023072656249998 0.6731234578125 0.1633295859375 0.67353233125 0.171131378125 0.6814986109375 0.17560339687499998 0.68695516875 0.174339528125
0 0.620454296875 0.170001471875 0.6123857953125 0.163579003125 0.6036757500000001 0.1659912828125 0.6032386375 0.1787269265625 0.6088996328125 0.1813639546875 0.6143561875 0.1801000859375 0.6186601031250001 0.177918721875 0.620454296875 0.170001471875
0 0.58392213125 0.18951828906249998 0.580361984375 0.18481535468750002 0.569346653125 0.18539264375 0.56419675 0.1925078546875 0.5723674671875 0.200880771875 0.5778240234375 0.199616903125 0.5821279390625 0.1974355390625 0.58392213125 0.18951828906249998
0 0.65431804375 0.18387319062500002 0.650860115625 0.181120703125 0.64204785 0.181582534375 0.6368979484375 0.18869774687500002 0.6450686671875 0.1970706640625 0.650525221875 0.1958067953125 0.6547269171875 0.1916749828125 0.65431804375 0.18387319062500002
0 0.7254294875 0.191881228125 0.729631184375 0.187749415625 0.729222309375 0.179947625 0.7234590953125 0.17536014687499998 0.7168498953125 0.1757065203125 0.7115977765625 0.1808712875 0.7120066515625 0.1886730796875 0.7199729296874999 0.193145096875 0.7254294875 0.191881228125
0 0.7859627109375 0.1877309140625 0.7904710625 0.18945044687499998 0.7959276187500001 0.188186578125 0.800231534375 0.18600521406249998 0.8020257281250001 0.1780879640625 0.7984655796875 0.1733850296875 0.7917541609375001 0.17178095468750001 0.7874502453125001 0.17396231874999998 0.7823003453124999 0.1810775296875 0.7859627109375 0.1877309140625
0 0.8529006953125 0.179333328125 0.8609691937499999 0.185755796875 0.8686288187500001 0.18437647031249998 0.8729327343750001 0.18219510625 0.8748291437500001 0.1762283015625 0.8724216406249999 0.172442865625 0.8666584265624999 0.1678553875 0.8578461578125 0.16831721875 0.8526962593749999 0.175432434375 0.8529006953125 0.179333328125
0 0.9083862359375001 0.1842486765625 0.8962182593750001 0.1839084703125 0.8930669859375 0.18700733125 0.8935780796874999 0.19675957187499998 0.8970360078124999 0.1995120578125 0.9068987 0.1980172734375 0.911100396875 0.1938854609375 0.9083862359375001 0.1842486765625
0 0.8365027859374999 0.203662371875 0.8386036359375 0.201596465625 0.8381947609375 0.1937946703125 0.8324315468749999 0.189207196875 0.8258223453125 0.1895535703125 0.8205702265625 0.194718334375 0.8208768828125 0.2005696796875 0.8266400953125 0.20515715625 0.8365027859374999 0.203662371875
0 0.7636993703125 0.20552203125 0.7658002171875 0.20345612656249998 0.7653913421875 0.195654334375 0.7596281296875 0.19106685625 0.753018928125 0.19141322968750002 0.7477668109375 0.196577996875 0.7480734671875 0.202429340625 0.7538366765625 0.20701681718749998 0.7636993703125 0.20552203125
0 0.6888973234375 0.211398046875 0.6930990203125 0.20726623437499997 0.6926901453125 0.19946444218749998 0.682520796875 0.19510788125 0.6771664609375 0.1983221984375 0.6753722671875 0.2062394484375 0.6789324156250001 0.21094238281250002 0.683440765625 0.21266191562499998 0.6888973234375 0.211398046875
0 0.606231215625 0.21475249062500001 0.61073956875 0.2164720234375 0.6161961234375 0.2152081546875 0.6205000390625 0.213026790625 0.62239645 0.20705998593750002 0.6165310171875 0.2005220640625 0.607718753125 0.2009838953125 0.60246663125 0.20614865937500002 0.60267106875 0.21004955625 0.606231215625 0.21475249062500001
0 0.58345678125 0.22279136562500002 0.575592721875 0.2202697984375 0.5712888078125 0.2224511625 0.5661389046874999 0.22956637500000002 0.5698012703125 0.236219759375 0.5797661781250001 0.2366754234375 0.5859665046875 0.2285272546875 0.58345678125 0.22279136562500002
0 0.6585654843750001 0.2227666984375 0.6550053375 0.21806376562500002 0.6439900046875 0.2186410546875 0.638840103125 0.22575626718750003 0.647010821875 0.23412917968750002 0.6524673765625 0.23286531406250002 0.656771290625 0.23068395000000003 0.6585654843750001 0.2227666984375
0 0.728859178125 0.2151711484375 0.716691203125 0.2148309453125 0.7115413015625001 0.2219461578125 0.71394880625 0.225731596875 0.7197120171875 0.23031907187499998 0.7273716421875001 0.22893974843749998 0.7315733390625 0.22480793437500002 0.728859178125 0.2151711484375
0 0.799970621875 0.22317919062499997 0.8020714703125 0.22111328437500002 0.8016625953125001 0.2133114890625 0.79589938125 0.208724015625 0.7914932484375 0.20895493125 0.7840380625 0.2142351515625 0.7844469375 0.222036946875 0.7879048656250001 0.22478943281250002 0.799970621875 0.22317919062499997
0 0.8682656874999999 0.21959999843750003 0.8746704515625 0.2153527265625 0.8742615765625 0.20755093281249998 0.8708036484375 0.20479845000000002 0.8619913796875001 0.20526028125 0.8567392625 0.21042504375 0.8570459171874999 0.2162763890625 0.8628091296875 0.2208638671875 0.8682656874999999 0.21959999843750003
0 0.9067400062500001 0.23714169531249998 0.911043921875 0.23496033437500002 0.9127358953125 0.225092634375 0.9069726812500001 0.22050515625 0.8981604140625 0.2209669875 0.8930105140625001 0.228082203125 0.8932149515625 0.23198309843749998 0.9012834484375001 0.23840556406250002 0.9067400062500001 0.23714169531249998
0 0.8383427234375 0.23877044375 0.840443571875 0.2367045375 0.8399324781249999 0.22695229218750002 0.8364745484375 0.22419980625 0.82766228125 0.22466163749999998 0.8224101625 0.22982640468749999 0.82271681875 0.23567775000000002 0.82848003125 0.240265228125 0.8383427234375 0.23877044375
0 0.76574374375 0.24453099687500002 0.7698432203125 0.2384487375 0.7696387828125 0.23454784062499998 0.7660786374999999 0.22984490468750002 0.75716415 0.2283562890625 0.7519120328125 0.2335210546875 0.7523209078125 0.24132285000000003 0.7580841171875 0.24591032343750002 0.76574374375 0.24453099687500002
0 0.6808745703125 0.2480009015625 0.6853829203124999 0.24972043125 0.6908394765625 0.2484565625 0.69514339375 0.2462752015625 0.69453008125 0.23457250937500002 0.6910721515625 0.2318200234375 0.6822598875 0.23228185468749998 0.677109984375 0.2393970703125 0.677314421875 0.24329796718750002 0.6808745703125 0.2480009015625
0 0.618138278125 0.252266671875 0.62244219375 0.25008531093749997 0.6243386046875 0.24411850624999998 0.6206762390625 0.237465121875 0.6117617562500001 0.23597650468750003 0.6044087859375 0.24320717812499998 0.6046132234375 0.247108075 0.61047865625 0.2536459984375 0.618138278125 0.252266671875
0 0.5839114000000001 0.27361848125 0.588113096875 0.2694866671875 0.5877042218749999 0.261684875 0.5842462937499999 0.258932390625 0.575434028125 0.259394221875 0.5701819078125 0.2645589859375 0.5703863453125 0.268459884375 0.5762517765624999 0.2749978078125 0.5839114000000001 0.27361848125
0 0.6466476906249999 0.269352709375 0.651156040625 0.2710722421875 0.6566125984375 0.26980837343749997 0.6609165124999999 0.2676270078125 0.6626084875 0.257759309375 0.6546422062499999 0.253287290625 0.650236071875 0.25351820625 0.644881734375 0.2567325234375 0.64308754375 0.2646497765625 0.6466476906249999 0.269352709375
0 0.7306991140625 0.2502792203125 0.7185311390625 0.24993901406250002 0.7154820859375 0.254988321875 0.7157887421875 0.26083966875 0.721551953125 0.26542714218749996 0.7292115781249999 0.2640478140625 0.733413275 0.2599160046875 0.7306991140625 0.2502792203125
0 0.8019127765625 0.26023770625 0.8060122546875 0.25415544843750004 0.80580781875 0.25025455 0.800044603125 0.24566707499999998 0.7912323359375 0.24612890625 0.788081065625 0.24922776406249997 0.788592159375 0.25898000468750004 0.792050084375 0.2617324921875 0.8019127765625 0.26023770625
0 0.8746139765625 0.2564275984375 0.876714825 0.2543616921875 0.8762037312500001 0.2446094515625 0.8727458015625 0.24185696562499998 0.863933534375 0.24231879687500002 0.8587836359375001 0.2494340109375 0.858988071875 0.25333490937500003 0.864751284375 0.257922384375 0.8746139765625 0.2564275984375
0 0.911117903125 0.2574482171875 0.9023056359374999 0.2579100484375 0.8970535140625 0.2630748140625 0.8972579515625 0.26697571249999996 0.903123384375 0.2735136359375 0.9151891437499999 0.27190339375 0.9168811140625 0.26203569375 0.911117903125 0.2574482171875
0 0.8359809625000001 0.2780103234375 0.842385725 0.27376305156249997 0.8419768515625 0.265961259375 0.8362136375 0.26137378437500003 0.8296044359374999 0.2617201578125 0.8243523171874999 0.26688492343750003 0.8247611921875 0.2746867140625 0.832727471875 0.279158734375 0.8359809625000001 0.2780103234375
0 0.7676858984375 0.281589515625 0.77188759375 0.2774577015625 0.7715809375 0.2716063609375 0.765817725 0.2670188828125 0.75700545625 0.2674807140625 0.7518555578125 0.2745959296875 0.7520599953125 0.2784968234375 0.7578232046875 0.2830843 0.7676858984375 0.281589515625
0 0.69301430625 0.2688785421875 0.68640510625 0.269224915625 0.6811529890625 0.27438968125 0.6815618625 0.2821914734375 0.6850197921875 0.2849439609375 0.69488248125 0.2834491765625 0.698879740625 0.27541646875 0.69301430625 0.2688785421875
0 0.6222835 0.2892097328125 0.626485196875 0.28507791875 0.6260763218750001 0.2772761265625 0.6203131078124999 0.2726886515625 0.6159069749999999 0.2729195671875 0.6084517890625001 0.278199790625 0.6088606640625 0.28600158124999997 0.614623878125 0.290589059375 0.6222835 0.2892097328125
0 0.5895441578125 0.296792946875 0.5838831625 0.2941559171875 0.575173115625 0.29656819687499997 0.5746337859375 0.3073533921875 0.5780917125 0.3101058765625 0.587954403125 0.3086110921875 0.5900552515624999 0.3065451859375 0.5895441578125 0.296792946875
0 0.662347575 0.2949332859375 0.65438129375 0.2904612671875 0.6448252609375 0.29780739375 0.6451319171875001 0.303658740625 0.6530981953125 0.308130759375 0.658554753125 0.306866890625 0.6628586671875001 0.30468552656250003 0.662347575 0.2949332859375
0 0.7311537328125 0.301106334375 0.737354059375 0.292958165625 0.7349465546875 0.2891727296875 0.7314886265625 0.2864202421875 0.72047329375 0.28699753125 0.717322021875 0.2900963921875 0.717730896875 0.29789818437500004 0.7234941078125 0.3024856609375 0.7311537328125 0.301106334375
0 0.8076477546874999 0.285362621875 0.79747840625 0.281006059375 0.7900232203125 0.286286284375 0.7904320953124999 0.29408807656249997 0.79619530625 0.29867555156250003 0.8016518640625 0.2974116828125 0.8059557796875 0.29523031875 0.8076477546874999 0.285362621875
0 0.8781458859375 0.2816679703125 0.8746879562500001 0.278915484375 0.863672621875 0.2794927734375 0.863133290625 0.2902779671875 0.8665912203125 0.293030453125 0.8764539125 0.29153566875000003 0.8785547609375 0.2894697625 0.8781458859375 0.2816679703125
0 0.91492823125 0.30907736875 0.919129925 0.30494555624999997 0.91872105 0.297143765625 0.9130600578125 0.2945067359375 0.9042477906249999 0.29496856718750003 0.9010965171875001 0.298067428125 0.9016076109375 0.3078196671875 0.9050655390625 0.310572153125 0.91492823125 0.30907736875
0 0.840126184375 0.314953384375 0.8443278796874999 0.310821571875 0.8439190062499999 0.3030197765625 0.8381557921875 0.2984323015625 0.8315465906249999 0.298778675 0.8262944718749999 0.3039434390625 0.826703346875 0.311745234375 0.832466559375 0.3163327109375 0.840126184375 0.314953384375
0 0.7574600765625 0.31830782812499997 0.7619684265625 0.32002736249999997 0.7674249859375 0.31876349375 0.77162668125 0.3146316796875 0.7712178062499999 0.30682988437500003 0.76545459375 0.302242409375 0.761048459375 0.30247332656250003 0.7556941234375001 0.30568764375 0.7537977125 0.3116544453125 0.7574600765625 0.31830782812499997
0 0.699129921875 0.3223426859375 0.7012307703125 0.320276778125 0.7007196765625 0.3105245359375 0.6949564609375 0.3059370609375 0.686246415625 0.3083493421875 0.6830951421875 0.3114481984375 0.6835040171875 0.3192499921875 0.6892672296875 0.3238374703125 0.699129921875 0.3223426859375
0 0.6242256546875 0.3262682515625 0.6285295703125 0.3240868859375 0.6304259812499999 0.318120084375 0.6245605484375 0.3115821609375 0.6178491296875 0.309978084375 0.6124947921875 0.313192403125 0.6108028187500001 0.3230601015625 0.6165660328125 0.327647578125 0.6242256546875 0.3262682515625
0 0.5898965578124999 0.3456696125 0.5940982531250001 0.3415377984375 0.593893815625 0.3376369015625 0.588028384375 0.3310989765625 0.5814191859375 0.33144534999999997 0.576167065625 0.336610115625 0.576575940625 0.3444119109375 0.5800338671875 0.347164396875 0.5898965578124999 0.3456696125
0 0.6642897296875 0.331991803125 0.658526515625 0.327404325 0.6519173171875 0.3277506984375 0.646665196875 0.332915465625 0.64937935625 0.3425522515625 0.6625977546875 0.34185950468750004 0.664698603125 0.3397935984375 0.6642897296875 0.331991803125
0 0.7231309796875001 0.3377091890625 0.7276393296875 0.339428721875 0.7330958875 0.338164853125 0.737399803125 0.33598348906250003 0.7392962140625 0.330016684375 0.7334307812499999 0.32347875937500004 0.7246185125 0.323940590625 0.7193663953125 0.3291053578125 0.7195708328125 0.3330062546875 0.7231309796875001 0.3377091890625
0 0.808000153125 0.3342392875 0.8101010015625001 0.33217338125 0.8095899078125001 0.3224211359375 0.8039289125 0.3197841078125 0.7951166453125 0.320245940625 0.791965375 0.3233447984375 0.79247646875 0.33309704375 0.79593439375 0.33584952968750004 0.808000153125 0.3342392875
0 0.8805991343749999 0.32847873125 0.88269998125 0.3264128234375 0.88229110625 0.318611028125 0.878833178125 0.3158585421875 0.8721217578125 0.3142544703125 0.864564353125 0.31758424218750003 0.8650754453125 0.3273364859375 0.8685333749999999 0.3300889734375 0.8805991343749999 0.32847873125
0 0.9047024078125 0.3457956796875 0.9092107609375001 0.3475152125 0.91466731875 0.34625134375 0.9210720796875 0.3420040765625 0.9206632046875001 0.33420228125 0.9126969265625 0.3297302640625 0.90829079375 0.3299611796875 0.903038671875 0.33512594375 0.9011422609374999 0.341092746875 0.9047024078125 0.3457956796875
0 0.8441691859375 0.34994599375 0.8482686656249999 0.343863734375 0.848064228125 0.3399628375 0.8423010124999999 0.3353753609375 0.8334887453125001 0.33583719218749997 0.8283388453124999 0.34295240625 0.830848565625 0.3486882953125 0.8343064953124999 0.351440778125 0.8441691859375 0.34994599375
0 0.769367140625 0.3558220078125 0.7756696843750001 0.3496242921875 0.775465246875 0.34572339531249996 0.769599815625 0.33918546875 0.7607875468749999 0.3396473 0.7556376484375 0.346762515625 0.7558420859375 0.3506634125 0.76391058125 0.35708587812500003 0.769367140625 0.3558220078125
0 0.70096985625 0.357450753125 0.70307070625 0.35538485 0.7025596125 0.34563260625000003 0.6991016828125 0.34288011875 0.6880863515625 0.3434574078125 0.6849350796875 0.34655626875 0.685446171875 0.3563085125 0.6889041015624999 0.3590609953125 0.70096985625 0.357450753125
0 0.6239647421875001 0.363442225 0.63036950625 0.3591949578125 0.6298584125 0.3494427140625 0.6241974171875 0.3468056859375 0.6175882203125 0.34715205937500004 0.6123360984375 0.352316825 0.6127449734375 0.3601186203125 0.6207112515625 0.3645906375 0.6239647421875001 0.363442225
0 0.5897378640625 0.384794034375 0.5939395609375 0.38066222031249997 0.5935306859375 0.3728604296875 0.587767471875 0.368272953125 0.5768543578124999 0.370800690625 0.5739075234375 0.3778004484375 0.5763150265625 0.3815858828125 0.5842813078125 0.386057903125 0.5897378640625 0.384794034375
0 0.6602359953125 0.381099384375 0.6666407578125 0.3768521125 0.666129665625 0.367099871875 0.6626717375 0.3643473875 0.6538594718749999 0.36480921875 0.6486073515624999 0.3699739828125 0.6490162265625 0.37777577500000004 0.652474153125 0.3805282625 0.6602359953125 0.381099384375
0 0.7239204906250001 0.373850209375 0.7295814843749999 0.3764872390625 0.737241109375 0.3751079125 0.74144280625 0.3709760984375 0.74113615 0.3651247546875 0.7375760031249999 0.3604218203125 0.730864584375 0.3588177453125 0.72130855 0.36616387499999997 0.7215129874999999 0.3700647734375 0.7239204906250001 0.373850209375
0 0.8056383921875 0.3734791671875 0.8141440046874999 0.3671659890625 0.8138373484375 0.36131464687500003 0.8080741343750001 0.3567271703125 0.7992618671875 0.3571890015625 0.7940097484375 0.3623537671875 0.7944186234374999 0.3701555578125 0.7978765484375 0.3729080453125 0.8056383921875 0.3734791671875
0 0.8807753328124999 0.3529170625 0.87416613125 0.3532634359375 0.8689140125 0.3584282 0.8692206671875 0.36427954375 0.87498388125 0.368867021875 0.8826435078125 0.36748769531250003 0.8866407625000001 0.3594549875 0.8807753328124999 0.3529170625
0 0.9188125406250001 0.3831944046875 0.923014234375 0.379062590625 0.9226053593750001 0.3712608 0.91463908125 0.36678878125000003 0.90592903125 0.3692010609375 0.9028799781249999 0.3742503703125 0.9054919203124999 0.381936703125 0.9089498484374999 0.3846891890625 0.9188125406250001 0.3831944046875
0 0.8487515203125 0.3741534125 0.8355331187499999 0.374846159375 0.8323818453125 0.3779450203125 0.8326885015625001 0.3837963625 0.8384517171875 0.38838383906249996 0.8483144078124999 0.3868890546875 0.85041525625 0.3848231484375 0.8487515203125 0.3741534125
0 0.775102115625 0.3809469234375 0.7716441890625 0.3781944359375 0.7628319203125 0.3786562671875 0.7596806515625001 0.381755128125 0.7600895265625 0.3895569203125 0.769106228125 0.39299598593749996 0.7755109906250001 0.388748715625 0.775102115625 0.3809469234375
0 0.6986080953125 0.3966906359375 0.7050128609375 0.39244336562500004 0.7046039859375 0.3846415734375 0.6988407703124999 0.380054096875 0.6944346359375 0.3802850125 0.6869794515625001 0.3855652375 0.6872861078125 0.39141657812499997 0.69084625625 0.3961195140625 0.6986080953125 0.3966906359375
0 0.6318005671875 0.38650123281250004 0.6239365046875001 0.3839796625 0.614380471875 0.39132579375 0.614584909375 0.3952266875 0.6204503421875 0.40176461249999995 0.6281099640625001 0.4003852859375 0.634310290625 0.39223711875 0.6318005671875 0.38650123281250004
0 0.59168001875 0.4218525546875 0.595983934375 0.4196711890625 0.5977781249999999 0.4117539359375 0.5942179796875 0.40705100468750005 0.587506559375 0.40544692812500005 0.580051375 0.41072715000000004 0.58046025 0.41852894531249996 0.5862234625 0.4231164234375 0.59168001875 0.4218525546875
0 0.6646138921875 0.40140590468750004 0.6558016265625 0.4018677359375 0.6526503531250001 0.40496659687500003 0.653161446875 0.4147188375 0.656619375 0.417471321875 0.66868513125 0.4158610796875 0.6703771046875 0.4059933796875 0.6646138921875 0.40140590468750004
0 0.7430783046875 0.4021832703125 0.737315090625 0.397595796875 0.7264019765625 0.40012353593750005 0.7258626453125 0.410908728125 0.7316258578125 0.41549620625 0.7392854828125001 0.4141168796875 0.7434871796875 0.40998506562500003 0.7430783046875 0.4021832703125
0 0.8134742171875 0.396538175 0.8078132218749999 0.3939011453125 0.8012040218750001 0.39424751874999997 0.795951903125 0.3994122828125 0.7986660609375 0.40904906875 0.8118844624999999 0.40835632187500004 0.815983940625 0.4022740609375 0.8134742171875 0.396538175
0 0.8885829171875 0.396513503125 0.8827174875000001 0.3899755796875 0.87390521875 0.3904374109375 0.8688575359374999 0.39950307343749997 0.8770282546875 0.4078759890625 0.8824848125000001 0.40661212031250005 0.8867887281250001 0.4044307546875 0.8885829171875 0.396513503125
0 0.6396431671875 0.5572231890625 0.63072868125 0.555734571875 0.6233757140625 0.5629652453125 0.6237845890625 0.5707670359375 0.629445584375 0.5734040640625 0.63710520625 0.5720247374999999 0.6433055328124999 0.56387656875 0.6396431671875 0.5572231890625
0 0.713394790625 0.5523801265625 0.7012268125000001 0.552039921875 0.6959746953125 0.5572046875 0.69628135 0.5630560296875 0.7020445625 0.5676435078125001 0.7119072546874999 0.5661487234375 0.71610895 0.562016909375 0.713394790625 0.5523801265625
0 0.7828424984375 0.5497184296875 0.7761310781249999 0.5481143546875 0.7687781124999999 0.555345028125 0.76898255 0.559245921875 0.7748479781250001 0.5657838484375 0.7847106703125 0.5642890625 0.7887079296875 0.556256353125 0.7828424984375 0.5497184296875
0 0.8595127187499999 0.5584130484375 0.8636121937500001 0.5523307859375 0.8611024703125001 0.5465949015625 0.85764454375 0.543842415625 0.8466292093750001 0.5444197046875 0.8434779375 0.5475185640625 0.8439890296874999 0.5572708046875 0.8474469593749999 0.560023290625 0.8595127187499999 0.5584130484375
0 0.8957839703125 0.57607020625 0.8999856640624999 0.57193839375 0.8996790078125001 0.5660870484375 0.8939157984375001 0.5614995734375 0.885103528125 0.5619614046875 0.8799536281250001 0.5690766171874999 0.880158065625 0.5729775140625 0.8859212781249999 0.577564990625 0.8957839703125 0.57607020625
0 0.823082771875 0.579880315625 0.8272844640624999 0.575748503125 0.824672528125 0.56806216875 0.8212145984375001 0.56530968125 0.81240233125 0.5657715125 0.807150209375 0.5709362765625 0.807456865625 0.5767876234375 0.8132200812500001 0.5813751 0.823082771875 0.579880315625
0 0.737600284375 0.5716475296875 0.737163171875 0.5843831703125 0.7503815734375 0.5836904234375 0.7545832703124999 0.5795586109374999 0.7541743953125 0.5717568187500001 0.7507164671875 0.56900433125 0.737600284375 0.5716475296875
0 0.6776803734375 0.58750053125 0.6797812234375 0.585434625 0.6792701296875 0.5756823859375 0.673506915625 0.5710949078125 0.66479686875 0.5735071875 0.6617478140624999 0.5785564937500001 0.6620544703125 0.5844078390624999 0.6678176828125 0.588995315625 0.6776803734375 0.58750053125
0 0.6043658640625 0.5796079515625 0.5921978890624999 0.5792677453125 0.5890466171875001 0.5823666015625 0.5894554921874999 0.590168396875 0.5952187046875 0.5947558734375 0.602878328125 0.5933765484375 0.6069778046875001 0.5872942859375 0.6043658640625 0.5796079515625
0 0.6390473609375 0.6090832578125001 0.6433512765625 0.60690189375 0.6428401828125 0.5971496484375 0.6393822546875 0.594397165625 0.630569990625 0.594858996875 0.6253178687500001 0.6000237609375 0.625624525 0.60587510625 0.6313877390625 0.61046258125 0.6390473609375 0.6090832578125001
0 0.711850778125 0.60722359375 0.7182555421875 0.6029763265625 0.7178466671875 0.5951745328125 0.7120834546875 0.5905870578125 0.7054742515625 0.5909334312500001 0.7002221359374999 0.5960981953125 0.700631009375 0.6038999890625 0.7085972875000001 0.6083720046875001 0.711850778125 0.60722359375
0 0.7844497593749999 0.601463040625 0.790956740625 0.59916621875 0.7927509296874999 0.591248965625 0.7868855 0.5847110437499999 0.7780732328125 0.585172875 0.7728211109374999 0.5903376375 0.7731277671875 0.5961889828125 0.77889098125 0.6007764609375 0.7844497593749999 0.601463040625
0 0.8631468437500001 0.585603865625 0.8529774984375 0.5812473078125 0.845522309375 0.586527528125 0.8459311843749999 0.5943293234375 0.8516944000000001 0.5989167984375 0.8571509562499999 0.5976529328125 0.86355571875 0.5934056609375 0.8631468437500001 0.585603865625
0 0.9320552234375 0.5937273656250001 0.9363591359375001 0.5915460015625 0.9381533265625001 0.58362875 0.93459318125 0.5789258171875 0.9256786968749999 0.5774372 0.918223509375 0.5827174203125 0.9186323843749999 0.5905192140625 0.9243955984375001 0.5951066890625001 0.9320552234375 0.5937273656250001
0 0.8992136578125001 0.5993601265625 0.8870456828125001 0.5990199203125 0.8839966296874999 0.6040692296875 0.8843032859375001 0.6099205765625 0.8900665 0.61450805 0.8977261249999999 0.6131287234375 0.9020300375 0.6109473624999999 0.8992136578125001 0.5993601265625
0 0.8250249265624999 0.6169388312499999 0.8271257750000001 0.6148729281249999 0.8267169015625001 0.6070711328125 0.8209536859375 0.60248365625 0.8165475515624999 0.602714571875 0.8090923640625001 0.607994796875 0.8095012390624999 0.615796590625 0.8129591671874999 0.6185490734375 0.8250249265624999 0.6169388312499999
0 0.7539134828125 0.60893079375 0.7504555546875 0.60617830625 0.73944021875 0.6067555953125 0.73639116875 0.6118049046875 0.7391053249999999 0.6214416859375 0.752323728125 0.6207489390625 0.7544245765625 0.6186830359375 0.7539134828125 0.60893079375
0 0.6777543546875 0.6099884140625 0.6711451546875 0.6103347875 0.6658930359374999 0.6154995546875 0.6663019109375 0.62330135 0.6697598375 0.6260538328125 0.6818255953125 0.624443590625 0.6835175703124999 0.6145758921875 0.6777543546875 0.6099884140625
0 0.60702355 0.6303196046874999 0.609124396875 0.6282536984375 0.6086133031250001 0.6185014578125 0.6051553765625 0.6157489734375 0.5963431109374999 0.6162108046875 0.5910909906249999 0.62137556875 0.591499865625 0.6291773609375 0.5949577921875 0.6319298484375 0.60702355 0.6303196046874999
0 0.6272600234375 0.6370822796875 0.6275666796875 0.6429336218749999 0.6311268265625001 0.6476365578125 0.6356351765625 0.649356090625 0.641091734375 0.648092221875 0.64539565 0.6459108578125 0.6471898421875 0.6379936078124999 0.6446801203125 0.6322577203125 0.641222190625 0.6295052343750001 0.63681605625 0.62973615 0.6272600234375 0.6370822796875
0 0.715996 0.64416665625 0.720197696875 0.6400348421875 0.719788821875 0.63223305 0.7140256078125 0.6276455734375 0.70741640625 0.627991946875 0.7021642906250001 0.6331567125 0.7025731640624999 0.6409585046874999 0.708336375 0.6455459828125 0.715996 0.64416665625
0 0.7863919140625 0.63852155625 0.7927966765625001 0.634274284375 0.7923878015625 0.6264724937499999 0.7866245890625 0.6218850171875 0.7800153875 0.622231390625 0.7747632656250001 0.62739615625 0.775172140625 0.6351979484375 0.7809353546875 0.639785425 0.7863919140625 0.63852155625
0 0.8634992453124999 0.6344805328125 0.867700940625 0.63034871875 0.867394284375 0.624497375 0.8638341359374999 0.6197944421875 0.8549196531250001 0.618305825 0.8475666828125 0.625536496875 0.8477711203125 0.62943739375 0.8536365546875 0.6359753171875 0.8634992453124999 0.6344805328125
0 0.9362004421875 0.630670425 0.9402999187500001 0.624588165625 0.94009548125 0.6206872671875 0.9343322687500001 0.6160997906250001 0.9255200046875001 0.6165616218750001 0.9203701015625001 0.6236768374999999 0.9228798250000001 0.629412721875 0.9263377531250001 0.632165209375 0.9362004421875 0.630670425
0 0.8996682796875 0.6501872421875 0.9038699734375 0.646055428125 0.9035633171875 0.6402040875 0.8978001078125001 0.635616609375 0.8889878375 0.636078440625 0.8858365656249999 0.6391773 0.8863476578125 0.648929540625 0.8898055875 0.6516820265625001 0.8996682796875 0.6501872421875
0 0.8270693 0.6559477984375001 0.8312709921874999 0.6518159875 0.8309643375 0.64596464375 0.8252011265625001 0.641377165625 0.816388859375 0.641838996875 0.8132375859375 0.6449378578125 0.8137486796875001 0.6546900984375 0.8172066078125001 0.6574425828125 0.8270693 0.6559477984375001
0 0.7543681015625 0.6597579078125 0.7585697984374999 0.6556260953125 0.75595785625 0.6479397609374999 0.752499928125 0.6451872734374999 0.743687659375 0.6456491046874999 0.7385377609375 0.6527643171874999 0.7387421984375 0.656665215625 0.744505409375 0.6612526921875 0.7543681015625 0.6597579078125
0 0.6816669015625 0.663568015625 0.6858685984374999 0.6594362031250001 0.6854597250000001 0.6516344125 0.6820017953125 0.648881925 0.6709864609375 0.6494592140625 0.667835190625 0.652558075 0.668346284375 0.6623103140625 0.6718042109375 0.6650628000000001 0.6816669015625 0.663568015625
0 0.6107598953125 0.659460871875 0.6048944640625 0.6529229484375 0.59398135 0.6554506859375 0.591034515625 0.662450440625 0.596899946875 0.668988365625 0.6024587218749999 0.6696749453125 0.6109643328125001 0.6633617703125 0.6107598953125 0.659460871875
0 0.6474400234375 0.6849198249999999 0.649540871875 0.6828539171875 0.649029778125 0.6731016750000001 0.64557185 0.6703491921875 0.6367595828125 0.6708110234375 0.6315074640625 0.6759757859375 0.6318141203125001 0.6818271328125001 0.6375773312499999 0.686414609375 0.6474400234375 0.6849198249999999
0 0.7178359359375001 0.679274725 0.7221398515625 0.6770933609374999 0.7216287578125 0.667341121875 0.7181708296875 0.664588634375 0.7093585609375 0.665050465625 0.70410644375 0.6702152296875 0.7044131 0.676066575 0.7101763109375 0.6806540515624999 0.7178359359375001 0.679274725
0 0.7927402015625 0.675349159375 0.7968396765625 0.6692668984375 0.79432995625 0.6635310125 0.78856674375 0.658943534375 0.77985669375 0.661355815625 0.7768076390624999 0.6664051203125 0.7771142953125 0.6722564671875 0.782877509375 0.67684394375 0.7927402015625 0.675349159375
0 0.8654413999999999 0.67153905 0.8696430953125001 0.6674072390625 0.8692342203125 0.659605446875 0.8612679406250001 0.6551334265625 0.8568618078125001 0.6553643421875 0.8516096875000001 0.660529109375 0.8520185609375 0.6683309015625001 0.8577817765625 0.6729183765625 0.8654413999999999 0.67153905
0 0.9397323515625 0.655910796875 0.9317660734375 0.6514387765625 0.9222100375 0.6587849046875001 0.9224144750000001 0.6626858015625 0.9282799078125 0.6692237265625 0.9359395328125 0.6678444 0.9402434453125 0.6656630359375 0.9397323515625 0.655910796875
0 0.9017126531249999 0.689196209375 0.9058121281249999 0.6831139484375 0.905607690625 0.6792130515625 0.8997422625 0.6726751281250001 0.893133059375 0.6730215015625001 0.8878809390625 0.6781862640625 0.8882898125 0.685988059375 0.894053028125 0.6905755328125001 0.9017126531249999 0.689196209375
0 0.8190465437500001 0.6925506546875 0.8235548953125 0.694270184375 0.8290114546874999 0.69300631875 0.8332131468749999 0.6888745046875 0.832804271875 0.681072709375 0.8270410625 0.6764852359375 0.822634928125 0.676716153125 0.8152819593749999 0.683946821875 0.815486396875 0.68784771875 0.8190465437500001 0.6925506546875
0 0.7542094078125 0.6988823296875 0.7585133234375 0.69670096875 0.7602052968749999 0.6868332671874999 0.7544420828125 0.68224579375 0.74783288125 0.6825921671875 0.7424785421875 0.68580648125 0.7407865703125001 0.6956741828124999 0.7465497828125 0.70026165625 0.7542094078125 0.6988823296875
0 0.6715433 0.702236775 0.67605165 0.70395630625 0.6793051421875 0.7028078953125 0.6857099046874999 0.6985606296875 0.6851988125 0.6888083843749999 0.6817408828125 0.6860559015625001 0.672928615625 0.6865177328125001 0.668624703125 0.68869909375 0.66557565 0.6937484031250001 0.6715433 0.702236775
0 0.5988421015625 0.7060468828124999 0.6033504515625 0.707766415625 0.6088070109375 0.706502546875 0.613110925 0.7043211859375 0.6148028984375 0.694453484375 0.6090396859375 0.689866009375 0.6002274203125 0.690327840625 0.5949753 0.6954926046875001 0.59528195625 0.7013439499999999 0.5988421015625 0.7060468828124999
0 0.6472813296875 0.7240442484375 0.6514830265625 0.7199124343750001 0.6510741515625 0.7121106421875 0.6453109375 0.7075231671875 0.634397825 0.710050903125 0.6313487703125 0.7151002109375 0.6339607125 0.7227865453125 0.637418640625 0.7255390328125 0.6472813296875 0.7240442484375
0 0.721367846875 0.7045150953125 0.7091998687500001 0.7041748890624999 0.7060485984375 0.7072737484375 0.7064574734375 0.71507554375 0.712220684375 0.71966301875 0.7198803093749999 0.7182836906250001 0.72408200625 0.7141518812500001 0.721367846875 0.7045150953125
0 0.7903784421875 0.7145890390625 0.7946823562499999 0.712407675 0.7963743296875 0.702539978125 0.7929164015625 0.6997874921875 0.7819010671875 0.70036478125 0.7787497937500001 0.703463640625 0.77915866875 0.711265434375 0.78712495 0.7157374515625 0.7903784421875 0.7145890390625
0 0.86958661875 0.708482109375 0.87168746875 0.70641620625 0.8711763749999999 0.6966639625 0.8632100953125 0.6921919437499999 0.8567031140625 0.694488765625 0.853551840625 0.6975876249999999 0.854062934375 0.70733986875 0.8575208640625 0.7100923515625001 0.86958661875 0.708482109375
0 0.943877571875 0.6928538546875 0.933708228125 0.6884972921875 0.9283538890624999 0.691711609375 0.926661915625 0.7015793125 0.932425128125 0.7061667859375 0.9400847515624999 0.704787459375 0.9442864468750001 0.7006556500000001 0.943877571875 0.6928538546875
0 0.9036548078125 0.7262547265625 0.9078565015625 0.7221229124999999 0.9074476265625 0.7143211203125001 0.903989696875 0.7115686359375 0.892974365625 0.712145925 0.8899253125 0.7171952312500001 0.8902319671875001 0.7230465749999999 0.8959951828125 0.727634053125 0.9036548078125 0.7262547265625
0 0.831055828125 0.7320152828125 0.8353597390624999 0.72983391875 0.8371539312499999 0.7219166703125001 0.8335937859375001 0.717213734375 0.8246793015625 0.7157251171875 0.81942718125 0.7208898828125 0.8199382749999999 0.7306421234375 0.8255992687499999 0.7332791515625 0.831055828125 0.7320152828125
0 0.7561515625 0.73594085 0.760455478125 0.7337594859375 0.7622496703125 0.7258422359375001 0.7586895234375 0.7211393 0.7497750359375 0.7196506828125 0.744420696875 0.722865 0.7426265062499999 0.7307822500000001 0.7484919375 0.7373201765624999 0.7561515625 0.73594085
0 0.6834503625 0.7397509578125 0.687652059375 0.7356191437499999 0.6871409671875 0.725866903125 0.6836830375 0.72311441875 0.67266770625 0.7236917078125 0.6695164328125001 0.7267905671875 0.6700275265625 0.73654280625 0.6779938046875 0.7410148265625 0.6834503625 0.7397509578125
0 0.610851384375 0.7455115140624999 0.6149508609375001 0.7394292515625 0.6123389203125 0.73174291875 0.6088809921875 0.7289904328125 0.6000687250000001 0.7294522640625 0.5949188249999999 0.7365674796875 0.597530765625 0.7442538125 0.60098869375 0.7470062984375 0.610851384375 0.7455115140624999
0 0.6470204171875 0.7612182234375 0.6513243328125 0.759036859375 0.65322074375 0.75307005625 0.6473553109375 0.7465321328125001 0.6429491765625001 0.7467630484375001 0.6354939921875 0.7520432703125 0.6359028671875 0.7598450640625 0.6393607953125 0.76259755 0.6470204171875 0.7612182234375
0 0.7258197234375 0.7473094984374999 0.71554815625 0.7410024921875 0.708092971875 0.746282715625 0.7085018468750001 0.7540845078125 0.7142650578125 0.758671984375 0.7197216156249999 0.757408115625 0.726126378125 0.7531608453125 0.7258197234375 0.7473094984374999
0 0.7967267296875 0.7514166437500001 0.8009284234375 0.74728483125 0.8005195484375 0.7394830390625 0.7970616234375 0.7367305515625 0.7860462890625 0.737307840625 0.7808963859375 0.744423053125 0.783406109375 0.7501589421875 0.7868640375 0.752911428125 0.7967267296875 0.7514166437500001
0 0.8716309921875001 0.7474910765625 0.875730471875 0.7414088140625 0.8732207484375 0.73567293125 0.8697628187499999 0.73292044375 0.8609505546875 0.7333822750000001 0.8556984328125001 0.7385470421875 0.858310375 0.746233375 0.8617683046875 0.7489858609375 0.8716309921875001 0.7474910765625
0 0.9421291249999999 0.7437964265625 0.9463308203125 0.7396646140625001 0.9460241640625 0.7338132703125 0.9357526015625 0.7275062609375 0.9314486859375 0.7296876250000001 0.9283996328124999 0.7347369328125 0.92880850625 0.742538725 0.9344695015625 0.7451757531250001 0.9421291249999999 0.7437964265625
0 0.9078000265625 0.7631977859375 0.9120017234375 0.7590659750000001 0.9116950671874999 0.7532146281250001 0.9059318515625 0.7486271531249999 0.8993226546875001 0.7489735265624999 0.8940705328125 0.754138290625 0.8944794078125 0.7619400859375001 0.902343471875 0.7644616546874999 0.9078000265625 0.7631977859375
0 0.83520105 0.7689583453125 0.8393005234375 0.7628760828125001 0.8389938671875001 0.7570247359375 0.8332306578124999 0.7524372609375 0.8244183890624999 0.7528990921875 0.8213693359375001 0.7579483984375 0.8218804296875 0.7677006421875 0.8275414234375 0.770337671875 0.83520105 0.7689583453125
0 0.7580937171875 0.7729993687500001 0.7623976328125 0.770818003125 0.7641918249999999 0.76290075 0.760631678125 0.7581978203124999 0.75392025625 0.75659374375 0.7464650703125 0.761873965625 0.7469761625 0.7716262078125 0.7526371593750001 0.7742632375 0.7580937171875 0.7729993687500001
0 0.6853925171874999 0.7768094765625 0.6895942140625 0.7726776625 0.6891853390625 0.76487586875 0.6834221265625 0.76028839375 0.6790159921875001 0.760519309375 0.67156080625 0.76579953125 0.67196968125 0.7736013265625 0.6777328921875 0.778188803125 0.6853925171874999 0.7768094765625
0 0.61499660625 0.7824545765625001 0.617097453125 0.7803886703125 0.616484140625 0.7686859765625 0.610823146875 0.7660489515625 0.6021130984374999 0.768461228125 0.598961828125 0.7715600874999999 0.5993707015624999 0.7793618828125 0.605133915625 0.7839493609375 0.61499660625 0.7824545765625001
0 0.6550606796875 0.7881781265625001 0.64489133125 0.7838215640625 0.637436146875 0.7891017890625001 0.637845021875 0.7969035843750001 0.6458112984375 0.8013756015625001 0.649064790625 0.8002271890625 0.6554695546875 0.795979921875 0.6550606796875 0.7881781265625001
0 0.7260699046875 0.794235715625 0.7302716015625 0.7901039062499999 0.7298627265625 0.7823021125 0.7218964453125001 0.7778300953125 0.7131863968750001 0.780242371875 0.7102395640625 0.7872421296875001 0.712749284375 0.79297801875 0.7162072125 0.7957305 0.7260699046875 0.794235715625
0 0.8002586390624999 0.7766570125000001 0.7968007109374999 0.7739045296875 0.78798844375 0.7743663609375 0.782838540625 0.7814815734375 0.7854504828125 0.7891679093749999 0.7986688843749999 0.7884751624999999 0.802666140625 0.7804424515624999 0.8002586390624999 0.7766570125000001
0 0.873573146875 0.784549596875 0.8756739953125001 0.782483690625 0.8752651218749999 0.7746818953125 0.8672988421875001 0.770209878125 0.8606896421875 0.7705562515625 0.8555397390625 0.7776714640625 0.8557441765625 0.7815723609375 0.861507390625 0.7861598359374999 0.873573146875 0.784549596875
0 0.9441734984375 0.782805390625 0.9484774125 0.7806240296875 0.9502716046874999 0.772706778125 0.9444061734375 0.7661688546875001 0.9355939062499999 0.7666306859375001 0.9303417875 0.77179545 0.9307506625 0.7795972453125 0.9342085906250001 0.7823497265625 0.9441734984375 0.782805390625
0 0.9076413343749999 0.802322209375 0.914046096875 0.7980749421875 0.913637221875 0.7902731468749999 0.90567094375 0.7858011265625 0.901264809375 0.7860320421875 0.8960126875000001 0.7911968093749999 0.8964215624999999 0.7989986046875 0.9043878453125 0.803470621875 0.9076413343749999 0.802322209375
0 0.8349401375 0.8061323171874999 0.8392440484374999 0.803950953125 0.8387329546875 0.7941987140625 0.8352750312499999 0.791446228125 0.8264627625 0.7919080593750001 0.8213128609375 0.7990232734375 0.8215172984375 0.8029241703125001 0.8272805109375 0.8075116453125 0.8349401375 0.8061323171874999
0 0.7622389375 0.809942425 0.7664406359375 0.8058106171875 0.7660317609375 0.798008821875 0.7603707640625 0.79537179375 0.751558496875 0.795833625 0.746408596875 0.8029488390624999 0.7489183171875 0.808684725 0.752376246875 0.8114372109374999 0.7622389375 0.809942425
0 0.6918430250000001 0.8155875265624999 0.6939438734375 0.81352161875 0.6935349984375 0.8057198265625001 0.6854665 0.799297359375 0.6810603656249999 0.799528275 0.6738096171875 0.8087093968750001 0.676319340625 0.81444528125 0.6797772656250001 0.81719776875 0.6918430250000001 0.8155875265624999
0 0.6150705859375 0.8049424593750001 0.6040552531250001 0.8055197484375001 0.5989053531249999 0.8126349625 0.601415075 0.818370846875 0.604873003125 0.821123334375 0.6169387609375 0.8195130921875 0.6185285140625 0.8076949453125 0.6150705859375 0.8049424593750001
0 0.637379671875 0.830176659375 0.6399916125 0.837862996875 0.6532100125 0.83717025 0.657411709375 0.8330384375 0.6546975484375 0.8234016546875 0.6425295734375001 0.8230614484375 0.637379671875 0.830176659375
0 0.7159462999999999 0.8329044781249999 0.720454653125 0.8346240109374999 0.7237081437499999 0.8334756000000001 0.73011290625 0.8292283296875 0.7297040328125 0.8214265375 0.7239408187499999 0.8168390593750001 0.7173316171875 0.817185434375 0.7120795 0.8223502 0.71238615625 0.8282015421875 0.7159462999999999 0.8329044781249999
0 0.8008154765625 0.829434575 0.8051193890624999 0.8272532109374999 0.8046082953125 0.8175009718749999 0.79443895 0.813144409375 0.7869837625 0.8184246343750001 0.78508735 0.824391434375 0.7874948546875 0.8281768749999999 0.7931558515625 0.8308139015625 0.8008154765625 0.829434575
0 0.873516675 0.8256244671875 0.8778205874999999 0.823443103125 0.8795125625000001 0.8135754046875 0.8737493468749999 0.8089879281250001 0.8649370828125 0.8094497593750001 0.8596849609375001 0.8146145265625 0.8600938359375 0.8224163171875001 0.86585705 0.82700379375 0.873516675 0.8256244671875
0 0.9484209390625 0.8216989015625 0.9546212640625 0.8135507328125 0.952111540625 0.8078148468749999 0.9486536140625 0.8050623609375 0.9376382796874999 0.80563965 0.934487009375 0.8087385093749999 0.9349981015625 0.8184907515625 0.9429643828125001 0.8229627703125001 0.9484209390625 0.8216989015625
0 0.9140918390625 0.8411002609375 0.9182935375 0.8369684484375 0.9178846625 0.8291666578125 0.9076130984375 0.822859646875 0.8990052671875001 0.8272223750000001 0.8959562125 0.83227168125 0.89626286875 0.8381230265624999 0.902026084375 0.8427105031250001 0.9140918390625 0.8411002609375
0 0.82712181875 0.84663606875 0.8316301703125 0.848355603125 0.8348836625 0.8472071921875 0.841288421875 0.8429599218750001 0.840777328125 0.83320768125 0.8373194046875 0.83045519375 0.8285071359374999 0.830917025 0.8232550156249999 0.8360817890625001 0.8235616718750001 0.8419331359375001 0.82712181875 0.84663606875
0 0.7643855296875001 0.85090184375 0.7686894453125 0.848720478125 0.7681783531249999 0.838968234375 0.7624151375 0.834380759375 0.7558059375 0.8347271328125 0.750553815625 0.839891896875 0.750962690625 0.8476936921875 0.75672590625 0.8522811703125001 0.7643855296875001 0.85090184375
0 0.6895834828125 0.8567778578125 0.695988246875 0.8525305859375001 0.6954771531249999 0.84277834375 0.6875108734375 0.8383063265624999 0.6831047390625 0.8385372421874999 0.6778526203124999 0.84370200625 0.6783637140625001 0.8534542484375001 0.6863299921875 0.857926265625 0.6895834828125 0.8567778578125
0 0.618983134375 0.858522059375 0.6230826109375001 0.8524397984375 0.62047066875 0.8447534640625 0.617012740625 0.8420009765625001 0.6060996265624999 0.844528715625 0.6029483546875001 0.8476275718749999 0.6033572296874999 0.8554293671875 0.60912044375 0.8600168437500001 0.618983134375 0.858522059375
0 0.6551521671875 0.8742287703124999 0.6593538640625 0.8700969562499999 0.6590472078125 0.8642456109375001 0.65328399375 0.8596581328124999 0.644471728125 0.8601199640624999 0.64132045625 0.8632188234375 0.64183155 0.8729710687500001 0.6474925421875 0.875608096875 0.6551521671875 0.8742287703124999
0 0.7278533656249999 0.8704186609375 0.7320550609375001 0.866286846875 0.7316461859375 0.858485053125 0.7258829734375001 0.8538975796875 0.719273771875 0.854243953125 0.7140216546875 0.859408715625 0.7144305296875 0.867210509375 0.7201937390625 0.8717979874999999 0.7278533656249999 0.8704186609375
0 0.8049606984375 0.8663776375 0.8090601734374999 0.860295375 0.8064482312499999 0.8526090375 0.8029903062500001 0.8498565546875 0.7941780374999999 0.8503183875 0.7889259171874999 0.8554831484375001 0.789334790625 0.8632849437499999 0.79509800625 0.867872421875 0.8049606984375 0.8663776375
0 0.8791494296875 0.8487989296875 0.8669814562499999 0.8484587234375001 0.8617293343749999 0.853623490625 0.862035990625 0.8594748359375 0.8677992046874999 0.8640623125 0.87766189375 0.862567528125 0.881863590625 0.858435715625 0.8791494296875 0.8487989296875
0 0.952566159375 0.8586419624999999 0.9566656375000001 0.8525596999999999 0.9541559140625001 0.8468238124999999 0.9506979859375001 0.8440713265625 0.939682653125 0.8446486156249999 0.9366336015625001 0.8496979250000001 0.93694025625 0.8555492687499999 0.9427034703125001 0.8601367468750001 0.952566159375 0.8586419624999999
0 0.9160339937499999 0.878158778125 0.9202356921874999 0.87402696875 0.91762375 0.8663406312499999 0.9141658203125 0.86358814375 0.90535355625 0.864049975 0.9022022828124999 0.8671488359374999 0.9027133765625001 0.8769010796875 0.9061713062500001 0.8796535625 0.9160339937499999 0.878158778125
0 0.8413341703125001 0.8859852421875001 0.8454336437500001 0.8799029828125 0.8451269874999999 0.8740516359375 0.839363778125 0.8694641593749999 0.830551509375 0.8699259921875001 0.8274002375 0.87302485 0.8256060453125 0.880942103125 0.8336745437499999 0.88736456875 0.8413341703125001 0.8859852421875001
0 0.7552101312499999 0.8865871984375 0.7608711265625 0.889224228125 0.7685307515625001 0.8878448999999999 0.7726302281249999 0.8817626421875 0.772425790625 0.8778617453124999 0.7688656453125 0.8731588109375 0.762154225 0.871554734375 0.7546990375 0.8768349593749999 0.7528026265625 0.8828017640624999 0.7552101312499999 0.8865871984375
0 0.6937287046875 0.8937209156250001 0.695829553125 0.8916550093750001 0.695216240625 0.8799523203125 0.6850468937499999 0.8755957578125001 0.679794775 0.880760525 0.6780005828125 0.888677778125 0.6804080875 0.8924632140625001 0.6860690796875 0.8951002421875 0.6937287046875 0.8937209156250001
0 0.6188244390625 0.8976464828124999 0.6209252875 0.895580575 0.6204141953125 0.885828334375 0.616956265625 0.8830758484375 0.608144 0.8835376796875 0.6049927281249999 0.8866365390625001 0.605503821875 0.8963887796875 0.6111648171875 0.8990258093750001 0.6188244390625 0.8976464828124999
0 0.6528926234375 0.9154190984374999 0.6583491828125 0.9141552296875 0.6613982375 0.9091059203125 0.6611938 0.9052050265625 0.655328365625 0.8986671015625 0.648719165625 0.899013475 0.6434670484375 0.9041782406250001 0.643875921875 0.9119800328125001 0.6528926234375 0.9154190984374999
0 0.720035046875 0.9109224109375 0.7245433984375 0.9126419421874999 0.7299999578125 0.9113780734375 0.7364047203124999 0.9071308046875 0.7359958453125001 0.8993290125 0.7302326328125 0.894741534375 0.72362343125 0.8950879078125 0.7182690921875 0.8983022249999999 0.7164749031250001 0.906219475 0.720035046875 0.9109224109375
0 0.8048020046875 0.905502059375 0.8090036984375001 0.9013702453124999 0.8086970421874999 0.8955189046875001 0.8029338296875 0.8909314265624999 0.7941215625 0.8913932578124999 0.7888694421875 0.896558025 0.789176096875 0.9024093671875001 0.7949393125 0.90699684375 0.8048020046875 0.905502059375
0 0.8797062671875 0.90157649375 0.8839079640625 0.8974446796875 0.8836013078124999 0.8915933375 0.87783809375 0.8870058593750001 0.8712288953125 0.8873522328125001 0.865976775 0.892517 0.86638565 0.9003187921875 0.869843578125 0.9030712781249999 0.8797062671875 0.90157649375
0 0.9524074656250001 0.8977663843749999 0.9566091625 0.893634571875 0.9562002875 0.8858327796875001 0.9537927828124999 0.882047340625 0.9481317875 0.8794103124999999 0.9384735375 0.88480599375 0.9389846296875 0.894558234375 0.9447478437499999 0.8991457109375001 0.9524074656250001 0.8977663843749999
0 0.6230718796875 0.9365399921875 0.6271713578125 0.9304577296875 0.6245594156250001 0.9227713968750001 0.6188984203125 0.9201343671875 0.612289221875 0.920480740625 0.60913795 0.9235796015625001 0.6097512625 0.9352822890624999 0.613209190625 0.9380347765625 0.6230718796875 0.9365399921875
0 0.6979761453125 0.9326144265625 0.70007699375 0.93054851875 0.6994636812499999 0.9188458296875 0.6938026859375 0.9162088015625001 0.6850926375 0.9186210828125001 0.6819413671875 0.9217199375 0.6846555249999999 0.9313567234375 0.6881134531249999 0.9341092109375 0.6979761453125 0.9326144265625
0 0.7684742765625 0.928919775 0.7726759734375 0.9247879625 0.7722671 0.9169861671874999 0.7665038843749999 0.9123986921875 0.7598946843750001 0.912745065625 0.7546425625000001 0.9179098296875001 0.7550514374999999 0.9257116249999999 0.76301771875 0.9301836437500001 0.7684742765625 0.928919775
0 0.8454793875 0.9229283015625 0.8475802359375001 0.9208623953125 0.8470691421875 0.91111015625 0.8414081515625 0.9084731265625001 0.8347989484375 0.9088195000000001 0.8295468296875 0.9139842640625 0.829955703125 0.9217860578125 0.83341363125 0.92453854375 0.8454793875 0.9229283015625
0 0.9159775187499999 0.9192336515624999 0.920179215625 0.9151018390625 0.9197703421875 0.9073000468749999 0.9140071265625 0.9027125703125 0.909600996875 0.9029434859375 0.9021458078125001 0.9082237093750001 0.9025546828125 0.9160255015625 0.9105209640625 0.9204975203125001 0.9159775187499999 0.9192336515624999