0 0.07265625 0.15234375 0.0578125 0.0484375
0 0.14296875 0.14609375 0.0578125 0.046875
0 0.21640625 0.1390625 0.0578125 0.0484375
0 0.28671875 0.12890625 0.0609375 0.0484375
0 0.3609375 0.1203125 0.0578125 0.0484375
0 0.4359375 0.11640625 0.0625 0.05625
0 0.50703125 0.10703125 0.053125 0.05
0 0.578125 0.10078125 0.0578125 0.0515625
0 0.65234375 0.0890625 0.0625 0.0546875
0 0.71875 0.08359375 0.0609375 0.053125
0 0.81796875 0.06953125 0.0640625 0.0515625
0 0.834375 0.128125 0.0625 0.053125
0 0.765625 0.13046875 0.0609375 0.0515625
0 0.69296875 0.13984375 0.059375 0.0515625
0 0.6203125 0.14921875 0.0609375 0.0515625
0 0.55078125 0.15625 0.053125 0.0484375
0 0.4734375 0.16328125 0.05625 0.0484375
0 0.40546875 0.16953125 0.0625 0.053125
0 0.3328125 0.17890625 0.06875 0.053125
0 0.25625 0.18515625 0.0609375 0.046875
0 0.1875 0.1953125 0.0640625 0.0515625
0 0.11484375 0.2015625 0.0640625 0.0546875
0 0.084375 0.26171875 0.0578125 0.053125
0 0.15625 0.24921875 0.0609375 0.0515625
0 0.225 0.24140625 0.0609375 0.0515625
0 0.2984375 0.234375 0.0609375 0.0515625
0 0.36953125 0.228125 0.05625 0.0515625
0 0.44296875 0.21796875 0.0609375 0.0515625
0 0.515625 0.2125 0.059375 0.05
0 0.58984375 0.203125 0.059375 0.0484375
0 0.66171875 0.1953125 0.05625 0.0484375
0 0.73125 0.1875 0.0625 0.053125
0 0.80625 0.18671875 0.06875 0.053125
0 0.8484375 0.2375 0.065625 0.05625
0 0.77265625 0.2421875 0.05625 0.0484375
0 0.7 0.246875 0.0609375 0.0484375
0 0.628125 0.25546875 0.0578125 0.053125
0 0.55625 0.259375 0.059375 0.05
0 0.4859375 0.26640625 0.0578125 0.05
0 0.4109375 0.2765625 0.0578125 0.046875
0 0.33984375 0.28359375 0.0546875 0.0484375
0 0.26953125 0.2890625 0.0609375 0.053125
0 0.19765625 0.29765625 0.0578125 0.0515625
0 0.12421875 0.309375 0.0640625 0.0515625
0 0.0890625 0.36328125 0.059375 0.0484375
0 0.15625 0.35703125 0.0609375 0.05
0 0.23359375 0.34765625 0.0625 0.0484375
0 0.30625 0.34140625 0.0609375 0.0515625
0 0.38359375 0.3328125 0.059375 0.0515625
0 0.45625 0.325 0.0640625 0.053125
0 0.52734375 0.3171875 0.0625 0.0515625
0 0.603125 0.31015625 0.0640625 0.0546875
0 0.67265625 0.30546875 0.0625 0.053125
0 0.7484375 0.3 0.0625 0.053125
0 0.82109375 0.29609375 0.065625 0.0546875
0 0.8640625 0.3421875 0.0640625 0.0515625
0 0.7890625 0.35 0.065625 0.05625
0 0.71640625 0.35625 0.0671875 0.0546875
0 0.64140625 0.36171875 0.065625 0.053125
0 0.57265625 0.36875 0.0640625 0.05625
0 0.4984375 0.37578125 0.0640625 0.053125
0 0.4234375 0.38203125 0.0578125 0.05
0 0.353125 0.39140625 0.0640625 0.0515625
0 0.2765625 0.3984375 0.0609375 0.05
0 0.20390625 0.4078125 0.0609375 0.0484375
0 0.13203125 0.415625 0.0625 0.053125
0 0.1015625 0.4703125 0.059375 0.0515625
0 0.17109375 0.4671875 0.0578125 0.05
0 0.24765625 0.45703125 0.065625 0.053125
0 0.32109375 0.446875 0.0640625 0.0515625
0 0.3953125 0.4421875 0.0625 0.05625
0 0.46328125 0.43515625 0.0671875 0.05625
0 0.5390625 0.428125 0.0609375 0.0546875
0 0.61015625 0.41640625 0.0640625 0.0515625
0 0.68515625 0.4140625 0.0625 0.0578125
0 0.75703125 0.40703125 0.065625 0.0578125
0 0.8328125 0.4 0.065625 0.053125
0 0.8765625 0.44921875 0.0703125 0.05625
0 0.8 0.45859375 0.0640625 0.053125
0 0.72734375 0.4640625 0.0625 0.0546875
0 0.65078125 0.47265625 0.0609375 0.05625
0 0.57890625 0.47734375 0.0609375 0.053125
0 0.50390625 0.4875 0.0640625 0.0578125
0 0.4328125 0.49296875 0.0578125 0.053125
0 0.3609375 0.50078125 0.065625 0.053125
0 0.28828125 0.50703125 0.0609375 0.05625
0 0.21484375 0.5140625 0.059375 0.0515625
0 0.14140625 0.51875 0.059375 0.0515625
0 0.11015625 0.57890625 0.0625 0.05625
0 0.184375 0.56953125 0.0625 0.05625
0 0.2578125 0.5625 0.0625 0.0515625
0 0.3296875 0.55703125 0.0625 0.053125
0 0.4015625 0.55 0.0640625 0.053125
0 0.475 0.54140625 0.0609375 0.0515625
0 0.5484375 0.53515625 0.0625 0.053125
0 0.62109375 0.5296875 0.0609375 0.0546875
0 0.696875 0.52265625 0.059375 0.0546875
0 0.7671875 0.5140625 0.0609375 0.05
0 0.8453125 0.50625 0.0640625 0.053125
0 0.8921875 0.55546875 0.0625 0.05625
0 0.8171875 0.56484375 0.0609375 0.0515625
0 0.73515625 0.57265625 0.0671875 0.05625
0 0.66171875 0.57890625 0.059375 0.053125
0 0.58828125 0.5875 0.0609375 0.0546875
0 0.5171875 0.59140625 0.0640625 0.0546875
0 0.44296875 0.59921875 0.0609375 0.0515625
0 0.371875 0.6046875 0.0640625 0.05
0 0.30234375 0.6125 0.059375 0.05
0 0.2234375 0.62265625 0.0625 0.0515625
0 0.14765625 0.6296875 0.0609375 0.05
0 0.12109375 0.68828125 0.0625 0.053125
0 0.19140625 0.68125 0.0609375 0.05
0 0.265625 0.67109375 0.0671875 0.0546875
0 0.33984375 0.6640625 0.0625 0.05625
0 0.4109375 0.65546875 0.059375 0.05625
0 0.4859375 0.64921875 0.0640625 0.053125
0 0.5578125 0.64453125 0.065625 0.0546875
0 0.63203125 0.63984375 0.065625 0.0515625
0 0.70703125 0.6328125 0.0640625 0.0546875
0 0.78125 0.62421875 0.0671875 0.053125
0 0.865625 0.6140625 0.06875 0.053125
0 0.90078125 0.665625 0.0640625 0.053125
0 0.8296875 0.671875 0.059375 0.053125
0 0.8765625 0.72578125 0.0609375 0.0515625
0 0.8 0.7328125 0.0625 0.0515625
0 0.75546875 0.684375 0.059375 0.0484375
0 0.6734375 0.690625 0.0578125 0.053125
0 0.71953125 0.73984375 0.0625 0.0546875
0 0.7640625 0.79140625 0.0609375 0.0546875
0 0.60390625 0.69609375 0.0625 0.0546875
0 0.5265625 0.70078125 0.059375 0.053125
0 0.4515625 0.70859375 0.0609375 0.053125
0 0.3796875 0.71328125 0.0609375 0.0546875
0 0.30390625 0.725 0.0625 0.053125
0 0.23125 0.7328125 0.0578125 0.0515625
0 0.15703125 0.73984375 0.0671875 0.053125
0 0.1265625 0.79609375 0.0578125 0.0578125
0 0.203125 0.79375 0.0625 0.0515625
0 0.27421875 0.784375 0.0625 0.05625
0 0.34765625 0.77734375 0.05625 0.05
0 0.41875 0.7703125 0.059375 0.053125
0 0.4984375 0.7640625 0.0625 0.0546875
0 0.57109375 0.759375 0.065625 0.05625
0 0.64453125 0.7515625 0.065625 0.0515625
0 0.6890625 0.79765625 0.0640625 0.0546875
0 0.6109375 0.81015625 0.0625 0.053125
0 0.53984375 0.81875 0.0640625 0.05
0 0.46484375 0.81875 0.065625 0.0546875
0 0.3875 0.82890625 0.0640625 0.0546875