0 0.07109375 0.14609375 0.04375 0.0703125
0 0.0484375 0.30078125 0.04375 0.071875
0 0.053125 0.478125 0.0390625 0.065625
0 0.04609375 0.6484375 0.0421875 0.0671875
0 0.0859375 0.5578125 0.05 0.065625
0 0.10234375 0.40703125 0.04375 0.0625
0 0.13828125 0.3203125 0.0453125 0.0609375
0 0.1046875 0.23203125 0.0421875 0.0640625
0 0.14140625 0.1421875 0.046875 0.059375
0 0.21328125 0.14296875 0.040625 0.0578125
0 0.1765625 0.23828125 0.0453125 0.0625
0 0.21171875 0.3234375 0.04375 0.0609375
0 0.17734375 0.41171875 0.04375 0.0640625
0 0.1375 0.4921875 0.0421875 0.0578125
0 0.28125 0.14921875 0.046875 0.065625
0 0.35078125 0.146875 0.0421875 0.05
0 0.315625 0.23671875 0.0375 0.0546875
0 0.25 0.23359375 0.0421875 0.0578125
0 0.28359375 0.3171875 0.0375 0.053125
0 0.35 0.31953125 0.0453125 0.0625
0 0.38515625 0.2359375 0.0453125 0.0609375
0 0.2484375 0.4109375 0.0453125 0.0578125
0 0.2125 0.490625 0.040625 0.0546875
0 0.17578125 0.57578125 0.0421875 0.053125
0 0.12109375 0.640625 0.0390625 0.0546875
0 0.209375 0.659375 0.0421875 0.0515625
0 0.24453125 0.5765625 0.0484375 0.059375
0 0.28203125 0.49296875 0.04375 0.0609375
0 0.31796875 0.40859375 0.0421875 0.0578125
0 0.41875 0.14609375 0.0390625 0.053125
0 0.48671875 0.1515625 0.046875 0.0671875
0 0.45234375 0.23359375 0.04375 0.0546875
0 0.4203125 0.31953125 0.0453125 0.0578125
0 0.3859375 0.40546875 0.046875 0.059375
0 0.3515625 0.49140625 0.0390625 0.053125
0 0.315625 0.57890625 0.04375 0.0578125
0 0.28203125 0.66171875 0.0390625 0.0578125
0 0.34921875 0.6625 0.04375 0.0515625
0 0.3828125 0.5765625 0.0453125 0.059375
0 0.42109375 0.49296875 0.046875 0.0578125
0 0.4515625 0.403125 0.046875 0.0546875
0 0.4890625 0.315625 0.040625 0.0578125
0 0.52265625 0.234375 0.046875 0.065625
0 0.55546875 0.15 0.046875 0.059375
0 0.6265625 0.14375 0.0359375 0.059375
0 0.58984375 0.23125 0.040625 0.0578125
0 0.5578125 0.31640625 0.0421875 0.05625
0 0.52265625 0.40078125 0.0421875 0.0578125
0 0.4875 0.48828125 0.0484375 0.0578125
0 0.4546875 0.57578125 0.0453125 0.059375
0 0.42109375 0.6625 0.040625 0.053125
0 0.4875 0.659375 0.0484375 0.0578125
0 0.52265625 0.5734375 0.0453125 0.053125
0 0.55703125 0.48515625 0.0453125 0.0546875
0 0.5921875 0.4 0.0453125 0.05625
0 0.625 0.31484375 0.040625 0.0546875
0 0.65859375 0.22890625 0.04375 0.05625
0 0.6921875 0.140625 0.040625 0.053125
0 0.76328125 0.13046875 0.04375 0.0546875
0 0.72265625 0.2265625 0.0484375 0.065625
0 0.69453125 0.309375 0.040625 0.0625
0 0.65859375 0.39765625 0.0421875 0.0546875
0 0.628125 0.48046875 0.0421875 0.053125
0 0.58984375 0.57109375 0.04375 0.0546875
0 0.5578125 0.6546875 0.04375 0.059375
0 0.62578125 0.6578125 0.0453125 0.05
0 0.66015625 0.571875 0.0421875 0.0578125
0 0.6953125 0.48359375 0.0484375 0.0609375
0 0.725 0.3984375 0.046875 0.0625
0 0.7609375 0.3109375 0.04375 0.05625
0 0.7984375 0.22109375 0.040625 0.05625
0 0.8296875 0.1328125 0.04375 0.0609375
0 0.90078125 0.13125 0.0421875 0.059375
0 0.86875 0.21875 0.04375 0.0640625
0 0.83515625 0.31015625 0.0421875 0.0609375
0 0.8 0.39765625 0.04375 0.053125
0 0.76328125 0.48046875 0.0453125 0.0671875
0 0.7296875 0.5671875 0.04375 0.0609375
0 0.69921875 0.65390625 0.0484375 0.065625
0 0.76640625 0.653125 0.0421875 0.0578125
0 0.803125 0.5671875 0.04375 0.0609375
0 0.83359375 0.48203125 0.05 0.0625
0 0.86875 0.39765625 0.0453125 0.0671875
0 0.9390625 0.21796875 0.0484375 0.05625
0 0.93984375 0.31953125 0.0453125 0.0625
0 0.9390625 0.41640625 0.04375 0.065625
0 0.9296875 0.51875 0.0453125 0.0625
0 0.871875 0.5671875 0.040625 0.059375
0 0.9421875 0.6140625 0.0453125 0.0546875
0 0.8390625 0.65390625 0.0390625 0.0578125
0 0.8 0.74375 0.0390625 0.059375
0 0.771875 0.83125 0.040625 0.065625
0 0.8328125 0.87734375 0.040625 0.0546875
0 0.86875 0.78125 0.0375 0.0578125
0 0.90234375 0.69765625 0.04375 0.0578125
0 0.9421875 0.7859375 0.046875 0.0671875
0 0.91484375 0.865625 0.04375 0.046875
0 0.66328125 0.74765625 0.040625 0.0671875
0 0.73046875 0.7421875 0.0375 0.0640625
0 0.69921875 0.83515625 0.04375 0.0625
0 0.63125 0.83125 0.0375 0.0578125
0 0.5953125 0.746875 0.0421875 0.0625
0 0.52421875 0.74921875 0.0421875 0.059375
0 0.45234375 0.74921875 0.0421875 0.065625
0 0.384375 0.74765625 0.0390625 0.059375
0 0.4203125 0.83359375 0.0453125 0.0609375
0 0.4921875 0.83515625 0.04375 0.059375
0 0.5578125 0.834375 0.04375 0.0671875
0 0.5921875 0.91875 0.0421875 0.053125
0 0.665625 0.9203125 0.0453125 0.0640625
0 0.52578125 0.925 0.0421875 0.0625
0 0.4546875 0.9203125 0.0453125 0.0609375
0 0.3890625 0.92421875 0.0484375 0.0625
0 0.31328125 0.92421875 0.0484375 0.0703125
0 0.23671875 0.92890625 0.0421875 0.0640625
0 0.15625 0.9359375 0.0484375 0.0671875
0 0.3515625 0.83828125 0.04375 0.065625
0 0.278125 0.83671875 0.0453125 0.065625
0 0.2015625 0.83828125 0.0390625 0.065625
0 0.315625 0.75078125 0.04375 0.0640625
0 0.2453125 0.7484375 0.046875 0.05625
0 0.1703125 0.7421875 0.0484375 0.0671875
0 0.0890625 0.74453125 0.046875 0.0640625
0 0.12421875 0.83671875 0.0484375 0.059375
0 0.04296875 0.83203125 0.0421875 0.0640625
0 0.08203125 0.92890625 0.0421875 0.0578125