0 0.0908203125 0.094272440625 0.08203124843750001 0.1057380078125 0.078125 0.115929621875 0.078125 0.13376495 0.08007812656249999 0.1439565640625 0.0908203125 0.1579700375 0.09472656093750001 0.1605179375 0.11132812656249999 0.1592439875 0.1269531265625 0.14650446875 0.130859375 0.1363128515625 0.130859375 0.115929621875 0.1162109375 0.091724534375 0.1025390625 0.089176634375 0.0908203125 0.094272440625
0 0.1005859375 0.18090116875 0.09277343906249999 0.1859969796875 0.083984375 0.19746254375 0.08203124843750001 0.2051062546875 0.08203124843750001 0.230585296875 0.083984375 0.23568110312499999 0.0908203125 0.24714667031249998 0.09863281406249999 0.252242478125 0.10742187343750001 0.2509685265625 0.12011718593750001 0.24714667031249998 0.130859375 0.23313319687499998 0.134765625 0.22039367968749998 0.130859375 0.19491464218750001 0.1162109375 0.18090116875 0.1005859375 0.18090116875
0 0.1259765609375 0.2777215140625 0.12011718593750001 0.2726257078125 0.1064453125 0.270077803125 0.0966796875 0.2751736125 0.08593750156249999 0.2866391765625 0.083984375 0.29173498750000004 0.083984375 0.317214025 0.087890625 0.32995354374999997 0.0966796875 0.33887120625 0.11718750156249999 0.3375972546875 0.12402343906249999 0.3337753984375 0.130859375 0.3248577359375 0.1367187515625 0.3095703125 0.1367187515625 0.2993786953125 0.1328124984375 0.2866391765625 0.1259765609375 0.2777215140625
0 0.10839843906249999 0.356706534375 0.09472656093750001 0.3643502421875 0.08984375156249999 0.373267909375 0.08984375156249999 0.41403437031249996 0.1005859375 0.42804783906250005 0.11132812656249999 0.4267738890625 0.1259765609375 0.42040412812500005 0.1328124984375 0.411486465625 0.1367187515625 0.403842753125 0.1367187515625 0.37836371562500004 0.1259765609375 0.36180234218749996 0.10839843906249999 0.356706534375
0 0.1259765609375 0.44843107031249996 0.10839843906249999 0.4458831640625 0.09863281406249999 0.45097897500000006 0.09179687343750001 0.4598966375 0.08984375156249999 0.47008825156249995 0.09179687343750001 0.5032110000000001 0.1025390625 0.5172244734375 0.115234375 0.515950521875 0.1259765609375 0.5121286671874999 0.1367187515625 0.49811519375 0.140625 0.48537567499999995 0.140625 0.4751840625 0.1367187515625 0.46244453906249994 0.1259765609375 0.44843107031249996
0 0.10449218593750001 0.5376077031250001 0.0966796875 0.5427035109375 0.09179687343750001 0.5516211734375001 0.09375 0.592387634375 0.1025390625 0.6038532015625 0.125 0.6025792515624999 0.140625 0.5821960203125001 0.1425781265625 0.5669085968750001 0.1386718734375 0.5516211734375001 0.1279296875 0.5376077031250001 0.1181640625 0.5350597984375 0.10449218593750001 0.5376077031250001
0 0.1708984390625 0.1324909953125 0.1572265609375 0.1324909953125 0.1494140625 0.13758680625 0.140625 0.149052375 0.1367187515625 0.1770793125 0.1386718734375 0.18472302499999999 0.1474609375 0.1961885921875 0.1552734390625 0.20128439843749998 0.171875 0.2000104484375 0.1787109375 0.1961885921875 0.1855468734375 0.1872709296875 0.1894531265625 0.1770793125 0.1894531265625 0.1566960828125 0.1787109375 0.13758680625 0.1708984390625 0.1324909953125
0 0.2099609375 0.07898501718749999 0.2021484390625 0.0840808265625 0.193359375 0.095546390625 0.1894531265625 0.10828591406250002 0.1894531265625 0.1235733328125 0.193359375 0.13376495 0.2060546875 0.1477784203125 0.2119140625 0.150326325 0.2226562484375 0.149052375 0.2333984390625 0.1426826125 0.2421875015625 0.1312170453125 0.244140625 0.10828591406250002 0.240234375 0.0929984890625 0.2294921859375 0.081532921875 0.2099609375 0.07898501718749999
0 0.1572265609375 0.224215534375 0.1494140625 0.2293113421875 0.140625 0.2433248140625 0.1386718734375 0.2637080453125 0.1425781265625 0.27644756406250004 0.1533203125 0.2904610328125 0.1572265609375 0.2930089375 0.171875 0.29173498750000004 0.1826171859375 0.2853652265625 0.1894531265625 0.27389965781250003 0.1914062484375 0.26880385156250003 0.1914062484375 0.24587271562500002 0.1748046875 0.224215534375 0.1572265609375 0.224215534375
0 0.1767578140625 0.31339216875 0.1611328140625 0.31339216875 0.1552734390625 0.3159400734375 0.1445312484375 0.32995354374999997 0.140625 0.35033677343749997 0.1445312484375 0.365624196875 0.1533203125 0.3796376671875 0.1572265609375 0.382185571875 0.1699218734375 0.3809116171875 0.1806640625 0.3770897609375 0.1914062484375 0.36307629218750004 0.193359375 0.3579804859375 0.193359375 0.33504934999999997 0.1845703125 0.318487975 0.1767578140625 0.31339216875
0 0.1826171859375 0.402568803125 0.1591796875 0.402568803125 0.1552734390625 0.40511670312500003 0.1445312484375 0.42167807812499997 0.1425781265625 0.4318696953125 0.1425781265625 0.442061309375 0.1484375015625 0.4598966375 0.1591796875 0.47136220624999997 0.1699218734375 0.47008825156249995 0.1767578140625 0.4688143 0.1884765609375 0.45862268281249996 0.1953124984375 0.442061309375 0.1953124984375 0.4242259828125 0.1914062484375 0.41403437031249996 0.1826171859375 0.402568803125
0 0.1630859375 0.49174543593750003 0.1484375015625 0.5057589046875 0.1445312484375 0.5184984234375001 0.1445312484375 0.528690040625 0.1484375015625 0.541429559375 0.1572265609375 0.555443028125 0.1611328140625 0.557990934375 0.1796875015625 0.5567169828125 0.1865234390625 0.5528951281250001 0.193359375 0.5439774609375 0.197265625 0.5337858484375 0.197265625 0.5108547125 0.1826171859375 0.49174543593750003 0.1630859375 0.49174543593750003
0 0.1523437515625 0.5898397328125 0.146484375 0.6051271515625001 0.146484375 0.6178666749999999 0.1523437515625 0.635702 0.1572265609375 0.6420717609375 0.1650390625 0.6471675671875 0.1796875015625 0.6458936125 0.1865234390625 0.6420717609375 0.1992187515625 0.62296248125 0.1992187515625 0.6000313453125 0.1865234390625 0.580922065625 0.1669921859375 0.5783741640625 0.1523437515625 0.5898397328125
0 0.2373046875 0.18090116875 0.2333984390625 0.1783532671875 0.2138671859375 0.1783532671875 0.2011718734375 0.1923667359375 0.197265625 0.2025583546875 0.197265625 0.22548948593749998 0.2099609375 0.244598765625 0.2138671859375 0.24714667031249998 0.228515625 0.24587271562500002 0.2373046875 0.242050859375 0.2460937515625 0.230585296875 0.25 0.22039367968749998 0.25 0.2051062546875 0.2460937515625 0.1923667359375 0.2373046875 0.18090116875
0 0.2158203125 0.2675299015625 0.2060546875 0.2751736125 0.2011718734375 0.28409127500000003 0.2011718734375 0.31466611875 0.2050781265625 0.3248577359375 0.2138671859375 0.3337753984375 0.224609375 0.33504934999999997 0.2373046875 0.33122749375 0.2480468734375 0.317214025 0.25 0.3095703125 0.25 0.2866391765625 0.2353515609375 0.2675299015625 0.2158203125 0.2675299015625
0 0.2333984390625 0.356706534375 0.2197265609375 0.356706534375 0.2119140625 0.36180234218749996 0.203125 0.3758158109375 0.2011718734375 0.4012948484375 0.2050781265625 0.411486465625 0.2158203125 0.4229520328125 0.2363281265625 0.42167807812499997 0.2451171859375 0.4153083203125 0.25 0.40639065781249994 0.2539062484375 0.393651140625 0.2539062484375 0.3809116171875 0.2431640625 0.36180234218749996 0.2333984390625 0.356706534375
0 0.2431640625 0.4458831640625 0.2373046875 0.4433352640625 0.2177734390625 0.4458831640625 0.2070312484375 0.4573487328125 0.203125 0.46754035 0.203125 0.4879235796875 0.2109375015625 0.5083068109375 0.2138671859375 0.5121286671874999 0.2226562484375 0.5134026171875 0.2333984390625 0.5121286671874999 0.2412109375 0.50703285625 0.2539062484375 0.49047148125 0.255859375 0.48027986875 0.2539062484375 0.46244453906249994 0.2431640625 0.4458831640625
0 0.2353515609375 0.5299639921875 0.2236328140625 0.5299639921875 0.208984375 0.5439774609375 0.2050781265625 0.5541690781249999 0.2050781265625 0.5771002140625 0.2158203125 0.5962094890625 0.2197265609375 0.5987573953124999 0.2363281265625 0.5974834437500001 0.2412109375 0.5962094890625 0.2539062484375 0.579648115625 0.255859375 0.5541690781249999 0.2539062484375 0.546525365625 0.2451171859375 0.5350597984375 0.2353515609375 0.5299639921875
0 0.2412109375 0.619140625 0.2255859375 0.619140625 0.2158203125 0.6242364328125001 0.208984375 0.635702 0.2050781265625 0.6458936125 0.2050781265625 0.6611810375 0.2109375015625 0.6764684609375 0.2177734390625 0.6853861234374999 0.2216796875 0.687934028125 0.2363281265625 0.6866600734375 0.2451171859375 0.682838221875 0.255859375 0.6688247484375001 0.2578124984375 0.6433457125 0.2539062484375 0.63060619375 0.2490234390625 0.6242364328125001 0.2412109375 0.619140625
0 0.2705078140625 0.1273951890625 0.2626953125 0.1324909953125 0.255859375 0.1439565640625 0.2519531265625 0.1566960828125 0.2519531265625 0.16943560468750002 0.2626953125 0.1910927859375 0.2724609375 0.1961885921875 0.2851562484375 0.19491464218750001 0.2939453125 0.1910927859375 0.302734375 0.17962721875 0.306640625 0.16433979375000002 0.3046875015625 0.14650446875 0.2939453125 0.12994309531249998 0.2705078140625 0.1273951890625
0 0.2763671859375 0.219119728125 0.2646484390625 0.226763440625 0.2578124984375 0.23822900468750002 0.255859375 0.2637080453125 0.2578124984375 0.27389965781250003 0.2685546875 0.2853652265625 0.2744140625 0.28791313125 0.287109375 0.2866391765625 0.302734375 0.27644756406250004 0.306640625 0.26880385156250003 0.3085937515625 0.24842062187499997 0.3046875015625 0.23313319687499998 0.2939453125 0.219119728125 0.2763671859375 0.219119728125
0 0.2763671859375 0.30829636250000003 0.2617187515625 0.32230983125 0.2578124984375 0.33504934999999997 0.2578124984375 0.35033677343749997 0.2617187515625 0.36307629218750004 0.2666015609375 0.369446053125 0.2744140625 0.374541859375 0.291015625 0.373267909375 0.3046875015625 0.36307629218750004 0.3085937515625 0.3528846796875 0.3085937515625 0.32740563749999996 0.302734375 0.31466611875 0.2958984390625 0.30829636250000003 0.2763671859375 0.30829636250000003
0 0.2880859375 0.3974729953125 0.2744140625 0.400020896875 0.2675781265625 0.40639065781249994 0.259765625 0.42167807812499997 0.2617187515625 0.44970502031250004 0.2744140625 0.46626639531249997 0.2929687515625 0.46499244375000004 0.2998046875 0.4611705890625 0.306640625 0.4522529265625 0.3105468734375 0.442061309375 0.3105468734375 0.4191301765625 0.2958984390625 0.400020896875 0.2880859375 0.3974729953125
0 0.2841796875 0.48410172500000004 0.2744140625 0.48919753125 0.265625 0.5006630984375 0.2617187515625 0.5134026171875 0.2617187515625 0.528690040625 0.265625 0.5388816546874999 0.2763671859375 0.5528951281250001 0.2949218734375 0.5516211734375001 0.3017578140625 0.5477993171875 0.3105468734375 0.536333753125 0.3125 0.5057589046875 0.3017578140625 0.48919753125 0.2919921859375 0.48410172500000004 0.2841796875 0.48410172500000004
0 0.2998046875 0.5732783578125 0.2802734390625 0.5732783578125 0.265625 0.592387634375 0.2636718734375 0.6127708640625 0.2695312484375 0.63060619375 0.2763671859375 0.6395238562500001 0.2822265609375 0.6420717609375 0.2949218734375 0.6407978062499999 0.3056640625 0.63442805 0.3125 0.62296248125 0.3144531265625 0.6178666749999999 0.3144531265625 0.5949355390625 0.3105468734375 0.584743921875 0.2998046875 0.5732783578125
0 0.3271484390625 0.073889209375 0.3212890625 0.076437115625 0.306640625 0.095546390625 0.306640625 0.1210254328125 0.3144531265625 0.1363128515625 0.3212890625 0.1426826125 0.3251953125 0.14523051874999998 0.3398437515625 0.1439565640625 0.3466796875 0.14013470781249998 0.3554687515625 0.12866914375 0.359375 0.11847752656249999 0.359375 0.0929984890625 0.3427734390625 0.073889209375 0.3271484390625 0.073889209375
0 0.3251953125 0.17325745625 0.3125 0.1923667359375 0.3105468734375 0.2000104484375 0.3125 0.22039367968749998 0.3232421859375 0.23695505312499998 0.3291015609375 0.239502959375 0.3457031265625 0.23822900468750002 0.359375 0.22548948593749998 0.3632812484375 0.2127499671875 0.3632812484375 0.19491464218750001 0.3525390625 0.17325745625 0.3466796875 0.17070955625 0.3251953125 0.17325745625
0 0.3330078140625 0.262434090625 0.3164062484375 0.28409127500000003 0.3164062484375 0.3070224078125 0.3203124984375 0.317214025 0.3330078140625 0.3286795921875 0.349609375 0.32740563749999996 0.3632812484375 0.31466611875 0.3671875015625 0.3019266015625 0.3671875015625 0.28409127500000003 0.3632812484375 0.27389965781250003 0.3525390625 0.262434090625 0.3330078140625 0.262434090625
0 0.3349609375 0.351610725 0.3271484390625 0.356706534375 0.3203124984375 0.3681720984375 0.318359375 0.396199040625 0.3291015609375 0.4153083203125 0.3349609375 0.417856221875 0.349609375 0.416582271875 0.365234375 0.403842753125 0.369140625 0.393651140625 0.369140625 0.373267909375 0.3632812484375 0.3605283875 0.3564453125 0.3541586296875 0.3349609375 0.351610725
0 0.322265625 0.4573487328125 0.318359375 0.46754035 0.318359375 0.4828277703125 0.322265625 0.49301938749999996 0.3330078140625 0.50703285625 0.3554687515625 0.5057589046875 0.369140625 0.4879235796875 0.369140625 0.4598966375 0.3583984390625 0.4433352640625 0.3505859375 0.4407873578125 0.3349609375 0.4433352640625 0.322265625 0.4573487328125
0 0.3349609375 0.5299639921875 0.3203124984375 0.5516211734375001 0.322265625 0.5821960203125001 0.3310546875 0.5962094890625 0.3554687515625 0.5949355390625 0.369140625 0.579648115625 0.3710937515625 0.572004403125 0.369140625 0.5439774609375 0.3583984390625 0.5299639921875 0.3525390625 0.5274160859375 0.3349609375 0.5299639921875
0 0.3544921859375 0.6140448187499999 0.3388671859375 0.6165927203125 0.3261718734375 0.63060619375 0.322265625 0.6433457125 0.322265625 0.6586331359375001 0.3310546875 0.6777424109375 0.3427734390625 0.682838221875 0.353515625 0.6815642671875 0.3603515609375 0.6802903171875 0.3710937515625 0.66627684375 0.3730468734375 0.6611810375 0.3730468734375 0.635702 0.3603515609375 0.6165927203125 0.3544921859375 0.6140448187499999
0 0.3974609375 0.1222993828125 0.3837890625 0.1248472875 0.369140625 0.1439565640625 0.3671875015625 0.15414818125000002 0.369140625 0.17198350625 0.3857421859375 0.1910927859375 0.4023437515625 0.18981883593749999 0.4091796875 0.1859969796875 0.4179687515625 0.17198350625 0.4199218734375 0.14650446875 0.416015625 0.1363128515625 0.4052734390625 0.1248472875 0.3974609375 0.1222993828125
0 0.3857421859375 0.21402391718749997 0.3710937515625 0.23568110312499999 0.3710937515625 0.26116014062500004 0.3779296875 0.2726257078125 0.3876953125 0.2802694203125 0.40625 0.278995465625 0.421875 0.26116014062500004 0.4238281265625 0.253516428125 0.421875 0.23313319687499998 0.4111328140625 0.21402391718749997 0.4052734390625 0.2114760171875 0.3857421859375 0.21402391718749997
0 0.3935546875 0.30574845625 0.3857421859375 0.3108442640625 0.3769531265625 0.32230983125 0.375 0.35033677343749997 0.3789062484375 0.3605283875 0.3896484390625 0.3719939546875 0.4101562484375 0.3707200046875 0.421875 0.3579804859375 0.4257812484375 0.34778886875000004 0.4257812484375 0.32995354374999997 0.421875 0.3197619265625 0.4130859375 0.30829636250000003 0.3935546875 0.30574845625
0 0.4150390625 0.3974729953125 0.4111328140625 0.39492509062500003 0.3935546875 0.39492509062500003 0.3769531265625 0.416582271875 0.3769531265625 0.43951340781250003 0.3857421859375 0.45607478125 0.3935546875 0.4611705890625 0.4082031265625 0.4598966375 0.4169921859375 0.45607478125 0.4238281265625 0.44715711875 0.427734375 0.4344176015625 0.427734375 0.4191301765625 0.4238281265625 0.40639065781249994 0.4150390625 0.3974729953125
0 0.4111328140625 0.48155381875 0.3935546875 0.48410172500000004 0.380859375 0.5006630984375 0.3789062484375 0.5083068109375 0.380859375 0.528690040625 0.384765625 0.5388816546874999 0.3935546875 0.5477993171875 0.4140624984375 0.546525365625 0.4257812484375 0.5337858484375 0.4296875015625 0.5235942296875 0.4296875015625 0.5057589046875 0.4238281265625 0.49047148125 0.4169921859375 0.48410172500000004 0.4111328140625 0.48155381875
0 0.3955078140625 0.570730453125 0.3828124984375 0.5872918265625 0.380859375 0.5949355390625 0.3828124984375 0.6204145765625 0.3867187515625 0.63060619375 0.3935546875 0.63697595 0.416015625 0.635702 0.4257812484375 0.6255103828124999 0.431640625 0.6102229625 0.4296875015625 0.5872918265625 0.4169921859375 0.570730453125 0.4111328140625 0.5681825468749999 0.3955078140625 0.570730453125
0 0.4423828140625 0.071341309375 0.4365234390625 0.073889209375 0.4257812484375 0.0879026828125 0.4238281265625 0.0929984890625 0.4238281265625 0.11847752656249999 0.4365234390625 0.13758680625 0.4443359375 0.1426826125 0.4570312484375 0.1414086625 0.4619140625 0.14013470781249998 0.474609375 0.1235733328125 0.4765624984375 0.11847752656249999 0.4765624984375 0.0929984890625 0.4599609375 0.071341309375 0.4423828140625 0.071341309375
0 0.4423828140625 0.16816165 0.4296875015625 0.1872709296875 0.427734375 0.19491464218750001 0.4296875015625 0.2127499671875 0.4462890625 0.2344071515625 0.462890625 0.23313319687499998 0.4716796875 0.226763440625 0.478515625 0.215297871875 0.4804687515625 0.2076541609375 0.478515625 0.1821751234375 0.4658203125 0.1656137484375 0.4423828140625 0.16816165
0 0.4677734390625 0.257338284375 0.4501953125 0.257338284375 0.4423828140625 0.262434090625 0.431640625 0.278995465625 0.431640625 0.30447450625 0.4335937515625 0.3095703125 0.4423828140625 0.32103588125 0.4521484390625 0.3261316875 0.4550781265625 0.3248577359375 0.4638671859375 0.32358378125 0.4736328140625 0.3159400734375 0.4824218734375 0.2993786953125 0.4824218734375 0.278995465625 0.478515625 0.26880385156250003 0.4677734390625 0.257338284375
0 0.4658203125 0.3490628234375 0.4521484390625 0.3490628234375 0.4443359375 0.3541586296875 0.4355468734375 0.3681720984375 0.4335937515625 0.393651140625 0.4375 0.403842753125 0.4501953125 0.4153083203125 0.4667968734375 0.41403437031249996 0.4716796875 0.41276041562500004 0.4804687515625 0.4012948484375 0.484375 0.3885553296875 0.484375 0.3707200046875 0.4736328140625 0.3541586296875 0.4658203125 0.3490628234375
0 0.4521484390625 0.43823945625 0.4375 0.4573487328125 0.4355468734375 0.46499244375000004 0.4375 0.4828277703125 0.4501953125 0.50193705 0.4541015609375 0.5044849546875 0.4667968734375 0.5032110000000001 0.4755859375 0.49938914375000004 0.484375 0.4879235796875 0.4863281265625 0.4598966375 0.4824218734375 0.44970502031250004 0.4716796875 0.43823945625 0.4521484390625 0.43823945625
0 0.4560546875 0.5248681859375 0.4501953125 0.5274160859375 0.4414062484375 0.5388816546874999 0.4355468734375 0.561812790625 0.4394531265625 0.5771002140625 0.4482421859375 0.5911136828125 0.46875 0.592387634375 0.4736328140625 0.5911136828125 0.4863281265625 0.574552309375 0.4882812484375 0.549073271875 0.4775390625 0.5299639921875 0.4697265609375 0.5248681859375 0.4560546875 0.5248681859375
0 0.4658203125 0.6089490078125 0.4541015609375 0.6114969140625 0.443359375 0.62296248125 0.4394531265625 0.6331540953125 0.4414062484375 0.6637289421875 0.4501953125 0.6777424109375 0.4765624984375 0.6764684609375 0.4863281265625 0.6637289421875 0.490234375 0.6535373250000001 0.490234375 0.63060619375 0.4833984390625 0.619140625 0.4736328140625 0.6114969140625 0.4658203125 0.6089490078125
0 0.5263671859375 0.119751478125 0.5107421859375 0.11465567031249999 0.4990234390625 0.119751478125 0.4882812484375 0.13376495 0.484375 0.15414818125000002 0.4882812484375 0.16943560468750002 0.4990234390625 0.1834490734375 0.5029296875 0.1859969796875 0.515625 0.18472302499999999 0.5244140625 0.18090116875 0.5332031265625 0.16943560468750002 0.537109375 0.1592439875 0.537109375 0.1414086625 0.5332031265625 0.12866914375 0.5263671859375 0.119751478125
0 0.5126953125 0.206380209375 0.5009765609375 0.2114760171875 0.4921875015625 0.222941584375 0.4882812484375 0.23313319687499998 0.4882812484375 0.24842062187499997 0.4921875015625 0.26116014062500004 0.5029296875 0.2751736125 0.5068359375 0.2777215140625 0.5195312484375 0.27644756406250004 0.53125 0.26880385156250003 0.537109375 0.258612234375 0.541015625 0.240776909375 0.537109375 0.222941584375 0.5263671859375 0.2089281109375 0.5126953125 0.206380209375
0 0.5029296875 0.3032005515625 0.4921875015625 0.317214025 0.490234375 0.34524096718749997 0.5068359375 0.3668981484375 0.5234375015625 0.365624196875 0.5322265609375 0.3592544359375 0.5390624984375 0.34778886875000004 0.541015625 0.34014515625 0.5390624984375 0.317214025 0.5283203125 0.30065265 0.5029296875 0.3032005515625
0 0.5087890625 0.3923771859375 0.5009765609375 0.3974729953125 0.494140625 0.411486465625 0.4921875015625 0.4191301765625 0.494140625 0.43951340781250003 0.5048828140625 0.45607478125 0.5273437515625 0.45480083125000004 0.541015625 0.43951340781250003 0.5429687515625 0.41403437031249996 0.5390624984375 0.403842753125 0.5263671859375 0.3923771859375 0.5205078140625 0.38982928437500003 0.5087890625 0.3923771859375
0 0.541015625 0.49047148125 0.5341796875 0.48155381875 0.5244140625 0.4764580125 0.5068359375 0.48155381875 0.4960937515625 0.49811519375 0.4960937515625 0.5235942296875 0.5 0.5337858484375 0.5087890625 0.5427035109375 0.521484375 0.5439774609375 0.5302734390625 0.5427035109375 0.5361328140625 0.5376077031250001 0.5449218734375 0.5235942296875 0.546875 0.5134026171875 0.5449218734375 0.49811519375 0.541015625 0.49047148125
0 0.5341796875 0.5656346453125 0.5166015609375 0.563086740625 0.5068359375 0.5681825468749999 0.5019531265625 0.574552309375 0.4980468734375 0.584743921875 0.4980468734375 0.6076750578125 0.5019531265625 0.6178666749999999 0.5126953125 0.6293322390625 0.525390625 0.63060619375 0.5322265609375 0.6293322390625 0.5449218734375 0.6153187703125 0.5488281265625 0.6051271515625001 0.5488281265625 0.5898397328125 0.5449218734375 0.579648115625 0.5341796875 0.5656346453125
0 0.5732421859375 0.06624549843750001 0.5556640625 0.068793403125 0.546875 0.07771106562499999 0.541015625 0.0929984890625 0.541015625 0.1108338140625 0.5556640625 0.1324909953125 0.5595703125 0.1350389015625 0.5761718734375 0.13376495 0.5830078140625 0.12994309531249998 0.59375 0.115929621875 0.5957031265625 0.10828591406250002 0.59375 0.085354778125 0.5810546875 0.068793403125 0.5732421859375 0.06624549843750001
0 0.5673828140625 0.1579700375 0.5488281265625 0.17198350625 0.5429687515625 0.19746254375 0.546875 0.21020206562500002 0.5576171859375 0.224215534375 0.5673828140625 0.2293113421875 0.5742187515625 0.228037390625 0.5849609375 0.22166762968749998 0.59375 0.2076541609375 0.5957031265625 0.1821751234375 0.5917968734375 0.17198350625 0.5830078140625 0.1605179375 0.5673828140625 0.1579700375
0 0.5615234390625 0.254790378125 0.5507812484375 0.266255946875 0.546875 0.27644756406250004 0.546875 0.29173498750000004 0.5507812484375 0.30447450625 0.5595703125 0.3159400734375 0.5693359375 0.32103588125 0.5742187515625 0.3197619265625 0.5888671859375 0.31339216875 0.599609375 0.29173498750000004 0.5976562484375 0.2713517578125 0.5849609375 0.254790378125 0.5791015609375 0.252242478125 0.5615234390625 0.254790378125
0 0.5634765609375 0.3465149171875 0.5507812484375 0.365624196875 0.552734375 0.391103234375 0.5634765609375 0.40511670312500003 0.5712890625 0.4102125140625 0.5800781265625 0.408938559375 0.5888671859375 0.40511670312500003 0.6015624984375 0.386007428125 0.599609375 0.3579804859375 0.5888671859375 0.3439670125 0.5830078140625 0.3414191109375 0.5634765609375 0.3465149171875
0 0.5830078140625 0.4305957453125 0.5654296875 0.4331436453125 0.556640625 0.442061309375 0.552734375 0.4522529265625 0.5507812484375 0.4598966375 0.552734375 0.4751840625 0.5634765609375 0.49174543593750003 0.5712890625 0.4968412421875 0.5859375015625 0.4955672921875 0.6015624984375 0.4751840625 0.603515625 0.46754035 0.6015624984375 0.4522529265625 0.5976562484375 0.442061309375 0.5888671859375 0.4331436453125 0.5830078140625 0.4305957453125
0 0.5634765609375 0.5248681859375 0.5546875015625 0.541429559375 0.556640625 0.5694565015624999 0.5712890625 0.5860178765625 0.583984375 0.584743921875 0.5888671859375 0.5834699718749999 0.6015624984375 0.5694565015624999 0.603515625 0.5388816546874999 0.5888671859375 0.519772378125 0.5712890625 0.519772378125 0.5634765609375 0.5248681859375
0 0.5888671859375 0.60640110625 0.5751953125 0.60640110625 0.5693359375 0.6089490078125 0.5585937515625 0.62296248125 0.556640625 0.6280582875 0.556640625 0.6509894234375 0.5712890625 0.6726466046875 0.5751953125 0.6751945109374999 0.587890625 0.6739205562499999 0.5927734390625 0.6726466046875 0.603515625 0.6611810375 0.6074218734375 0.6509894234375 0.6074218734375 0.6280582875 0.5966796875 0.6114969140625 0.5888671859375 0.60640110625
0 0.6162109375 0.1222993828125 0.6074218734375 0.13376495 0.603515625 0.1566960828125 0.6074218734375 0.16943560468750002 0.6181640625 0.1834490734375 0.6220703125 0.1859969796875 0.6386718734375 0.18472302499999999 0.6542968734375 0.1668877 0.65625 0.1414086625 0.6542968734375 0.13376495 0.6435546875 0.119751478125 0.6259765609375 0.1172035765625 0.6162109375 0.1222993828125
0 0.6435546875 0.206380209375 0.6259765609375 0.206380209375 0.6113281265625 0.22039367968749998 0.6074218734375 0.230585296875 0.6074218734375 0.24587271562500002 0.6113281265625 0.258612234375 0.6201171859375 0.270077803125 0.6318359375 0.2751736125 0.6386718734375 0.27389965781250003 0.6542968734375 0.26116014062500004 0.6582031265625 0.2509685265625 0.6582031265625 0.23313319687499998 0.6542968734375 0.21784577343749997 0.6474609375 0.2089281109375 0.6435546875 0.206380209375
0 0.6318359375 0.29555683906249997 0.6201171859375 0.30065265 0.6113281265625 0.31211821875 0.6074218734375 0.32230983125 0.6074218734375 0.33504934999999997 0.6113281265625 0.34778886875000004 0.6201171859375 0.3592544359375 0.6298828140625 0.3643502421875 0.6386718734375 0.36307629218750004 0.6542968734375 0.35033677343749997 0.6601562484375 0.33504934999999997 0.6601562484375 0.32230983125 0.6474609375 0.30065265 0.6396484390625 0.29555683906249997 0.6318359375 0.29555683906249997
0 0.6396484390625 0.3847334734375 0.6279296875 0.3847334734375 0.6132812484375 0.398746946875 0.6074218734375 0.4242259828125 0.609375 0.4318696953125 0.6220703125 0.44843107031249996 0.6259765609375 0.45097897500000006 0.640625 0.44970502031250004 0.6455078140625 0.44843107031249996 0.65625 0.4344176015625 0.6601562484375 0.4242259828125 0.6601562484375 0.408938559375 0.6513671859375 0.3923771859375 0.6396484390625 0.3847334734375
0 0.6279296875 0.47391010624999996 0.615234375 0.48537567499999995 0.6113281265625 0.4955672921875 0.6113281265625 0.5134026171875 0.6259765609375 0.5376077031250001 0.6318359375 0.5401556046875 0.6425781265625 0.5388816546874999 0.6494140625 0.5350597984375 0.6601562484375 0.5210463296875 0.662109375 0.4955672921875 0.6601562484375 0.4879235796875 0.6474609375 0.47391010624999996 0.6279296875 0.47391010624999996
0 0.6279296875 0.563086740625 0.615234375 0.579648115625 0.6132812484375 0.6051271515625001 0.6171875015625 0.6153187703125 0.6259765609375 0.6267843375 0.6298828140625 0.6293322390625 0.6484375015625 0.6280582875 0.6640624984375 0.6076750578125 0.666015625 0.5974834437500001 0.6640624984375 0.579648115625 0.6513671859375 0.563086740625 0.6455078140625 0.5605388390625 0.6279296875 0.563086740625
0 0.6601562484375 0.080258971875 0.6582031265625 0.090450584375 0.6601562484375 0.1133817203125 0.6650390625 0.1222993828125 0.6767578140625 0.1324909953125 0.693359375 0.1312170453125 0.7109375015625 0.10828591406250002 0.7109375015625 0.082806871875 0.7021484390625 0.068793403125 0.6943359375 0.063697596875 0.6708984390625 0.06624549843750001 0.6601562484375 0.080258971875
0 0.6845703125 0.1579700375 0.6708984390625 0.16816165 0.666015625 0.1770793125 0.6640624984375 0.2000104484375 0.6679687515625 0.2127499671875 0.6748046875 0.22166762968749998 0.6845703125 0.226763440625 0.697265625 0.22548948593749998 0.712890625 0.21020206562500002 0.7167968734375 0.2000104484375 0.7167968734375 0.17962721875 0.7060546875 0.16306584375 0.6982421859375 0.1579700375 0.6845703125 0.1579700375
0 0.7001953125 0.24969457187500002 0.6865234390625 0.24969457187500002 0.6748046875 0.257338284375 0.6679687515625 0.266255946875 0.666015625 0.29173498750000004 0.6699218734375 0.3019266015625 0.6787109375 0.31339216875 0.6884765609375 0.318487975 0.697265625 0.317214025 0.7021484390625 0.3159400734375 0.712890625 0.30447450625 0.7167968734375 0.2942828890625 0.7167968734375 0.2713517578125 0.7080078140625 0.254790378125 0.7001953125 0.24969457187500002
0 0.7001953125 0.3363233 0.6806640625 0.33887120625 0.666015625 0.3579804859375 0.666015625 0.3809116171875 0.6806640625 0.402568803125 0.6845703125 0.40511670312500003 0.6992187515625 0.403842753125 0.7041015609375 0.402568803125 0.7148437515625 0.391103234375 0.71875 0.37836371562500004 0.71875 0.3605283875 0.7060546875 0.33887120625 0.7001953125 0.3363233
0 0.6982421859375 0.425499934375 0.6806640625 0.4305957453125 0.671875 0.442061309375 0.6679687515625 0.4522529265625 0.6679687515625 0.46499244375000004 0.6738281265625 0.48027986875 0.6826171859375 0.49174543593750003 0.6923828140625 0.4968412421875 0.6953124984375 0.4955672921875 0.7041015609375 0.4942933375 0.7099609375 0.48919753125 0.7207031265625 0.47008825156249995 0.71875 0.4446092140625 0.7080078140625 0.4305957453125 0.6982421859375 0.425499934375
0 0.6826171859375 0.5172244734375 0.6738281265625 0.5261421359375 0.6699218734375 0.536333753125 0.6699218734375 0.559264884375 0.6845703125 0.580922065625 0.6884765609375 0.5834699718749999 0.703125 0.5821960203125001 0.7099609375 0.5783741640625 0.7207031265625 0.561812790625 0.7226562484375 0.5388816546874999 0.7167968734375 0.5261421359375 0.7060546875 0.5146765671875 0.6826171859375 0.5172244734375
0 0.6865234390625 0.6038532015625 0.6738281265625 0.6204145765625 0.671875 0.6433457125 0.6757812484375 0.6560852296874999 0.6884765609375 0.6726466046875 0.703125 0.6739205562499999 0.7080078140625 0.6726466046875 0.7226562484375 0.6535373250000001 0.724609375 0.63060619375 0.71875 0.6178666749999999 0.7080078140625 0.6038532015625 0.6865234390625 0.6038532015625
0 0.7607421859375 0.10701195937500001 0.7373046875 0.10446405781250001 0.7294921859375 0.1095598640625 0.7207031265625 0.1210254328125 0.71875 0.1439565640625 0.724609375 0.16179189375 0.7314453125 0.17070955625 0.7353515609375 0.17325745625 0.7519531265625 0.17198350625 0.7568359375 0.17070955625 0.7675781265625 0.1566960828125 0.771484375 0.1439565640625 0.771484375 0.1261212390625 0.7695312484375 0.11847752656249999 0.7607421859375 0.10701195937500001
0 0.7568359375 0.20128439843749998 0.7412109375 0.20128439843749998 0.724609375 0.21784577343749997 0.7226562484375 0.240776909375 0.7265624984375 0.2509685265625 0.7392578140625 0.2675299015625 0.7431640625 0.270077803125 0.7539062484375 0.26880385156250003 0.7646484390625 0.262434090625 0.7734375015625 0.2509685265625 0.775390625 0.24587271562500002 0.775390625 0.222941584375 0.7646484390625 0.206380209375 0.7568359375 0.20128439843749998
0 0.7587890625 0.2904610328125 0.7431640625 0.2904610328125 0.724609375 0.3095703125 0.7226562484375 0.3197619265625 0.7304687515625 0.34524096718749997 0.7373046875 0.3541586296875 0.7490234390625 0.3592544359375 0.7578124984375 0.3579804859375 0.7685546875 0.351610725 0.7773437515625 0.3375972546875 0.7792968734375 0.3248577359375 0.7773437515625 0.31211821875 0.7705078140625 0.2981047453125 0.7587890625 0.2904610328125
0 0.7412109375 0.3796376671875 0.7265624984375 0.393651140625 0.724609375 0.416582271875 0.7304687515625 0.4318696953125 0.7392578140625 0.4433352640625 0.7431640625 0.4458831640625 0.7636718734375 0.4446092140625 0.775390625 0.4318696953125 0.7792968734375 0.42167807812499997 0.7773437515625 0.398746946875 0.7685546875 0.3847334734375 0.7587890625 0.3770897609375 0.7412109375 0.3796376671875
0 0.7490234390625 0.4688143 0.7353515609375 0.4764580125 0.7304687515625 0.4828277703125 0.728515625 0.5083068109375 0.7324218734375 0.5210463296875 0.7412109375 0.532511896875 0.7490234390625 0.5376077031250001 0.759765625 0.536333753125 0.7724609375 0.5299639921875 0.7792968734375 0.5184984234375001 0.78125 0.49301938749999996 0.7705078140625 0.4764580125 0.7587890625 0.4688143 0.7490234390625 0.4688143
0 0.7470703125 0.557990934375 0.7392578140625 0.563086740625 0.734375 0.5694565015624999 0.7304687515625 0.5821960203125001 0.7304687515625 0.5949355390625 0.734375 0.6076750578125 0.7451171859375 0.6216885265625 0.7509765609375 0.6242364328125001 0.7675781265625 0.62296248125 0.775390625 0.6153187703125 0.78125 0.6025792515624999 0.78125 0.5771002140625 0.7792968734375 0.572004403125 0.7666015609375 0.557990934375 0.7470703125 0.557990934375
0 0.8076171859375 0.6038532015625 0.7998046875 0.6089490078125 0.791015625 0.62296248125 0.7890624984375 0.63060619375 0.791015625 0.6535373250000001 0.7978515609375 0.66500289375 0.8056640625 0.6700986999999999 0.8203124984375 0.6713726546875 0.8359375015625 0.6611810375 0.8398437515625 0.6509894234375 0.8398437515625 0.6280582875 0.833984375 0.6153187703125 0.8232421859375 0.6038532015625 0.8076171859375 0.6038532015625
0 0.7548828140625 0.6471675671875 0.7470703125 0.64971546875 0.7363281265625 0.6611810375 0.7324218734375 0.6688247484375001 0.7304687515625 0.6866600734375 0.7382812484375 0.7044954031249999 0.7470703125 0.713413065625 0.7568359375 0.718508871875 0.7636718734375 0.717234921875 0.7705078140625 0.713413065625 0.78125 0.699399596875 0.7832031265625 0.6764684609375 0.7773437515625 0.6611810375 0.7705078140625 0.652263375 0.7548828140625 0.6471675671875
0 0.6396484390625 0.6471675671875 0.6279296875 0.652263375 0.619140625 0.6637289421875 0.615234375 0.6866600734375 0.6171875015625 0.696851690625 0.6240234390625 0.7108651609375001 0.6396484390625 0.721056778125 0.6484375015625 0.7197828265624999 0.6640624984375 0.7019474984375 0.6679687515625 0.691755884375 0.6679687515625 0.6764684609375 0.666015625 0.6688247484375001 0.6513671859375 0.64971546875 0.6396484390625 0.6471675671875
0 0.5048828140625 0.6624549875 0.4980468734375 0.6764684609375 0.5 0.7019474984375 0.5126953125 0.718508871875 0.5185546875 0.721056778125 0.5332031265625 0.7197828265624999 0.5449218734375 0.7070433046875 0.5488281265625 0.696851690625 0.5488281265625 0.6764684609375 0.5322265609375 0.6548112796875001 0.5146484390625 0.6548112796875001 0.5048828140625 0.6624549875
0 0.4091796875 0.6548112796875001 0.3916015609375 0.6624549875 0.384765625 0.6713726546875 0.380859375 0.6841121734375 0.380859375 0.696851690625 0.384765625 0.709591209375 0.3935546875 0.721056778125 0.3994140625 0.7236046828125 0.412109375 0.722330728125 0.4208984390625 0.718508871875 0.4296875015625 0.7070433046875 0.431640625 0.7019474984375 0.431640625 0.6764684609375 0.4248046875 0.6624549875 0.4091796875 0.6548112796875001
0 0.1259765609375 0.6216885265625 0.10449218593750001 0.6242364328125001 0.09765624843750001 0.63060619375 0.09375 0.6433457125 0.09570312656249999 0.679016365625 0.1064453125 0.6904819296875 0.12304687343750001 0.6892079796874999 0.1279296875 0.687934028125 0.1386718734375 0.6764684609375 0.1425781265625 0.66627684375 0.1425781265625 0.6433457125 0.1367187515625 0.63060619375 0.1259765609375 0.6216885265625
0 0.1025390625 0.715960971875 0.09179687343750001 0.7274265343749999 0.09179687343750001 0.755453478125 0.09765624843750001 0.7681929953125 0.1064453125 0.7771106624999999 0.1123046875 0.7796585640625 0.12304687343750001 0.7783846125 0.1337890625 0.7720148515624999 0.1425781265625 0.7580013828125 0.1445312484375 0.7325223453125 0.1357421859375 0.715960971875 0.1181640625 0.708317259375 0.1025390625 0.715960971875
0 0.1220703125 0.79749389375 0.11425781406249999 0.79749389375 0.09570312656249999 0.8140552671875 0.09179687343750001 0.82424688125 0.09179687343750001 0.8369863984375 0.09570312656249999 0.8522738234375 0.10449218593750001 0.863739390625 0.11425781406249999 0.868835196875 0.12304687343750001 0.867561246875 0.1318359375 0.863739390625 0.1425781265625 0.8497259171874999 0.146484375 0.8395343046875 0.146484375 0.8216989796874999 0.1376953125 0.8051376046875 0.1220703125 0.79749389375
0 0.11035156093750001 0.884122621875 0.09375 0.9032319015624999 0.09179687343750001 0.9287109375 0.09570312656249999 0.9389025515625 0.1064453125 0.952916025 0.11035156093750001 0.9554639265624999 0.1289062484375 0.954189975 0.1425781265625 0.9389025515625 0.146484375 0.9287109375 0.1484375015625 0.9185193203124999 0.146484375 0.9032319015624999 0.1318359375 0.8866705265625001 0.11035156093750001 0.884122621875
0 0.1865234390625 0.66500289375 0.1689453125 0.66500289375 0.150390625 0.6866600734375 0.150390625 0.712139115625 0.1630859375 0.731248390625 0.1689453125 0.733796296875 0.1796875015625 0.7325223453125 0.1904296875 0.7287004890625 0.197265625 0.7197828265624999 0.2011718734375 0.709591209375 0.2011718734375 0.6866600734375 0.1904296875 0.6675507984375 0.1865234390625 0.66500289375
0 0.1904296875 0.7541795265625 0.1865234390625 0.751631621875 0.1689453125 0.751631621875 0.1542968734375 0.7656450953125 0.150390625 0.7758367078124999 0.150390625 0.7962199375 0.1611328140625 0.81532921875 0.1708984390625 0.8204250249999999 0.181640625 0.8191510734375 0.1865234390625 0.8178771234375001 0.1992187515625 0.80386365 0.203125 0.7911241312499999 0.203125 0.7758367078124999 0.2011718734375 0.7681929953125 0.1904296875 0.7541795265625
0 0.1904296875 0.8408082546875001 0.1650390625 0.8433561609375 0.15625 0.8522738234375 0.150390625 0.8650133421874999 0.1523437515625 0.8853965718750001 0.15625 0.8955881890624999 0.1650390625 0.907053753125 0.1708984390625 0.9096016578125001 0.1855468734375 0.9083277078125 0.1923828140625 0.9045058515625 0.1992187515625 0.8955881890624999 0.203125 0.8853965718750001 0.2050781265625 0.8650133421874999 0.2011718734375 0.854821728125 0.1904296875 0.8408082546875001
0 0.2216796875 0.7108651609375001 0.208984375 0.729974440625 0.208984375 0.755453478125 0.2236328140625 0.7745627578125001 0.2421875015625 0.77328880625 0.2470703125 0.7720148515624999 0.255859375 0.7605492875000001 0.259765625 0.7503576703125 0.2578124984375 0.724878634375 0.2431640625 0.708317259375 0.2216796875 0.7108651609375001
0 0.212890625 0.80895945625 0.208984375 0.8191510734375 0.208984375 0.8344384984375001 0.2197265609375 0.858643584375 0.2236328140625 0.8611914859375001 0.244140625 0.859917534375 0.2509765609375 0.8560956796875001 0.259765625 0.8395343046875 0.259765625 0.8140552671875 0.2451171859375 0.7949459875 0.2275390625 0.7949459875 0.212890625 0.80895945625
0 0.2255859375 0.884122621875 0.2109375015625 0.9032319015624999 0.208984375 0.9261630328124999 0.2148437515625 0.9389025515625 0.2275390625 0.9503681187499999 0.2480468734375 0.94909416875 0.259765625 0.93635465 0.2636718734375 0.9261630328124999 0.2636718734375 0.905779803125 0.259765625 0.8955881890624999 0.2451171859375 0.881574715625 0.2255859375 0.884122621875
0 0.2841796875 0.7490837203125 0.2695312484375 0.7681929953125 0.2675781265625 0.7758367078124999 0.2695312484375 0.79876784375 0.2822265609375 0.81532921875 0.302734375 0.8140552671875 0.3115234390625 0.80768550625 0.318359375 0.7936720375 0.318359375 0.7707409015625 0.3144531265625 0.7605492875000001 0.3037109375 0.7490837203125 0.2841796875 0.7490837203125
0 0.2880859375 0.8357124484374999 0.2802734390625 0.8408082546875001 0.271484375 0.8522738234375 0.2695312484375 0.8573696296875 0.2695312484375 0.8828486703125 0.2734375015625 0.893040284375 0.2861328140625 0.9045058515625 0.302734375 0.9032319015624999 0.318359375 0.8853965718750001 0.3203124984375 0.8624654406250001 0.3164062484375 0.8497259171874999 0.3095703125 0.8408082546875001 0.3017578140625 0.8357124484374999 0.2880859375 0.8357124484374999
0 0.3583984390625 0.7898501812500001 0.3466796875 0.7898501812500001 0.3388671859375 0.7949459875 0.328125 0.80895945625 0.3261718734375 0.8318905921875 0.3300781265625 0.8471780171875001 0.3369140625 0.8560956796875001 0.3408203125 0.858643584375 0.359375 0.8573696296875 0.3681640625 0.8535477734375 0.3730468734375 0.8471780171875001 0.3769531265625 0.8191510734375 0.3730468734375 0.80386365 0.3662109375 0.7949459875 0.3583984390625 0.7898501812500001
0 0.3603515609375 0.8764789093750001 0.3583984390625 0.8790268140625 0.3544921859375 0.8764789093750001 0.3408203125 0.8790268140625 0.3261718734375 0.9006839953125001 0.3261718734375 0.9261630328124999 0.3408203125 0.9452723125 0.3466796875 0.9478202140624999 0.359375 0.9465462640625001 0.3662109375 0.9427244078125 0.3769531265625 0.9287109375 0.3789062484375 0.92361513125 0.3789062484375 0.898136090625 0.3701171859375 0.884122621875 0.3603515609375 0.8764789093750001
0 0.4033203125 0.743987909375 0.3974609375 0.7465358140625 0.384765625 0.7630971890625 0.3828124984375 0.786028325 0.384765625 0.7962199375 0.3974609375 0.8102334109375 0.4033203125 0.8127813125 0.4140624984375 0.8115073625000001 0.4228515609375 0.80768550625 0.431640625 0.7962199375 0.4335937515625 0.7681929953125 0.427734375 0.7529055765625 0.4208984390625 0.7465358140625 0.4033203125 0.743987909375
0 0.4052734390625 0.83316454375 0.3955078140625 0.8382603546875 0.3867187515625 0.8497259171874999 0.384765625 0.8828486703125 0.3916015609375 0.8943142343750001 0.4013671859375 0.9019579468750001 0.4179687515625 0.9006839953125001 0.431640625 0.8879444781249999 0.4355468734375 0.875204959375 0.4355468734375 0.854821728125 0.4248046875 0.8382603546875 0.4169921859375 0.83316454375 0.4052734390625 0.83316454375
0 0.443359375 0.80895945625 0.4414062484375 0.8191510734375 0.443359375 0.8369863984375 0.4599609375 0.8560956796875001 0.4765624984375 0.854821728125 0.4833984390625 0.8509998718749999 0.490234375 0.8395343046875 0.4921875015625 0.80895945625 0.4775390625 0.7898501812500001 0.4541015609375 0.7923980828125 0.443359375 0.80895945625
0 0.4775390625 0.8764789093750001 0.4599609375 0.8764789093750001 0.4521484390625 0.881574715625 0.443359375 0.8955881890624999 0.4414062484375 0.92361513125 0.4521484390625 0.94017650625 0.4658203125 0.9478202140624999 0.4707031265625 0.9465462640625001 0.4775390625 0.9452723125 0.490234375 0.9312588390625001 0.494140625 0.9185193203124999 0.494140625 0.898136090625 0.490234375 0.8879444781249999 0.4775390625 0.8764789093750001
0 0.5361328140625 0.743987909375 0.5185546875 0.7414400078125001 0.5019531265625 0.755453478125 0.4980468734375 0.7681929953125 0.4980468734375 0.7783846125 0.5 0.7885762265625 0.5087890625 0.8025897000000001 0.5244140625 0.8102334109375 0.5292968734375 0.80895945625 0.5361328140625 0.80768550625 0.5449218734375 0.7962199375 0.5507812484375 0.78093251875 0.5507812484375 0.7656450953125 0.546875 0.755453478125 0.5361328140625 0.743987909375
0 0.5400390625 0.8382603546875 0.5322265609375 0.83316454375 0.5205078140625 0.83316454375 0.5146484390625 0.8357124484374999 0.5039062484375 0.8497259171874999 0.5019531265625 0.877752859375 0.5107421859375 0.8968621406249999 0.5205078140625 0.9019579468750001 0.5332031265625 0.9006839953125001 0.5400390625 0.8968621406249999 0.5488281265625 0.8853965718750001 0.552734375 0.875204959375 0.552734375 0.8624654406250001 0.5488281265625 0.8497259171874999 0.5400390625 0.8382603546875
0 0.5751953125 0.7847543703125 0.5673828140625 0.7898501812500001 0.5605468734375 0.8013157484375 0.5585937515625 0.8267947859375001 0.5625 0.8395343046875 0.5712890625 0.8509998718749999 0.5771484390625 0.8535477734375 0.5917968734375 0.8522738234375 0.6005859375 0.845904065625 0.6074218734375 0.8344384984375001 0.609375 0.8064115562499999 0.5986328140625 0.7898501812500001 0.5869140625 0.7847543703125 0.5751953125 0.7847543703125
0 0.5644531265625 0.8879444781249999 0.5605468734375 0.898136090625 0.5605468734375 0.9210672265625 0.5644531265625 0.9312588390625001 0.5751953125 0.9427244078125 0.59375 0.9414504562499999 0.6005859375 0.9376286015625 0.609375 0.9261630328124999 0.6113281265625 0.893040284375 0.5966796875 0.8764789093750001 0.5810546875 0.8739310046875 0.5644531265625 0.8879444781249999
0 0.5927734390625 0.6981256421875 0.5830078140625 0.695577740625 0.5693359375 0.7006735468749999 0.5605468734375 0.712139115625 0.556640625 0.722330728125 0.556640625 0.735070246875 0.5605468734375 0.7503576703125 0.5693359375 0.7618232390624999 0.5791015609375 0.7669190453125 0.5859375015625 0.7656450953125 0.5947265609375 0.7618232390624999 0.603515625 0.7503576703125 0.6074218734375 0.7376181515625 0.6074218734375 0.722330728125 0.5986328140625 0.7032214484375 0.5927734390625 0.6981256421875
0 0.6474609375 0.738892103125 0.6357421859375 0.738892103125 0.6210937515625 0.7503576703125 0.615234375 0.7681929953125 0.6171875015625 0.786028325 0.6259765609375 0.8025897000000001 0.6376953125 0.80768550625 0.6484375015625 0.8064115562499999 0.6552734390625 0.8025897000000001 0.662109375 0.7936720375 0.666015625 0.7834804203125 0.666015625 0.7605492875000001 0.6552734390625 0.743987909375 0.6474609375 0.738892103125
0 0.6259765609375 0.8357124484374999 0.6171875015625 0.8522738234375 0.619140625 0.8803007656249999 0.6337890625 0.8968621406249999 0.6523437515625 0.8955881890624999 0.6640624984375 0.8828486703125 0.6679687515625 0.872657053125 0.6679687515625 0.8497259171874999 0.6513671859375 0.8306166421875 0.6337890625 0.8306166421875 0.6259765609375 0.8357124484374999
0 0.7119140625 0.7847543703125 0.7041015609375 0.78220646875 0.6865234390625 0.7847543703125 0.677734375 0.7936720375 0.6738281265625 0.80386365 0.6738281265625 0.82424688125 0.677734375 0.8369863984375 0.6865234390625 0.8484519671875 0.6962890625 0.8535477734375 0.703125 0.8522738234375 0.7119140625 0.8484519671875 0.7226562484375 0.8344384984375001 0.724609375 0.8293426875 0.724609375 0.8064115562499999 0.7226562484375 0.79876784375 0.7119140625 0.7847543703125
0 0.7080078140625 0.695577740625 0.6982421859375 0.6930298359375 0.6806640625 0.7032214484375 0.6757812484375 0.709591209375 0.671875 0.724878634375 0.6738281265625 0.7376181515625 0.6845703125 0.7592753328125 0.6962890625 0.76437114375 0.7050781265625 0.7630971890625 0.7099609375 0.7618232390624999 0.7207031265625 0.747809765625 0.724609375 0.7325223453125 0.724609375 0.7197828265624999 0.7177734390625 0.7032214484375 0.7080078140625 0.695577740625
0 0.6904296875 0.8713831031250001 0.6738281265625 0.893040284375 0.6738281265625 0.9185193203124999 0.677734375 0.9287109375 0.6904296875 0.94017650625 0.708984375 0.9389025515625 0.7158203125 0.9350806953124999 0.724609375 0.92361513125 0.7265624984375 0.8955881890624999 0.7158203125 0.8764789093750001 0.7080078140625 0.8713831031250001 0.6904296875 0.8713831031250001
0 0.7509765609375 0.7414400078125001 0.7431640625 0.7465358140625 0.734375 0.7605492875000001 0.7324218734375 0.7707409015625 0.734375 0.786028325 0.7451171859375 0.8051376046875 0.7509765609375 0.80768550625 0.7675781265625 0.8064115562499999 0.7744140625 0.8025897000000001 0.78125 0.7911241312499999 0.7832031265625 0.7656450953125 0.78125 0.7580013828125 0.7685546875 0.7414400078125001 0.7509765609375 0.7414400078125001
0 0.7324218734375 0.8497259171874999 0.734375 0.877752859375 0.7470703125 0.8943142343750001 0.7695312484375 0.893040284375 0.7832031265625 0.872657053125 0.7832031265625 0.8497259171874999 0.7773437515625 0.8369863984375 0.7685546875 0.8280687359375 0.7470703125 0.8280687359375 0.7324218734375 0.8497259171874999
0 0.8095703125 0.6930298359375 0.7998046875 0.6981256421875 0.7949218734375 0.7044954031249999 0.791015625 0.7197828265624999 0.791015625 0.735070246875 0.7929687515625 0.7452618640625001 0.8037109375 0.7592753328125 0.8164062484375 0.7605492875000001 0.8291015609375 0.7567274328125 0.8398437515625 0.742713959375 0.8417968734375 0.724878634375 0.837890625 0.712139115625 0.8271484390625 0.6981256421875 0.8095703125 0.6930298359375
0 0.8076171859375 0.7847543703125 0.7929687515625 0.8013157484375 0.7929687515625 0.8293426875 0.8017578140625 0.845904065625 0.8115234390625 0.8509998718749999 0.8242187515625 0.8497259171874999 0.8291015609375 0.8484519671875 0.8398437515625 0.8344384984375001 0.84375 0.8115073625000001 0.833984375 0.7911241312499999 0.8271484390625 0.7847543703125 0.8076171859375 0.7847543703125
0 0.8115234390625 0.868835196875 0.8037109375 0.8739310046875 0.7949218734375 0.8853965718750001 0.791015625 0.8955881890624999 0.791015625 0.9108756093749999 0.7949218734375 0.92361513125 0.8017578140625 0.9325327937500001 0.8154296875 0.94017650625 0.822265625 0.9389025515625 0.8310546875 0.9350806953124999 0.8417968734375 0.9210672265625 0.84375 0.8955881890624999 0.8310546875 0.8739310046875 0.8212890625 0.868835196875 0.8115234390625 0.868835196875
0 0.265625 0.6841121734375 0.2675781265625 0.712139115625 0.2802734390625 0.7287004890625 0.3007812484375 0.7274265343749999 0.3144531265625 0.712139115625 0.3164062484375 0.6841121734375 0.3105468734375 0.6713726546875 0.3017578140625 0.6624549875 0.2822265609375 0.6624549875 0.265625 0.6841121734375
0 0.3408203125 0.7032214484375 0.3330078140625 0.708317259375 0.3261718734375 0.7197828265624999 0.3242187515625 0.7452618640625001 0.328125 0.7580013828125 0.3349609375 0.7669190453125 0.3388671859375 0.76946695 0.3554687515625 0.7681929953125 0.3642578140625 0.76437114375 0.3730468734375 0.7529055765625 0.3769531265625 0.7376181515625 0.375 0.722330728125 0.3603515609375 0.7032214484375 0.3408203125 0.7032214484375
0 0.4599609375 0.6981256421875 0.4521484390625 0.7032214484375 0.443359375 0.7146870171875 0.4414062484375 0.7197828265624999 0.4414062484375 0.742713959375 0.4501953125 0.7618232390624999 0.4619140625 0.7669190453125 0.474609375 0.7656450953125 0.4794921859375 0.76437114375 0.490234375 0.7452618640625001 0.490234375 0.7197828265624999 0.4794921859375 0.7032214484375 0.4716796875 0.6981256421875 0.4599609375 0.6981256421875