0 0.2578125 0.6015625 0.1375 0.078125
0 0.48125 0.61875 0.1375 0.090625
0 0.6921875 0.63671875 0.134375 0.0828125
0 0.87421875 0.66640625 0.1265625 0.05625
0 0.9015625 0.73046875 0.1125 0.0671875
0 0.7234375 0.7140625 0.1171875 0.05625
0 0.53203125 0.70234375 0.125 0.0640625
0 0.325 0.6796875 0.1265625 0.071875
0 0.190625 0.7359375 0.1125 0.05625
0 0.14609375 0.58046875 0.0453125 0.025
0 0.3828125 0.76015625 0.1203125 0.05
0 0.25625 0.79609375 0.1078125 0.04375
0 0.5578125 0.75703125 0.1234375 0.0625
0 0.725 0.7796875 0.125 0.053125
0 0.89609375 0.79453125 0.125 0.0453125
0 0.91953125 0.85625 0.0890625 0.05
0 0.7484375 0.83671875 0.090625 0.021875
0 0.58046875 0.821875 0.103125 0.025
0 0.42421875 0.79453125 0.09375 0.034375
0 0.44921875 0.8484375 0.10625 0.05