0 0.5828125 0.59453125 0.0171875 0.0265625
0 0.55546875 0.59375 0.01875 0.0265625
0 0.56875 0.5640625 0.01875 0.025
0 0.58125 0.53203125 0.015625 0.021875
0 0.55390625 0.5296875 0.01875 0.0203125
0 0.540625 0.55859375 0.01875 0.021875
0 0.525 0.5890625 0.0140625 0.021875
0 0.5125 0.55859375 0.01875 0.021875
0 0.496875 0.5859375 0.01875 0.025
0 0.52890625 0.5265625 0.015625 0.025
0 0.54453125 0.4984375 0.01875 0.0203125
0 0.56953125 0.49609375 0.0171875 0.025
0 0.46875 0.58671875 0.01875 0.028125
0 0.48515625 0.55546875 0.015625 0.025
0 0.50078125 0.52421875 0.015625 0.021875
0 0.5828125 0.46875 0.01875 0.028125
0 0.559375 0.46640625 0.021875 0.028125
0 0.57265625 0.4421875 0.01875 0.028125
0 0.58203125 0.41328125 0.0203125 0.0265625
0 0.56953125 0.3859375 0.015625 0.0265625
0 0.5859375 0.36171875 0.01875 0.025
0 0.57578125 0.3390625 0.0203125 0.025
0 0.54765625 0.33515625 0.01875 0.01875
0 0.56015625 0.3609375 0.015625 0.021875
0 0.54609375 0.3828125 0.015625 0.021875
0 0.55703125 0.41171875 0.015625 0.0234375
0 0.54765625 0.43984375 0.0171875 0.025
0 0.5328125 0.46640625 0.0171875 0.021875
0 0.521875 0.4375 0.01875 0.021875
0 0.5328125 0.409375 0.0171875 0.021875
0 0.52265625 0.3875 0.0171875 0.021875
0 0.53515625 0.3609375 0.0171875 0.01875
0 0.521875 0.334375 0.0125 0.015625
0 0.509375 0.3609375 0.015625 0.025
0 0.49765625 0.3796875 0.015625 0.015625
0 0.509375 0.4109375 0.0171875 0.025
0 0.4921875 0.43671875 0.015625 0.028125
0 0.50390625 0.46328125 0.0171875 0.0203125
0 0.515625 0.49609375 0.015625 0.025
0 0.48984375 0.49375 0.01875 0.021875
0 0.46328125 0.4921875 0.01875 0.021875
0 0.475 0.52421875 0.015625 0.021875
0 0.47890625 0.46328125 0.01875 0.021875
0 0.48359375 0.409375 0.0125 0.021875
0 0.48671875 0.35703125 0.015625 0.01875
0 0.5015625 0.33515625 0.015625 0.021875
0 0.4765625 0.33359375 0.0140625 0.01875
0 0.46328125 0.35703125 0.015625 0.01875
0 0.4484375 0.38359375 0.0140625 0.01875
0 0.4578125 0.40546875 0.015625 0.021875
0 0.471875 0.38359375 0.0125 0.025
0 0.4671875 0.43515625 0.0140625 0.0203125
0 0.45390625 0.46171875 0.015625 0.0234375
0 0.4484375 0.521875 0.015625 0.03125
0 0.4578125 0.5546875 0.01875 0.021875
0 0.440625 0.59140625 0.01875 0.0328125
0 0.43125 0.5484375 0.015625 0.025
0 0.4140625 0.5859375 0.0171875 0.025
0 0.4046875 0.55 0.01875 0.028125
0 0.4203125 0.51640625 0.01875 0.025
0 0.43515625 0.49140625 0.015625 0.01875
0 0.42578125 0.45859375 0.015625 0.01875
0 0.4421875 0.43515625 0.0171875 0.0203125
0 0.43984375 0.35546875 0.01875 0.0203125
0 0.45390625 0.33046875 0.0171875 0.01875
0 0.43125 0.33046875 0.015625 0.0203125
0 0.4078125 0.33046875 0.0171875 0.0234375
0 0.384375 0.328125 0.0171875 0.021875
0 0.36796875 0.3484375 0.015625 0.015625
0 0.41484375 0.35234375 0.015625 0.015625
0 0.39296875 0.3515625 0.015625 0.021875
0 0.42265625 0.378125 0.0140625 0.01875
0 0.4328125 0.40703125 0.01875 0.021875
0 0.40859375 0.4046875 0.0171875 0.015625
0 0.39921875 0.37734375 0.015625 0.0203125
0 0.37421875 0.3765625 0.01875 0.0234375
0 0.359375 0.4015625 0.0203125 0.01875
0 0.384375 0.403125 0.021875 0.01875
0 0.4171875 0.4328125 0.015625 0.01875
0 0.3921875 0.42890625 0.0171875 0.021875
0 0.40078125 0.45859375 0.015625 0.021875
0 0.3671875 0.428125 0.01875 0.0265625
0 0.37578125 0.4578125 0.015625 0.0234375
0 0.34921875 0.45546875 0.01875 0.025
0 0.35859375 0.48515625 0.0203125 0.0265625
0 0.384375 0.4859375 0.015625 0.025
0 0.39453125 0.51796875 0.0203125 0.028125
0 0.36796875 0.51796875 0.01875 0.025
0 0.3765625 0.5484375 0.01875 0.025
0 0.34921875 0.5484375 0.01875 0.028125
0 0.340625 0.51484375 0.0171875 0.028125
0 0.3859375 0.58203125 0.01875 0.0265625
0 0.35859375 0.57890625 0.021875 0.0234375
0 0.328125 0.575 0.021875 0.028125
0 0.5234375 0.3 0.015625 0.021875
0 0.5453125 0.29921875 0.015625 0.021875
0 0.56875 0.30390625 0.015625 0.021875
0 0.59375 0.30078125 0.0171875 0.021875
0 0.6171875 0.30234375 0.01875 0.01875
0 0.6453125 0.30703125 0.01875 0.0265625
0 0.82265625 0.2984375 0.0125 0.025
0 0.84375 0.2890625 0.01875 0.015625
0 0.865625 0.2828125 0.021875 0.015625
0 0.8859375 0.26875 0.0171875 0.01875
0 0.90390625 0.25703125 0.015625 0.01875
0 0.921875 0.24453125 0.0171875 0.0203125
0 0.940625 0.2390625 0.021875 0.0203125
0 0.9578125 0.225 0.015625 0.0171875
0 0.97421875 0.21015625 0.015625 0.015625
0 0.99296875 0.196875 0.0140625 0.015625
0 0.4109375 0.48828125 0.01875 0.0265625