0 0.46328125 0.4859375 0.0140625 0.015625
0 0.453125 0.47109375 0.0125 0.0140625
0 0.4453125 0.45703125 0.0125 0.015625
0 0.43203125 0.44296875 0.0140625 0.0171875
0 0.42109375 0.4265625 0.0125 0.01875
0 0.41015625 0.4109375 0.015625 0.01875
0 0.39921875 0.39375 0.0140625 0.01875
0 0.384375 0.375 0.015625 0.015625
0 0.37109375 0.3609375 0.015625 0.015625
0 0.46796875 0.46640625 0.015625 0.015625
0 0.48125 0.4609375 0.009375 0.015625
0 0.4859375 0.44140625 0.0125 0.01875
0 0.4984375 0.43671875 0.0109375 0.0140625
0 0.50078125 0.41953125 0.0125 0.015625
0 0.5140625 0.41484375 0.0109375 0.0125
0 0.48984375 0.42265625 0.0125 0.0125
0 0.478125 0.42734375 0.015625 0.015625
0 0.4625 0.4328125 0.0125 0.0171875
0 0.44921875 0.43671875 0.0109375 0.01875
0 0.5046875 0.4015625 0.009375 0.015625
0 0.49296875 0.40546875 0.0109375 0.015625
0 0.48046875 0.40859375 0.009375 0.015625
0 0.4671875 0.4125 0.009375 0.0171875
0 0.45390625 0.415625 0.0140625 0.015625
0 0.43984375 0.421875 0.015625 0.01875
0 0.4984375 0.3859375 0.0125 0.0140625
0 0.48515625 0.38828125 0.009375 0.015625
0 0.4703125 0.39375 0.0125 0.015625
0 0.45703125 0.396875 0.015625 0.015625
0 0.4421875 0.4015625 0.015625 0.015625
0 0.4265625 0.40625 0.015625 0.0171875
0 0.4875 0.37109375 0.015625 0.015625
0 0.47421875 0.37421875 0.0109375 0.015625
0 0.46171875 0.37734375 0.0125 0.015625
0 0.44609375 0.38125 0.0125 0.0171875
0 0.43125 0.3859375 0.0125 0.0171875
0 0.415625 0.38828125 0.0125 0.0171875
0 0.47890625 0.3546875 0.009375 0.015625
0 0.4640625 0.35859375 0.0125 0.015625
0 0.45078125 0.3625 0.0125 0.015625
0 0.43515625 0.36484375 0.0125 0.015625
0 0.4203125 0.3671875 0.0109375 0.015625
0 0.40234375 0.37265625 0.015625 0.01875
0 0.4671875 0.33671875 0.009375 0.015625
0 0.45390625 0.340625 0.0125 0.015625
0 0.43984375 0.34453125 0.0125 0.015625
0 0.425 0.3484375 0.015625 0.015625
0 0.40703125 0.35078125 0.015625 0.015625
0 0.3890625 0.3546875 0.0140625 0.0171875
0 0.45625 0.321875 0.0125 0.015625
0 0.4421875 0.3234375 0.0125 0.015625
0 0.4265625 0.32734375 0.0125 0.01875
0 0.4125 0.3296875 0.015625 0.0171875
0 0.3953125 0.3328125 0.0109375 0.0125
0 0.44765625 0.30390625 0.0125 0.015625
0 0.43203125 0.30703125 0.0125 0.0171875
0 0.4171875 0.31015625 0.0140625 0.0125
0 0.4375 0.2875 0.0125 0.0125
0 0.51796875 0.396875 0.0125 0.0125
0 0.52890625 0.39609375 0.0125 0.0125
0 0.5328125 0.3765625 0.009375 0.0125
0 0.51796875 0.38125 0.0125 0.0125
0 0.5421875 0.375 0.0125 0.0140625
0 0.5578125 0.35390625 0.009375 0.0125
0 0.546875 0.35703125 0.009375 0.015625
0 0.5359375 0.36015625 0.009375 0.015625
0 0.525 0.3625 0.009375 0.015625
0 0.5140625 0.36484375 0.009375 0.015625
0 0.503125 0.35078125 0.009375 0.0125
0 0.51484375 0.346875 0.0109375 0.015625
0 0.52890625 0.34375 0.009375 0.015625
0 0.5390625 0.3421875 0.009375 0.015625
0 0.54921875 0.3390625 0.0078125 0.0125
0 0.5578125 0.33828125 0.009375 0.015625
0 0.49296875 0.334375 0.0125 0.0140625
0 0.50625 0.33203125 0.009375 0.015625
0 0.5171875 0.3296875 0.009375 0.0125
0 0.52890625 0.32734375 0.0078125 0.0125
0 0.540625 0.325 0.009375 0.0125
0 0.55234375 0.321875 0.009375 0.0125
0 0.54453125 0.30859375 0.0125 0.015625
0 0.48515625 0.31796875 0.0125 0.015625
0 0.475 0.3015625 0.0125 0.0171875
0 0.46328125 0.28203125 0.0125 0.015625
0 0.4890625 0.29921875 0.0109375 0.015625
0 0.49765625 0.3171875 0.0109375 0.0171875
0 0.51015625 0.3125 0.009375 0.0125
0 0.521875 0.3125 0.009375 0.0125
0 0.5328125 0.309375 0.009375 0.0125
0 0.50078125 0.29609375 0.0125 0.015625
0 0.5125 0.29609375 0.0109375 0.015625
0 0.525 0.29296875 0.009375 0.0140625
0 0.53828125 0.2921875 0.009375 0.015625
0 0.52890625 0.27578125 0.009375 0.0125
0 0.51640625 0.2765625 0.0125 0.0140625
0 0.50546875 0.278125 0.009375 0.015625
0 0.4921875 0.28046875 0.009375 0.015625
0 0.47890625 0.28046875 0.0125 0.015625
0 0.4671875 0.26328125 0.0109375 0.0140625
0 0.44140625 0.24609375 0.009375 0.015625
0 0.4578125 0.24453125 0.0125 0.0125
0 0.46171875 0.22578125 0.0125 0.015625
0 0.4765625 0.22578125 0.0125 0.015625
0 0.47265625 0.24375 0.0125 0.015625
0 0.484375 0.24453125 0.015625 0.01875
0 0.4984375 0.24140625 0.009375 0.0140625
0 0.51171875 0.24140625 0.0125 0.015625
0 0.51875 0.259375 0.0125 0.015625
0 0.50703125 0.2609375 0.0125 0.0171875
0 0.4953125 0.26171875 0.0109375 0.015625
0 0.48125 0.26328125 0.0125 0.015625
0 0.478125 0.2078125 0.0125 0.0171875
0 0.4890625 0.2265625 0.0109375 0.015625
0 0.5015625 0.2265625 0.0125 0.015625
0 0.4921875 0.20703125 0.0125 0.015625
0 0.50546875 0.1953125 0.0125 0.015625
0 0.515625 0.21171875 0.0125 0.015625
0 0.55625 0.29453125 0.0078125 0.015625
0 0.54921875 0.27890625 0.009375 0.015625
0 0.53984375 0.26328125 0.0140625 0.0125
0 0.53125 0.24609375 0.009375 0.0140625
0 0.525 0.22890625 0.0109375 0.015625
0 0.6078125 0.3953125 0.009375 0.009375
0 0.60078125 0.384375 0.009375 0.0125
0 0.59140625 0.36953125 0.009375 0.0125
0 0.58671875 0.35390625 0.009375 0.0125
0 0.578125 0.33984375 0.0109375 0.0140625
0 0.5703125 0.32578125 0.009375 0.015625
0 0.56171875 0.309375 0.009375 0.0140625
0 0.6328125 0.44453125 0.009375 0.009375
0 0.715625 0.49453125 0.009375 0.009375
0 0.709375 0.4921875 0.009375 0.009375
0 0.703125 0.48828125 0.009375 0.0125
0 0.6953125 0.48515625 0.00625 0.0125
0 0.690625 0.48203125 0.0078125 0.0125
0 0.6828125 0.47734375 0.0078125 0.0125
0 0.67578125 0.475 0.00625 0.0125
0 0.671875 0.47109375 0.00625 0.0125
0 0.665625 0.46796875 0.00625 0.0109375
0 0.66015625 0.46640625 0.00625 0.0125
0 0.6546875 0.46328125 0.00625 0.015625
0 0.64921875 0.46015625 0.0078125 0.015625
0 0.64140625 0.453125 0.0078125 0.0125
0 0.7203125 0.496875 0.00625 0.00625
0 0.7265625 0.509375 0.00625 0.00625
0 0.7234375 0.503125 0.00625 0.009375
0 0.746875 0.55703125 0.0046875 0.009375
0 0.74921875 0.5640625 0.00625 0.00625
0 0.75234375 0.56953125 0.00625 0.00625
0 0.4703125 0.44765625 0.0125 0.0171875
0 0.45859375 0.45 0.015625 0.0140625