0 0.4859375 0.53671875 0.015625 0.0140625
0 0.47109375 0.546875 0.0140625 0.01171875
0 0.45703125 0.5546875 0.015625 0.0125
0 0.44296875 0.56796875 0.0171875 0.0140625
0 0.4265625 0.57890625 0.01875 0.01328125
0 0.4109375 0.58984375 0.01796875 0.01640625
0 0.39375 0.60078125 0.01875 0.0140625
0 0.375 0.615625 0.01484375 0.01484375
0 0.3609375 0.62890625 0.01484375 0.01484375
0 0.46640625 0.53203125 0.01640625 0.01484375
0 0.4609375 0.51875 0.01640625 0.01015625
0 0.44140625 0.5140625 0.01875 0.0125
0 0.43671875 0.5015625 0.0140625 0.0109375
0 0.41953125 0.49921875 0.01640625 0.01171875
0 0.41484375 0.4859375 0.01328125 0.0109375
0 0.42265625 0.51015625 0.01328125 0.01171875
0 0.42734375 0.521875 0.01484375 0.01484375
0 0.4328125 0.5375 0.0171875 0.0125
0 0.43671875 0.55078125 0.01796875 0.0109375
0 0.4015625 0.4953125 0.01484375 0.01015625
0 0.40546875 0.50703125 0.01640625 0.0109375
0 0.40859375 0.51953125 0.01640625 0.009375
0 0.4125 0.5328125 0.0171875 0.01015625
0 0.415625 0.54609375 0.015625 0.0140625
0 0.421875 0.56015625 0.01796875 0.01484375
0 0.3859375 0.5015625 0.0140625 0.0125
0 0.38828125 0.51484375 0.01484375 0.01015625
0 0.39375 0.5296875 0.01640625 0.01328125
0 0.396875 0.54296875 0.01640625 0.01484375
0 0.4015625 0.5578125 0.015625 0.01484375
0 0.40625 0.5734375 0.0171875 0.01484375
0 0.37109375 0.5125 0.015625 0.01484375
0 0.37421875 0.52578125 0.015625 0.0109375
0 0.37734375 0.53828125 0.015625 0.01171875
0 0.38125 0.55390625 0.0171875 0.01171875
0 0.3859375 0.56875 0.0171875 0.0125
0 0.38828125 0.584375 0.0171875 0.0125
0 0.3546875 0.52109375 0.01484375 0.01015625
0 0.35859375 0.5359375 0.015625 0.0125
0 0.3625 0.54921875 0.01640625 0.01171875
0 0.36484375 0.56484375 0.015625 0.01328125
0 0.3671875 0.5796875 0.01640625 0.0109375
0 0.37265625 0.59765625 0.01796875 0.015625
0 0.33671875 0.5328125 0.01484375 0.01015625
0 0.340625 0.54609375 0.015625 0.0125
0 0.34453125 0.56015625 0.015625 0.01171875
0 0.3484375 0.575 0.015625 0.01484375
0 0.35078125 0.59296875 0.01640625 0.01484375
0 0.3546875 0.6109375 0.0171875 0.0140625
0 0.321875 0.54375 0.015625 0.0125
0 0.3234375 0.5578125 0.015625 0.0125
0 0.32734375 0.5734375 0.01796875 0.0125
0 0.3296875 0.5875 0.0171875 0.01484375
0 0.3328125 0.6046875 0.0125 0.0109375
0 0.30390625 0.55234375 0.01484375 0.0125
0 0.30703125 0.56796875 0.0171875 0.01328125
0 0.31015625 0.5828125 0.01171875 0.0140625
0 0.2875 0.5625 0.01328125 0.01328125
0 0.396875 0.48203125 0.0125 0.01171875
0 0.39609375 0.47109375 0.01328125 0.0125
0 0.3765625 0.4671875 0.01328125 0.009375
0 0.38125 0.48203125 0.01328125 0.01328125
0 0.375 0.4578125 0.0140625 0.0125
0 0.35390625 0.4421875 0.0125 0.01015625
0 0.35703125 0.453125 0.01640625 0.01015625
0 0.36015625 0.4640625 0.01640625 0.00859375
0 0.3625 0.475 0.015625 0.01015625
0 0.36484375 0.4859375 0.01484375 0.00859375
0 0.35078125 0.496875 0.01328125 0.01015625
0 0.346875 0.48515625 0.01484375 0.0109375
0 0.34375 0.47109375 0.01484375 0.00859375
0 0.3421875 0.4609375 0.01484375 0.01015625
0 0.3390625 0.45078125 0.01171875 0.0078125
0 0.33828125 0.4421875 0.015625 0.00859375
0 0.334375 0.50703125 0.0140625 0.0125
0 0.33203125 0.49375 0.015625 0.009375
0 0.3296875 0.4828125 0.0125 0.01015625
0 0.32734375 0.47109375 0.0125 0.0078125
0 0.325 0.459375 0.0125 0.009375
0 0.321875 0.44765625 0.0125 0.009375
0 0.30859375 0.45546875 0.01484375 0.0125
0 0.31796875 0.51484375 0.01484375 0.0125
0 0.3015625 0.525 0.0171875 0.01328125
0 0.28203125 0.53671875 0.015625 0.01171875
0 0.29921875 0.5109375 0.01640625 0.0109375
0 0.3171875 0.50234375 0.0171875 0.0109375
0 0.3125 0.48984375 0.0125 0.01015625
0 0.3125 0.478125 0.01328125 0.009375
0 0.309375 0.4671875 0.01328125 0.01015625
0 0.29609375 0.49921875 0.01484375 0.01328125
0 0.29609375 0.4875 0.015625 0.0109375
0 0.29296875 0.475 0.0140625 0.009375
0 0.2921875 0.46171875 0.01484375 0.01015625
0 0.27578125 0.47109375 0.01328125 0.009375
0 0.2765625 0.48359375 0.0140625 0.01171875
0 0.278125 0.49453125 0.015625 0.00859375
0 0.28046875 0.5078125 0.01640625 0.009375
0 0.28046875 0.52109375 0.01484375 0.01328125
0 0.26328125 0.5328125 0.0140625 0.0109375
0 0.24609375 0.55859375 0.015625 0.01015625
0 0.24453125 0.5421875 0.01328125 0.01171875
0 0.22578125 0.53828125 0.015625 0.0125
0 0.22578125 0.5234375 0.015625 0.01171875
0 0.24375 0.52734375 0.01484375 0.0125
0 0.24453125 0.515625 0.01796875 0.01640625
0 0.24140625 0.5015625 0.0140625 0.01015625
0 0.24140625 0.48828125 0.015625 0.0125
0 0.259375 0.48125 0.015625 0.0125
0 0.2609375 0.49296875 0.0171875 0.01328125
0 0.26171875 0.5046875 0.01484375 0.0109375
0 0.26328125 0.51875 0.015625 0.0125
0 0.2078125 0.521875 0.0171875 0.01171875
0 0.2265625 0.5109375 0.01640625 0.0109375
0 0.2265625 0.4984375 0.01640625 0.0125
0 0.20703125 0.5078125 0.015625 0.01328125
0 0.1953125 0.49453125 0.01640625 0.01171875
0 0.21171875 0.484375 0.01484375 0.01328125
0 0.29453125 0.44375 0.015625 0.0078125
0 0.27890625 0.45078125 0.01640625 0.01015625
0 0.26328125 0.46015625 0.01328125 0.0140625
0 0.24609375 0.46875 0.0140625 0.01015625
0 0.22890625 0.475 0.01640625 0.0109375
0 0.3953125 0.3921875 0.01015625 0.01015625
0 0.384375 0.39921875 0.01171875 0.009375
0 0.36953125 0.40859375 0.0125 0.009375
0 0.35390625 0.41328125 0.01328125 0.00859375
0 0.33984375 0.421875 0.0140625 0.0109375
0 0.32578125 0.4296875 0.01484375 0.01015625
0 0.309375 0.43828125 0.0140625 0.01015625
0 0.44453125 0.3671875 0.00859375 0.009375
0 0.49453125 0.284375 0.009375 0.01015625
0 0.4921875 0.290625 0.01015625 0.00859375
0 0.48828125 0.296875 0.01171875 0.00859375
0 0.48515625 0.3046875 0.0125 0.00703125
0 0.48203125 0.309375 0.0125 0.0078125
0 0.47734375 0.3171875 0.0125 0.0078125
0 0.475 0.32421875 0.01171875 0.00546875
0 0.47109375 0.328125 0.0125 0.00625
0 0.46796875 0.334375 0.0109375 0.00546875
0 0.46640625 0.33984375 0.0125 0.00703125
0 0.46328125 0.3453125 0.01484375 0.00703125
0 0.46015625 0.35078125 0.015625 0.0078125
0 0.453125 0.35859375 0.01328125 0.0078125
0 0.496875 0.2796875 0.00703125 0.00703125
0 0.509375 0.2734375 0.00703125 0.00703125
0 0.503125 0.2765625 0.009375 0.00546875
0 0.55703125 0.253125 0.00859375 0.0046875
0 0.5640625 0.25078125 0.00703125 0.00625
0 0.56953125 0.24765625 0.00703125 0.00625
0 0.44765625 0.5296875 0.0171875 0.01328125
0 0.45 0.54140625 0.0140625 0.01484375