0 0.609375 0.81875 0.025 0.046875
0 0.62421875 0.8640625 0.03125 0.0390625
0 0.66640625 0.86484375 0.025 0.040625
0 0.646875 0.91171875 0.015625 0.04375
0 0.67890625 0.928125 0.0140625 0.021875
0 0.57890625 0.81328125 0.015625 0.034375
0 0.59453125 0.86328125 0.009375 0.034375
0 0.57890625 0.90625 0.015625 0.0359375
0 0.615625 0.91171875 0.015625 0.040625
0 0.59296875 0.94375 0.0125 0.025
0 0.58984375 0.33125 0.0328125 0.046875
0 0.328125 0.0125 0.015625 0.025
0 0.346875 0.00546875 0.0125 0.0109375
0 0.3640625 0.021875 0.01875 0.021875
0 0.38515625 0.0078125 0.015625 0.015625
0 0.425 0.01796875 0.0203125 0.03125
0 0.4578125 0.00546875 0.0203125 0.0109375
0 0.47578125 0.03203125 0.025 0.03125
0 0.440625 0.0609375 0.025 0.0375
0 0.39375 0.0359375 0.01875 0.0375
0 0.40859375 0.0828125 0.01875 0.0359375
0 0.38125 0.10078125 0.028125 0.040625
0 0.3046875 0.0296875 0.015625 0.028125
0 0.3171875 0.0625 0.0125 0.0359375
0 0.33515625 0.04296875 0.0140625 0.028125
0 0.34921875 0.07890625 0.0171875 0.034375
0 0.3703125 0.05703125 0.0125 0.0296875
0 0.2953125 0.08046875 0.01875 0.034375
0 0.2859375 0.04375 0.0171875 0.028125
0 0.33046875 0.10234375 0.01875 0.03125
0 0.3546875 0.11953125 0.0171875 0.03125
0 0.4953125 0.08046875 0.0203125 0.0375
0 0.45625 0.10546875 0.028125 0.046875
0 0.42890625 0.128125 0.025 0.0375
0 0.3984375 0.14453125 0.021875 0.0421875
0 0.36953125 0.159375 0.028125 0.0421875
0 0.34375 0.1796875 0.0171875 0.0359375
0 0.325 0.1921875 0.0203125 0.034375
0 0.30234375 0.209375 0.0203125 0.025
0 0.2875 0.2234375 0.0171875 0.0296875
0 0.27109375 0.2328125 0.021875 0.028125
0 0.253125 0.2390625 0.015625 0.0234375
0 0.240625 0.24921875 0.01875 0.025
0 0.22265625 0.2640625 0.0125 0.01875
0 0.2203125 0.23203125 0.015625 0.021875
0 0.2390625 0.21484375 0.0140625 0.025
0 0.25546875 0.203125 0.015625 0.021875
0 0.2734375 0.184375 0.01875 0.03125
0 0.296875 0.1671875 0.01875 0.03125
0 0.3171875 0.15234375 0.0140625 0.025
0 0.3390625 0.13359375 0.01875 0.028125
0 0.30390625 0.11953125 0.0125 0.028125
0 0.29296875 0.134375 0.01875 0.028125
0 0.275 0.15078125 0.01875 0.028125
0 0.26171875 0.1703125 0.021875 0.0265625
0 0.271875 0.11953125 0.0140625 0.021875
0 0.28203125 0.09765625 0.009375 0.015625
0 0.5140625 0.13203125 0.025 0.040625
0 0.478125 0.15234375 0.0203125 0.04375
0 0.44140625 0.178125 0.021875 0.0375
0 0.41015625 0.1953125 0.021875 0.0390625
0 0.3828125 0.2109375 0.021875 0.034375
0 0.3578125 0.2265625 0.0140625 0.025
0 0.334375 0.2375 0.01875 0.025
0 0.3140625 0.24765625 0.021875 0.0328125
0 0.29609375 0.26015625 0.015625 0.021875
0 0.27890625 0.26640625 0.021875 0.0234375
0 0.26171875 0.275 0.0125 0.01875
0 0.24375 0.2796875 0.015625 0.025
0 0.2265625 0.29453125 0.0125 0.015625
0 0.540625 0.19765625 0.028125 0.046875
0 0.496875 0.21015625 0.028125 0.040625
0 0.46796875 0.228125 0.03125 0.04375
0 0.4265625 0.2484375 0.028125 0.028125
0 0.390625 0.2609375 0.0203125 0.028125
0 0.36640625 0.271875 0.0296875 0.0390625
0 0.34453125 0.27890625 0.021875 0.0265625
0 0.32421875 0.28828125 0.021875 0.025
0 0.29921875 0.2984375 0.0125 0.025
0 0.28359375 0.30390625 0.021875 0.025
0 0.25859375 0.31640625 0.01875 0.0171875
0 0.240625 0.31875 0.01875 0.028125
0 0.22890625 0.328125 0.009375 0.0171875
0 0.5671875 0.26328125 0.01875 0.0359375
0 0.52421875 0.27578125 0.03125 0.046875
0 0.48828125 0.2859375 0.0390625 0.05
0 0.44765625 0.29921875 0.03125 0.0484375
0 0.4125 0.3140625 0.01875 0.0390625
0 0.38984375 0.31953125 0.0125 0.0359375
0 0.365625 0.3234375 0.028125 0.0359375
0 0.3375 0.33046875 0.0203125 0.040625
0 0.315625 0.33984375 0.03125 0.0375
0 0.29609375 0.34921875 0.025 0.0265625
0 0.2734375 0.353125 0.028125 0.0328125
0 0.24609375 0.3578125 0.01875 0.03125
0 0.22578125 0.36171875 0.0125 0.025
0 0.23046875 0.39609375 0.009375 0.028125
0 0.54609375 0.33515625 0.025 0.053125
0 0.52265625 0.41015625 0.034375 0.046875
0 0.50078125 0.34453125 0.025 0.0421875
0 0.459375 0.3546875 0.0203125 0.0453125
0 0.42890625 0.365625 0.0203125 0.040625
0 0.40390625 0.36953125 0.015625 0.0484375
0 0.3703125 0.375 0.01875 0.040625
0 0.353125 0.38515625 0.0234375 0.0375
0 0.32890625 0.38359375 0.021875 0.03125
0 0.29921875 0.38984375 0.025 0.03125
0 0.2796875 0.39296875 0.01875 0.028125
0 0.259375 0.39375 0.015625 0.0328125
0 0.24375 0.39375 0.0125 0.028125
0 0.23828125 0.43046875 0.0125 0.025
0 0.25546875 0.43203125 0.0125 0.025
0 0.2734375 0.4296875 0.0140625 0.028125
0 0.29140625 0.4296875 0.0125 0.0296875
0 0.30234375 0.43203125 0.0125 0.0296875
0 0.315625 0.4296875 0.015625 0.0296875
0 0.3375 0.43203125 0.015625 0.03125
0 0.359375 0.42890625 0.021875 0.0328125
0 0.38671875 0.4265625 0.01875 0.0375
0 0.41328125 0.428125 0.01875 0.034375
0 0.44921875 0.42265625 0.021875 0.0328125
0 0.48125 0.4203125 0.025 0.0375
0 0.45859375 0.48671875 0.028125 0.034375
0 0.43046875 0.48984375 0.025 0.0375
0 0.40078125 0.48671875 0.021875 0.0359375
0 0.37265625 0.4828125 0.021875 0.03125
0 0.35 0.48046875 0.021875 0.03125
0 0.32265625 0.48046875 0.021875 0.028125
0 0.30234375 0.4796875 0.021875 0.028125
0 0.2828125 0.47265625 0.021875 0.0296875
0 0.26328125 0.4734375 0.021875 0.03125
0 0.2484375 0.47109375 0.01875 0.0265625
0 0.25 0.51015625 0.021875 0.0234375
0 0.2671875 0.5140625 0.01875 0.025
0 0.28046875 0.5203125 0.015625 0.028125
0 0.29453125 0.52265625 0.0140625 0.028125
0 0.31015625 0.521875 0.01875 0.028125
0 0.33359375 0.52578125 0.01875 0.028125
0 0.35390625 0.53125 0.015625 0.025
0 0.38359375 0.53046875 0.025 0.03125
0 0.415625 0.534375 0.028125 0.0375
0 0.275 0.67265625 0.01875 0.025
0 0.26875 0.63671875 0.0125 0.028125
0 0.284375 0.6421875 0.015625 0.025
0 0.30546875 0.65 0.01875 0.021875
0 0.26171875 0.5875 0.0109375 0.0328125
0 0.25859375 0.55 0.015625 0.028125
0 0.2765625 0.596875 0.0109375 0.028125
0 0.2734375 0.55546875 0.015625 0.025
0 0.2953125 0.6046875 0.0125 0.03125
0 0.290625 0.55546875 0.015625 0.03125
0 0.31015625 0.61171875 0.015625 0.0296875
0 0.30546875 0.56484375 0.0125 0.028125
0 0.32265625 0.56796875 0.0125 0.0328125
0 0.34375 0.57578125 0.01875 0.028125
0 0.37109375 0.58203125 0.01875 0.021875
0 0.3359375 0.61484375 0.021875 0.0265625