0 0.52265625 0.07734375 0.08125 0.153125
0 0.52578125 0.2828125 0.065625 0.134375
0 0.53203125 0.475 0.078125 0.140625
0 0.521875 0.68046875 0.0734375 0.1375
0 0.53203125 0.89453125 0.06875 0.1375
0 0.425 0.125 0.0546875 0.1015625
0 0.42109375 0.3140625 0.0625 0.115625
0 0.43046875 0.484375 0.0546875 0.109375
0 0.42890625 0.66796875 0.05625 0.10625
0 0.43671875 0.8328125 0.0625 0.115625
0 0.35234375 0.15 0.0515625 0.1234375
0 0.359375 0.32109375 0.059375 0.1015625
0 0.35703125 0.47890625 0.05 0.10625
0 0.35703125 0.640625 0.0546875 0.0796875
0 0.3578125 0.8078125 0.05625 0.0875
0 0.29921875 0.18515625 0.04375 0.084375
0 0.29140625 0.3296875 0.04375 0.084375
0 0.29375 0.48125 0.046875 0.0953125
0 0.29296875 0.6234375 0.0390625 0.084375
0 0.30234375 0.7671875 0.034375 0.0734375
0 0.24375 0.19609375 0.034375 0.096875
0 0.2421875 0.34765625 0.028125 0.0828125
0 0.24375 0.4796875 0.0421875 0.08125
0 0.24765625 0.60703125 0.04375 0.08125
0 0.25390625 0.74296875 0.0421875 0.071875
0 0.1984375 0.23046875 0.0296875 0.06875
0 0.19921875 0.359375 0.0296875 0.0625
0 0.19921875 0.47421875 0.025 0.078125
0 0.19609375 0.6015625 0.03125 0.08125
0 0.203125 0.71328125 0.025 0.078125
0 0.1625 0.24765625 0.021875 0.08125
0 0.16328125 0.36328125 0.028125 0.0609375
0 0.1671875 0.47421875 0.025 0.0625
0 0.16484375 0.6 0.028125 0.065625
0 0.16640625 0.69921875 0.0203125 0.065625
0 0.13359375 0.2671875 0.0203125 0.0609375
0 0.0875 0.2984375 0.0203125 0.065625
0 0.11015625 0.28359375 0.01875 0.059375
0 0.090625 0.38515625 0.0171875 0.053125
0 0.1078125 0.38203125 0.01875 0.0625
0 0.13515625 0.36796875 0.021875 0.05625
0 0.090625 0.4765625 0.0140625 0.053125
0 0.09140625 0.5671875 0.01875 0.05625
0 0.0875 0.66328125 0.015625 0.05625
0 0.1140625 0.67265625 0.0203125 0.046875
0 0.14140625 0.6859375 0.0203125 0.0671875
0 0.13828125 0.578125 0.015625 0.059375
0 0.11484375 0.571875 0.0203125 0.0546875