0 0.596875 0.42421875 0.096875 0.0734375
0 0.7640625 0.39296875 0.11875 0.071875
0 0.9125 0.36171875 0.1125 0.0734375
0 0.94296875 0.43046875 0.103125 0.0546875
0 0.9734375 0.9125 0.053125 0.0375
0 0.95703125 0.875 0.05625 0.05
0 0.86640625 0.7546875 0.08125 0.04375
0 0.81953125 0.70625 0.1140625 0.0609375
0 0.91484375 0.8390625 0.084375 0.0375
0 0.8890625 0.79453125 0.0875 0.0296875
0 0.98515625 0.7984375 0.028125 0.021875
0 0.97578125 0.753125 0.0484375 0.05
0 0.95625 0.690625 0.0796875 0.034375
0 0.94296875 0.64296875 0.084375 0.059375
0 0.88828125 0.58984375 0.103125 0.0515625
0 0.85078125 0.5328125 0.115625 0.040625
0 0.81484375 0.471875 0.109375 0.05
0 0.9703125 0.49609375 0.059375 0.0765625
0 0.990625 0.565625 0.01875 0.0515625
0 0.64140625 0.49765625 0.1140625 0.0515625
0 0.69921875 0.54765625 0.1 0.0375
0 0.74765625 0.60546875 0.10625 0.059375
0 0.771875 0.65703125 0.10625 0.0546875
0 0.475 0.71015625 0.0953125 0.040625
0 0.5328125 0.753125 0.0671875 0.0296875
0 0.56640625 0.79140625 0.0828125 0.025
0 0.60546875 0.83359375 0.0625 0.0421875
0 0.65859375 0.8796875 0.0625 0.0375
0 0.428125 0.6625 0.0875 0.0421875
0 0.37421875 0.6125 0.09375 0.040625
0 0.309375 0.5546875 0.109375 0.059375
0 0.2546875 0.4828125 0.115625 0.059375
0 0.09453125 0.50390625 0.109375 0.0640625
0 0.17265625 0.56953125 0.1125 0.0546875
0 0.24296875 0.62578125 0.10625 0.04375
0 0.28984375 0.6796875 0.0984375 0.0421875
0 0.35859375 0.7296875 0.0921875 0.0421875
0 0.40625 0.77421875 0.0921875 0.046875
0 0.44921875 0.81328125 0.06875 0.0359375
0 0.49921875 0.84609375 0.065625 0.034375
0 0.53515625 0.87734375 0.06875 0.0296875
0 0.571875 0.91015625 0.059375 0.0234375
0 0.6109375 0.94296875 0.071875 0.021875
0 0.04140625 0.59921875 0.0828125 0.046875
0 0.00859375 0.53984375 0.0171875 0.046875
0 0.10703125 0.65078125 0.09375 0.0609375
0 0.1703125 0.7015625 0.0796875 0.040625
0 0.22109375 0.740625 0.090625 0.075
0 0.278125 0.77421875 0.0828125 0.05
0 0.334375 0.82578125 0.0453125 0.05625
0 0.36953125 0.8609375 0.053125 0.021875
0 0.41640625 0.89375 0.0625 0.040625
0 0.4515625 0.92421875 0.05625 0.025
0 0.50390625 0.9484375 0.053125 0.028125
0 0.02578125 0.690625 0.0515625 0.0484375
0 0.046875 0.71796875 0.0875 0.040625
0 0.10546875 0.76640625 0.071875 0.04375
0 0.16015625 0.79921875 0.075 0.0515625
0 0.2171875 0.846875 0.075 0.040625
0 0.0234375 0.7828125 0.046875 0.05
0 0.0265625 0.85859375 0.053125 0.04375
0 0.059375 0.90390625 0.0765625 0.01875
0 0.10625 0.9421875 0.05625 0.021875
0 0.1640625 0.97109375 0.05 0.028125