0 0.7140625 0.48125 0.03828125 0.0390625
0 0.74140625 0.553125 0.02890625 0.040625
0 0.784375 0.5671875 0.0328125 0.0390625
0 0.7578125 0.5078125 0.03125 0.03515625
0 0.80234375 0.5234375 0.03984375 0.0359375
0 0.73203125 0.71484375 0.04453125 0.03828125
0 0.5453125 0.725 0.03984375 0.04765625
0 0.559375 0.43125 0.040625 0.034375
0 0.51484375 0.42890625 0.0375 0.03203125
0 0.46953125 0.42578125 0.03984375 0.0328125
0 0.46796875 0.471875 0.0359375 0.03203125
0 0.51015625 0.46875 0.034375 0.03046875
0 0.34296875 0.6875 0.04375 0.0390625
0 0.18359375 0.5921875 0.03984375 0.0453125
0 0.22421875 0.64609375 0.03984375 0.03515625
0 0.27890625 0.60234375 0.04921875 0.034375
0 0.3328125 0.54453125 0.04453125 0.046875
0 0.28671875 0.49609375 0.03984375 0.040625