0 0.8265625 0.36015625 0.1375 0.0875
0 0.6078125 0.40546875 0.15 0.0953125
0 0.34453125 0.4265625 0.178125 0.096875
0 0.62265625 0.26484375 0.153125 0.06875
0 0.88984375 0.23515625 0.121875 0.090625
0 0.75 0.1765625 0.134375 0.08125
0 0.8984375 0.1046875 0.115625 0.0859375
0 0.73515625 0.11171875 0.146875 0.0765625
0 0.6265625 0.06640625 0.115625 0.071875
0 0.57890625 0.16875 0.146875 0.078125
0 0.4296875 0.08046875 0.134375 0.0625
0 0.39140625 0.1515625 0.1265625 0.0453125
0 0.38359375 0.2734375 0.146875 0.08125
0 0.11640625 0.36796875 0.1375 0.0875
0 0.26328125 0.2125 0.128125 0.071875
0 0.17578125 0.1265625 0.13125 0.0765625
0 0.234375 0.053125 0.1 0.065625