0 0.2453125 0.74375 0.0921875 0.0578125
0 0.3703125 0.67421875 0.0875 0.0453125
0 0.48203125 0.6453125 0.08125 0.046875
0 0.4703125 0.6984375 0.096875 0.0453125
0 0.36953125 0.7265625 0.084375 0.0375
0 0.3390625 0.78359375 0.0953125 0.046875
0 0.2328125 0.80546875 0.0953125 0.0546875
0 0.32578125 0.83984375 0.096875 0.059375
0 0.4265625 0.86953125 0.078125 0.04375
0 0.4359375 0.81640625 0.0859375 0.05
0 0.45390625 0.765625 0.090625 0.0515625
0 0.575 0.68828125 0.09375 0.04375
0 0.55546875 0.74375 0.090625 0.0390625
0 0.54375 0.79765625 0.109375 0.05
0 0.521875 0.853125 0.10625 0.040625
0 0.51484375 0.90703125 0.096875 0.046875
0 0.60078125 0.934375 0.0828125 0.040625
0 0.61015625 0.88046875 0.09375 0.034375
0 0.6328125 0.83359375 0.0875 0.0375
0 0.65625 0.775 0.0875 0.0390625
0 0.67109375 0.72421875 0.084375 0.04375
0 0.72890625 0.8640625 0.0765625 0.040625
0 0.740625 0.8078125 0.084375 0.0375
0 0.76171875 0.76015625 0.103125 0.0390625
0 0.85 0.79453125 0.1 0.0421875