0 0.96796875 0.590625 0.0640625 0.13984375
0 0.85234375 0.48203125 0.1359375 0.13984375
0 0.8984375 0.72421875 0.1203125 0.1421875
0 0.98203125 0.83046875 0.0359375 0.08515625
0 0.61953125 0.97734375 0.1015625 0.0453125
0 0.46796875 0.91015625 0.16640625 0.09609375
0 0.61171875 0.77578125 0.15625 0.090625
0 0.7203125 0.640625 0.15390625 0.11171875
0 0.6921875 0.4328125 0.1234375 0.12421875
0 0.56171875 0.5578125 0.13359375 0.10625
0 0.4265625 0.70703125 0.14609375 0.0984375
0 0.3015625 0.82734375 0.13046875 0.10078125
0 0.178125 0.9609375 0.12578125 0.078125
0 0.0375 0.8859375 0.07421875 0.12421875
0 0.14453125 0.734375 0.14609375 0.11171875
0 0.2875 0.603125 0.13828125 0.0984375
0 0.40234375 0.47265625 0.13828125 0.08515625
0 0.5265625 0.340625 0.13046875 0.10625
0 0.928125 0.1609375 0.1234375 0.10859375
0 0.98984375 0.04296875 0.0203125 0.075
0 0.86796875 0.015625 0.1359375 0.03125
0 0.7640625 0.09609375 0.14375 0.1296875
0 0.60234375 0.03515625 0.128125 0.0703125
0 0.471875 0.0140625 0.09765625 0.028125
0 0.33984375 0.06875 0.11015625 0.08515625
0 0.19375 0.0296875 0.11015625 0.059375
0 0.07421875 0.11171875 0.09765625 0.0984375
0 0.2125 0.190625 0.1125 0.090625
0 0.38203125 0.26640625 0.128125 0.10390625
0 0.25 0.39375 0.10546875 0.10390625
0 0.10390625 0.51640625 0.1 0.10625
0 0.0984375 0.32109375 0.1359375 0.07265625
0 0.01015625 0.2734375 0.0203125 0.121875
0 0.0203125 0.48828125 0.0359375 0.19921875
0 0.01171875 0.5453125 0.0234375 0.01796875
0 0.02421875 0.6578125 0.0484375 0.15