0 0.90390625 0.22265625 0.1921875 0.2734375
0 0.81328125 0.79375 0.165625 0.2765625
0 0.97578125 0.67578125 0.0484375 0.2640625
0 0.66796875 0.35859375 0.178125 0.275
0 0.4359375 0.0953125 0.11875 0.190625
0 0.22734375 0.23984375 0.140625 0.1875
0 0.09453125 0.2828125 0.0703125 0.178125
0 0.02734375 0.3421875 0.04375 0.153125
0 0.46953125 0.521875 0.1 0.2
0 0.27578125 0.5671875 0.11875 0.2078125
0 0.13359375 0.6453125 0.1109375 0.1859375
0 0.0296875 0.64609375 0.059375 0.1578125
0 0.05390625 0.9203125 0.096875 0.159375
0 0.20703125 0.93125 0.1328125 0.1375
0 0.38671875 0.9171875 0.146875 0.165625
0 0.590625 0.8828125 0.175 0.234375