0 0.63359375 0.496875 0.103125 0.046875
0 0.54453125 0.40703125 0.11640625 0.03125
0 0.403125 0.4046875 0.11015625 0.04296875
0 0.4359375 0.459375 0.13046875 0.04296875
0 0.27421875 0.4203125 0.13984375 0.05546875
0 0.2515625 0.2890625 0.14921875 0.0546875
0 0.27890625 0.34375 0.13828125 0.04765625
0 0.50390625 0.28671875 0.09375 0.03359375
0 0.659375 0.28984375 0.084375 0.03984375
0 0.7734375 0.3296875 0.103125 0.046875
0 0.7453125 0.38203125 0.1125 0.0578125
0 0.6875 0.421875 0.1328125 0.05234375
0 0.5484375 0.3390625 0.0015625 0.00078125