0 0.8015625 0.553125 0.109375 0.1109375
0 0.8453125 0.03203125 0.09375 0.0640625
0 0.9609375 0.02109375 0.078125 0.040625
0 0.7484375 0.0515625 0.09375 0.103125
0 0.65 0.0125 0.075 0.025
0 0.546875 0.02890625 0.10625 0.0578125
0 0.4421875 0.04296875 0.096875 0.0859375
0 0.36328125 0.009375 0.0609375 0.01875
0 0.2515625 0.025 0.1 0.05
0 0.13984375 0.0359375 0.1109375 0.071875
0 0.04609375 0.07890625 0.0703125 0.1359375
0 0.11640625 0.153125 0.0984375 0.084375
0 0.3328125 0.0875 0.090625 0.096875
0 0.2109375 0.109375 0.09375 0.096875
0 0.640625 0.090625 0.1 0.096875
0 0.53359375 0.11953125 0.0984375 0.121875
0 0.42109375 0.1640625 0.1015625 0.09375
0 0.3078125 0.203125 0.115625 0.1
0 0.2 0.2390625 0.096875 0.1109375
0 0.08203125 0.284375 0.1109375 0.103125