0 0.2046875 0.62734375 0.090625 0.065625
0 0.13046875 0.70078125 0.0890625 0.0734375
0 0.26484375 0.70546875 0.08125 0.05625
0 0.3171875 0.6234375 0.0875 0.0578125
0 0.4515625 0.625 0.0921875 0.0703125
0 0.58203125 0.62578125 0.09375 0.06875
0 0.68828125 0.61484375 0.0890625 0.0671875
0 0.815625 0.63203125 0.084375 0.065625
0 0.38046875 0.70078125 0.084375 0.0578125
0 0.49921875 0.69921875 0.1 0.075
0 0.625 0.70234375 0.09375 0.05625
0 0.74453125 0.7 0.09375 0.065625
0 0.87578125 0.70546875 0.0890625 0.0640625
0 0.196875 0.77734375 0.0921875 0.0640625
0 0.3234375 0.78125 0.09375 0.0671875
0 0.4390625 0.7796875 0.0984375 0.053125
0 0.5546875 0.7734375 0.1 0.05625
0 0.68203125 0.77421875 0.084375 0.053125
0 0.80546875 0.78359375 0.0984375 0.05625
0 0.13828125 0.85703125 0.1015625 0.05625
0 0.21796875 0.93046875 0.0828125 0.05625
0 0.33046875 0.92109375 0.0875 0.059375
0 0.4453125 0.9203125 0.109375 0.0640625
0 0.56171875 0.9265625 0.0984375 0.053125
0 0.68046875 0.9203125 0.109375 0.0578125
0 0.80546875 0.92265625 0.1015625 0.05625
0 0.86171875 0.853125 0.084375 0.053125
0 0.74609375 0.84765625 0.096875 0.059375
0 0.6234375 0.853125 0.0921875 0.0671875
0 0.50078125 0.85234375 0.1015625 0.06875
0 0.384375 0.846875 0.0984375 0.0578125
0 0.26953125 0.84921875 0.0875 0.059375