0 0.04765625 0.11015625 0.090625 0.11328125
0 0.23828125 0.059375 0.27734375 0.09765625
0 0.49375 0.01796875 0.25546875 0.0359375
0 0.88984375 0.0359375 0.1953125 0.071875
0 0.66640625 0.06953125 0.30390625 0.11328125
0 0.9765625 0.13984375 0.04609375 0.0953125
0 0.82734375 0.18515625 0.3453125 0.1390625
0 0.9359375 0.3046875 0.128125 0.1359375
0 0.40625 0.14765625 0.31953125 0.12578125
0 0.13203125 0.22890625 0.2640625 0.1640625
0 0.240625 0.359375 0.3171875 0.18515625
0 0.57265625 0.29140625 0.35078125 0.16171875
0 0.771875 0.42890625 0.42109375 0.1796875
0 0.428125 0.521875 0.40390625 0.18515625