0 0.67734375 0.33984375 0.1625 0.1609375
0 0.8375 0.2375 0.16875 0.175
0 0.9421875 0.08203125 0.115625 0.15625
0 0.8609375 0.015625 0.1375 0.03125
0 0.74296875 0.08828125 0.1625 0.1765625
0 0.57890625 0.1703125 0.134375 0.171875
0 0.5609375 0.0484375 0.18125 0.096875
0 0.39296875 0.04765625 0.159375 0.0953125
0 0.2609375 0.0203125 0.103125 0.040625
0 0.15390625 0.03828125 0.175 0.0765625
0 0.0421875 0.01640625 0.084375 0.0328125
0 0.040625 0.11015625 0.08125 0.15
0 0.03125 0.271875 0.0625 0.1625
0 0.02265625 0.43125 0.04375 0.153125
0 0.015625 0.77421875 0.03125 0.1390625
0 0.021875 0.9375 0.04375 0.125
0 0.090625 0.8390625 0.11875 0.1421875
0 0.15625 0.6875 0.15 0.1734375
0 0.05 0.64375 0.1 0.16875
0 0.090625 0.4921875 0.14375 0.1640625
0 0.15078125 0.3328125 0.15 0.14375
0 0.15 0.16015625 0.153125 0.15625
0 0.28984375 0.1828125 0.15 0.15625
0 0.43359375 0.17890625 0.1734375 0.171875
0 0.32734375 0.328125 0.1390625 0.15625
0 0.5109375 0.353125 0.1546875 0.171875
0 0.4125 0.48203125 0.1375 0.15625
0 0.240625 0.471875 0.1234375 0.146875
0 0.30703125 0.61015625 0.13125 0.171875