0 0.73671875 0.928125 0.11875 0.1328125
0 0.79921875 0.7953125 0.071875 0.1109375
0 0.85234375 0.68359375 0.0875 0.115625
0 0.91796875 0.58671875 0.071875 0.09375
0 0.95703125 0.503125 0.0796875 0.128125
0 0.9015625 0.409375 0.0625 0.1125
0 0.671875 0.821875 0.0921875 0.134375
0 0.73046875 0.7125 0.075 0.146875
0 0.79765625 0.60078125 0.071875 0.140625
0 0.846875 0.50625 0.06875 0.13125
0 0.840625 0.31328125 0.0796875 0.14375
0 0.78984375 0.40625 0.065625 0.1171875
0 0.59140625 0.73046875 0.0828125 0.18125
0 0.6578125 0.6078125 0.0625 0.15
0 0.72734375 0.496875 0.065625 0.125
0 0.78671875 0.203125 0.059375 0.1375
0 0.50390625 0.61875 0.0859375 0.1375
0 0.58984375 0.50234375 0.0828125 0.13125
0 0.65390625 0.3765625 0.0828125 0.121875
0 0.71953125 0.2953125 0.08125 0.115625
0 0.71875 0.08515625 0.075 0.134375
0 0.6484375 0.1765625 0.078125 0.13125
0 0.5796875 0.26328125 0.0921875 0.1375
0 0.4984375 0.3640625 0.1125 0.153125
0 0.40859375 0.4890625 0.103125 0.1546875