0 0.3 0.5296875 0.053125 0.071875
0 0.4140625 0.60625 0.06875 0.06875
0 0.25546875 0.42734375 0.053125 0.078125
0 0.63671875 0.7109375 0.078125 0.08125
0 0.5546875 0.71640625 0.0828125 0.0890625
0 0.63671875 0.62421875 0.08125 0.08125
0 0.6390625 0.540625 0.0875 0.1015625
0 0.64375 0.44609375 0.0890625 0.0875
0 0.64140625 0.365625 0.06875 0.0875
0 0.54921875 0.628125 0.084375 0.090625
0 0.5421875 0.5390625 0.0859375 0.0828125
0 0.5546875 0.44765625 0.0828125 0.08125
0 0.55625 0.3671875 0.0859375 0.1