0 0.8671875 0.26875 0.1453125 0.10390625
0 0.859375 0.13203125 0.1453125 0.109375
0 0.8515625 0.03359375 0.1609375 0.06640625
0 0.6734375 0.03203125 0.14921875 0.0640625
0 0.5 0.0296875 0.1609375 0.05859375
0 0.33125 0.028125 0.13359375 0.05625
0 0.16953125 0.03046875 0.1546875 0.0609375
0 0.69296875 0.13359375 0.17265625 0.1171875
0 0.5109375 0.13203125 0.175 0.0984375
0 0.31953125 0.11875 0.153125 0.0984375
0 0.15 0.13203125 0.1234375 0.07734375
0 0.13046875 0.2546875 0.146875 0.0828125
0 0.3234375 0.246875 0.1453125 0.09375
0 0.5015625 0.259375 0.1546875 0.1125
0 0.67578125 0.25078125 0.115625 0.1015625