0 0.590625 0.03203125 0.140625 0.0640625
0 0.48203125 0.14765625 0.140625 0.1359375
0 0.72421875 0.1015625 0.1421875 0.1203125
0 0.83046875 0.01796875 0.084375 0.0359375
0 0.97734375 0.38046875 0.0453125 0.1015625
0 0.91015625 0.53203125 0.096875 0.165625
0 0.77578125 0.38828125 0.090625 0.15625
0 0.640625 0.2796875 0.1125 0.153125
0 0.4328125 0.3078125 0.125 0.1234375
0 0.5578125 0.43828125 0.10625 0.134375
0 0.70703125 0.5734375 0.0984375 0.146875
0 0.82734375 0.6984375 0.1 0.13125
0 0.9609375 0.821875 0.078125 0.1265625
0 0.8859375 0.9625 0.125 0.075
0 0.734375 0.85546875 0.1125 0.146875
0 0.603125 0.7125 0.0984375 0.1375
0 0.47265625 0.59765625 0.084375 0.1375
0 0.340625 0.4734375 0.10625 0.13125
0 0.1609375 0.071875 0.109375 0.1234375
0 0.04296875 0.01015625 0.075 0.0203125
0 0.015625 0.13203125 0.03125 0.1359375
0 0.09609375 0.2359375 0.1296875 0.14375
0 0.03515625 0.39765625 0.0703125 0.128125
0 0.0140625 0.528125 0.028125 0.096875
0 0.06875 0.66015625 0.084375 0.109375
0 0.0296875 0.80625 0.059375 0.109375
0 0.11171875 0.92578125 0.0984375 0.096875
0 0.190625 0.7875 0.090625 0.1125
0 0.26640625 0.61796875 0.103125 0.128125
0 0.39375 0.75 0.103125 0.10625
0 0.51640625 0.89609375 0.10625 0.1
0 0.32109375 0.9015625 0.071875 0.1359375
0 0.2734375 0.98984375 0.121875 0.0203125
0 0.48828125 0.9796875 0.2 0.0359375
0 0.5453125 0.98828125 0.01875 0.0234375
0 0.6578125 0.97578125 0.15 0.0484375