0 0.85703125 0.3296875 0.1140625 0.0484375
0 0.759375 0.359375 0.14453125 0.0546875
0 0.60625 0.3828125 0.1109375 0.04921875
0 0.48828125 0.41484375 0.140625 0.0578125
0 0.3390625 0.453125 0.15234375 0.06796875
0 0.80390625 0.2625 0.11015625 0.0484375
0 0.7234375 0.21875 0.11484375 0.0375
0 0.66875 0.1765625 0.1046875 0.03359375
0 0.61171875 0.12578125 0.10546875 0.04296875
0 0.4828125 0.1515625 0.09765625 0.0296875
0 0.55234375 0.19453125 0.10546875 0.03203125
0 0.58828125 0.23984375 0.1046875 0.0296875
0 0.70078125 0.29921875 0.11796875 0.05234375
0 0.5546875 0.303125 0.10703125 0.0390625
0 0.3984375 0.34375 0.121875 0.0359375
0 0.41015625 0.2234375 0.11015625 0.0453125
0 0.36875 0.16640625 0.11015625 0.0453125
0 0.26796875 0.18359375 0.11015625 0.0453125
0 0.253125 0.2359375 0.09921875 0.03515625
0 0.32578125 0.2734375 0.11484375 0.03984375
0 0.25625 0.3765625 0.10078125 0.0453125
0 0.203125 0.31484375 0.1109375 0.0453125
0 0.15546875 0.259375 0.1046875 0.0390625
0 0.1015625 0.20546875 0.09609375 0.04140625