0 0.52421875 0.5640625 0.265625 0.165625
0 0.134375 0.69609375 0.26875 0.18125
0 0.08515625 0.9265625 0.1703125 0.1265625
0 0.3140625 0.9421875 0.2578125 0.115625
0 0.39609375 0.7765625 0.246875 0.1890625
0 0.77421875 0.6234375 0.228125 0.1484375
0 0.8828125 0.3421875 0.234375 0.20625
0 0.6265625 0.84453125 0.240625 0.153125
0 0.57109375 0.959375 0.171875 0.08125
0 0.778125 0.98828125 0.1421875 0.0234375
0 0.971875 0.934375 0.05625 0.13125
0 0.86015625 0.8859375 0.221875 0.11875
0 0.91796875 0.70546875 0.1640625 0.2375