0 0.52109375 0.64765625 0.0296875 0.02734375
0 0.48515625 0.615625 0.01796875 0.0140625
0 0.4578125 0.59375 0.02109375 0.02265625
0 0.4265625 0.5703125 0.021875 0.021875
0 0.39765625 0.55 0.01953125 0.02421875
0 0.36328125 0.571875 0.02421875 0.02734375
0 0.3921875 0.5921875 0.02109375 0.015625
0 0.41875 0.6140625 0.01484375 0.0203125
0 0.45 0.64140625 0.0171875 0.0171875
0 0.4859375 0.66875 0.02421875 0.02578125
0 0.44609375 0.6921875 0.02265625 0.02734375
0 0.41015625 0.659375 0.02109375 0.021875
0 0.38125 0.63203125 0.01953125 0.01875
0 0.35078125 0.609375 0.021875 0.02421875
0 0.32421875 0.58515625 0.02421875 0.0171875
0 0.28046875 0.603125 0.01875 0.015625
0 0.30703125 0.63671875 0.025 0.021875
0 0.33359375 0.6640625 0.025 0.021875
0 0.3640625 0.6875 0.0234375 0.0203125
0 0.396875 0.71875 0.02421875 0.0203125
0 0.23515625 0.628125 0.01796875 0.015625
0 0.259375 0.65234375 0.015625 0.01328125
0 0.2859375 0.68125 0.01875 0.01875
0 0.3171875 0.71015625 0.02421875 0.02578125
0 0.3515625 0.74453125 0.0265625 0.0203125
0 0.615625 0.99296875 0.0328125 0.0140625
0 0.6609375 0.9640625 0.02734375 0.02265625
0 0.76875 0.96484375 0.02421875 0.02421875
0 0.8015625 0.9265625 0.02734375 0.02421875
0 0.846875 0.88984375 0.03203125 0.034375
0 0.79765625 0.83984375 0.02578125 0.02265625
0 0.74140625 0.809375 0.02578125 0.02578125
0 0.6921875 0.77109375 0.0234375 0.01875
0 0.65546875 0.73046875 0.02734375 0.02890625
0 0.61640625 0.7609375 0.025 0.03046875
0 0.65234375 0.80546875 0.0265625 0.0359375
0 0.7 0.83125 0.0265625 0.0328125
0 0.7546875 0.8765625 0.02578125 0.02890625
0 0.7203125 0.91640625 0.02421875 0.0328125
0 0.6640625 0.875 0.028125 0.02890625
0 0.6140625 0.8265625 0.0296875 0.02578125
0 0.56875 0.7875 0.025 0.02265625
0 0.52109375 0.8296875 0.03046875 0.034375
0 0.56484375 0.87578125 0.03515625 0.0328125
0 0.6125 0.92109375 0.03125 0.03984375
0 0.5625 0.95390625 0.034375 0.0390625
0 0.5046875 0.90234375 0.02578125 0.02890625
0 0.471875 0.859375 0.02890625 0.02890625
0 0.32109375 0.4828125 0.02265625 0.01640625
0 0.29296875 0.46640625 0.01640625 0.0140625
0 0.278125 0.4515625 0.01875 0.0140625
0 0.25625 0.43515625 0.0171875 0.01875
0 0.23828125 0.4203125 0.0171875 0.015625
0 0.28671875 0.5046875 0.0171875 0.01484375
0 0.2609375 0.48671875 0.01796875 0.0171875
0 0.24375 0.4703125 0.02109375 0.0140625
0 0.22109375 0.45234375 0.0140625 0.01171875
0 0.2015625 0.43671875 0.01640625 0.01328125
0 0.24375 0.51875 0.02265625 0.01796875
0 0.2234375 0.49921875 0.0203125 0.01796875
0 0.2046875 0.4828125 0.01953125 0.01484375
0 0.18359375 0.4640625 0.0234375 0.0140625
0 0.16484375 0.4484375 0.0171875 0.0140625
0 0.20625 0.534375 0.01953125 0.01875
0 0.18125 0.51796875 0.02265625 0.01875
0 0.16171875 0.4984375 0.0203125 0.01640625
0 0.140625 0.4828125 0.01875 0.01328125
0 0.1234375 0.4625 0.02109375 0.01484375
0 0.1609375 0.55234375 0.0203125 0.0203125
0 0.1375 0.534375 0.02109375 0.01484375
0 0.11953125 0.5109375 0.01953125 0.0171875
0 0.10234375 0.49453125 0.0203125 0.0125
0 0.0828125 0.4765625 0.02109375 0.01640625