0 0.49375 0.6265625 0.01328125 0.0265625
0 0.459375 0.6609375 0.021875 0.02890625
0 0.4234375 0.634375 0.0265625 0.025
0 0.41796875 0.690625 0.0296875 0.03203125
0 0.371875 0.69453125 0.025 0.034375
0 0.34140625 0.73984375 0.0234375 0.028125
0 0.290625 0.75 0.0203125 0.0265625
0 0.37890625 0.6421875 0.02109375 0.02578125
0 0.33125 0.63515625 0.02421875 0.02265625
0 0.36328125 0.5921875 0.02109375 0.02265625
0 0.35234375 0.546875 0.01953125 0.02421875
0 0.34765625 0.503125 0.015625 0.021875
0 0.32109375 0.47109375 0.01796875 0.02421875
0 0.3140625 0.5328125 0.01796875 0.02421875
0 0.32109375 0.57890625 0.02109375 0.02265625
0 0.28828125 0.6421875 0.0234375 0.0296875
0 0.2734375 0.5984375 0.01796875 0.021875
0 0.275 0.54765625 0.02109375 0.021875
0 0.2875 0.50234375 0.0171875 0.01953125
0 0.2328125 0.55703125 0.01875 0.02890625
0 0.190625 0.5640625 0.01640625 0.01953125
0 0.15234375 0.59375 0.02109375 0.02265625
0 0.10625 0.60546875 0.0140625 0.02109375
0 0.06171875 0.63046875 0.01953125 0.02578125
0 0.01640625 0.65546875 0.0234375 0.02734375