0 0.80390625 0.9859375 0.04140625 0.028125
0 0.690625 0.9875 0.046875 0.025
0 0.584375 0.971875 0.0390625 0.0390625
0 0.6375 0.9375 0.0390625 0.02890625
0 0.684375 0.88125 0.034375 0.03359375
0 0.74296875 0.94375 0.03984375 0.0359375
0 0.778125 0.89921875 0.028125 0.0375
0 0.728125 0.859375 0.03359375 0.03359375
0 0.83671875 0.9546875 0.0390625 0.04296875
0 0.89921875 0.98828125 0.0296875 0.0234375
0 0.9515625 0.95625 0.0421875 0.04296875
0 0.88125 0.9109375 0.0453125 0.04765625
0 0.81328125 0.8640625 0.03125 0.034375
0 0.7765625 0.81796875 0.03671875 0.0265625
0 0.61484375 0.71328125 0.02734375 0.021875
0 0.57890625 0.73984375 0.02890625 0.0359375
0 0.575 0.68203125 0.0203125 0.01875
0 0.53828125 0.65546875 0.02109375 0.01953125
0 0.50234375 0.62578125 0.01953125 0.0171875
0 0.4703125 0.60078125 0.0203125 0.0171875
0 0.43671875 0.62421875 0.02421875 0.025
0 0.46875 0.6546875 0.0296875 0.02421875
0 0.503125 0.68203125 0.0234375 0.021875
0 0.540625 0.709375 0.02265625 0.0171875
0 0.53984375 0.76953125 0.02421875 0.025
0 0.50078125 0.73125 0.0296875 0.02578125
0 0.4609375 0.7078125 0.028125 0.02421875
0 0.42734375 0.67421875 0.028125 0.02578125
0 0.39453125 0.646875 0.02734375 0.028125
0 0.34609375 0.6734375 0.021875 0.0203125
0 0.378125 0.7046875 0.02734375 0.02265625
0 0.4140625 0.73203125 0.028125 0.02421875
0 0.44609375 0.76484375 0.02890625 0.0234375
0 0.4890625 0.80390625 0.03515625 0.03515625
0 0.4390625 0.840625 0.03046875 0.03125
0 0.4 0.79609375 0.0328125 0.03046875
0 0.3703125 0.76875 0.034375 0.0359375
0 0.334375 0.72890625 0.0328125 0.028125
0 0.303125 0.69765625 0.03515625 0.025
0 0.38359375 0.53125 0.02265625 0.0203125
0 0.3546875 0.5171875 0.01953125 0.015625
0 0.33359375 0.4921875 0.02421875 0.02109375
0 0.30859375 0.48046875 0.0234375 0.0234375
0 0.2875 0.45859375 0.01953125 0.01875
0 0.3453125 0.55703125 0.02578125 0.0203125
0 0.32109375 0.534375 0.02109375 0.0203125
0 0.29765625 0.5125 0.0203125 0.01875
0 0.27421875 0.4953125 0.021875 0.0203125
0 0.25234375 0.478125 0.01953125 0.01640625
0 0.30625 0.5703125 0.02265625 0.02265625
0 0.27890625 0.546875 0.02421875 0.0171875
0 0.25625 0.52734375 0.01796875 0.0109375
0 0.23515625 0.5125 0.02265625 0.01953125
0 0.2125 0.48984375 0.02734375 0.01875
0 0.17109375 0.50859375 0.02265625 0.01484375
0 0.18984375 0.5296875 0.02734375 0.0140625
0 0.21640625 0.54609375 0.025 0.01640625
0 0.24140625 0.5703125 0.02421875 0.01640625
0 0.2609375 0.5921875 0.02734375 0.01875
0 0.2171875 0.6109375 0.028125 0.02265625
0 0.19453125 0.5890625 0.02578125 0.0234375
0 0.17265625 0.5640625 0.0296875 0.0203125
0 0.14921875 0.54609375 0.0265625 0.01796875
0 0.1296875 0.52265625 0.02578125 0.01484375