0 0.0734375 0.0515625 0.046875 0.0421875
0 0.13203125 0.10625 0.040625 0.040625
0 0.19453125 0.1375 0.034375 0.03125
0 0.24765625 0.18359375 0.03125 0.0390625
0 0.28515625 0.153125 0.0375 0.028125
0 0.2890625 0.225 0.0265625 0.0234375
0 0.3328125 0.1953125 0.0296875 0.015625
0 0.17578125 0.0640625 0.0296875 0.034375
0 0.234375 0.10546875 0.034375 0.028125
0 0.11875 0.015625 0.0375 0.03125
0 0.209375 0.02109375 0.0328125 0.028125
0 0.2703125 0.07109375 0.034375 0.0296875
0 0.32890625 0.11484375 0.03125 0.0390625
0 0.3765625 0.165625 0.028125 0.025
0 0.3265625 0.01953125 0.034375 0.034375
0 0.38125 0.07421875 0.028125 0.03125
0 0.4265625 0.121875 0.034375 0.025
0 0.4328125 0.03125 0.0390625 0.025
0 0.47265625 0.0859375 0.03125 0.021875
0 0.375 0.00703125 0.03125 0.0140625
0 0.73359375 0.34140625 0.025 0.01875
0 0.70859375 0.31171875 0.0265625 0.021875
0 0.43515625 0.32109375 0.03125 0.0296875
0 0.46953125 0.34921875 0.028125 0.03125
0 0.50859375 0.3796875 0.025 0.021875
0 0.534375 0.39921875 0.028125 0.028125
0 0.56875 0.42421875 0.025 0.0203125
0 0.475 0.296875 0.025 0.021875
0 0.50546875 0.325 0.028125 0.028125
0 0.54140625 0.353125 0.0234375 0.0265625
0 0.57265625 0.3765625 0.028125 0.025
0 0.6015625 0.4046875 0.025 0.0265625
0 0.5140625 0.275 0.0328125 0.0265625
0 0.5453125 0.303125 0.028125 0.028125
0 0.58203125 0.33359375 0.028125 0.028125
0 0.6140625 0.36171875 0.0265625 0.021875
0 0.64375 0.3875 0.0265625 0.025
0 0.5609375 0.24296875 0.03125 0.0296875
0 0.5953125 0.27578125 0.0296875 0.0265625
0 0.62734375 0.30546875 0.028125 0.0265625
0 0.65703125 0.33203125 0.03125 0.021875
0 0.68828125 0.3625 0.028125 0.021875
0 0.6078125 0.209375 0.0328125 0.034375
0 0.64140625 0.246875 0.034375 0.028125
0 0.67421875 0.28203125 0.028125 0.01875
0 0.64921875 0.49296875 0.021875 0.025
0 0.67578125 0.51015625 0.021875 0.021875
0 0.6984375 0.52578125 0.0171875 0.0125
0 0.71953125 0.54375 0.021875 0.015625
0 0.73828125 0.5609375 0.021875 0.015625
0 0.68671875 0.47421875 0.015625 0.0203125
0 0.7125 0.490625 0.025 0.0140625
0 0.73203125 0.509375 0.021875 0.0171875
0 0.7546875 0.52734375 0.01875 0.0125
0 0.77578125 0.54296875 0.01875 0.015625
0 0.72578125 0.4578125 0.021875 0.015625
0 0.75 0.478125 0.025 0.015625
0 0.77109375 0.496875 0.021875 0.015625
0 0.79140625 0.51640625 0.021875 0.01875
0 0.81328125 0.5328125 0.0171875 0.0140625
0 0.76796875 0.43671875 0.021875 0.01875
0 0.7921875 0.459375 0.01875 0.01875
0 0.81484375 0.47734375 0.0203125 0.0140625
0 0.83515625 0.49296875 0.025 0.021875
0 0.85625 0.51171875 0.01875 0.0171875
0 0.89765625 0.5015625 0.028125 0.01875
0 0.87578125 0.478125 0.021875 0.0140625
0 0.8578125 0.4640625 0.0234375 0.0125
0 0.8328125 0.44453125 0.028125 0.021875
0 0.8125 0.42109375 0.028125 0.025