0 0.50546875 0.5171875 0.1125 0.19375
0 0.70625 0.54140625 0.1125 0.225
0 0.909375 0.534375 0.125 0.203125
0 0.97109375 0.2703125 0.0578125 0.203125
0 0.88046875 0.07578125 0.1078125 0.1515625
0 0.80546875 0.2703125 0.103125 0.16875
0 0.69453125 0.08203125 0.1171875 0.1640625
0 0.6109375 0.2703125 0.1109375 0.178125
0 0.51015625 0.0890625 0.121875 0.178125
0 0.328125 0.08671875 0.1328125 0.1734375
0 0.42578125 0.28125 0.1140625 0.190625
0 0.2375 0.2640625 0.1265625 0.1734375
0 0.3046875 0.58203125 0.121875 0.2375
0 0.10703125 0.53671875 0.1203125 0.215625
0 0.140625 0.0890625 0.09375 0.178125
0 0.05625 0.28984375 0.103125 0.190625
0 0.009375 0.08203125 0.01875 0.1640625