0 0.1078125 0.19921875 0.08828125 0.07734375
0 0.0078125 0.32109375 0.015625 0.09140625
0 0.07421875 0.4625 0.0984375 0.07734375
0 0.23046875 0.3390625 0.08046875 0.084375
0 0.1953125 0.61171875 0.10234375 0.10078125
0 0.35078125 0.4828125 0.1 0.08984375
0 0.48359375 0.3546875 0.08125 0.084375
0 0.36953125 0.21328125 0.08125 0.08828125
0 0.25546875 0.09140625 0.084375 0.07734375
0 0.384375 0.01875 0.084375 0.03671875
0 0.496875 0.10859375 0.07890625 0.096875
0 0.625 0.03203125 0.10234375 0.06328125
0 0.74296875 0.12421875 0.0890625 0.10078125
0 0.63359375 0.2390625 0.08046875 0.10390625
0 0.63046875 0.5 0.096875 0.1078125
0 0.31875 0.77421875 0.09296875 0.08671875
0 0.48125 0.64140625 0.0890625 0.096875
0 0.7625 0.38125 0.096875 0.08828125
0 0.8703125 0.25234375 0.07734375 0.07421875
0 0.98515625 0.37265625 0.0296875 0.0953125
0 0.915625 0.51328125 0.11953125 0.13046875
0 0.778125 0.65234375 0.12421875 0.11796875
0 0.63203125 0.8015625 0.1140625 0.1203125