0 0.25 0.7296875 0.0859375 0.1015625
0 0.11015625 0.80625 0.1 0.09921875
0 0.0359375 0.50234375 0.071875 0.09375
0 0.4296875 0.58046875 0.10546875 0.078125
0 0.546875 0.43203125 0.09765625 0.0625
0 0.64921875 0.246875 0.084375 0.07265625
0 0.62578125 0.07421875 0.071875 0.06015625
0 0.47265625 0.16015625 0.08203125 0.08046875
0 0.3375 0.33828125 0.08203125 0.078125
0 0.253125 0.41640625 0.0875 0.06796875
0 0.171875 0.0859375 0.08203125 0.05703125
0 0.2859375 0.01953125 0.0640625 0.03359375
0 0.103125 0.23828125 0.08203125 0.06484375