0 0.15390625 0.84296875 0.15234375 0.1734375
0 0.37109375 0.72578125 0.159375 0.128125
0 0.4890625 0.92109375 0.196875 0.1578125
0 0.70234375 0.8140625 0.16171875 0.18125
0 0.5703125 0.63203125 0.17421875 0.14765625
0 0.88515625 0.68984375 0.16171875 0.15625
0 0.9828125 0.6125 0.034375 0.10859375
0 0.903125 0.4578125 0.12578125 0.13984375
0 0.74609375 0.534375 0.146875 0.14765625
0 0.7765625 0.3109375 0.12734375 0.159375
0 0.67265625 0.21953125 0.13671875 0.12578125
0 0.58515625 0.12265625 0.10078125 0.12265625
0 0.50078125 0.0640625 0.09609375 0.10078125
0 0.36015625 0.08125 0.0921875 0.10078125
0 0.2171875 0.140625 0.1046875 0.08125
0 0.284375 0.21484375 0.1578125 0.0953125
0 0.3671875 0.33359375 0.12578125 0.09765625
0 0.4578125 0.46171875 0.13984375 0.1421875
0 0.06484375 0.18671875 0.115625 0.0953125
0 0.12421875 0.29453125 0.13125 0.0921875
0 0.19609375 0.41171875 0.14921875 0.10859375
0 0.2578125 0.54296875 0.16015625 0.13125
0 0.01015625 0.35078125 0.0203125 0.0953125
0 0.03828125 0.49140625 0.0765625 0.134375
0 0.07421875 0.6578125 0.134375 0.13671875
0 0.434375 0.17421875 0.09765625 0.12109375
0 0.5203125 0.275 0.12265625 0.14140625
0 0.6296875 0.41796875 0.1328125 0.1859375