0 0.933453265625 0.1903496875 0.9231625015624999 0.22540765937499999 0.9356588468749999 0.2504515296875 0.9619136234375001 0.2589597140625 0.9834968390625001 0.243990803125 0.985812521875 0.216193815625 0.9811205359375 0.1986482546875 0.9598068140624999 0.185927509375 0.933453265625 0.1903496875
0 0.9717511109375 0.12714690312500002 0.9773292187499999 0.1098896578125 0.966135540625 0.0768702515625 0.94518330625 0.0710493703125 0.9249026359375 0.0780427328125 0.9163121265624999 0.11111060937499999 0.9314339125 0.1370052953125 0.9572238765625001 0.13664214531250002 0.9717511109375 0.12714690312500002
0 0.8360769171875001 0.20526125781250001 0.82725941875 0.21758435625 0.8252741125 0.245364 0.8423696546875 0.2618820984375 0.8650179484375 0.26502624531249996 0.876719178125 0.25848248125 0.8836141078124999 0.2423065296875 0.8772783921875 0.219905059375 0.8642856906249999 0.2018060765625 0.8360769171875001 0.20526125781250001
0 0.9036232406250001 0.345041375 0.896925915625 0.315739946875 0.8810697093750001 0.308663653125 0.863052871875 0.30960787500000003 0.8482886265625 0.31942963125 0.8380581375 0.3415586546875 0.8414585750000001 0.3571950140625 0.8525803671875 0.37242678125 0.874338790625 0.3772169703125 0.8946711171875 0.371209309375 0.9036232406250001 0.345041375
0 0.8314685 0.0785244171875 0.820012228125 0.087104234375 0.8135445921875 0.10568189218749999 0.8151117156250001 0.12611831406250001 0.8282542625 0.1402484640625 0.8373082187499999 0.142623753125 0.8511317796875 0.14266571249999999 0.8714920421875 0.1322828609375 0.8753488453125 0.120681553125 0.872404928125 0.09290784375 0.8552152484375 0.07727990312500001 0.8314685 0.0785244171875
0 0.7396988531249999 0.14488945625 0.758408959375 0.1421990109375 0.76913225 0.129097934375 0.7747179 0.1031570375 0.7663437984375 0.0853572015625 0.7564078875 0.0756186546875 0.7399431984375 0.0759923109375 0.72664681875 0.085157821875 0.717181096875 0.103322609375 0.7171746406249999 0.12213160781250001 0.7269435234375 0.13814845625 0.7396988531249999 0.14488945625
0 0.7457459156249999 0.26027425625 0.7698979687499999 0.257298646875 0.7805500171875 0.2333720421875 0.7811107203125001 0.21567392812500003 0.7739504593750001 0.20317121562499998 0.7575077015625 0.191262746875 0.736294190625 0.1935144703125 0.721732278125 0.2090965125 0.7210640890625 0.23420977656250003 0.7324959140625 0.253559234375 0.7457459156249999 0.26027425625
0 0.7408158874999999 0.3591741421875 0.7518008203125001 0.3699976453125 0.7774189687499999 0.37606457656250003 0.7910031 0.3702229921875 0.8010827062500001 0.3543058421875 0.8009402203124999 0.3326548421875 0.79160646875 0.31547525625 0.7718952546875 0.3085288578125 0.7517605421875 0.312433859375 0.73898066875 0.33362215625 0.7408158874999999 0.3591741421875
0 0.8076580046874999 0.484202684375 0.8135542625 0.4666672421875 0.8156785531249999 0.437845171875 0.8022276796875 0.42393371249999995 0.784947190625 0.42340205312499996 0.7685720921875 0.4319617 0.7605467109374999 0.4522188 0.76141975625 0.46887750468749995 0.7715079625000001 0.4793110625 0.7871152125 0.491021465625 0.8076580046874999 0.484202684375
0 0.6651986015625 0.42746101875000003 0.6821818093750001 0.43074708125 0.6982480921875001 0.4252069578125 0.711284921875 0.40520921093749995 0.71033003125 0.3869888 0.7024255734375 0.37487474375 0.683234790625 0.36468137500000003 0.666619459375 0.3678770140625 0.6557828875 0.37784117500000003 0.6506563921875 0.39272622031250004 0.6538768234375001 0.4108279171875 0.6651986015625 0.42746101875000003
0 0.81813774375 0.5541252875 0.801542375 0.5409006484375001 0.7754128703125 0.5437773671875 0.76337714375 0.5669134390624999 0.7690540890625 0.5885405140625 0.7791149546875 0.5984535125 0.7973590453125 0.6084596390625 0.813234346875 0.599275465625 0.8210414671875 0.5748536390625001 0.81813774375 0.5541252875
0 0.6671891578125 0.5087908156250001 0.6674181296875 0.52182911875 0.67458010625 0.5371141921875 0.688129421875 0.5442342953125 0.70766753125 0.544254403125 0.71869508125 0.53793429375 0.7266220484375 0.524468553125 0.7286313265625 0.510790884375 0.7228998453125 0.488122678125 0.7042572015624999 0.479181428125 0.6882042671875 0.47900794687500003 0.68003500625 0.48514897812499996 0.6720262234375001 0.49705302500000004 0.6671891578125 0.5087908156250001
0 0.69065694375 0.306290825 0.6974866890625 0.289228471875 0.693305515625 0.27013308281250004 0.6807880749999999 0.2566947296875 0.6677737546875 0.251112621875 0.6514619296874999 0.2519674890625 0.6424171249999999 0.25869741562500004 0.632452875 0.27071215937500004 0.6318681140625 0.2942334109375 0.6464708031249999 0.3127826125 0.6685745578125 0.318410390625 0.69065694375 0.306290825
0 0.5525483234374999 0.25454125781250003 0.5594102484375 0.2640998953125 0.5767918859375001 0.2663210484375 0.5978969937499999 0.261560878125 0.6075164984375 0.23704412187499999 0.60656160625 0.21882369218750003 0.59409873125 0.2064265046875 0.5795340734375001 0.1972715515625 0.5657395953125001 0.199839965625 0.5559832578125 0.2073800265625 0.5490716640625 0.222880634375 0.5465001671875 0.234499728125 0.5525483234374999 0.25454125781250003
0 0.592102328125 0.1423234859375 0.600264090625 0.12466930937500001 0.596416159375 0.09459418281250001 0.57587928125 0.084186165625 0.5652649453125 0.083514953125 0.5471367546875 0.0992648484375 0.537986903125 0.1154047734375 0.5448428562500001 0.1421901828125 0.56065768125 0.1491915609375 0.5810747468749999 0.1486435515625 0.592102328125 0.1423234859375
0 0.687843078125 0.1832430984375 0.687276053125 0.1550840921875 0.672591521875 0.134973146875 0.6540141546875 0.1359467453125 0.639486296875 0.14426400156250002 0.6331381828125 0.15374522968749998 0.6299985203125 0.180532475 0.6397427390625 0.1930721453125 0.6553499265625 0.20478251875 0.673310534375 0.2007091515625 0.687843078125 0.1832430984375
0 0.517174728125 0.17777079843750002 0.51405274375 0.152877771875 0.495011578125 0.1450014375 0.477313171875 0.1454069859375 0.4647949890625 0.1557696921875 0.46052577499999997 0.1718654125 0.46140950312499995 0.19739774999999998 0.47291154375 0.2088012703125 0.4944530796875 0.212370465625 0.51168774375 0.20311499843749997 0.517174728125 0.17777079843750002
0 0.43402519687499996 0.2557323859375 0.431165321875 0.22717150625000002 0.42269861718749996 0.212998853125 0.4061139640625 0.2086478859375 0.3890710671875 0.212624525 0.3770820171875 0.22687382500000003 0.378391584375 0.2518618359375 0.3889980984375 0.2721865203125 0.40907120625 0.273744590625 0.4257542734375 0.271304234375 0.43402519687499996 0.2557323859375
0 0.4244645109375 0.10798160781249999 0.41474760625 0.095962521875 0.386862578125 0.092725790625 0.3698734875 0.10666648906250001 0.370702653125 0.131157671875 0.3761886203125 0.1491406390625 0.389077271875 0.1609934921875 0.40363552187499996 0.1589749234375 0.41791239375 0.1563502484375 0.4249058359375 0.1424113703125 0.42648930781249994 0.12927804062499998 0.4244645109375 0.10798160781249999
0 0.321049815625 0.2240682046875 0.33437015625 0.21814998124999999 0.3450976 0.206103475 0.345229240625 0.1826059671875 0.33801267031250004 0.1662797421875 0.32755325156250004 0.157431665625 0.3119760125 0.1555518328125 0.29568283125 0.164844059375 0.2882908296875 0.1798478390625 0.2918659359375 0.204717134375 0.3030512703125 0.2187472921875 0.321049815625 0.2240682046875
0 0.522237534375 0.309052865625 0.5206005765625 0.2778178390625 0.5034702703125 0.263055203125 0.48619770312500005 0.262916396875 0.47578828125 0.2680176890625 0.46420785000000003 0.2854713765625 0.4654628515625 0.309418221875 0.4690984046875 0.3181019234375 0.48187792656250006 0.32787244375 0.5045877828124999 0.32772631093750004 0.522237534375 0.309052865625
0 0.6116728203124999 0.3596991921875 0.6096100234375 0.3290084953125 0.599947653125 0.31803058906250004 0.5756875531250001 0.3146038859375 0.56445200625 0.32154595937499997 0.55572838125 0.34122855625000004 0.5543904515625 0.3590471375 0.5630754812500001 0.37738445781249996 0.578382621875 0.3833684484375 0.5995695109375 0.38017000625 0.6116728203124999 0.3596991921875
0 0.311717509375 0.3320920875 0.3260094046875 0.3360411671875 0.34088002031250003 0.33369579374999997 0.35059212500000003 0.3196144875 0.3541137109375 0.300115396875 0.348999015625 0.2805469375 0.3371257015625 0.270728928125 0.320197125 0.268484046875 0.3069979390625 0.2751007390625 0.2980708578125 0.28843610468750003 0.2948386609375 0.30478790624999996 0.29851218125 0.322865859375 0.311717509375 0.3320920875
0 0.420963728125 0.3879642875 0.43678446875 0.37773895 0.44470075 0.3553994859375 0.43782816718750006 0.336967178125 0.42536538593750006 0.3245699828125 0.4156591359375 0.3214246046875 0.39859679375 0.326124684375 0.386736315625 0.341732834375 0.38432848124999996 0.35647541718750003 0.3866426703125 0.374624590625 0.39992987812499997 0.385412528125 0.420963728125 0.3879642875
0 0.47227870781250003 0.4134637125 0.47490960624999995 0.42898625 0.48429911875 0.4347583390625 0.49870007968749996 0.4407897828125 0.5140238796875 0.43842064374999995 0.5231025671875 0.42959263124999997 0.5297247406250001 0.4172392953125 0.530309440625 0.39371804374999997 0.5186710171875 0.379711596875 0.50392606875 0.3757862234375 0.4911842578125 0.37650919374999997 0.47776572812499996 0.388119525 0.4725847015625 0.4019634234375 0.47227870781250003 0.4134637125
0 0.31681348125 0.44666799375000005 0.33254648750000004 0.4521075984375 0.35321497968750004 0.43901809218750004 0.3616662 0.418216678125 0.3567863625 0.394459784375 0.34426898281249996 0.381021428125 0.33485906875000004 0.37765034218750004 0.3176720859375 0.38502535625 0.3046518546875 0.396670009375 0.30171976875 0.41874826406250004 0.3067526203125 0.43675499531249995 0.31681348125 0.44666799375000005
0 0.4077171953125 0.49932540937500003 0.42698037031249997 0.5027686578125 0.4396839609375 0.49375070625 0.449477878125 0.4812311125 0.44807578125 0.445807703125 0.43164410625 0.4357065390625 0.4108426609375 0.43301840625 0.397095159375 0.44402662499999995 0.39060936874999996 0.45898288750000005 0.3896699953125 0.4757365578125 0.39909747812499996 0.49090290156250005 0.4077171953125 0.49932540937500003
0 0.0973947890625 0.1625049890625 0.0960306578125 0.1364758046875 0.08715468125 0.11449438906250001 0.074085765625 0.10787111406250001 0.06491656875 0.10373251875 0.0459385921875 0.10830221874999998 0.0370342859375 0.1291274 0.036351139062499996 0.1594399765625 0.063143815625 0.18518053750000002 0.0810498 0.1800660421875 0.0973947890625 0.1625049890625
0 0.164938634375 0.22891496249999999 0.173291409375 0.21490484531249998 0.178996684375 0.1937253109375 0.16915996718749998 0.1707502265625 0.15227520625 0.160672840625 0.137142415625 0.1666860515625 0.1260437 0.1803180484375 0.121097565625 0.18997350156249998 0.1219266953125 0.2144646828125 0.133701565625 0.231074025 0.1501770875 0.233342665625 0.164938634375 0.22891496249999999
0 0.244566578125 0.1704524234375 0.256227515625 0.158879040625 0.258253359375 0.1368482875 0.2535917828125 0.11725607499999999 0.23899984375 0.10758053593750001 0.2298286203125 0.10597312656249999 0.20998137031250003 0.11094896406250002 0.2033242890625 0.12041249375 0.19854181875000002 0.133191478125 0.2043551171875 0.15742143749999998 0.22836388593749998 0.17338965312500002 0.244566578125 0.1704524234375
0 0.0942647609375 0.2414930390625 0.0790014390625 0.2276765796875 0.056648434375 0.227695553125 0.0438881078125 0.2425671328125 0.0388542109375 0.267887590625 0.049034921875 0.288756603125 0.0648497453125 0.29575797187499997 0.089017375 0.28874925625 0.098582346875 0.263191334375 0.0942647609375 0.2414930390625
0 0.261323453125 0.27345493906249996 0.2685791 0.2558482203125 0.2594029828125 0.22814039218749999 0.242518221875 0.21806300625000002 0.2242966015625 0.21832185937499998 0.21044022187500003 0.230184409375 0.20444555000000003 0.25451119218749996 0.2102208828125 0.26934690781250004 0.223518775 0.2890085328125 0.24294781250000003 0.2869462578125 0.261323453125 0.27345493906249996
0 0.183558171875 0.3187507671875 0.18174091875 0.292745309375 0.1685083390625 0.2829985296875 0.1504279140625 0.27611588125000003 0.14085088125 0.27734425156250003 0.123863165625 0.3067408359375 0.1323951859375 0.33082833125 0.14288185625 0.3401970109375 0.164286975 0.34116325937499997 0.1802441296875 0.3335408171875 0.183558171875 0.3187507671875
0 0.18796616093750002 0.43753880624999997 0.188097771875 0.4140412984375 0.182376975 0.40024674843749997 0.1685275828125 0.38740023125 0.14637617187500002 0.38929118906250004 0.1349918078125 0.4063842015625 0.13077155468749999 0.42122174687499997 0.13879585781249998 0.44429182031250003 0.15016148437500002 0.4530924140625 0.1736957296875 0.45133702500000006 0.18796616093750002 0.43753880624999997
0 0.2647224984375 0.3849689421875 0.2749968515625 0.372946171875 0.27335989375 0.34171115625000004 0.2572448984375 0.3289833546875 0.2306107953125 0.32905220156250004 0.22108894375000002 0.3413184828125 0.214368325 0.360463171875 0.22092416718750002 0.3815221546875 0.2363239015625 0.397941521875 0.2547102875 0.3933238515625 0.2647224984375 0.3849689421875
0 0.0982175890625 0.3978690484375 0.1052273546875 0.38284240468749997 0.10586663593750001 0.361227196875 0.0920441203125 0.3476995375 0.07856211874999999 0.3406692703125 0.06795863125 0.3412249765625 0.053076735937499994 0.34594730625 0.04578011875 0.3643761984375 0.0489862234375 0.38497547656250003 0.0627106625 0.40339470312500003 0.0814731515625 0.4097410359375 0.0982175890625 0.3978690484375
0 0.096860546875 0.5139927046875 0.10703839531249999 0.505315271875 0.11469123750000002 0.489033346875 0.11019902968749999 0.470944675 0.10119708281249999 0.45472117343749996 0.09223315625 0.45274772343749997 0.070284009375 0.45368237499999997 0.056070235937500004 0.46604460937500003 0.049464853125 0.4887868984375 0.059301342187499995 0.5074098671875 0.0776761625 0.5198845359375001 0.096860546875 0.5139927046875
0 0.23745715781249999 0.5122858124999999 0.2639020828125 0.5096782921874999 0.27571946875000003 0.4984717296875 0.283342646875 0.47486169843750003 0.2687623078125 0.45363690625 0.256438715625 0.4416595015625 0.23838307187500002 0.44349752656249997 0.22796656406250002 0.4529245125 0.21833369062500002 0.4652382046875 0.2186057703125 0.48395522968750004 0.22236979687499997 0.5016748546875001 0.23745715781249999 0.5122858124999999
0 0.3574628375 0.5568968234375 0.3650730921875 0.5398027015625 0.3663980375 0.517744359375 0.36266365 0.50735281875 0.347371803125 0.49960299375000006 0.3345199046875 0.497833315625 0.31951649375 0.5006688765625 0.3087430625 0.5199515265625 0.31185108906250003 0.5454423796875 0.3215173484375 0.560816646875 0.339530375 0.5663878718750001 0.3574628375 0.5568968234375
0 0.2805467578125 0.5702934609375 0.26348768125 0.562636253125 0.246330525 0.5598706015625 0.23061221718749997 0.57779685 0.2274858375 0.606057621875 0.2405034015625 0.6245139 0.26289848125000004 0.62578345625 0.275903915625 0.6169578312499999 0.2865887875 0.597666546875 0.2805467578125 0.5702934609375
0 0.1489506328125 0.6561873140625 0.15185878749999998 0.6711013609375 0.15956625 0.6829134984375 0.1756501 0.6922506265624999 0.195681996875 0.6822423671875 0.203279328125 0.6716641546875 0.207219015625 0.6453967515625 0.19759532500000002 0.6308346203124999 0.18928393906250002 0.6248402234375 0.169472859375 0.6217212203125 0.1611390140625 0.6250084234375 0.148056784375 0.639131659375 0.1489506328125 0.6561873140625
0 0.382236078125 0.6508837609375 0.37619404843750004 0.6235106765625 0.36530551093749997 0.611865278125 0.35062251093749996 0.6089699656249999 0.334046325 0.6181703187500001 0.32413879218749997 0.6311252078125 0.3248494609375 0.6514480640625 0.3390763609375 0.6726913953125 0.3604961578125 0.6756408359375 0.3753965921875 0.6691590765625001 0.382236078125 0.6508837609375
0 0.17265934375 0.5743188 0.18913544531249998 0.5640896875 0.1952977 0.5531794859375 0.1941826453125 0.5251409984375 0.18453769375 0.5101727828125 0.17286548906250002 0.503862078125 0.155551096875 0.50605325625 0.138350465625 0.5215517921874999 0.135066771875 0.5400479687499999 0.141262365625 0.5568257578125 0.1517974421875 0.568489690625 0.17265934375 0.5743188
0 0.098523796875 0.6479363 0.10984712968749999 0.6408276234375 0.11397838281249999 0.6182150078124999 0.1090476109375 0.5985205296875 0.0972902765625 0.5905854546875 0.08385081562499999 0.5843673515625001 0.06451748125 0.587416584375 0.0540028421875 0.609956540625 0.0565233296875 0.6309989484375 0.063587740625 0.644066375 0.07819394843750001 0.6522593453125001 0.098523796875 0.6479363
0 0.6119929156249999 0.4920143765625 0.621272353125 0.47971921875 0.6256802718750001 0.4623857375 0.6226018609375 0.44422296406250006 0.605287371875 0.4316927234375 0.5976946796875 0.4288330171875 0.59048431875 0.4290655359375 0.5679151390625 0.44220255625 0.5688599125 0.4669923515625 0.5748936078125 0.48744345781250004 0.5883968921875 0.49487982343750003 0.6119929156249999 0.4920143765625
0 0.6034604890625 0.606478075 0.624893234375 0.6029116453125 0.63181785 0.5862606703125001 0.633078946875 0.56298403125 0.625575946875 0.548310775 0.6109697390625 0.5401178203125 0.5991939546875 0.54285114375 0.5835366390625001 0.5509211640625 0.5774678984375 0.5703777156250001 0.5773143328125 0.580973 0.5821599749999999 0.599043165625 0.6034604890625 0.606478075
0 0.4852996296875 0.5226789890625 0.48868891249999996 0.54001105 0.5017406859375 0.5523574921875001 0.524425353125 0.5523902546875 0.5435588140625 0.5387642421875001 0.5490483515625 0.5217812765625001 0.5464085265625 0.505224340625 0.53545619375 0.49236067187500004 0.5140848625000001 0.4858881484375 0.500541371875 0.48889686875000005 0.49682367968749996 0.4923493078125 0.48708439531250003 0.5026325578125 0.4852996296875 0.5226789890625
0 0.40574663437499997 0.5736764109375 0.4044346359375 0.589218840625 0.408939790625 0.6007915890625 0.4165621234375 0.61097936875 0.42920953749999996 0.61561018125 0.4451147953125 0.614776621875 0.4523031515625 0.6099206890625 0.4629751015625 0.5971453578125 0.4641806625 0.5795724515625 0.4622264546875 0.56257239375 0.45195970937499996 0.5492655828124999 0.43613124374999995 0.544801484375 0.4206623140625 0.5517492093749999 0.41138516718749996 0.5595360390625 0.40574663437499997 0.5736764109375
0 0.49274087031249997 0.6240895234375 0.49079874375 0.63437134375 0.49670475 0.6523859109375 0.5059028 0.65882628125 0.5153478781249999 0.663217690625 0.5342510078125 0.66548465 0.547115828125 0.6607384 0.5527330593750001 0.6461919609375 0.5528403109375 0.614424584375 0.5410321031249999 0.5987553546875 0.522267875 0.596388075 0.5092003046875 0.6000163749999999 0.5004362046875 0.6086197296875 0.49274087031249997 0.6240895234375
0 0.5918450140625 0.716216921875 0.60852935 0.7234865671875 0.6319976859375 0.7181846390625 0.6388797328125 0.7007214687500001 0.6447227328125 0.6837199921875 0.6380460125 0.6645242031249999 0.6261822640625 0.654558715625 0.6125596015625 0.6516078328125 0.5990759671875 0.6547028765625 0.5832399328125 0.666989253125 0.58193629375 0.689453690625 0.5855300640625 0.70392461875 0.5918450140625 0.716216921875
0 0.5202248046875 0.7804016171875 0.5405417296875 0.7825944796875001 0.5531511765625 0.7729752140625 0.5636103015625 0.7561389765625 0.5548812984375 0.7248347015625 0.5418720671874999 0.713300434375 0.5225092421875 0.715096725 0.51108769375 0.7210217937500001 0.5029324749999999 0.7344796437500001 0.5017907359375 0.753270778125 0.510715878125 0.7747919390625 0.5202248046875 0.7804016171875
0 0.6811130796875 0.7597537828125 0.689817028125 0.77029210625 0.7031287984375 0.774073653125 0.7241442609375001 0.7693074625 0.7344627703125 0.7565506265625 0.7367074109375 0.738516115625 0.7308865375 0.722125890625 0.7200618671875 0.7116987499999999 0.7094713015624999 0.7057385296875001 0.6940258921875 0.70858399375 0.6821111015625 0.717733546875 0.6764635625000001 0.7319005 0.6750664343749999 0.7458185875 0.6811130796875 0.7597537828125
0 0.6839135546875 0.6508840921875 0.6970208375 0.65752680625 0.7197055031249999 0.657559553125 0.7280309640625 0.6473503828125 0.7313572453125 0.6296663734375 0.72954368125 0.6085869328125 0.7182378578125 0.595741775 0.705505315625 0.5894866249999999 0.6910999046875 0.59258218125 0.6775143140625 0.6031696234374999 0.6732896 0.6172359000000001 0.6763467046875 0.634992571875 0.6839135546875 0.6508840921875
0 0.5941754046875001 0.8300191015625 0.605706996875 0.8404092343749999 0.6300737640625 0.838724984375 0.6429515593749999 0.8274628515625 0.649650403125 0.8132669109374999 0.6477091203125 0.78975094375 0.6392947609374999 0.777975853125 0.623317321875 0.7706691734375 0.6119643484374999 0.7704497578125 0.6042735765625 0.7724816 0.5945083203125 0.7805393046875 0.5876309625 0.799821940625 0.5884609640625 0.8156593109375001 0.5941754046875001 0.8300191015625
0 0.6992335921875 0.89373755 0.7272412625 0.8938985578124999 0.7393612328125 0.874939290625 0.7357508203124999 0.8466243656250001 0.7304536140625 0.8334642984375 0.719424484375 0.8258982765624999 0.694571525 0.8261757718749999 0.6837639484375 0.8420192484375001 0.678874925 0.8569347671875001 0.6825963625 0.87384218125 0.6883534390625 0.8890141625 0.6992335921875 0.89373755
0 0.8255446453124999 0.8219655828124999 0.8300247453124999 0.8127723250000001 0.8283684656249999 0.8014574906249999 0.8263800531250001 0.7905672453125 0.8167776640625 0.77641123125 0.799923046875 0.7658928656249999 0.7869730734375 0.769014759375 0.7760883046875 0.77772924375 0.764977815625 0.78889876875 0.7648409453125 0.813338046875 0.7727186421875001 0.828398896875 0.7845185421875 0.8371461375000001 0.7998658984375 0.8391922062500001 0.8149100546874999 0.8327038328125 0.8255446453124999 0.8219655828124999
0 0.7720106640625 0.6738145421875 0.772218921875 0.691313315625 0.7773328765625 0.707740590625 0.7929865171875 0.7223938890625 0.8091045937500001 0.7256211921875 0.8202873109375 0.7225919125 0.8296731093749999 0.7123271890625 0.8357418765625001 0.6928706499999999 0.8339921312499999 0.6730094484375 0.8295721531250001 0.6630610359375 0.8174401234375 0.654738415625 0.803774896875 0.6509753609375 0.791977646875 0.65376099375 0.781332665625 0.6623315468750001 0.7720106640625 0.6738145421875
0 0.1678813296875 0.8024211843750001 0.18703150625 0.8026391687500001 0.2031967125 0.7932407484375 0.2092867359375 0.774190296875 0.2069365265625 0.7563965765625 0.20183088749999997 0.746891303125 0.1929011671875 0.738808053125 0.1785503453125 0.7354881328125 0.1646844859375 0.7411836593750001 0.1573174484375 0.7496313546875 0.152739296875 0.7637161546875 0.1554087375 0.7876011890625 0.1678813296875 0.8024211843750001
0 0.24172194687499998 0.8250194843750001 0.24398702656250001 0.8411888484375 0.25152423437500004 0.8497523015624999 0.264341903125 0.8576317796874999 0.28128626093750003 0.856336575 0.28963300468750003 0.8465334906249999 0.296169978125 0.8360108531250001 0.2955999265625 0.81160861875 0.290217640625 0.7968242109375 0.280934484375 0.7887595125 0.2612414578125 0.7883790312500001 0.2493367921875 0.7944874921875 0.2428636640625 0.8062283609374999 0.24172194687499998 0.8250194843750001
0 0.162118053125 0.8682827484375 0.15885561718750002 0.8871849984375 0.168883646875 0.90946275625 0.1868624703125 0.92114378125 0.2022652890625 0.9174861375000001 0.2149728015625 0.9029753218750001 0.21926136562499998 0.8901272875 0.21875518437500002 0.866943325 0.21235510156249998 0.8530266546874999 0.20357438593750002 0.847786028125 0.194214384375 0.8450189359375001 0.18392179375 0.8447439718749999 0.1759761640625 0.8501455171875 0.1669090234375 0.8582587984375 0.162118053125 0.8682827484375
0 0.0883703265625 0.8148573921875 0.0728199390625 0.8212480093750001 0.06528650312499999 0.83304445625 0.06287158281250001 0.8478302875000001 0.0657158671875 0.86152609375 0.072588765625 0.8709387953125001 0.07937648750000001 0.8787270984375001 0.0892601765625 0.8847243234375 0.0999062546875 0.8849807875 0.10965384843749999 0.881619521875 0.11744269375000001 0.8746961203125 0.12320889531250001 0.862992228125 0.1258708421875 0.8461574671875001 0.1249640484375 0.8356177499999999 0.1145057625 0.8186561343750001 0.0990307359375 0.814173528125 0.0883703265625 0.8148573921875
0 0.07610669375 0.7622339484375 0.09016792812499999 0.7667906640625 0.10569010625 0.75864754375 0.11709023593750001 0.7462412375 0.12085508125 0.730163046875 0.113931284375 0.713016221875 0.0969489984375 0.70006135625 0.0880488953125 0.6993061875000001 0.07611671406250001 0.70156034375 0.066023975 0.7118621171874999 0.05964435781250001 0.7321493609374999 0.0664700796875 0.7541877453125 0.07610669375 0.7622339484375
0 0.4144278296875 0.6984894796875001 0.42138578437499996 0.7095264796875 0.4257844765625 0.719068790625 0.4392452203125 0.7256929796875 0.45720735 0.7235300203125 0.46341214218750004 0.713431990625 0.46902937187499993 0.6988855375 0.46869342343750003 0.6789502671875 0.4630640890625 0.6662148218749999 0.45128551874999995 0.6578736593750001 0.43115885781249996 0.6607527390625 0.41769480156250005 0.6661493093749999 0.414892215625 0.687063475 0.4144278296875 0.6984894796875001
0 0.2473985984375 0.730453615625 0.253790315625 0.7374482734375001 0.26541995625000003 0.7429468234375001 0.2792387265625 0.736114578125 0.2907026765625 0.7249265421875 0.29321564843750003 0.7052491390625 0.2837751328125 0.6874198015624999 0.26935213281250003 0.6759596265625001 0.25656468125 0.6763201999999999 0.2452194390625 0.6821107875 0.23679590312499998 0.6972115343749999 0.238375365625 0.7138240171875 0.2473985984375 0.730453615625
0 0.357984225 0.7914391828125 0.372595046875 0.7861942703125 0.382185375 0.77306838125 0.382356428125 0.742519275 0.36690732187499997 0.725004840625 0.3500823703125 0.721814584375 0.3381338796875 0.726592959375 0.325421346875 0.73817346875 0.3200382671875 0.7571868703125 0.3282990421875 0.7795572468749999 0.3362322484375 0.788914334375 0.357984225 0.7914391828125
0 0.42292353125000004 0.840222396875 0.442661225 0.8448887921875 0.4555473515625 0.8405486421875 0.4665385296875 0.833864596875 0.47353991406249996 0.811915965625 0.46655229687500005 0.7935509281249999 0.45381139687500005 0.7803737390625 0.44457913906249996 0.780043196875 0.43271271406249995 0.78168451875 0.421945396875 0.7877446421875 0.4087437828125 0.806353353125 0.4105277328125 0.820104728125 0.42292353125000004 0.840222396875
0 0.38656450468750003 0.8633023937500001 0.3730315515625 0.8485379296875 0.353363015625 0.8422242171875001 0.33235055625 0.8567779734375 0.3251576546875 0.8750718109375001 0.329862659375 0.8972213515625 0.34058925 0.9125400499999999 0.3678687640625 0.9123320093749999 0.386146353125 0.8959004515625001 0.38656450468750003 0.8633023937500001
0 0.5167799234375 0.9078833734374999 0.5318376437500001 0.9111662656249999 0.55056215625 0.9032625328125 0.5659186703125 0.8784328140625 0.5562570250000001 0.84962065 0.54264730625 0.8401538515625001 0.51747215625 0.8395826046874999 0.503839971875 0.8503316921874999 0.49829494687500003 0.873018384375 0.5001001796875 0.8871758625 0.5080972328125 0.8977511781249999 0.5167799234375 0.9078833734374999