0 0.7521897640625 0.167814728125 0.7649015343750001 0.19497791874999998 0.7855951984375 0.20096826406249998 0.7993437828125 0.1951673609375 0.8075809656249999 0.16968423906250002 0.8055547890625 0.1312654453125 0.788314496875 0.122207434375 0.7770445296874999 0.12365781718749999 0.760474934375 0.137066871875 0.7521897640625 0.167814728125
0 0.23539403593750002 0.21428175 0.24422831718750002 0.21662920625 0.26838223125 0.2177489484375 0.28054240625000004 0.20782878437500002 0.2835829734375 0.1692837390625 0.2658703703125 0.150295321875 0.243761784375 0.1539000890625 0.226507371875 0.1738244046875 0.2257675453125 0.2000955296875 0.23539403593750002 0.21428175
0 0.2893817359375 0.205464215625 0.280644790625 0.23089478593749999 0.2820892015625 0.25080824687500003 0.29717966093750003 0.2644610890625 0.314118665625 0.2633967953125 0.32977759687499997 0.25384434375 0.336631803125 0.2222873671875 0.32970981875 0.20640926875 0.31340068125 0.19810789374999999 0.2977692875 0.1977823859375 0.2893817359375 0.205464215625
0 0.183776221875 0.162087246875 0.1989937109375 0.1710914265625 0.21169770937500001 0.1656806328125 0.2226323421875 0.15299675468750001 0.2263230953125 0.1323055609375 0.219928484375 0.10660203593749999 0.19675881875 0.0962621484375 0.174732125 0.1183197546875 0.17285568906249998 0.1457888375 0.183776221875 0.162087246875
0 0.23566932187499998 0.1155024 0.2537097765625 0.12641915937499998 0.2781540921875 0.1199677296875 0.289869528125 0.0902391703125 0.2826807140625 0.062475978125 0.27691581875 0.050013071875 0.25444435 0.052262270312500005 0.2329449859375 0.064494490625 0.2294526109375 0.0977222265625 0.23566932187499998 0.1155024
0 0.246957034375 0.31101173125 0.2700243328125 0.29828558906249997 0.2741739546875 0.2684205546875 0.26500632031250004 0.245060425 0.2415627421875 0.237326678125 0.22099455781250002 0.2503154390625 0.21693388125 0.28414223125000004 0.22439586406249998 0.307975875 0.246957034375 0.31101173125
0 0.16110363125 0.3441463953125 0.17820698906250002 0.3545074015625 0.2020000140625 0.3444924140625 0.2128527171875 0.31335576718749997 0.21025125625 0.29002705156249997 0.1908542421875 0.27744878906250003 0.17346993125000001 0.2841849984375 0.15862569843750002 0.30041029531249996 0.1573860375 0.326628865625 0.16110363125 0.3441463953125
0 0.1666919765625 0.25251273125 0.18615745781249998 0.26443944531249997 0.20754034062499999 0.25812345937500003 0.21868846562500002 0.2324827875 0.22039941718749997 0.2127057515625 0.2138198390625 0.19357000156249998 0.1976476640625 0.183965559375 0.17749036406250002 0.1930452140625 0.1656655 0.2141989171875 0.16311135937500001 0.23369211875 0.1666919765625 0.25251273125
0 0.3919064625 0.23007316875 0.3977737453125 0.2656020859375 0.40903666875000005 0.27864283749999996 0.42503207187500003 0.275674365625 0.43612297031249997 0.2709502328125 0.4543975484375 0.255744153125 0.4548429890625 0.227465953125 0.44698981406250005 0.2108311953125 0.4234777796875 0.2037489453125 0.4050938140625 0.2103800875 0.3919064625 0.23007316875
0 0.3809845640625 0.3099479796875 0.38974199375 0.289130665625 0.38975611718750003 0.260148340625 0.374316740625 0.238763925 0.344046509375 0.25270916875 0.33176278125 0.2830368046875 0.337746534375 0.3126494171875 0.3638007703125 0.3174373015625 0.3809845640625 0.3099479796875
0 0.2813832609375 0.3007969453125 0.27359793125 0.3315972921875 0.282382196875 0.3489886078125 0.29477564843750004 0.3576395578125 0.3144596875 0.3563124015625 0.32792098125 0.3340132546875 0.32954399687499997 0.313763475 0.3260113078125 0.28967818749999996 0.3141321171875 0.2825011375 0.29438566875 0.2876716375 0.2813832609375 0.3007969453125
0 0.21257814062499997 0.364048453125 0.2186783515625 0.38774485625 0.22907859218749999 0.3993775171875 0.2439724265625 0.39753246249999996 0.2630325359375 0.379232234375 0.2700850640625 0.3602118171875 0.2637794109375 0.33847004687500004 0.2519481828125 0.3260281921875 0.2334752796875 0.328697715625 0.2201100296875 0.34046740625 0.21257814062499997 0.364048453125
0 0.28281221875 0.44586592812500003 0.30791405625 0.44355339687499995 0.3205867609375 0.41821752968750003 0.3213470921875 0.3965596390625 0.308043946875 0.3740823140625 0.28870833125 0.375343678125 0.2702283890625 0.392504284375 0.2631073515625 0.41217620000000005 0.27179564218749996 0.44009698124999996 0.28281221875 0.44586592812500003
0 0.393328346875 0.3896332578125 0.38491329375 0.407193078125 0.3815854078125 0.4292398046875 0.3860609328125 0.4517669640625 0.405405296875 0.4574334984375 0.42053689062500005 0.45770645468750004 0.43729143437499995 0.4377296234375 0.4383256453125 0.4134655921875 0.430972340625 0.39688341875 0.40937060937499997 0.3860496140625 0.393328346875 0.3896332578125
0 0.44235176093749995 0.40400794375000004 0.46167838124999994 0.4137406265625 0.4841997390625 0.40972378281250005 0.498359228125 0.400013753125 0.49901010156250003 0.369780984375 0.4866381171875 0.348060225 0.468624075 0.3415558140625 0.45346498124999995 0.351160825 0.437935934375 0.37390133593749997 0.44235176093749995 0.40400794375000004
0 0.46243626718749997 0.2177244578125 0.47269330312499996 0.2332266765625 0.4921241015625 0.23336050937500002 0.5087826671875 0.223913125 0.51766365 0.182688334375 0.4999990671875 0.1584352109375 0.48016365156249996 0.15964401875 0.46457320312499994 0.1685449265625 0.4590610578125 0.196949365625 0.46243626718749997 0.2177244578125
0 0.5437214078125 0.280941803125 0.558243746875 0.2725873265625 0.5681173203125 0.24595877656249998 0.56313325 0.21645114531249998 0.5325552 0.2092849453125 0.512918178125 0.2230303203125 0.5130819953125 0.2599359796875 0.5289181953125001 0.276953515625 0.5437214078125 0.280941803125
0 0.5121014421875 0.3606173390625 0.5227555109375001 0.3734445203125 0.5385644 0.3732795640625 0.5541548875 0.3643786359375 0.5639670578125 0.3239105078125 0.5492808765625 0.2953592765625 0.5271038234375001 0.2996156125 0.5133072171874999 0.3106812203125 0.5059327515625001 0.3375724828125 0.5121014421875 0.3606173390625
0 0.604521034375 0.3275141171875 0.6248632640625 0.311866678125 0.6282667359375 0.27467730625 0.6103966562500001 0.2523786734375 0.5851521765625 0.2569713546875 0.5656246171875 0.279291584375 0.5653846109375 0.30561521875 0.5876683984375 0.32910246718749997 0.604521034375 0.3275141171875
0 0.40040844375000006 0.360734921875 0.41353303906249994 0.363447809375 0.4248996625 0.363309053125 0.44219498437500004 0.352611175 0.44432487500000006 0.31792279843750004 0.4359309890625 0.29200909531249997 0.42093635156250003 0.2904330953125 0.3982799203125 0.29925010625000004 0.3859686671875 0.33945561875 0.40040844375000006 0.360734921875
0 0.3271875078125 0.393879871875 0.33890845 0.40825215468750004 0.364352159375 0.405690665625 0.38121615625 0.39428871249999997 0.386543359375 0.372452078125 0.3804226515625 0.34414250625 0.36082020312499996 0.3335187890625 0.3400056375 0.33923576718750004 0.3264279109375 0.3674511734375 0.3271875078125 0.393879871875
0 0.49796881718749997 0.408536090625 0.494866853125 0.4332414875 0.49967302187499996 0.454825746875 0.522346459375 0.4638666015625 0.5375704671875 0.45485661093749996 0.5526201375 0.43667672812499997 0.546410534375 0.40440544999999994 0.533922053125 0.38860094218749996 0.5185645328125 0.3856693625 0.503720296875 0.40189466406249996 0.49796881718749997 0.408536090625
0 0.44704350625 0.287248575 0.4528903296875 0.318164325 0.4623389203125 0.3244271640625 0.48738677656249996 0.3259776125 0.49967509374999997 0.31056591093749997 0.50846006875 0.27987056250000003 0.5012917046875 0.2567205890625 0.486119196875 0.24722124218750002 0.47462330937499997 0.24601297500000002 0.456054403125 0.25921189375 0.44704350625 0.287248575
0 0.521374871875 0.166610371875 0.5336481234375 0.18327799375 0.5503779265625 0.18876164374999999 0.5706517437499999 0.17376573906249998 0.5787519 0.149585675 0.56856416875 0.1215072953125 0.5525014171875 0.1204777515625 0.5373698171875 0.120204815625 0.5228884296875 0.137785709375 0.521374871875 0.166610371875
0 0.5775115515625 0.2238908640625 0.5920129015625 0.2390940171875 0.610424221875 0.242500759375 0.629383546875 0.22077945468750002 0.6307396187500001 0.188644625 0.6237491984375 0.1734180078125 0.6115960953124999 0.16884704687500002 0.591329353125 0.1693518265625 0.5737325156249999 0.19253376875 0.5775115515625 0.2238908640625
0 0.672464128125 0.21476785 0.6591059171875 0.21204641093749999 0.645651665625 0.2198544234375 0.631416725 0.2447071609375 0.6319024109375 0.27374194687500003 0.642234171875 0.2860261546875 0.6511830296875 0.292236475 0.6702241015625 0.2889680140625 0.6800426890625 0.2820952921875 0.6907859875 0.24238369999999998 0.6823645328125 0.22634798125 0.672464128125 0.21476785
0 0.6953323609375001 0.23759179062500002 0.7138351984375 0.24819047031250002 0.7261363000000001 0.24741663125 0.741001025 0.235804521875 0.7493750921875 0.20901836875000002 0.74345281875 0.1932453015625 0.7243981890625 0.177409425 0.7042203515625001 0.18187586718749998 0.6912999046875 0.2134539765625 0.6953323609375001 0.23759179062500002
0 0.3733607578125 0.055538784375000004 0.356907625 0.0630315953125 0.3444255484375 0.080822603125 0.3469105421875 0.1100675515625 0.3588307125 0.1264710265625 0.369579040625 0.132665375 0.381754009375 0.12953910156249998 0.3934828328125 0.11891483437499999 0.40660170312500005 0.0998732953125 0.40372632656249996 0.07915073593750001 0.3940313234375 0.0656160140625 0.3733607578125 0.055538784375000004
0 0.291902009375 0.16225345 0.3041039484375 0.1769483375 0.31811158281249996 0.1821349796875 0.33481817187499996 0.167422859375 0.3386253703125 0.1408154078125 0.33366175625 0.11592098437500001 0.318078384375 0.1103307875 0.3036724796875 0.112768984375 0.290279696875 0.1344166125 0.291902009375 0.16225345
0 0.3540570765625 0.22477755625 0.374714984375 0.22441177343750002 0.392577834375 0.204453546875 0.3979939671875 0.18657859375000002 0.3912089421875 0.169397409375 0.3724282234375 0.1509554484375 0.3552013796875 0.1610018234375 0.341240284375 0.18324844375 0.34493035 0.21064386562499998 0.3540570765625 0.22477755625
0 0.4288607125 0.114069803125 0.41468073125 0.11916666406250001 0.408538871875 0.1343304375 0.4047316375 0.160937890625 0.41542624687499996 0.17457765 0.430030509375 0.1846759953125 0.44414197499999997 0.18023067343750002 0.45460432187500005 0.1576163234375 0.4573638953125 0.13616856093750002 0.44537524531250006 0.12041660937500001 0.4362210578125 0.11616087187499999 0.4288607125 0.114069803125
0 0.460252984375 0.1132586328125 0.4707312109375 0.13291565624999999 0.4801631859375 0.144993759375 0.5017719859375 0.14133644375 0.519731634375 0.1195100921875 0.5203620203125 0.0846640875 0.5060112453125 0.0673464640625 0.47797325781250005 0.0696693046875 0.46769589375000004 0.085715871875 0.460252984375 0.1132586328125
0 0.6092482546875 0.0755621984375 0.588748546875 0.0878994828125 0.5799226328125 0.10936836718750001 0.586385725 0.134420371875 0.5915618140625 0.142869078125 0.610720940625 0.1476291703125 0.6260974703125 0.14122914375 0.635915984375 0.1343564328125 0.641428125 0.10595203125 0.6369163234374999 0.0863748953125 0.6330342703125 0.0800383765625 0.6092482546875 0.0755621984375
0 0.6590927046874999 0.13020519218749999 0.6483635203125 0.14093450000000002 0.638969290625 0.16300239375 0.6400713109375 0.1861734859375 0.656195471875 0.20104263906250003 0.677324925 0.20194599531250002 0.6932852984375 0.1799095125 0.6972979671874999 0.1513474953125 0.6855147546875 0.1336409765625 0.6590927046874999 0.13020519218749999
0 0.7140532484375 0.08328403749999999 0.7044401312499999 0.0882021796875 0.69861313125 0.1099862515625 0.6992633390624999 0.127840078125 0.7062742531249999 0.1476799046875 0.7179258359375 0.155189271875 0.7288756546874999 0.1586187828125 0.74351445625 0.14434805 0.7527717296875001 0.12358321406249999 0.7518955953125 0.10307078125 0.7361138265625 0.08494400156250001 0.7140532484375 0.08328403749999999
0 0.097560509375 0.3727766796875 0.10932326249999999 0.3858700359375 0.1231203734375 0.390021015625 0.1364985359375 0.3821390328125 0.146091165625 0.3726076578125 0.151781209375 0.3521266203125 0.14202480312500002 0.324752315625 0.1258046015625 0.3204126046875 0.10824240468749999 0.3192254625 0.0985467640625 0.3537774125 0.097560509375 0.3727766796875
0 0.12674026249999998 0.225784709375 0.1110097609375 0.23519993125 0.10777080624999999 0.26120836875000003 0.1117757296875 0.295224125 0.12329207187499999 0.3010456203125 0.1444695171875 0.2966842453125 0.153836253125 0.284494275 0.1603889421875 0.2654213421875 0.1534740375 0.23505207343749998 0.12674026249999998 0.225784709375
0 0.166739228125 0.1751165109375 0.15808325781250002 0.147926503125 0.1419110421875 0.13832210312499998 0.1272997421875 0.142714853125 0.11383847968750001 0.1650140296875 0.111688134375 0.19508919687499998 0.1201780296875 0.21047341562500002 0.1376717828125 0.21231208281249997 0.1584658578125 0.20198191406250002 0.166739228125 0.1751165109375
0 0.142198378125 0.0516698921875 0.130361465625 0.0606964296875 0.1178793875 0.0784874421875 0.120590271875 0.11039100937499999 0.1349001296875 0.1184822625 0.1551668703125 0.11797750468749998 0.1683951671875 0.10751085 0.1732020734375 0.081008484375 0.1629458625 0.053581635937500004 0.142198378125 0.0516698921875
0 0.7842064015625 0.2295267359375 0.7675753328125 0.22909619375 0.755257709375 0.23570620937500003 0.7483696656250001 0.2435456390625 0.74383670625 0.2674419109375 0.7553656046875 0.2911143765625 0.7757221390625 0.2958246375 0.7897651265625 0.2920308296875 0.8027675999999999 0.27890557031249996 0.8031169953124999 0.2611568296875 0.798968075 0.2429352390625 0.7842064015625 0.2295267359375
0 0.7409937953125 0.3666101234375 0.7512523578125 0.3789225796875 0.7624310703125 0.38862491875 0.788017934375 0.3807746515625 0.798891115625 0.35425114375 0.7943588234375001 0.3300607953125 0.78125410625 0.3201200484375 0.75562625625 0.3187439140625 0.738029490625 0.34192583125 0.7409937953125 0.3666101234375
0 0.613195021875 0.5007315984375 0.6088195375 0.5279380875 0.6173298609375 0.5479354453124999 0.629681903125 0.55671488125 0.6507974 0.546841965625 0.6642791484375 0.529156028125 0.6621294703125 0.51114459375 0.658637796875 0.4962857140625 0.6446908171875 0.48955007031250003 0.6320378437499999 0.484926571875 0.613195021875 0.5007315984375
0 0.666723196875 0.549174575 0.6658054546875001 0.5675223046875 0.6667224968750001 0.5972611718749999 0.6849046890625 0.609976115625 0.701162175 0.606150728125 0.7171634609375 0.5933406140625 0.7179922671875001 0.571031225 0.7120290171875 0.5460317328125 0.7011084484375 0.5297333203125 0.6882705312499999 0.5316776234375 0.666723196875 0.549174575
0 0.7456807953125 0.5864570953125 0.7299809140625 0.5867831984375 0.71932018125 0.5968609140625001 0.7181489796875 0.6224279828125 0.72995268125 0.6447477125 0.7468985796875 0.65179855 0.761099084375 0.6513149046875 0.7754914671875001 0.629772359375 0.7690488671875 0.6093335468750001 0.76492036875 0.5957251890624999 0.7456807953125 0.5864570953125
0 0.5985710078124999 0.43793343125 0.5711493187500001 0.4343925765625 0.5552779515624999 0.460390753125 0.5584201578125 0.4929983953125 0.5723099828125 0.5076768640625 0.5885188968749999 0.5047252515625 0.6120930015625 0.47756050468750005 0.5985710078124999 0.43793343125
0 0.7899588093750001 0.64117375 0.779140615625 0.6479414343750001 0.773744940625 0.670429571875 0.7763986171874999 0.6967102859375001 0.78804075625 0.7075030578125 0.8057399046875 0.707387175 0.8174206703125 0.702027634375 0.8243433546875 0.6698191359375001 0.8202628390625 0.6509460734375 0.8068637187500001 0.6389982125 0.7899588093750001 0.64117375
0 0.5746389859375001 0.5935113453125 0.5888874109375 0.5877629359375 0.5994182328125001 0.564497084375 0.5957077125 0.5324884296875 0.576105228125 0.5218647546875 0.555400084375 0.5361566046874999 0.5457728921875 0.5700569843750001 0.5542957109375 0.5925409765625 0.5746389859375001 0.5935113453125
0 0.6790838109374999 0.40753106875 0.691730290625 0.4260557828125 0.7051359390624999 0.4241024125 0.71961025 0.4210126859375 0.7296617640624999 0.402307475 0.7259031499999999 0.3755635625 0.7150511296875 0.3586136359375 0.6950102765625 0.3617770609375 0.6763933796875 0.3802407125 0.6790838109374999 0.40753106875
0 0.6151265218749999 0.4535066609375 0.6231850999999999 0.46818678125 0.6380427484375 0.47106584218750003 0.6606991765625 0.462248853125 0.6706002859375 0.4257423421875 0.6612067234375 0.3997236140625 0.6418506859375 0.3963717765625 0.6250551609375 0.40712223124999997 0.6123676171875 0.4268678 0.6151265218749999 0.4535066609375
0 0.7059981640624999 0.43993868750000004 0.6947966765625 0.44073755468750003 0.6827529640625001 0.4447414625 0.671701846875 0.46334160156250004 0.66941454375 0.49471982812500004 0.6848060031250001 0.5135685328124999 0.7031899 0.514737809375 0.7174863078125 0.5037247125000001 0.72528505625 0.49202867031249997 0.7300164421875001 0.4806689890625 0.7205544046875 0.455301771875 0.7059981640624999 0.43993868750000004
0 0.7521384265625 0.496168546875 0.7392320671875 0.498764346875 0.7267499890625 0.5165553796875 0.725606665625 0.5363947828125 0.7325007359375 0.5580005421875 0.7506722265625 0.5678150953125 0.7700557578125 0.5612890140625 0.781332796875 0.5453475296875 0.778300015625 0.5213147625000001 0.77530814375 0.5065084125 0.7521384265625 0.496168546875
0 0.7858940624999999 0.46348670625 0.79074885625 0.43171957031249997 0.7836106546875 0.417174875 0.767291884375 0.404881434375 0.7429376203125 0.40100426718750004 0.7334135140625 0.40988406718750003 0.7304689578125 0.4378996453125 0.7383835015625 0.46837398124999996 0.7532616421875 0.4758662 0.7736173515625 0.47932310781250004 0.7858940624999999 0.46348670625
0 0.63104661875 0.37415711093750004 0.6415633578125 0.3798735234375 0.6544902109375 0.3818909109375 0.6688755875 0.374839503125 0.68038555625 0.34706550625 0.6730597875 0.320605359375 0.6536628015625 0.3080271234375 0.6271652359375001 0.3197339734375 0.62010563125 0.3532455203125 0.63104661875 0.37415711093750004
0 0.68534988125 0.3238732703125 0.7019507390624999 0.3396309921875 0.722897859375 0.3416528921875 0.740535609375 0.327697353125 0.7441854328125 0.2977797859375 0.7370375609375001 0.279243015625 0.7212762515625 0.2657294515625 0.7006875781249999 0.2741050140625 0.6844328375 0.294134403125 0.68534988125 0.3238732703125
0 0.5909232984375 0.4193441359375 0.6142165234375 0.4092766390625 0.621659496875 0.3817338828125 0.6141762453124999 0.351963596875 0.5842145328125 0.338933659375 0.5617564984375 0.3602872140625 0.5560389203125 0.390646190625 0.5683628781250001 0.41763168124999994 0.5909232984375 0.4193441359375
0 0.49310862499999997 0.7366379046875 0.4762782328125 0.7518005140625 0.46756878593750006 0.7673531421875001 0.469731840625 0.8044689500000001 0.49131311718750004 0.810689553125 0.5041510328125 0.8087452515625 0.5198374953125 0.7893148546875 0.5186260484375 0.7575688890625 0.5090475421875 0.7381179343750001 0.49310862499999997 0.7366379046875
0 0.5329570312499999 0.7221867140625 0.527629865625 0.744023353125 0.534593803125 0.7691758203125 0.5539693203125 0.7770929453125001 0.5719904046875001 0.7691062265624999 0.5794467953125 0.7606678078125 0.5842536703125 0.734165425 0.57944743125 0.7125811828125 0.5571884546875 0.6983846765624999 0.54216631875 0.7066866015625 0.5329570312499999 0.7221867140625
0 0.577090309375 0.8407842046875 0.5776797859375 0.7967117640625 0.5512372421875 0.7886627875000001 0.521035521875 0.8019565078124999 0.5200843359375 0.8477346484374999 0.53402310625 0.8659001421875001 0.5617666921875 0.861570175 0.577090309375 0.8407842046875
0 0.466328465625 0.8416584015625 0.46200090937500005 0.863600059375 0.46900474374999995 0.8979310390625 0.4830187203125 0.908350875 0.4993773640625 0.9070517812500001 0.5189324921875 0.8748536124999999 0.515899671875 0.8508208640625 0.5113673796875 0.8266305140625001 0.4918743515625 0.8245817140625 0.48417161875000003 0.825748259375 0.466328465625 0.8416584015625
0 0.5690578937499999 0.9123993625000001 0.565908575 0.8942828671875 0.554282803125 0.87988651875 0.5434441671875 0.88204090625 0.5313320125 0.886696359375 0.517193009375 0.90101964375 0.5145908421875001 0.9257776171875 0.5189044359375 0.9454908796874999 0.5290510796875 0.9516700890625 0.544045684375 0.9532460859375 0.55863649375 0.94424013125 0.566072425 0.9311885500000001 0.5690578937499999 0.9123993625000001
0 0.5353269296875001 0.6611746796875 0.5476252921875 0.683046478125 0.5716218546875 0.6860685156249999 0.5910534140625 0.6742777015625 0.5976132140625 0.640713646875 0.58944521875 0.6174585859375 0.5682953359375 0.61194205 0.556525534375 0.61333989375 0.5377716484375 0.6331065859375 0.5353269296875001 0.6611746796875
0 0.48022408125 0.6537168140625 0.46876815 0.683821553125 0.471978940625 0.715777659375 0.497853096875 0.7244256390625 0.510691015625 0.7224813421875 0.5310812953124999 0.7015692 0.540475525 0.6795013078125 0.5288497249999999 0.6651049312499999 0.5034753703125 0.65650948125 0.48022408125 0.6537168140625
0 0.49871922656249995 0.48540064374999997 0.4915501625 0.510337296875 0.4920358796875 0.539372125 0.5007276859374999 0.5505764140625 0.5189302031249999 0.5527383640625 0.5354313546875 0.539980834375 0.5470507859375 0.5207816984375 0.547900053125 0.5030854671875 0.53639075 0.48277286249999996 0.52280661875 0.4773927875 0.49871922656249995 0.48540064374999997
0 0.48613269218750005 0.62438549375 0.5055100640625 0.634870484375 0.522277209375 0.6314780546875001 0.539620553125 0.615515421875 0.541545015625 0.5827815921874999 0.5292619640625 0.56502255 0.50333978125 0.5616393203125 0.48763283281250003 0.5764564937500001 0.4835996734375 0.6004052765625 0.48613269218750005 0.62438549375
0 0.6123212328125 0.5777047578125 0.598469521875 0.6085262671875 0.6016393328125 0.6312559734375001 0.610565828125 0.6466538093749999 0.6334633640625 0.645799065625 0.649218303125 0.6257171734375 0.6512317296875 0.59694505 0.64987625625 0.5809932296875 0.6412013765625 0.5721767984375 0.6249127 0.5684886312499999 0.6123212328125 0.5777047578125
0 0.6566669109375 0.6798565437499999 0.670649090625 0.6915276984375 0.6851496765625 0.6973420515625001 0.7030818265625001 0.68539364375 0.7099769453125 0.6630630828124999 0.70751240625 0.63843134375 0.6943667078125 0.6192641875 0.6707586265625001 0.622711375 0.6550037625 0.642793278125 0.6566669109375 0.6798565437499999
0 0.6009602265625 0.7194533015625 0.6192291859375 0.7372879203125 0.641514196875 0.72305698125 0.647526175 0.694705103125 0.645903859375 0.6668682859375 0.6295946921875 0.65856690625 0.618893040625 0.6594183015625 0.599666884375 0.6692545203125 0.589471409375 0.703753909375 0.6009602265625 0.7194533015625
0 0.6343861421875 0.7572200953125 0.6126474640625 0.747689290625 0.5864442265625 0.7614032671875 0.57863846875 0.7875905000000001 0.58975733125 0.8164253984375 0.62622378125 0.8156471640625 0.6385075046875001 0.7853195265624999 0.6343861421875 0.7572200953125
0 0.7106885562499999 0.6947565171875 0.7085177484375 0.7202185234375 0.718370165625 0.7370633875 0.73667854375 0.7455748671875 0.7535425421874999 0.7341729359375 0.763710521875 0.7095514671875 0.7553166328125 0.683637809375 0.731441715625 0.6751999578125 0.7167139484375 0.6855090015624999 0.7106885562499999 0.6947565171875
0 0.6841076890625 0.7841838015625 0.6965008671875 0.76243113125 0.6939749171875 0.7239598328125 0.677077015625 0.711644215625 0.6592409109374999 0.7130631609375 0.64400623125 0.7378107953125 0.6473334875 0.763850646875 0.65305039375 0.7815782875 0.6841076890625 0.7841838015625
0 0.6464073640625 0.8928627734375001 0.6269277843750001 0.9099183609375 0.6292698171875 0.922980965625 0.629138765625 0.9417693609375 0.63462981875 0.9568383624999999 0.6487821984375 0.9616194578125 0.6668237312499999 0.9582459921875 0.6867826609375001 0.936629728125 0.6848250296875 0.89755941875 0.6671738687500001 0.8924105875 0.6464073640625 0.8928627734375001
0 0.746408425 0.9441909359375 0.7534092515624999 0.961417953125 0.7739428265625 0.9727982359375 0.791464109375 0.964758984375 0.7994273125 0.94188191875 0.795785296875 0.9092218125 0.7709586984375 0.8954141343750001 0.7592298796875 0.906038378125 0.7477678953125 0.9285476656249999 0.746408425 0.9441909359375
0 0.70077205625 0.8564186046875 0.6946025640625 0.881460284375 0.6957046906250001 0.9046313687499999 0.708087846875 0.91940080625 0.7224139609375 0.9245654203125 0.741619628125 0.9101159624999999 0.7460637578125 0.882258015625 0.7418258015625 0.8600747375 0.728809984375 0.854095665625 0.7118160328124999 0.852309528125 0.70077205625 0.8564186046875
0 0.5779522906250001 0.8902789125 0.5913719687500001 0.9068399875 0.6001633109375 0.9097401749999999 0.6179994171875001 0.9083212062499999 0.6298723328125 0.881902846875 0.6261137203125 0.8551588890625 0.6219167453125001 0.8422020343750001 0.6004929531250001 0.8392916078124999 0.5826497749999999 0.8552016578125 0.5779522906250001 0.8902789125
0 0.7064906265625 0.775338090625 0.695685890625 0.8012100734375001 0.702285940625 0.8249590124999999 0.717095634375 0.8331028109374999 0.7330899109375 0.8347838765625 0.749796465625 0.8200717531249999 0.751672865625 0.792602671875 0.7466612296874999 0.772972975 0.7368497921875 0.7653545390625001 0.7201502796875 0.765575503125 0.7064906265625 0.775338090625
0 0.640266525 0.857305103125 0.6572311656250001 0.8732721171875 0.6797933234375 0.8706816999999999 0.692686271875 0.8489815171874999 0.69061214375 0.8158274140625 0.67682965 0.797910809375 0.6605614671875 0.7988357859375 0.64283481875 0.8088296312500001 0.63839075 0.83668763125 0.640266525 0.857305103125
0 0.7589090406250001 0.863187696875 0.7744016296875 0.8833626750000001 0.790233234375 0.8776782984375 0.805508828125 0.8621570390625 0.8104046687500001 0.8396163671875 0.8033048515625 0.8158149015625 0.788289684375 0.8096257296875 0.7657702484375 0.817139653125 0.75528745 0.835140753125 0.7589090406250001 0.863187696875
0 0.788332009375 0.7226788421875 0.763354434375 0.7391565250000001 0.76145046875 0.7765035453125 0.773781503125 0.7889978859375 0.79513681875 0.7925598593750001 0.8096386640625 0.7795921703124999 0.8196608718749999 0.750197453125 0.8057573140625 0.7251690609375 0.788332009375 0.7226788421875
0 0.43371913749999996 0.869087175 0.421723415625 0.8678263749999999 0.42070924062500004 0.8684336203124999 0.40410615468750005 0.8863951390624999 0.3965467453125 0.9198541546874999 0.408418925 0.9415223781250001 0.42997967812500004 0.9431297187500001 0.44770639375 0.9331358812499999 0.458579571875 0.9066123953125 0.4488231984375 0.8792380937500001 0.43371913749999996 0.869087175
0 0.2872158671875 0.9215374468749999 0.30352500625 0.9298387984375 0.3260444421875 0.9223248749999999 0.33595896718749996 0.9049227 0.34021804843750003 0.8836325421875 0.32829787499999996 0.8672291171875001 0.3040805375 0.8620488484375001 0.28449156875 0.8705295203125001 0.27600096875 0.9032319187500001 0.2872158671875 0.9215374468749999
0 0.1626990359375 0.894617025 0.1822643078125 0.9197482984375001 0.205286190625 0.9221483609375 0.22080816093750003 0.9138989734375 0.221527515625 0.8830146593749999 0.21640644999999997 0.854810109375 0.196139709375 0.8553148687500001 0.1753251453125 0.8610318453125 0.163322378125 0.8742621734375 0.1626990359375 0.894617025
0 0.2711537828125 0.87242128125 0.2829101703125 0.851919075 0.2845126953125 0.8270560828125 0.2591862921875 0.8131958953125 0.24085035000000002 0.8145623328125 0.2274095828125 0.8414746703124999 0.22889496875 0.870614575 0.25001085 0.8808946953125 0.2711537828125 0.87242128125
0 0.3586711265625 0.8282632296875001 0.3455317953125 0.8426916109375 0.3439977515625 0.86690305625 0.3472635359375 0.8791032984375 0.3641614453125 0.89141885 0.3840653 0.8895585593750001 0.39658835625 0.8809939734375 0.40164869062499997 0.8472722484374999 0.39052272656250003 0.8329284078124999 0.374576465625 0.8259826562500001 0.3586711265625 0.8282632296875001
0 0.40593526874999997 0.8161041687499999 0.41455505156249994 0.8446764234374999 0.4274339140625 0.8519585640624999 0.4415746484375 0.84838115 0.45486267500000005 0.8410082937500001 0.46109350468750004 0.8298061640625001 0.46157986093750003 0.8107543296875 0.4580472390625 0.78666905 0.4367604015625 0.7824555796875 0.416514084375 0.7875735171875 0.40593526874999997 0.8161041687499999
0 0.05864094843749999 0.8461329187500001 0.0456314953125 0.8737494046875 0.0519576375 0.9001043828125 0.0656786640625 0.914909821875 0.0886909375 0.911211190625 0.0970579984375 0.8989161703124999 0.103973590625 0.8811988 0.1011666765625 0.8598247156250001 0.0891780328125 0.84407274375 0.070253321875 0.8414249343750001 0.05864094843749999 0.8461329187500001
0 0.143692396875 0.8735164203125001 0.16526025312499998 0.8606326781250001 0.166458953125 0.8251876906250001 0.15301884999999998 0.8040134312499999 0.1350457546875 0.806735440625 0.11425166093750001 0.8170656031249999 0.1141210796875 0.851964115625 0.12335993593750001 0.86906618125 0.143692396875 0.8735164203125001
0 0.1739844890625 0.7680111484375 0.17192307499999998 0.8020480062500001 0.178639621875 0.8198807125 0.20069316406249998 0.836031784375 0.21032669531249998 0.8357268734375 0.22575973125 0.8235158406249999 0.231771715625 0.7951639171875 0.224849734375 0.779285778125 0.2132239328125 0.764889421875 0.1903006671875 0.7618213703125 0.1739844890625 0.7680111484375
0 0.322753203125 0.77574269375 0.30536890156249996 0.782478971875 0.29250349062500003 0.7943011734375001 0.2888811703125 0.8143407984375 0.2937353921875 0.8306603718750001 0.305488515625 0.8452006765625001 0.3227659828125 0.842933659375 0.33546690625000003 0.8422924421875001 0.35085896562499996 0.8208549265625 0.349188665625 0.79828281875 0.3361798875 0.7778126140625 0.322753203125 0.77574269375
0 0.3588024125 0.7452780812500001 0.34834010000000004 0.767892434375 0.3560767046875 0.79044343125 0.3761776484375 0.799982696875 0.3960828515625 0.799259303125 0.40456638125 0.7810479859374999 0.40846258437499994 0.7584022515625 0.39359148906249997 0.7364188453125 0.381143984375 0.72984078125 0.3696685859375 0.7332457265625 0.3588024125 0.7452780812500001
0 0.27391409843750003 0.8028868593749999 0.295399990625 0.7715503203125 0.2919838375 0.741548784375 0.2752504546875 0.718052203125 0.24795864843749998 0.7276994328125 0.2369484765625 0.7555259828125 0.23991281718750002 0.780210253125 0.2535618890625 0.7930273999999999 0.27391409843750003 0.8028868593749999
0 0.134430825 0.7164259000000001 0.11990142968749999 0.7392715234375 0.12347502968749999 0.7725832265625 0.1377368875 0.785939178125 0.14930122031249998 0.78649591875 0.1688217765625 0.7786668015625 0.1780105703125 0.7585534968750001 0.18094805 0.7450290421875 0.169986571875 0.7195042375 0.151178359375 0.7109401984375 0.134430825 0.7164259000000001
0 0.060880250000000004 0.82001941875 0.0823245421875 0.8275431031249999 0.09159523124999999 0.8258826140625001 0.11066396249999999 0.8127361828125 0.11247192187499999 0.7859186031250001 0.1120751515625 0.760845475 0.09749139999999999 0.7553603437499999 0.07047355625 0.76240146875 0.059422421875 0.7810016156249999 0.060880250000000004 0.82001941875
0 0.4116147375 0.7183558999999999 0.4112787546875 0.7552090015624999 0.4284025859375 0.7701832203125 0.440750334375 0.7696937109374999 0.45509851250000005 0.7710129390625 0.46387644375 0.7548087437500001 0.4678685859375 0.7216335375 0.45890645 0.69631889375 0.434442725 0.6838668421875 0.418058075 0.6907080765625 0.4116147375 0.7183558999999999
0 0.3785248671875 0.6437360515624999 0.359065778125 0.6654048046875001 0.359482984375 0.6950911375 0.36835621875 0.7164441640625 0.3877808015625 0.7191444687499999 0.3977087078125 0.7208466296875 0.41053331406250004 0.699798003125 0.41444989843749996 0.6817655109375 0.4082607234375 0.6541073515625 0.3875901234375 0.644030128125 0.3785248671875 0.6437360515624999
0 0.3020918765625 0.74109811875 0.31752714531250004 0.75229333125 0.3378940078125 0.751448271875 0.34796593124999997 0.73735635 0.3507050546875 0.711295334375 0.341448515625 0.6839735671875 0.318682634375 0.6842156109374999 0.3056802609375 0.697340921875 0.30051050625000003 0.7224877281250001 0.3020918765625 0.74109811875
0 0.24357255000000003 0.6776387078125 0.25298656875000003 0.7082706437499999 0.2853175109375 0.70837514375 0.2971148125 0.6970993562500001 0.29978545 0.6716899265625 0.2976358046875 0.6536785015625 0.2867837515625 0.6367285500000001 0.2749250109375 0.634164753125 0.2549730984375 0.6412897921875 0.24357255000000003 0.6776387078125
0 0.2066063015625 0.6783644109375 0.1885167703125 0.6870026796875 0.18410027499999998 0.704982715625 0.180724328125 0.73229419375 0.19135049531249998 0.7465854796875 0.2061010640625 0.7524462515625 0.22097685781249998 0.748381896875 0.23316459687500002 0.7285838171875 0.23914905000000003 0.7101098359375 0.22973503125 0.6794779 0.220306890625 0.6778283125 0.2066063015625 0.6783644109375
0 0.0660260390625 0.6985011109375 0.0669706140625 0.7183620625 0.0732353140625 0.7308775 0.0847412796875 0.738949303125 0.104792509375 0.7335355546875 0.11915743125 0.7218709343749999 0.11969180937499999 0.6975543734375 0.1145227609375 0.6746145375 0.09385218281249999 0.6645373859375 0.0717845296875 0.6773685484375 0.0660260390625 0.6985011109375
0 0.43920936250000003 0.600051378125 0.4191339046875 0.6275838453125 0.4167781546875 0.659613628125 0.43873377187499996 0.675309103125 0.4620973515625 0.6755751203125 0.470806803125 0.6600224906250001 0.4725597296875 0.6529607937499999 0.48102283593750006 0.6301363171875 0.47266985781250004 0.613449053125 0.4582709953125 0.6013961171875 0.43920936250000003 0.600051378125
0 0.30874198750000004 0.6153224671874999 0.3064822125 0.6368227828124999 0.310083309375 0.6602565390625 0.3264690078125 0.6672171828125 0.345570615625 0.66398640625 0.3535472984375 0.6602137359375 0.359901596875 0.6286042359375 0.351596675 0.60665226875 0.3366500609375 0.599811515625 0.3184030515625 0.6051396359375001 0.30874198750000004 0.6153224671874999
0 0.3715139515625 0.623896246875 0.3939842890625 0.6305638250000001 0.40950033281250003 0.6278887765625 0.42396126718750005 0.605694696875 0.4201822328125 0.574337559375 0.4056055703125 0.5543612828125 0.38761201875 0.552470084375 0.374972425 0.5669509390624999 0.3656671640625 0.592980521875 0.3715139515625 0.623896246875
0 0.43810797656249995 0.5287936796875 0.42776213125 0.54549175625 0.427337178125 0.5783831937499999 0.44575775625 0.5922559328125 0.46741180312499997 0.5865475453125 0.47945551249999996 0.5825436359375 0.48567286249999997 0.5522371640625 0.48345480781249994 0.5348772625 0.4637633859375 0.5202919015624999 0.4483578453125 0.522625028125 0.43810797656249995 0.5287936796875
0 0.071675809375 0.6207070125 0.0771188078125 0.641040740625 0.086225003125 0.6505613046875001 0.10850918437499998 0.6480162703125 0.125060621875 0.6368575578125 0.13231861875 0.615882596875 0.12419860625000001 0.5873628046875 0.10525343437500001 0.580101875 0.08984792968750001 0.5824349843750001 0.079207715625 0.5971259859375 0.071675809375 0.6207070125
0 0.132237428125 0.5493431390625 0.1413167671875 0.5206549328125 0.13264896718750002 0.4973473640625 0.123974090625 0.48853092187499997 0.104126609375 0.4896125203125 0.0916840921875 0.4976528203125 0.0852203328125 0.5206874375 0.0820773875 0.5361664312500001 0.0847953484375 0.553578871875 0.0970579078125 0.5667247109375 0.1210084140625 0.56001989375 0.132237428125 0.5493431390625
0 0.1716780078125 0.3664114921875 0.15879206875000001 0.373620509375 0.15130821562500002 0.3919368734375 0.1514105625 0.41500288750000003 0.1581581546875 0.43522858906249995 0.17264237031250002 0.4389722546875 0.1858226421875 0.4337703453125 0.199845175 0.4253633359375 0.2108278125 0.40741474218749996 0.201571240625 0.3800929609375 0.184858315625 0.3612095796875 0.1716780078125 0.3664114921875
0 0.10329077499999999 0.4112627671875 0.09478679375 0.42486081093749994 0.0908425671875 0.4527713203125 0.09751109218750001 0.4758687375 0.10959575156250001 0.48109122343750005 0.1337334703125 0.46751275000000003 0.14539154062499998 0.457845909375 0.14611089531250002 0.4269615796875 0.137641453125 0.4161905828125 0.1288091609375 0.404064021875 0.1141089265625 0.404495109375 0.10329077499999999 0.4112627671875
0 0.44514786093750003 0.442582315625 0.43689019375000004 0.4634522125 0.44199080156250004 0.48704356718749997 0.45273651875 0.49881676875 0.46261334375 0.502385534375 0.47574563124999997 0.502448334375 0.4879333734375 0.4826502296875 0.49187760156250004 0.454739740625 0.4761643078125 0.4359614515625 0.4612176203125 0.429120734375 0.44514786093750003 0.442582315625
0 0.38206030156250004 0.475474840625 0.372823446875 0.5008528937500001 0.3769448703125 0.5289523968750001 0.387007553125 0.5401069796875 0.40397618281250003 0.54101559375 0.4152942015625 0.5343005125 0.4282760484375 0.5165620328125 0.42856411093749996 0.484973665625 0.41407635000000004 0.46895903906249997 0.3938096125 0.46946380625 0.38206030156250004 0.475474840625
0 0.31480899687499997 0.567214725 0.32337325 0.5831003890625001 0.3423605640625 0.5839436609375 0.3625659 0.5695992999999999 0.36798907812500004 0.537233196875 0.3548913671875 0.5128013046875 0.33958186874999996 0.5046049984375001 0.321649715625 0.5165534234375 0.31207054375 0.5451890953125 0.31480899687499997 0.567214725
0 0.2620750234375 0.52083140625 0.274103496875 0.532689390625 0.29417300156250004 0.5327684328125 0.308859825 0.5132329734375001 0.3129204765625 0.479406246875 0.30050050625 0.4629502421875 0.2771663390625 0.4637913203125 0.261733334375 0.47600242187499997 0.25535850937500004 0.502998725 0.2620750234375 0.52083140625
0 0.3239575125 0.4897883796875 0.3455542328125 0.4964496625 0.361943928125 0.4937809125 0.3724952078125 0.4751282484375 0.3724888 0.441532765625 0.3614998234375 0.42588588281249995 0.3439375953125 0.42469875 0.3295522109375 0.43175019531250003 0.316316878125 0.456707965625 0.3239575125 0.4897883796875
0 0.1536534734375 0.6148313828124999 0.16968601562500002 0.6121797421874999 0.18467696718749999 0.5937193359374999 0.18914145 0.5704745828125 0.18297276093749998 0.54742968125 0.161528446875 0.539906015625 0.1444180625 0.5440361640625 0.129429825 0.5760557000000001 0.1363926921875 0.601160165625 0.1536534734375 0.6148313828124999
0 0.2031159625 0.567332309375 0.2219446015625 0.57466435625 0.238808696875 0.5691076078124999 0.255474309375 0.545169065625 0.251031015625 0.524940409375 0.2412950296875 0.5021792875 0.2210282890625 0.5026840906250001 0.1990976203125 0.5142122140625001 0.1912233546875 0.5410509203125 0.2031159625 0.567332309375
0 0.25526113125 0.609701403125 0.27512720156250003 0.6202959906250001 0.299087925 0.6110141875 0.308667134375 0.5823785234375001 0.2995474828125 0.5537537046875001 0.28809961875 0.5472806875 0.269784165625 0.5532603328125 0.25228337343749996 0.5659127953125 0.2495237984375 0.5873605796875 0.25526113125 0.609701403125
0 0.15081334531249999 0.5216530640625 0.169758584375 0.528914046875 0.18521204375 0.5213161734375 0.19442129375 0.5058160578125 0.19888577968750001 0.4825713078125 0.191943375 0.46207998281249996 0.17442913437500002 0.45562810625 0.150293721875 0.4689007 0.1401257796875 0.49352215 0.15081334531249999 0.5216530640625
0 0.20115266250000002 0.4465798578125 0.2045278390625 0.46735497812500004 0.21501704843749997 0.48294933125000006 0.23582402500000002 0.480467453125 0.25373623125 0.4751618921875 0.2599055875 0.45012015937500005 0.2601385875 0.4382876546875 0.2574890703125 0.420223690625 0.23411395625 0.41183839375 0.21147801875 0.4252685578125 0.20115266250000002 0.4465798578125
0 0.1439239328125 0.6256657156250001 0.1287097703125 0.6550266328125 0.12553930156249998 0.68038348125 0.135852840625 0.696122740625 0.1458879328125 0.6983315625000001 0.1593146546875 0.7004014640625 0.1778150515625 0.6878540640625 0.1877775609375 0.6651871796875 0.1813144703125 0.6401351515625 0.167189621875 0.6254761609374999 0.1439239328125 0.6256657156250001
0 0.18848352968749998 0.61519855 0.18679204062500002 0.6360998328125 0.19430278750000002 0.6559921937500001 0.21495287031250002 0.6614561828125 0.2368150921875 0.650579559375 0.24438795 0.636224909375 0.246305328125 0.617982271875 0.2377744515625 0.5933716296875 0.21826097031249997 0.5867096015625 0.20528609375 0.589956965625 0.18848352968749998 0.61519855