0 0.0970765828125 0.13672941875 0.09239041875000001 0.14432050937500002 0.0898035359375 0.1599849609375 0.094665171875 0.174944321875 0.1014224015625 0.1751533421875 0.10889442812500001 0.1682177921875 0.110549234375 0.1534758359375 0.10738854843750001 0.13890203125 0.0970765828125 0.13672941875
0 0.133954303125 0.1743542140625 0.1302995078125 0.1874941734375 0.1298250671875 0.20842455937499998 0.1352618015625 0.2122394671875 0.147572384375 0.21269955937499999 0.1495535703125 0.1934964296875 0.146136575 0.1784866046875 0.142097934375 0.173287934375 0.133954303125 0.1743542140625
0 0.1157543171875 0.222796671875 0.10709107968750001 0.213223209375 0.096201646875 0.2189432140625 0.0931021703125 0.23373557812499998 0.0949578859375 0.2523597390625 0.1025460890625 0.25565453125 0.1125810515625 0.25307922656250004 0.11810379687499999 0.2386471703125 0.1157543171875 0.222796671875
0 0.0735347703125 0.2048147140625 0.0702998625 0.18825448281249998 0.0645602703125 0.1826702296875 0.05503789218750001 0.1861175890625 0.0506724640625 0.19917430625000002 0.053786584375 0.21241480156249998 0.0593785265625 0.22067403749999998 0.0703610734375 0.2176207140625 0.0735347703125 0.2048147140625
0 0.0689683578125 0.2950949140625 0.0777053125 0.2897208859375 0.080844390625 0.2831108578125 0.078646803125 0.2685034546875 0.070375296875 0.2594478046875 0.06127239375 0.26110062031250003 0.0563633296875 0.27239641875 0.056922046875 0.28839599374999997 0.0689683578125 0.2950949140625
0 0.118326459375 0.3209597484375 0.1199422734375 0.31200382968749996 0.11707994531249999 0.3039109328125 0.11095641406250001 0.2962985359375 0.1023660921875 0.29882339375 0.096781265625 0.31147769375 0.097596275 0.3279133171875 0.10794164531249999 0.334226671875 0.115491253125 0.329513284375 0.118326459375 0.3209597484375
0 0.15536816250000002 0.28406824375 0.1513224 0.2579560046875 0.136899365625 0.2522300125 0.13205239062500002 0.26530354843750004 0.1303975671875 0.28004552031249996 0.13852081875 0.2964914703125 0.1489834015625 0.2945256046875 0.15536816250000002 0.28406824375
0 0.17077692656250001 0.3111185796875 0.17077648125 0.324912809375 0.17433357968750002 0.33012830625 0.1817199875 0.333895515625 0.19139759218750002 0.32864245 0.1925553546875 0.313472903125 0.189542321875 0.2962240984375 0.1808668625 0.289407459375 0.1724783078125 0.29770992343749997 0.17077692656250001 0.3111185796875
0 0.19037956875 0.2404504078125 0.189758771875 0.2226731015625 0.18492186093750002 0.20981929843749997 0.17173208125 0.210398328125 0.1645784328125 0.21954763281249998 0.1647176890625 0.2373417625 0.16830538281250002 0.25724034218749997 0.17563729687500002 0.260099171875 0.1851286328125 0.255762909375 0.19037956875 0.2404504078125
0 0.22254453437500002 0.1743608578125 0.21621474843750002 0.1656823984375 0.20663029375000003 0.1673520375 0.20259875312500003 0.1830669375 0.20297123125 0.1937333171875 0.2050515125 0.2080045671875 0.21761909375 0.21280069687499997 0.2241045015625 0.212129240625 0.2289359734375 0.19861127812499998 0.22723545781249999 0.18443148125 0.22254453437500002 0.1743608578125
0 0.163920353125 0.152379428125 0.16882855000000002 0.168672103125 0.17542260625 0.17111167656249998 0.18386567812500001 0.1709435875 0.18924036093750002 0.159504778125 0.18559811406249999 0.1449478015625 0.178258684375 0.1349696875 0.17025100625 0.133469415625 0.1644489015625 0.1399016796875 0.163920353125 0.152379428125
0 0.216988453125 0.3254372890625 0.2127841609375 0.33667254375 0.21149428593750003 0.35496154375 0.21655013906249998 0.36857920625 0.2256685546875 0.367370846875 0.23484152187500001 0.3608208625 0.23423624375 0.343487978125 0.23048535781249999 0.3258199703125 0.216988453125 0.3254372890625
0 0.2593331625 0.282095009375 0.24971766718750002 0.2828757546875 0.24619871093749998 0.299462696875 0.246644646875 0.3116161046875 0.24929688906249997 0.3260529921875 0.257382165625 0.32977542656250003 0.266679275 0.326780928125 0.2709826234375 0.31194646718749997 0.2676201796875 0.2915950515625 0.2593331625 0.282095009375
0 0.2106898390625 0.249085621875 0.20731057812499998 0.26967246562499997 0.2125140890625 0.2806151265625 0.21798125468750001 0.2848223421875 0.22552349375 0.2872804484375 0.23175262812500003 0.2861729515625 0.23207939843749997 0.2679175828125 0.2280877578125 0.25025798125 0.21924910937500003 0.24567190156250002 0.2106898390625 0.249085621875
0 0.24383257656250001 0.21099535 0.241789328125 0.228420728125 0.24787035156249998 0.2437824890625 0.25487315 0.24517735 0.2662158390625 0.244476775 0.2673891203125 0.22975163593749998 0.2658828171875 0.214230121875 0.260469578125 0.204184721875 0.25151431562500004 0.203162521875 0.24383257656250001 0.21099535
0 0.2889956953125 0.238426821875 0.2851280359375 0.2544957296875 0.2851972203125 0.2771870375 0.29242802968750004 0.2840541203125 0.298719228125 0.284724396875 0.3053913203125 0.275591909375 0.30386949531249996 0.2596259328125 0.29921005625 0.2366499640625 0.2889956953125 0.238426821875
0 0.28892139375000003 0.15602384062500002 0.279593228125 0.15812949375000002 0.27687420625 0.17691336875000002 0.27835580000000004 0.1926591578125 0.2841977109375 0.20024130312500002 0.2924306203125 0.20128872812499998 0.298885009375 0.1997284125 0.3016971484375 0.1836111125 0.2988703578125 0.1716955015625 0.28892139375000003 0.15602384062500002
0 0.3212926328125 0.1993908921875 0.31807698906250004 0.203952934375 0.3176814640625 0.2140775375 0.31854214375 0.23108014062499999 0.32484088906249997 0.238869746875 0.3328485671875 0.24037000156250002 0.33792833906249997 0.2339629734375 0.33662423750000003 0.21042483750000002 0.3292692875 0.20000229374999998 0.3212926328125 0.1993908921875
0 0.2474467984375 0.1281038375 0.2425612375 0.133169159375 0.2393220828125 0.143961671875 0.2397411203125 0.15596134687500002 0.2479195171875 0.1623503734375 0.25495568281250003 0.1612344453125 0.26264582812500004 0.15605145 0.2623434015625 0.140487890625 0.25787775 0.1299644515625 0.25280595 0.12969657968749998 0.2474467984375 0.1281038375
0 0.3174348453125 0.12343492812500001 0.3147703765625 0.136877215625 0.3151118140625 0.1466547234375 0.3173936234375 0.1540510171875 0.32468030625 0.15833490781249998 0.3345831359375 0.158879046875 0.3387388515625 0.1467196015625 0.3359044953125 0.12768466875 0.3281766390625 0.12038995625 0.3174348453125 0.12343492812500001
0 0.3596938375 0.15310744062499998 0.3517402859375 0.16005980625 0.35004644687500003 0.18058779375 0.3537080765625 0.1928072703125 0.3612844359375 0.20555892031249998 0.3713659546875 0.2043169125 0.3763450828125 0.1881239515625 0.37495538906250003 0.169038553125 0.369837471875 0.1536431546875 0.3596938375 0.15310744062499998
0 0.35590847187499997 0.2449044640625 0.35658778281250003 0.2666406359375 0.363340171875 0.28513762656249997 0.374990515625 0.2874006296875 0.38020286875 0.2640799328125 0.3790850078125 0.24587499375 0.37044854374999997 0.23327234687499998 0.36063885 0.23539477656250002 0.35590847187499997 0.2449044640625
0 0.323999778125 0.311430003125 0.331784715625 0.31586957187500003 0.3424539078125 0.31523531875 0.3435496078125 0.2982880015625 0.34312300156250003 0.2791690046875 0.3357680515625 0.2687464453125 0.3248320484375 0.273133115625 0.321002265625 0.29462562187499997 0.323999778125 0.311430003125
0 0.3636929765625 0.3147553109375 0.3605737171875 0.3301766828125 0.3614197859375 0.34750115937500003 0.3693028390625 0.35924018593749996 0.3793843984375 0.3579981921875 0.38378882187499996 0.3391554234375 0.383269134375 0.317369834375 0.3721083234375 0.3084150796875 0.3636929765625 0.3147553109375
0 0.294275328125 0.323147409375 0.2880617296875 0.32469929375 0.2845973234375 0.3359446453125 0.28542785312499996 0.3528246984375 0.29079453437499997 0.36153678437500003 0.2997183578125 0.3642403609375 0.30604099375 0.3632292375 0.3094743578125 0.351095040625 0.30796805625 0.335573521875 0.304014984375 0.3259221015625 0.294275328125 0.323147409375
0 0.313172778125 0.59515975625 0.3187341140625 0.5887359046875 0.31801222500000004 0.5749669 0.31537964375 0.5617095890625 0.3071645796875 0.56021098125 0.30019526406249997 0.5617948671875 0.2966842984375 0.5717069078125 0.29714989531249997 0.5850398921875 0.300955315625 0.5973663046875 0.3067494484375 0.5976089359375 0.313172778125 0.59515975625
0 0.24268851875 0.5718125875 0.23720522812499997 0.566664371875 0.2313072046875 0.5628599796875 0.22125951875 0.5725609046875 0.22087862500000002 0.5823636578125 0.22294407187499998 0.6000905171875 0.23279236874999998 0.6059762531249999 0.240947696875 0.604801509375 0.2455538984375 0.591736390625 0.24268851875 0.5718125875
0 0.248612196875 0.651701209375 0.240791203125 0.6417398890625 0.231147115625 0.6445820171875 0.22777337968750003 0.655543725 0.227578725 0.6706796609375 0.23236276562499997 0.6834168765624999 0.2403238640625 0.6835838328125 0.2481763421875 0.68063978125 0.2497145375 0.669461696875 0.248612196875 0.651701209375
0 0.2881601546875 0.6934826968750001 0.28367896406250004 0.6825148109375 0.27679323125 0.6830124015625 0.270894365625 0.6891909109375 0.26689388593749996 0.7057946828125 0.26922359687499997 0.717282665625 0.2734719875 0.7215840578125 0.28075733125 0.7231095546875 0.2882062703125 0.7086102359375 0.2881601546875 0.6934826968750001
0 0.2365901015625 0.7227730234374999 0.23194953906250002 0.7337134546875 0.2318714953125 0.745285515625 0.2338128015625 0.7594569203125 0.2404689296875 0.7636742328125 0.250534928125 0.7619878015625 0.25512563125 0.748478246875 0.2519028484375 0.7321267140625001 0.2365901015625 0.7227730234374999
0 0.2733025203125 0.7642948515625 0.26905868437499997 0.7746901796875 0.2703397375 0.79066453125 0.2795743390625 0.7996865343749999 0.2915510296875 0.797488425 0.29352467187500003 0.77116595 0.28780856093749996 0.759351253125 0.2785970265625 0.7578930203125 0.2733025203125 0.7642948515625
0 0.31726465937500004 0.6363995234375001 0.306010303125 0.6385724515625 0.30330724375 0.644006525 0.3029573875 0.6546981374999999 0.303376425 0.666697828125 0.307828009375 0.6741461234374999 0.3162536984375 0.6764825625 0.3229023015625 0.67358054375 0.3266230140625 0.6627712140625001 0.32433233281249996 0.645497190625 0.31726465937500004 0.6363995234375001
0 0.2867101234375 0.6174426453125 0.284714284375 0.6086128484375 0.2803883125 0.6020892953125 0.2723806359375 0.600589028125 0.2664543703125 0.6034658203125 0.26342494843750003 0.6133610625 0.2624614171875 0.6271889296875 0.2667553796875 0.6372237125 0.2752220796875 0.6405375375 0.2836026578125 0.6389099500000001 0.286965971875 0.631672909375 0.2867101234375 0.6174426453125
0 0.3488075515625 0.5939153625 0.3396891171875 0.5951237375 0.33533920781250004 0.6086248828125 0.3371018 0.6245824296875 0.339322890625 0.6329594015625 0.3474484859375 0.6349617421875 0.35348963125 0.6382493390625 0.35870155625 0.6287228703125 0.360146609375 0.6148781875 0.3579645546875 0.600715190625 0.3488075515625 0.5939153625
0 0.346455684375 0.6755766875 0.3411928109375 0.6934106546875001 0.34255945312499997 0.7049322734375 0.3471027078125 0.7176778921875 0.3554522453125 0.715161446875 0.3637942578125 0.7055256734375 0.3648744015625 0.6881339328125 0.358645690625 0.675447165625 0.346455684375 0.6755766875
0 0.3243456546875 0.7149127953125001 0.31400029375 0.708599440625 0.3080780703125 0.71582945625 0.3046326703125 0.7302853484375 0.30627110625 0.7426874234375 0.3095794609375 0.75458621875 0.3204143546875 0.7542078546875 0.3286707578125 0.7490248203125 0.327685046875 0.7277004359375 0.3243456546875 0.7149127953125001
0 0.36957868125000004 0.7676201484375 0.3627287484375 0.7509502984374999 0.3532609203125 0.7490560484375 0.3455015625 0.754666709375 0.34538233906250004 0.765669028125 0.34633165 0.7853409921875001 0.3511702421875 0.7927366 0.356257546875 0.7934488828124999 0.36335665 0.78964118125 0.37028503437500004 0.780944725 0.36957868125000004 0.7676201484375
0 0.396710415625 0.7092709312500001 0.39014740468750003 0.707720209375 0.383763071875 0.704383365625 0.37848111093750003 0.7188070109375 0.3783720484375 0.7294902203125 0.3816324203125 0.7421673796875 0.388911175 0.7482560968749999 0.3994277171875 0.7456639796875 0.40338920156249997 0.734846240625 0.40224026406249996 0.7157524468750001 0.396710415625 0.7092709312500001
0 0.3782919125 0.5906660609375 0.387913859375 0.5940801718750001 0.3971269515625 0.584668634375 0.39551199062500003 0.5660360843750001 0.391209528125 0.5532820625 0.378355303125 0.55106109375 0.37325201875 0.5636986046875 0.3719701171875 0.57531270625 0.3782919125 0.5906660609375
0 0.37701668593750004 0.6369879765625 0.375121090625 0.6517383453125001 0.375043065625 0.6633104078125001 0.3811010203125 0.6711084046875 0.3899787 0.6699084359375 0.39633995 0.665681534375 0.397948196875 0.6496062703125001 0.3963302734375 0.6365901171874999 0.3934984875 0.6257330203125 0.38751014375000004 0.6268321078125 0.3806207890625 0.6297425203125 0.37701668593750004 0.6369879765625
0 0.429131946875 0.66587133125 0.4214426609375 0.6665848125 0.4164480140625 0.6823333515625001 0.4171069546875 0.6964570453125 0.42010535625 0.711128990625 0.4309092125 0.7098617828125 0.43995799843750005 0.6997563390625 0.440517603125 0.68816744375 0.43696095 0.6691577343749999 0.429131946875 0.66587133125
0 0.43338252187500004 0.6012015546875 0.4303149390625 0.5892943515625 0.419705315625 0.5892198718749999 0.4176159140625 0.5915177125 0.4144037359375 0.593155125 0.41275341875000005 0.6041468109375 0.41350636874999996 0.6188046843749999 0.4185857140625 0.6261918843750001 0.42654679531250006 0.6263588546875 0.433055715625 0.6194569359375001 0.43338252187500004 0.6012015546875
0 0.42352641718750006 0.843612015625 0.4259647875 0.8582110437500001 0.43477992656250003 0.8690275828124999 0.44429605156249996 0.8622758390625 0.44841142500000003 0.8520875078125 0.4471614125 0.8370020109375 0.44073851093750005 0.8256569609375 0.4327619078125 0.8250455406249999 0.426672453125 0.830152903125 0.42352641718750006 0.843612015625
0 0.3857574625 0.7906440203125 0.385050221875 0.8049078984375001 0.3855468609375 0.8191297687500001 0.39368768125 0.8284658953124999 0.40222996093749996 0.8274466796875 0.4068517 0.8148259796874999 0.4056637671875 0.8015182140625001 0.40187388906250004 0.7896362406249999 0.39288760625 0.787725171875 0.3857574625 0.7906440203125
0 0.42695482656249995 0.7415930734375 0.4219912578125 0.7582304734374999 0.422278146875 0.7733495875 0.42588976093750003 0.7839816265625 0.4370426 0.7888531046875 0.44371471093750003 0.779720615625 0.44331914531249994 0.7614904546875 0.43799148125 0.7469923328125 0.43225191562500004 0.7414080937499999 0.42695482656249995 0.7415930734375
0 0.40571350468749995 0.8719755921875001 0.398948734375 0.86464725 0.3937632453125 0.865152271875 0.3885018390625 0.876136434375 0.3870487921875 0.8966560109374999 0.3923143796875 0.9093764046875 0.399374453125 0.9113547390625 0.40487368906250004 0.9031531562499999 0.40673824375 0.8875139296875 0.40571350468749995 0.8719755921875001
0 0.36627420312500003 0.8333051140625001 0.3576608234375 0.828266196875 0.35102020624999997 0.832179453125 0.3495516109375 0.8445684640625 0.3504832515625 0.8574402078125001 0.355181703125 0.8746301390625 0.36174473125 0.8761808921875 0.3706693765625 0.8625199609375 0.3700640984375 0.8451870765624999 0.36627420312500003 0.8333051140625001
0 0.322998 0.7952135890625 0.3152931734375 0.795482646875 0.3097526953125 0.806937625 0.3103836953125 0.8205726703125 0.312573728125 0.8280607671875 0.32079868437500003 0.8357830921874999 0.3274472640625 0.8328810750000001 0.3326671609375 0.8166797062500001 0.3306948328125 0.80161943125 0.322998 0.7952135890625
0 0.3264673421875 0.8738529765624999 0.3192596 0.874549646875 0.31464260781250003 0.8779213203125 0.3131466703125 0.8858874875 0.313130725 0.8992372874999999 0.31785266874999996 0.910196759375 0.325394303125 0.9121582765625 0.3343344703125 0.89894181875 0.33340285000000003 0.8860701125 0.3264673421875 0.8738529765624999
0 0.278308765625 0.8386098515624999 0.271563434375 0.854856446875 0.27300765781249997 0.8686002265624999 0.2793294671875 0.883953578125 0.2908866984375 0.883549990625 0.29774545625000004 0.8659564734374999 0.2926820515625 0.8452194734375 0.2853891609375 0.8365746484375001 0.278308765625 0.8386098515624999
0 0.23910705000000002 0.8021479046875 0.2343301296875 0.8103242640625 0.2353003390625 0.8312042015625 0.2403413 0.8388239171875 0.24869021249999998 0.8418609874999999 0.2542825859375 0.8363259953125001 0.25536272968749996 0.818934253125 0.2546873984375 0.806498540625 0.2453516875 0.8014848546875 0.23910705000000002 0.8021479046875
0 0.24440948749999997 0.8780534578125 0.23656455625 0.8881168234375 0.23370587187499997 0.90290085 0.2379693421875 0.921440875 0.24717290468750003 0.92957400625 0.255910865625 0.9243741546875001 0.259965475 0.9162230078125001 0.259690428125 0.900964271875 0.26062657968749997 0.8868315765625001 0.2558501 0.8812137015625 0.2509414734375 0.8787152765625 0.24440948749999997 0.8780534578125
0 0.2250002234375 0.8676068406249999 0.22597929218749999 0.8542234078125001 0.22458917656250002 0.8489322484375 0.22071370781250002 0.8415030078125 0.2137156875 0.84130241875 0.20650794062500002 0.841999084375 0.19897385781250002 0.8471569109375 0.197000659375 0.8596851125 0.198491434375 0.874762203125 0.20476982187499998 0.8817581625 0.2119744296875 0.8880856093749999 0.22180763125 0.879732653125 0.2250002234375 0.8676068406249999
0 0.1630246234375 0.9236130359375 0.17021788437500002 0.934931178125 0.1819928171875 0.9269554296875 0.18587184375000002 0.9102128046875 0.18386118437500001 0.8920919656249999 0.17667693125 0.88655819375 0.167356740625 0.8819889296874999 0.16022176875 0.8916727249999999 0.159141625 0.9090644484375 0.1630246234375 0.9236130359375
0 0.16728735781249998 0.8102449406250001 0.1596771625 0.8208505718750001 0.1596842671875 0.841764140625 0.17322179531249998 0.849745928125 0.1804685515625 0.843263215625 0.1809815796875 0.8303410390625 0.17899373125 0.8148363406250001 0.1740540609375 0.8114490249999999 0.16728735781249998 0.8102449406250001
0 0.20173827968750002 0.7205973828125 0.20889946093749998 0.7185673968749999 0.21223173593750003 0.7104414796875 0.21300904687500002 0.6912804234375 0.20855889374999997 0.6812014093750001 0.20350261249999999 0.681377978125 0.1958821578125 0.6797230421875 0.191316190625 0.6844733796875 0.1884965 0.693471340625 0.1887213265625 0.7068127421875 0.192853090625 0.7146779984375 0.20173827968750002 0.7205973828125
0 0.2165555640625 0.7859362140624999 0.2158412046875 0.7792865328125 0.210591134375 0.7670105796875 0.20523200312499998 0.76541781875 0.198324128125 0.7669131546875 0.19439668593749998 0.779590409375 0.1941789625 0.7871625875 0.19633 0.800436715625 0.2042676046875 0.8068341484375001 0.21141326875000002 0.8043597453125001 0.2165555640625 0.7859362140624999
0 0.17230915156249998 0.72696475625 0.164526728125 0.7250116515625 0.15663006562499998 0.72945655 0.151438853125 0.7437126609375 0.153651953125 0.7587645046875 0.1630652640625 0.766000359375 0.1726497203125 0.76433074375 0.1764635390625 0.756188021875 0.1769920859375 0.74371026875 0.17230915156249998 0.72696475625
0 0.14109175625 0.7925762296875 0.13866890625 0.7784216578125001 0.1345657703125 0.770807328125 0.12684785625 0.7712698828125 0.121154390625 0.7808131671874999 0.11880827187500001 0.7964692109375 0.12243499843750001 0.810581759375 0.1311184296875 0.8107234984374999 0.140656328125 0.8077205859375001 0.14109175625 0.7925762296875
0 0.1258699484375 0.8583863812500001 0.12119037031249999 0.8715867765624999 0.1260285203125 0.892776625 0.13955849843749998 0.89363905 0.1449646359375 0.8827708796874999 0.14469325 0.868096178125 0.1405614859375 0.860230915625 0.13155966562500002 0.8578754234374999 0.1258699484375 0.8583863812500001
0 0.09075868125 0.8975680531249999 0.085950715625 0.9048555390624999 0.08577158124999999 0.9204359140625 0.087472096875 0.93461574375 0.0944155734375 0.940157925 0.103618971875 0.9375444828124999 0.107037003125 0.935712428125 0.10997328437500001 0.9231505859375 0.10622241875 0.9054825765625001 0.100226525 0.8994623015625001 0.09075868125 0.8975680531249999
0 0.10428861250000002 0.8224922375 0.09842485 0.8133525390624999 0.08800144843749999 0.8186112484375 0.0861213703125 0.8338060515624999 0.0881092171875 0.8493107500000001 0.09819830625 0.8551880875 0.1051974171875 0.8446550328125 0.10428861250000002 0.8224922375
0 0.09890133125 0.742034471875 0.09139041718749999 0.7361725828125001 0.08435339375 0.7417580078125 0.0819452125 0.755636328125 0.0839485796875 0.77158545625 0.09177756406250001 0.7748718578125 0.0989467203125 0.76616699375 0.1005469953125 0.7567666296875 0.09890133125 0.742034471875
0 0.13909587031249998 0.7078081859375 0.13645531718749998 0.7012257749999999 0.13212932187499998 0.6947022203125 0.1248594984375 0.693621146875 0.1182176578125 0.699667865625 0.1165871359375 0.7121539984374999 0.11801583593750001 0.72545335625 0.12422146406250001 0.7305763484375001 0.13191075000000002 0.7298628500000001 0.1385362828125 0.7193970640625 0.13909587031249998 0.7078081859375
0 0.1951752046875 0.6431083921875 0.207882203125 0.6342101546875 0.2079912671875 0.6235269359375 0.20535115781250002 0.6031502890625 0.1971492703125 0.602991728125 0.18523465781249998 0.606967596875 0.1853739109375 0.6247617265625001 0.1882783046875 0.63889949375 0.1951752046875 0.6431083921875
0 0.153194703125 0.6490241343750001 0.1492332359375 0.659841865625 0.1498074734375 0.6762858921875 0.15278191875 0.6855264875 0.1567119203125 0.6876141203125 0.1671586078125 0.6857291375 0.17362073281249998 0.6816839484375 0.1756795046875 0.6647030218750001 0.1717809828125 0.6497100171875 0.1637347203125 0.6402015671875 0.153194703125 0.6490241343750001
0 0.1455851796875 0.582988625 0.14882346562499998 0.5997845765625 0.1543843546875 0.6071549593750001 0.1625799078125 0.6063961609375 0.1698950796875 0.6026085453125 0.16874617812499998 0.58351475 0.1661291171875 0.5707018671874999 0.1584167625 0.563851596875 0.14876225468749998 0.5704183890625 0.1455851796875 0.582988625
0 0.12372073593749999 0.5988812859375 0.1160935296875 0.6013725062499999 0.1096777296875 0.6109410265624999 0.10858206562499999 0.627888328125 0.11299318750000001 0.64375338125 0.1210239125 0.652817428125 0.13089571875 0.652472696875 0.1337288390625 0.634642478125 0.1347489921875 0.62474968125 0.1328852859375 0.6128004515625001 0.12841963125 0.6022770000000001 0.12372073593749999 0.5988812859375
0 0.0916182765625 0.652954325 0.083431909375 0.6532402 0.0759443828125 0.659731325 0.074530328125 0.674464878125 0.0761998046875 0.687755821875 0.080300525 0.694732215625 0.08665382031249999 0.697180196875 0.0939032875 0.6938462125 0.098110365625 0.6869906890624999 0.100262271875 0.672676346875 0.09788598281250001 0.65985505625 0.0916182765625 0.652954325
0 0.07670034375 0.5778295625000001 0.071232128125 0.586920015625 0.06948418437500001 0.5989953734375 0.0711691796875 0.6127307515625 0.0768076875 0.6223232921874999 0.0842872421875 0.6225070765625 0.09135530625 0.6178105046875 0.0938721265625 0.6070432218749999 0.094276515625 0.5910100078125 0.0903544828125 0.58224746875 0.082976021875 0.5780553875 0.07670034375 0.5778295625000001
0 0.2036233 0.5353909125 0.19732455468750001 0.527601290625 0.18938967499999998 0.52763475625 0.1851301375 0.53737159375 0.185129715625 0.5511658390624999 0.1872652125 0.5639955203125 0.1939213625 0.5682128328125 0.2036689890625 0.564312659375 0.20482673281250002 0.5491430625 0.2036233 0.5353909125
0 0.2363314640625 0.484856490625 0.227888803125 0.48470632656249996 0.21978005312499999 0.48721436875 0.2146457265625 0.49896301718749997 0.2169774984375 0.514997590625 0.22488159687499998 0.5297538078125 0.2303418234375 0.52733825625 0.23507972968750002 0.52494793125 0.2410294890625 0.51584066875 0.24161256875 0.49802131406249994 0.2363314640625 0.484856490625
0 0.259820115625 0.43953876875000003 0.25308594375000004 0.44689351874999994 0.25285229375 0.467815496875 0.25686941406249997 0.483586246875 0.266583590625 0.4882498078125 0.274001084375 0.486655846875 0.278226834375 0.46959924218750004 0.2759671578125 0.4532140828125 0.26909375 0.44277471874999996 0.259820115625 0.43953876875000003
0 0.256578375 0.533096675 0.2588225140625 0.549037428125 0.26537754687500004 0.5572630000000001 0.27451855625 0.5574597484375 0.27976199375 0.5549808109375001 0.2824730453125 0.5428718031249999 0.27861351875 0.5220927625 0.2721360828125 0.5160893203125 0.2599807015625 0.520073625 0.256578375 0.533096675
0 0.2980165265625 0.48403731875 0.29265697031250004 0.4962388046875 0.29292833749999997 0.5109134890625 0.29933082031249997 0.517124796875 0.305759090625 0.519364928125 0.3129513140625 0.51822385 0.31545260937499997 0.5070121000000001 0.3126103015625 0.49465206562499997 0.3065057484375 0.48552075937500005 0.2980165265625 0.48403731875
0 0.3362280359375 0.54277454375 0.33889834375 0.5540997671875 0.3428061375 0.5585639125 0.3516682984375 0.5569195359375 0.3573152046875 0.546042925 0.3530517390625 0.52750288125 0.346061696875 0.5206273734375 0.3376576109375 0.528485459375 0.3362280359375 0.54277454375
0 0.418377865625 0.5545899875 0.426773965625 0.55340681875 0.43225015312500004 0.537641471875 0.4330970734375 0.5273775125 0.43002949218750003 0.5154702765625 0.4189152390625 0.5078488875 0.41103172031249996 0.5099040593749999 0.407872996875 0.5183374671875 0.40536133906250005 0.5270111078124999 0.40692217656249996 0.537191053125 0.41169069687500004 0.5494837875 0.418377865625 0.5545899875
0 0.36884947968750004 0.5100421546875 0.3800239265625 0.5148628265624999 0.3894705703125 0.5137718 0.39156040000000003 0.497679734375 0.3905356578125 0.4821414046875 0.38329730156249997 0.46815497187500005 0.374388615625 0.4684660703125 0.3657743671875 0.491015628125 0.36884947968750004 0.5100421546875
0 0.3422346390625 0.43132108750000003 0.3335667265625 0.43162377812499997 0.329908090625 0.44421083125000005 0.32930949374999996 0.46158576250000005 0.3353129328125 0.474725359375 0.34288396250000003 0.4783589765625 0.3506369734375 0.4786399765625 0.3550489625 0.466916553125 0.3549873265625 0.45134459062500004 0.3506538078125 0.43770170625000004 0.3422346390625 0.43132108750000003
0 0.388735771875 0.41679295625 0.38691862499999996 0.406177028125 0.37749778125 0.3918218390625 0.3731482953125 0.39152875 0.3677421796875 0.4023969453125 0.366709021875 0.40732773437500003 0.3666620171875 0.41978866562499995 0.3695901015625 0.431843053125 0.3759972859375 0.4385965828125 0.3834923796875 0.43922480156250004 0.388432475 0.4288178703125 0.388735771875 0.41679295625
0 0.3274719046875 0.3606406390625 0.3256694296875 0.378057609375 0.3278049265625 0.39088730312500003 0.33544096093750003 0.39467886874999997 0.347035921875 0.38932578906250004 0.3495837796875 0.3794473734375 0.3499025953125 0.3678668921875 0.34593400625 0.35777105625 0.3370953765625 0.3531849921875 0.3274719046875 0.3606406390625
0 0.3029660390625 0.3975393640625 0.2962243375 0.39777478906249997 0.2904687890625 0.405540353125 0.2903517328125 0.42289846249999996 0.292984315625 0.4361557734375 0.3022889703125 0.440280596875 0.3101414453125 0.4373365234375 0.313445025 0.42935652968750004 0.3143051171875 0.41850217812499996 0.3132103046875 0.40786102656249995 0.3083407078125 0.3995765484375 0.3029660390625 0.3975393640625
0 0.229116003125 0.4023548109375 0.219888928125 0.4004521546875 0.2146615046875 0.40953419375 0.21393874531249998 0.4233536640625 0.213969340625 0.4380367625 0.22597334375 0.44464077968750004 0.23309126875000002 0.4471584578125 0.238411815625 0.44074300468749994 0.2390724953125 0.4251458171875 0.2363778515625 0.410110765625 0.229116003125 0.4023548109375
0 0.2731166859375 0.3714499375 0.2656916640625 0.36592457343749996 0.2588723640625 0.36393783125 0.2530547359375 0.3699256390625 0.2508252296875 0.3820178359375 0.25124426718750004 0.3940174984375 0.25735634687500003 0.41026813593749994 0.266700034375 0.40860692031249995 0.2725797390625 0.4043968203125 0.275422921875 0.3891684 0.2731166859375 0.3714499375
0 0.1797518578125 0.363053403125 0.17415150937499999 0.3752632953125 0.1740189328125 0.392176959375 0.1776180359375 0.40630500312500006 0.185746453125 0.41045637187499995 0.1931173671875 0.40752911249999996 0.1993389390625 0.3993023109375 0.1982055578125 0.38065294375000003 0.19165849375 0.3657524390625 0.1797518578125 0.363053403125
0 0.1567549015625 0.332708228125 0.151434778125 0.325329446875 0.14302315937500001 0.3260681640625 0.1359550953125 0.330764734375 0.13237406093749998 0.345573965625 0.1338958859375 0.361539903125 0.1373518890625 0.37076367656250003 0.14543013437500002 0.3735194828125 0.15315749218750002 0.3746614828125 0.1584780390625 0.3682460515625 0.1601639015625 0.3543929484375 0.1567549015625 0.332708228125
0 0.1612170953125 0.4535855609375 0.163458846875 0.4323705859375 0.16120286718750002 0.4117584234375 0.15143217343749998 0.4080948390625 0.1413972109375 0.4106701453125 0.13798689375 0.4303681359375 0.142475634375 0.4484553421875 0.152727875 0.4521021046875 0.1612170953125 0.4535855609375
0 0.12030295625000001 0.3864881875 0.11189930781249999 0.3805519984375 0.10539837968750002 0.380779015625 0.1013748109375 0.389819015625 0.1010560140625 0.4013995078125 0.10247903437500001 0.41226427968749996 0.1095368171875 0.4233520875 0.1177231859375 0.4230662140625 0.12344769062500001 0.41441178125 0.12441122499999999 0.400583925 0.12030295625000001 0.3864881875
0 0.10542379375 0.5609929328125001 0.10877869062500001 0.5742250203125 0.11776497500000001 0.576136090625 0.1281538296875 0.569241646875 0.1307442265625 0.5543240390624999 0.12735827187499998 0.5402031 0.11731576562499998 0.5356590765625 0.1088731046875 0.5355088953125 0.10581264374999999 0.54451526875 0.10542379375 0.5609929328125001
0 0.1166736375 0.45514105312500003 0.1077804765625 0.45589657499999997 0.1034695765625 0.4636116890625 0.1033370015625 0.4805253921875 0.1064200859375 0.49287698437499994 0.1135730671875 0.496928678125 0.12148785312499999 0.49635559218749997 0.127678384375 0.4872399140625 0.1271662265625 0.4725736359375 0.1216753875 0.460306075 0.1166736375 0.45514105312500003
0 0.1554682234375 0.49605890625000004 0.148998334375 0.49717481093749993 0.144024196875 0.505871396875 0.1423413171875 0.5205459515624999 0.14491181875 0.532025525 0.150302009375 0.534507171875 0.1596301578125 0.53240151875 0.16429845625 0.5211141265625 0.1636155796875 0.5015590796875 0.1554682234375 0.49605890625000004
0 0.180284915625 0.45425461718750004 0.1790105421875 0.47298806562499995 0.18033060625 0.4831763859375 0.18242940000000002 0.49230058593750003 0.1916466203125 0.49657543125 0.20054777499999998 0.4891450078125 0.20400464999999998 0.47078031718749996 0.20052557499999998 0.45399276874999994 0.19093357187499999 0.4485430609375 0.180284915625 0.45425461718750004
0 0.0615138625 0.4219142609375 0.0599056 0.43798950937500003 0.06327603125 0.4516660359375 0.0691087359375 0.4599168640625 0.078755271875 0.46002498750000004 0.0858331234375 0.45342584375 0.08754821406249999 0.43568928281249997 0.08434096875 0.41978219687499996 0.076356803125 0.41205146875 0.067719934375 0.4132430125 0.0615138625 0.4219142609375
0 0.06990650468750001 0.5310849890625 0.0755294765625 0.5402330953125001 0.08448473749999999 0.5412553109375 0.0912954984375 0.53217206875 0.09274955781250001 0.5156031125 0.0869093046875 0.5002329390625 0.0784435828125 0.4925190609375 0.0696900984375 0.4972744890625 0.0670876859375 0.512494465625 0.06990650468750001 0.5310849890625
0 0.0615306875 0.344779953125 0.0587110140625 0.3537779109375 0.0616619671875 0.36924898281249996 0.0645588140625 0.37626744218749997 0.07091209062500001 0.3787154078125 0.0779431890625 0.3742084984375 0.08179396718750001 0.365876096875 0.0799147625 0.353482465625 0.076924796875 0.343797390625 0.0693055625 0.339613715625 0.0615306875 0.344779953125
0 0.6047279171875 0.8685869484375001 0.6016204734375 0.8900542859374999 0.607072296875 0.9081078453125 0.612345859375 0.91415334375 0.6200817140625 0.9147731374999999 0.627081371875 0.9009202640625 0.62766323125 0.88336015 0.6242307328125001 0.8679058953125001 0.616984403125 0.8605943671875 0.6104524265625 0.859932515625 0.6047279171875 0.8685869484375001
0 0.6618391265625 0.840339065625 0.6576687765625 0.8244656125000001 0.6501661546874999 0.8167180625 0.6409311109375 0.8214903078125 0.6380413671875 0.8353854328124999 0.637699059375 0.8531963734374999 0.641760771875 0.8659588140625001 0.6476885343750001 0.8696264671874999 0.6539702609375 0.8704271984374999 0.658754728125 0.8693701328125 0.6622346718750001 0.8585692281249999 0.6618391265625 0.840339065625
0 0.6785369125 0.8766888703125 0.6804081484375 0.895757453125 0.6855030140625 0.9035890765625 0.6920336218750001 0.9053228125 0.6986680625 0.9009044718749999 0.7007033375 0.8901539984375001 0.6981563296875 0.8724439484375001 0.6918265453125 0.8637654906250001 0.682871303125 0.8627433281249999 0.6785369125 0.8766888703125
0 0.715112146875 0.8540528453125 0.7233908015625 0.86253573125 0.7347701515625 0.8578161234375001 0.7363163375 0.8399631359375 0.732837265625 0.8231755890624999 0.7235170906249999 0.8186063421875 0.714328603125 0.824711878125 0.7136989625 0.841197934375 0.715112146875 0.8540528453125
0 0.7545810359375 0.8607515765624999 0.7511942281249999 0.874219090625 0.7556439375 0.8980923453124999 0.7675971374999999 0.9021246796875 0.777500409375 0.8888745734375 0.7725348328125 0.8630431609375 0.7610899546875001 0.8538496578125001 0.7545810359375 0.8607515765624999
0 0.8087178046875 0.82326309375 0.8038481718750001 0.8149786171875 0.792586284375 0.810032209375 0.7879024640625001 0.8208751390625 0.7866205625 0.8324892734375 0.786876409375 0.8467195203125 0.78930725 0.854199190625 0.796118578125 0.862860834375 0.8032487203124999 0.859942 0.8099673562499999 0.852142821875 0.81100850625 0.840537128125 0.8087178046875 0.82326309375
0 0.833742065625 0.849532684375 0.8275825749999999 0.8595372093750001 0.825974290625 0.8756124921874999 0.830096275 0.8888277796875 0.8372513093749999 0.8947975546875 0.844862996875 0.89186190625 0.848117671875 0.8815138484375 0.8488093875 0.8668055156250001 0.8437845562499999 0.8540767078125 0.833742065625 0.849532684375
0 0.8654090984374999 0.8106039890625001 0.863218196875 0.8307043625 0.8661225890625 0.8448421187499999 0.87208614375 0.84844886875 0.8806932749999999 0.8478931125000001 0.8841731796875001 0.8370921906250001 0.8851832906249999 0.8245976390624999 0.8830012328124999 0.8104346250000001 0.8729742249999999 0.8063350312500001 0.8654090984374999 0.8106039890625001
0 0.7837653203125 0.7369193859375 0.7807124078125 0.7530450828124999 0.78181475 0.77080558125 0.790921503125 0.7767933796875 0.801278540625 0.7759105749999999 0.8066536531249999 0.7641535171875 0.805854146875 0.7481623515625 0.8010390640624999 0.7345362671875 0.7904294390625 0.734461796875 0.7837653203125 0.7369193859375
0 0.9204111656249999 0.8485723703125 0.9134102000000001 0.8415536687499999 0.9023529937499999 0.8418670609375001 0.8999232312500001 0.8503254218749999 0.8984158687500001 0.8716489031249999 0.9058608921875001 0.883321340625 0.9176692843750001 0.88290898125 0.924354321875 0.8728183015625 0.9249541796875 0.8577521390625 0.9204111656249999 0.8485723703125
0 0.9336809921875 0.8335825390625 0.940975721875 0.84168634375 0.9524723359375 0.8396707328125 0.9574439546875 0.82082029375 0.9532823562500001 0.8064392546875 0.9416102875 0.8026963890625 0.9366581078125 0.8059821546875 0.9324854281249999 0.8154662781249999 0.9336809921875 0.8335825390625
0 0.9056171234375 0.76348686875 0.9006830375 0.7672907796875 0.8972451921875001 0.7736364171875 0.8961011078125001 0.7892403906250001 0.9001722734375001 0.801030646875 0.9074557578125001 0.80664831875 0.91499124375 0.8062199609375 0.9197624765624999 0.797752528125 0.9190567765625 0.7775439453125 0.913933425 0.767865646875 0.9056171234375 0.76348686875
0 0.951238978125 0.7318032453125001 0.9469771281250001 0.7226136609375 0.9406289187500001 0.71816615625 0.9350420359375 0.719398853125 0.9297628015624999 0.7294404203125 0.9311574515625001 0.7532565484375 0.9369795671875 0.758760040625 0.9438571953125001 0.7609924578125 0.94994879375 0.7593447609374999 0.9499306984375 0.7588265765625 0.9555997015625 0.7518842078125 0.951238978125 0.7318032453125001
0 0.8773027921875001 0.7587688078125 0.8761433390625 0.7416888609375001 0.8698869859375 0.7237493109375001 0.8593757546875 0.7210035796875001 0.8534423437499999 0.7445568109375 0.8598254000000001 0.7661235515625 0.8718549953125001 0.7664268765625 0.8773027921875001 0.7587688078125
0 0.8225657328124999 0.7954399421875 0.8247774124999999 0.8104078953125 0.83059949375 0.815911421875 0.8396258609375 0.8136890625 0.84475873125 0.7941461125 0.8416493203125001 0.7776530671875 0.8340859890625 0.77065398125 0.8284629562499999 0.7708503421875 0.8231293984375 0.7793374109375 0.8225657328124999 0.7954399421875
0 0.929733409375 0.647989728125 0.9279908515624999 0.6625769890625001 0.9306200578125001 0.6733800015625 0.93693505 0.680640921875 0.9413665218749999 0.6828619359375 0.9490940484375001 0.678441678125 0.9532222234375001 0.6596206921875 0.946086234375 0.640674259375 0.9372437984375 0.6373514390625 0.929733409375 0.647989728125
0 0.8905475125000001 0.718877421875 0.8969500453125001 0.7248794625 0.9045230375 0.724096190625 0.910215015625 0.72245464375 0.91599744375 0.7060563 0.914348046875 0.6910686453125 0.906884928125 0.6788780562500001 0.8956026328125001 0.6782344484375 0.8898599078125 0.699187025 0.8905475125000001 0.718877421875
0 0.8158054484375 0.7308258828125 0.8239710453125 0.7371465374999999 0.832773459375 0.7411281796875 0.8389058781250001 0.7232748015625 0.839360975 0.7040632828125 0.82914064375 0.693525375 0.822111840625 0.6937708265625 0.8166683718750001 0.7152317359375 0.8158054484375 0.7308258828125
0 0.745276565625 0.7908757046875 0.7484583359375 0.8094414046875 0.753336771875 0.820165871875 0.7641042171875 0.8180783671875 0.772900528125 0.8080690828125 0.77316359375 0.8075411171875 0.7718872171875 0.779051646875 0.7588734453125 0.7691301046875 0.7508285828125 0.7725238125 0.745276565625 0.7908757046875
0 0.6731747703125001 0.789761946875 0.6712958328124999 0.8085044218749999 0.6766363390625 0.824400725 0.6826491234375001 0.8273035500000001 0.69196335 0.8280158828124999 0.6978327390625 0.8106905078125 0.6954944140625 0.7920953578125001 0.692375265625 0.783384646875 0.68072133125 0.78016 0.6731747703125001 0.789761946875
0 0.6373959796875 0.7889361890625 0.6462892046875 0.79007205625 0.655353578125 0.7872714640625 0.6610865625 0.7741012406250001 0.6567259015625 0.7540203156249999 0.6460156078125 0.74557469375 0.6315668875 0.7590492765625 0.6344856140624999 0.7781429953125001 0.6373959796875 0.7889361890625
0 0.5977256078125001 0.7975846953125 0.5973609859375 0.8193870453125 0.602048746875 0.8327121859375 0.613682715625 0.83559539375 0.6215665796875001 0.8273614015625 0.624769190625 0.8142795406250001 0.619111321875 0.7973567234375001 0.61121258125 0.7888129015625001 0.601725765625 0.791219403125 0.5977256078125001 0.7975846953125
0 0.70603755 0.7393282921875 0.705763396875 0.7637214796875 0.7097162734375 0.780185071875 0.722086353125 0.7845051109375001 0.7296600171875001 0.778969821875 0.734768059375 0.7559642109375 0.7291282734375 0.739559521875 0.7197513890625 0.7289921609375 0.7102826656250001 0.7319168296874999 0.70603755 0.7393282921875
0 0.7632423203124999 0.6927137828125 0.75724763125 0.690329109375 0.7496746 0.69111238125 0.7460739015625 0.69279451875 0.7419373546875 0.7033149796875 0.740022221875 0.7210210921875 0.7444107171875001 0.7338378421875 0.752162875 0.739070121875 0.7647984796875 0.737276315625 0.7699148765625 0.7225712078125001 0.768066475 0.7018837296875 0.7632423203124999 0.6927137828125
0 0.7799332796875 0.6547772562499999 0.774172459375 0.6752116640625 0.7772999656249999 0.692222878125 0.790175575 0.7032861484375 0.799465125 0.6981932578125 0.803203571875 0.676273084375 0.80030294375 0.6576975328125 0.7927215546874999 0.6501802734375 0.7857289046875 0.651462065625 0.7799332796875 0.6547772562499999
0 0.8525765156249999 0.6875189671874999 0.8636164187500001 0.69371343125 0.8762657562499999 0.6887669171875 0.8797773234375 0.668411065625 0.873593346875 0.6525441843750001 0.861159953125 0.6431211625000001 0.8523983312500001 0.6501715171875 0.8501477359375 0.6663329453125 0.8525765156249999 0.6875189671874999
0 0.8858387796875 0.6324021265625 0.8959066609375 0.64820113125 0.9077673296875 0.6477191906249999 0.9126025828125 0.6330239234375 0.908305925 0.606715125 0.8962079796875001 0.5988367890624999 0.8895869609375 0.6026996015625 0.8853599171875001 0.61062921875 0.8858387796875 0.6324021265625
0 0.9368149734375001 0.5605838999999999 0.9262578546875 0.56458416875 0.9199625843750001 0.5777740234375 0.921230565625 0.59796298125 0.92562878125 0.6029973953125001 0.935021390625 0.6077066015625 0.9420985328124999 0.6070914593750001 0.948121034375 0.6022119484374999 0.9497912515625 0.5855519953125 0.9449225312499999 0.5670451875 0.9368149734375001 0.5605838999999999
0 0.8505512749999999 0.6134011734375 0.8589079921874999 0.613284584375 0.871456771875 0.6074831328125 0.8717671093750001 0.58412625625 0.8683765765624999 0.5676430265625 0.8525053375 0.5645656625 0.8464188140625 0.5756730234375 0.8466346093749999 0.5979739265624999 0.8505512749999999 0.6134011734375
0 0.815824709375 0.6104634390625 0.810853090625 0.6293139015625 0.8146333515625 0.6488962968750001 0.82495504375 0.6565189078125 0.8332618421875001 0.6503209796875 0.8379064109375 0.6382263734375 0.8386426703125001 0.6190050421875 0.8303542 0.6073620562500001 0.8218834015625 0.6066202640625 0.815824709375 0.6104634390625
0 0.7343698140625 0.6397667703125001 0.738413125 0.6588211734375 0.74674751875 0.663718140625 0.75550318125 0.6624482765625 0.7674177859375 0.6510639 0.7652520328125 0.6293499125 0.7604919031249999 0.6139521125 0.745554625 0.6134361515625 0.7354414796875 0.6220901015625 0.7343698140625 0.6397667703125001
0 0.7111051328125 0.6587372140625 0.7059079781250001 0.6630690921875 0.7001207093749999 0.6746848125 0.701951015625 0.694854121875 0.7102213875000001 0.7059789234375 0.720978846875 0.70745458125 0.7286326984375 0.7011855796875001 0.7322974203125 0.693275603125 0.72981435625 0.6705350796875 0.7195397234375001 0.6584426718749999 0.7111051328125 0.6587372140625
0 0.7774361890625 0.5832699531250001 0.7721291046875 0.6005757171874999 0.77722468125 0.617518215625 0.78607926875 0.622251921875 0.79474661875 0.6195003375 0.8007245765625 0.60528394375 0.7980508234375 0.5851440828125 0.7900616109375 0.5740094625000001 0.7817355703125 0.57741300625 0.7774361890625 0.5832699531250001
0 0.691172646875 0.7408849609375 0.6934594125 0.725759890625 0.6895886578125 0.7035866421875 0.67965784375 0.7013394390625 0.6684924718749999 0.7121053500000001 0.6664673890625 0.742785303125 0.680323628125 0.7491709234374999 0.691172646875 0.7408849609375
0 0.6050299515625001 0.7568631531250001 0.6136568671875 0.75325100625 0.6244308625 0.7401028453125 0.6230723828125 0.7173230515625 0.6113377046874999 0.7037252296875 0.5983044750000001 0.7093683640624999 0.5924810046875 0.7199477390625 0.5934219374999999 0.7468925046875 0.6050299515625001 0.7568631531250001
0 0.6316377265625001 0.67240706875 0.6277906953125 0.6912182375 0.6315807140625 0.703018328125 0.6362657078125 0.7115808453125 0.6456648125 0.7113461 0.65517944375 0.7016754265625 0.654401365625 0.6793941625000001 0.647392 0.664074915625 0.639764684375 0.6633036515625 0.6316377265625001 0.67240706875
0 0.663239490625 0.6261678484375001 0.6603625890625 0.648576746875 0.665648853125 0.6629185734374999 0.6738649234375 0.6724888765625 0.6797329484375 0.6712463468750001 0.6857735468749999 0.6668850140625 0.6874534640625 0.6424427078125 0.6847518796875 0.6295670375 0.6767807609375 0.6189505625 0.663239490625 0.6261678484375001
0 0.7086317859375 0.628214321875 0.7181271578125 0.6257928796875001 0.7246672000000001 0.619872334375 0.7264375921874999 0.59802088125 0.716716925 0.5776083046875 0.7016251296875 0.5807293296875 0.69686226875 0.5974972703125 0.6989097140625 0.623884625 0.7086317859375 0.628214321875
0 0.6492361515625 0.6282132703125 0.6532570718749999 0.6087858921875 0.648632009375 0.5867303015625 0.6379579640624999 0.5793210390625 0.62680229375 0.5823046015625 0.6204151640625 0.608986484375 0.6253381499999999 0.62904780625 0.6348695328125 0.6359781609375 0.6492361515625 0.6282132703125
0 0.6174283296875 0.644369228125 0.613021721875 0.631034315625 0.6066192140625 0.6250322765625 0.59906428125 0.6263337156250001 0.5908468390625 0.6328462734375 0.5871000078125 0.6464659328125 0.5879963874999999 0.6640738421875 0.59523261875 0.67782876875 0.6072581765625 0.6836344484375 0.6148590296875 0.6755870015625 0.619131971875 0.660911359375 0.6174283296875 0.644369228125
0 0.591751371875 0.5458951140625 0.5849675515625 0.55315625 0.5821462984375 0.5610367890625 0.5827253328124999 0.5776181890625 0.587575946875 0.595606828125 0.6039732796874999 0.597628225 0.6146932406250001 0.5902296406249999 0.6156925484375 0.5704803171874999 0.612338184375 0.5550334390625 0.6041763812500001 0.54701765625 0.591751371875 0.5458951140625
0 0.8515440015625 0.411474575 0.845553215625 0.4158961328125 0.840201565625 0.42386501875000004 0.843110590625 0.4507411125 0.8522703765624999 0.45509041562499997 0.8620745234375 0.45371045 0.8649597468750001 0.4396021125 0.8643264281249999 0.4214662171875 0.8515440015625 0.411474575
0 0.8848109203125001 0.41206489687500003 0.8958712 0.405838171875 0.8975956640625 0.3907327375 0.8947131296874999 0.3726753703125 0.88500919375 0.3688638265625 0.8753316703125 0.3738710015625 0.8716029640625 0.3880088109375 0.8767347109375001 0.405987634375 0.8848109203125001 0.41206489687500003
0 0.9167489046874999 0.4071843046875 0.9144983484375 0.42334572656249997 0.9165832859374999 0.4346865328125 0.924064046875 0.4480707328125 0.9326716625 0.44398192343750004 0.9373064921875001 0.43966969999999994 0.938450615625 0.4240657484375 0.9325115343749999 0.40715266093749997 0.9239322031249999 0.40330186718750005 0.9167489046874999 0.4071843046875
0 0.9403743 0.5194578515625 0.9418453953125001 0.4970980390625 0.9322332796874999 0.47979450625000003 0.9206782140625 0.48746120312499996 0.9143648515624999 0.50013295 0.9193783265625 0.5227850546874999 0.9299967171875 0.5272888046875 0.9403743 0.5194578515625
0 0.8893130078124999 0.5243538140624999 0.8822744640625 0.5323816 0.880957865625 0.5511043718749999 0.8841855453124999 0.5629240828125 0.893943765625 0.5682901609375001 0.9003693640625 0.5674520281250001 0.90360315625 0.5627648203125 0.9064884531249999 0.548656409375 0.9027081921875 0.52907403125 0.8980106796875 0.5235312296875 0.8893130078124999 0.5243538140624999
0 0.8416283343750001 0.49696612343749996 0.8408558859375 0.515151109375 0.8486725453125 0.5294045828125 0.8572805499999999 0.530412121875 0.8656961859375001 0.52517853125 0.8694151890624999 0.5188230015624999 0.8682738296875 0.502261228125 0.8627788046875 0.4900019125 0.8508799375 0.487823415625 0.8416283343750001 0.49696612343749996
0 0.8749421203125 0.4755695765625 0.8866731328125 0.4925931296875 0.899664109375 0.49027026406249996 0.9051618609375 0.47036381875 0.9033858390624999 0.4517490265625 0.8929386328125 0.4427754359375 0.8873517874999999 0.4440081703125 0.87576885 0.4589390375 0.8749421203125 0.4755695765625
0 0.8054014578125 0.5397352375 0.805018740625 0.5610194765625 0.81072255 0.5711963109375 0.8206443421875 0.57841221875 0.8302306343750001 0.5736278296874999 0.8392831968750001 0.558785303125 0.8324561625 0.5325648453125 0.8212197546875 0.525175234375 0.8114337015625 0.5270734187499999 0.8054014578125 0.5397352375
0 0.7307957593750001 0.547528553125 0.7314109828124999 0.5651462578124999 0.7389283671875 0.57889140625 0.7508558609375 0.5837693296875 0.75917136875 0.5781845062500001 0.7635166984375 0.5655815171875 0.7577140609375 0.544513346875 0.7528537171874999 0.5343070640625001 0.737072971875 0.5338205078125 0.7307957593750001 0.547528553125
0 0.7730089687499999 0.49884354843749995 0.76820990625 0.5145751703125 0.772098775 0.5372665859375 0.78020770625 0.5447837453125 0.789765490625 0.5433940859375 0.7984366390625001 0.533752834375 0.7993093 0.5103763265625 0.78918918125 0.494646915625 0.7817525140625 0.491274996875 0.7730089687499999 0.49884354843749995
0 0.6992829281249999 0.5076437765625 0.6953273265625 0.5233459078125 0.6988445609375 0.5434562859375001 0.7044309265625001 0.5509339843750001 0.714107546875 0.55329930625 0.7202845484375 0.5447827828125 0.7223722687499999 0.523957853125 0.719017909375 0.508510959375 0.7070647421875 0.504778015625 0.6992829281249999 0.5076437765625
0 0.6584935765625 0.556797796875 0.6605688562500001 0.5759209375000001 0.6651661343749999 0.5866552625 0.67322234375 0.5911524265625 0.683077803125 0.59173654375 0.68969044375 0.5795731953125001 0.6883681562499999 0.5578297531249999 0.6787198671875 0.539489884375 0.6666845593749999 0.541466546875 0.6584935765625 0.556797796875
0 0.6466044328125 0.5468369671875 0.6460894015624999 0.5240277015625 0.635914978125 0.506743765625 0.622972225 0.514977771875 0.6187354578125001 0.5306897265625 0.6226243140625 0.553381175 0.6355300765624999 0.5545080734375001 0.6466044328125 0.5468369671875
0 0.6780155109375 0.503198425 0.6810733812499999 0.4859711953125 0.6747808203125001 0.46699532499999996 0.6611045328125 0.46228490781250003 0.6496663734375 0.481361146875 0.658307 0.511149846875 0.66600431875 0.5113952312500001 0.6780155109375 0.503198425
0 0.73802773125 0.504734325 0.7508707546875 0.5025915375000001 0.7593967046875 0.4879052890625 0.7557430859375 0.4719500640625 0.7423757703125 0.45996561406250003 0.7342766265625 0.4618048578125 0.727609703125 0.4724136875 0.7291950765624999 0.49362919843749997 0.73802773125 0.504734325
0 0.7989306921875 0.4834119421875 0.802684503125 0.49417564843750006 0.8137121296875 0.5036478203125 0.823271309375 0.50331400625 0.8306550328125001 0.4890485015625 0.82739250625 0.46010957656249996 0.814288259375 0.44759716406249994 0.8082114328125 0.4509221859375 0.802442259375 0.4630560734375 0.7989306921875 0.4834119421875
0 0.5690312328125 0.2735438609375 0.57608650625 0.2821171125 0.5842037640625 0.2807960375 0.594843003125 0.2710861 0.5953523859375001 0.253429084375 0.5929681328124999 0.24157991874999998 0.5830289421875 0.231032190625 0.5741587328125 0.23497356093750002 0.5659315421875 0.249268471875 0.5690312328125 0.2735438609375
0 0.6315195250000001 0.27343695156250003 0.6223235890625001 0.2680512546875 0.612368684375 0.2720724484375 0.6071218796875 0.284146125 0.6069117359375 0.302311490625 0.61464625625 0.3222746265625 0.6311438 0.3191045171875 0.6386722859375 0.3089843953125 0.6379484921875 0.28825764062500003 0.6315195250000001 0.27343695156250003
0 0.5712026156250001 0.3357241203125 0.574529165625 0.3584352109375 0.5868539687500001 0.3647492203125 0.595674240625 0.3561687375 0.6003423156250001 0.339894565625 0.5969879328125 0.3244476671875 0.5902778093750001 0.30963677500000003 0.5809997921875001 0.30996077031249997 0.5752946 0.3158668046875 0.5712026156250001 0.3357241203125
0 0.624602178125 0.3494234015625 0.61740078125 0.352787671875 0.6106696687500001 0.36849329062499997 0.6127451125000001 0.3887475125 0.62127853125 0.3993443296875 0.636460784375 0.398814153125 0.643091540625 0.3871690109375 0.6406627203124999 0.36598296874999997 0.63446063125 0.3495979375 0.624602178125 0.3494234015625
0 0.5751667515625 0.4331202375 0.585632075 0.4426119921875 0.5965246203125 0.4401564234375 0.604188325 0.4277045453125 0.603483809375 0.40567255468749996 0.5945244671875 0.3909401859375 0.584684109375 0.39128381874999996 0.5797319484375001 0.39456958124999997 0.5741617953125 0.41240330781249995 0.5751667515625 0.4331202375
0 0.6433866859374999 0.4359259515625 0.6382813734375 0.4267658703125 0.62559330625 0.42617130000000003 0.614745284375 0.4379637625 0.6150696124999999 0.46337365 0.6239864578125001 0.477821975 0.63026859375 0.4794445203125 0.6386127078125 0.4765591234375 0.64653090625 0.4695382171875 0.6460339875 0.44724716875 0.6433866859374999 0.4359259515625
0 0.593125871875 0.5201704234375 0.6015309109375 0.5148147078124999 0.60704011875 0.4994512859375 0.6034686171875 0.47778638281249997 0.5963771578125 0.46817681093749997 0.58846868125 0.4674154203125 0.580159409375 0.48741999218750004 0.5820620765625 0.50966195 0.593125871875 0.5201704234375
0 0.7144793984375 0.4645713890625 0.7190432312499999 0.44210361562499995 0.71135461875 0.415394446875 0.69627261875 0.41073309843750005 0.6897768859375 0.43430596875000005 0.6893120500000001 0.46129987968749997 0.7057177359375 0.47162175624999997 0.7144793984375 0.4645713890625
0 0.6491043015625 0.39007183125 0.6473881968749999 0.41347779687499997 0.655295290625 0.4303220875 0.6634390015625 0.43781972187499996 0.674921725 0.42808037499999996 0.6785599546875 0.41135163906249994 0.6769467875 0.39740035156250003 0.6676520203125 0.381123334375 0.6546646968750001 0.3800204484375 0.6491043015625 0.39007183125
0 0.765305459375 0.4529392875 0.7738388234375 0.46353614375 0.7916878484375001 0.4587623984375 0.7941110390625 0.4394821890625 0.7890975578125 0.41682999374999996 0.7760656906250001 0.40639026562499997 0.766986678125 0.412414115625 0.76282231875 0.4301988234375 0.765305459375 0.4529392875
0 0.8034906875000001 0.41788380468749997 0.81804655625 0.42360110625 0.8273886718749999 0.41704926875000004 0.8274637374999999 0.386956178125 0.8214787687499999 0.3767891625 0.8069771484375 0.372626365625 0.8003282984375 0.3837533578125 0.798640065625 0.39989516406250003 0.8034906875000001 0.41788380468749997
0 0.7674110796875 0.3278347765625 0.758185965625 0.345796153125 0.7592813546875 0.369103934375 0.7703727625 0.3810206140625 0.7783984453125 0.3845191640625 0.78586286875 0.3806269109375 0.7880410453125 0.36239281874999996 0.78628311875 0.34429617968750004 0.7785388796875 0.332115390625 0.7674110796875 0.3278347765625
0 0.7357912375 0.37355585625 0.7266662984375001 0.386325690625 0.7243517171875 0.40871495781249995 0.7296379234375 0.423056796875 0.7397315890625 0.429967515625 0.7511864796875 0.427492309375 0.7537544234375 0.41235739843749997 0.754808034375 0.3941625765625 0.75120868125 0.37976184687500003 0.74624814375 0.37474706874999997 0.7357912375 0.37355585625
0 0.6857822078125 0.3763397859375 0.695902325 0.39206920312500004 0.7083913468749999 0.38696386718750003 0.7129635390625 0.37279658437499996 0.710462340625 0.349537890625 0.7013847109375 0.339478878125 0.6921790734375 0.3418755609375 0.6836526453125 0.3556621328125 0.6857822078125 0.3763397859375
0 0.7328681875 0.29791299375 0.7256125078125 0.299722771875 0.7193714859375 0.3144671515625 0.719442521875 0.3326226984375 0.7261888171875001 0.348469909375 0.7391072578125 0.347071884375 0.7446363593750001 0.344712934375 0.749226603125 0.3310638 0.7482759328124999 0.3119013671875 0.7405497875 0.30023875 0.7328681875 0.29791299375
0 0.6473936484375 0.3491463078125 0.6540049265625 0.3530658578125 0.6618591171875 0.3522727671875 0.6689006875 0.34952355156250003 0.675691228125 0.3372633234375 0.6727725046875 0.3181696046875 0.66307830625 0.3065757265625 0.6527480234375 0.3090116765625 0.64582640625 0.3284489953125 0.6473936484375 0.3491463078125
0 0.8002627531250001 0.3012663453125 0.79649781875 0.31436783749999997 0.7977296890625001 0.33352044687500004 0.8035806687499999 0.34365240625000004 0.8143803109375 0.342796203125 0.8222261468750001 0.3337026046875 0.8203596515625 0.3124969546875 0.8159711375 0.29968018125 0.8062491046875 0.2953504765625 0.8002627531250001 0.3012663453125
0 0.7564696796875 0.2644043625 0.7548899375 0.2836551671875 0.7634498265625 0.30307067656250003 0.7746414359375 0.30378234375 0.7831305453125 0.302383409375 0.785507765625 0.28984917656250003 0.7855551140625 0.2670202890625 0.7751899843750001 0.25233702187499996 0.7661930921875 0.25265119999999996 0.7564696796875 0.2644043625
0 0.687002740625 0.314559871875 0.702638746875 0.3109010484375 0.7115910546875 0.3012500125 0.713116475 0.28044471249999997 0.707195565625 0.2640498625 0.6897376125 0.25583990624999997 0.6790983734375 0.26554983593750003 0.6761936375 0.2952229359375 0.687002740625 0.314559871875
0 0.7136188812500001 0.2384043078125 0.7154853765625 0.2596099578125 0.7261594609375 0.26701922968749997 0.740662640625 0.264672278125 0.7453334828125 0.251823225 0.745770484375 0.23209354375000002 0.740466146875 0.2172335484375 0.7302723062500001 0.21551432187500003 0.719524459375 0.222115265625 0.7136188812500001 0.2384043078125
0 0.64727654375 0.232939025 0.643266678125 0.24708666875000002 0.6438638078125 0.26418625156250003 0.652297134375 0.27301415 0.6633621562500001 0.2744001640625 0.6740835515625 0.258980559375 0.6709741421875 0.2424875015625 0.668045678125 0.23117615156250002 0.655493978125 0.22642645625000002 0.64727654375 0.232939025
0 0.79596180625 0.21840840468749997 0.7904918890625 0.23105063593750003 0.7915608296875 0.2455397359375 0.8006271328125001 0.259074215625 0.80860121875 0.2579146953125 0.81527651875 0.2556063859375 0.8174185453125 0.236335946875 0.81527924375 0.223440634375 0.8029001734375001 0.21557210312500003 0.79596180625 0.21840840468749997
0 0.9090897874999999 0.24594246874999998 0.9028218328125 0.2581499703125 0.901958909375 0.27374414062499997 0.911362246875 0.2931301953125 0.9238512703125 0.288024896875 0.9300741968749999 0.2727623328125 0.929685809375 0.25358026875 0.9205358421875 0.241448625 0.9090897874999999 0.24594246874999998
0 0.902100765625 0.205257496875 0.9088929531250001 0.21435870937499998 0.9175544375 0.2124998625 0.9255366609375001 0.2091595625 0.9328382812499999 0.19069528125 0.9302730218749999 0.1736644328125 0.9207695109375 0.15946988125 0.90604933125 0.165171925 0.9008689328124999 0.1861048703125 0.902100765625 0.205257496875
0 0.9101222375000001 0.3704748203125 0.9231819375000001 0.37365040625 0.931734815625 0.36868249375 0.9353006671875 0.349881178125 0.93532988125 0.326534125 0.9229145828125 0.3176292265625 0.906435171875 0.321317490625 0.9048275968749999 0.3478324578125 0.9101222375000001 0.3704748203125
0 0.8675302203124999 0.28739765781250004 0.8636010875 0.3119184640625 0.8701024546875 0.3288119171875 0.8821629234374999 0.336236178125 0.8951792859375001 0.32949255625 0.8984724125 0.3190015484375 0.8983109015625 0.2982551640625 0.8883633359375 0.2794069140625 0.8751853671875001 0.280904696875 0.8675302203124999 0.28739765781250004
0 0.8363098453125 0.32843553281250004 0.83084824375 0.34937827499999996 0.834538034375 0.3663698765625 0.84629213125 0.3789534625 0.8523857171874999 0.37767900781249997 0.8598139890625 0.37275040000000004 0.861974071875 0.353998140625 0.8594910078125 0.331257634375 0.84763803125 0.3223331390625 0.8363098453125 0.32843553281250004
0 0.8522240296874999 0.2521349046875 0.8408874484375 0.24993677343749998 0.82799899375 0.2597252484375 0.8277791296875 0.285672971875 0.8367565875 0.300923503125 0.8533543031249999 0.2925618640625 0.858315746875 0.2699078890625 0.8522240296874999 0.2521349046875
0 0.86476170625 0.20811778749999998 0.8579305640625 0.23014599375000003 0.8660548359375 0.2532083203125 0.8782092031250001 0.259285034375 0.8905874828125 0.25442679687499997 0.8942076546875001 0.237179965625 0.8913431781250001 0.21964076562499998 0.8828918953124999 0.203334278125 0.8739311890625 0.2046847859375 0.86476170625 0.20811778749999998
0 0.8240850140625 0.21213225625 0.8355792203125001 0.2263171671875 0.8492162140625 0.21436746874999998 0.8528182953125001 0.19660246875 0.8475236515625 0.17396010625 0.8348815171874999 0.16661956718749998 0.8247864671875 0.17579170625 0.8230703593750001 0.1991976671875 0.8240850140625 0.21213225625
0 0.8580724156249999 0.1616593125 0.8705934578125 0.17720569375 0.8807539765625 0.17435607656250002 0.8865134140625001 0.1700045453125 0.8912762890625 0.153236609375 0.88599974375 0.13111243125 0.8675438859375 0.12656891875 0.859471175 0.137226834375 0.8580724156249999 0.1616593125
0 0.8938844953125 0.0908894328125 0.8941545375000001 0.1147448625 0.9020254781249999 0.1305528 0.9127484296875 0.1331009390625 0.920173725 0.12628744218750002 0.9234125234375 0.114241921875 0.9226887296875 0.0935151671875 0.915352315625 0.0849517546875 0.90266425 0.0843572328125 0.8938844953125 0.0908894328125
0 0.8225135265624999 0.134885821875 0.8324112828124999 0.144666515625 0.8457851640625 0.1402987734375 0.8506120656249999 0.1173029796875 0.8469862609375 0.094083559375 0.8307253671874999 0.08790699375 0.8202948343750001 0.095534453125 0.8166565640625001 0.1122631359375 0.8225135265624999 0.134885821875
0 0.789128709375 0.13812684375 0.78223354375 0.16638287812500002 0.7900501656250001 0.18063635312499998 0.79858055 0.1914006203125 0.8111811921875001 0.18923683593750001 0.8170867718749999 0.172947778125 0.817278803125 0.1542642453125 0.811249325 0.134760371875 0.8017082046875 0.1356123609375 0.789128709375 0.13812684375
0 0.6205193171875 0.24310576562500003 0.6310496515625 0.23579553749999999 0.6332282234375 0.212052725 0.6273712796875001 0.189430015625 0.6125885 0.1852770359375 0.6050599953125 0.195397146875 0.5999519734375001 0.21840276250000001 0.607232759375 0.2414945453125 0.6205193171875 0.24310576562500003
0 0.6756725578125 0.21835255 0.682934334375 0.2345676890625 0.69737425 0.235233921875 0.7078868234375 0.2218967921875 0.7055582171875 0.19551926875 0.6991835359375 0.1822530703125 0.6864411859375 0.18010403125000002 0.677669825 0.1949367703125 0.6756725578125 0.21835255
0 0.6380912953125 0.1900932640625 0.649454328125 0.2011100828125 0.6647367703125 0.19538840156249998 0.6678308125 0.17919752656250001 0.6629899453125 0.1534265265625 0.651191253125 0.146056528125 0.6415861281249999 0.153136365625 0.635009696875 0.1663360421875 0.6380912953125 0.1900932640625
0 0.712696971875 0.1822999703125 0.7274659765625 0.1950520140625 0.7364042656249999 0.184066084375 0.7415387765625 0.1698791671875 0.7377584765625 0.1502967515625 0.73054035 0.1370599921875 0.719738240625 0.14210641562499998 0.709542996875 0.1564700640625 0.712696971875 0.1822999703125
0 0.750215578125 0.20070421875000002 0.7586028781249999 0.2232385765625 0.772805278125 0.2268930078125 0.773086440625 0.2268831890625 0.7814681078125 0.2089512671875 0.7795375921875001 0.193973484375 0.7657081671875 0.176817165625 0.7552053296875 0.18237194375000002 0.750215578125 0.20070421875000002
0 0.769193321875 0.1476426421875 0.7749467265625001 0.14024911874999998 0.77392135 0.1137554828125 0.7678459453125 0.10099762812499999 0.7544688921875 0.09679553125 0.746957159375 0.12351669375 0.7498577890625 0.142092228125 0.7558970421875 0.1538137453125 0.769193321875 0.1476426421875
0 0.6675092125 0.12162186562499999 0.6719241796875 0.1432573421875 0.6827792140625 0.15584829375 0.6952420734375 0.151792603125 0.701264265625 0.1370447484375 0.70010483125 0.1199648015625 0.6949368765624999 0.10094966718750001 0.685967815625 0.0939996359375 0.6737780484375 0.0996133171875 0.6675092125 0.12162186562499999
0 0.5776420578125 0.2082870109375 0.5914825578125 0.20157808593749998 0.5941145046874999 0.180215340625 0.5910329125 0.15645813749999998 0.5749445640624999 0.14716272187499999 0.5638237578124999 0.167265496875 0.5647925046875 0.186946109375 0.5686270703125 0.208083021875 0.5776420578125 0.2082870109375
0 0.607928540625 0.1646877234375 0.6204899421875 0.16165507968749998 0.6263134015625 0.1510756875 0.6272041578125 0.128217365625 0.6193151421875001 0.111891225 0.6049220703125 0.11083744375 0.5976469140625 0.1282119109375 0.6008189828125 0.1545599859375 0.607928540625 0.1646877234375