0 0.07593602031249999 0.13986378906250002 0.0841483953125 0.1519600890625 0.10283296875 0.158278328125 0.1153109703125 0.15281496249999998 0.12329032499999999 0.1351904703125 0.1235870640625 0.11944860312500001 0.1162195 0.10663815000000001 0.1029199640625 0.0977779828125 0.0872751703125 0.101897809375 0.0791737703125 0.112530346875 0.07635977656250001 0.11502739375 0.0762937828125 0.1276178984375 0.07593602031249999 0.13986378906250002
0 0.1225149078125 0.1726223546875 0.13569353281250002 0.19092664374999999 0.14999540312499998 0.1917261171875 0.164028771875 0.1771432921875 0.1680270375 0.1606374046875 0.1626347609375 0.1463936546875 0.15470805781250002 0.13429236875 0.144417790625 0.13412228125 0.134990640625 0.1342868328125 0.1234916984375 0.1467271953125 0.11942630937500001 0.1593875078125 0.1225149078125 0.1726223546875
0 0.198364671875 0.0978605109375 0.17723720625 0.09892870312499999 0.16680771875 0.10715394375000001 0.16029333437499999 0.1268510890625 0.1762077625 0.1545496375 0.19536604375 0.15526434218750002 0.2099341421875 0.13857395781249998 0.20949477968750002 0.113402925 0.198364671875 0.0978605109375
0 0.21224845937499998 0.20567676562499998 0.213657375 0.18816696093750002 0.197548809375 0.16571736718750002 0.18183689218750002 0.1659916203125 0.1731092296875 0.17348774843749998 0.1648014875 0.18867004062499998 0.1676166203125 0.2026090703125 0.1793913 0.2223366796875 0.20136967656250002 0.22090393593750002 0.21224845937499998 0.20567676562499998
0 0.1128787171875 0.226295296875 0.1237697015625 0.21176732343750002 0.1266557921875 0.1970293703125 0.1206372546875 0.179649215625 0.1015937828125 0.1691407875 0.0905075234375 0.1724816390625 0.0837307421875 0.17714608125 0.07800624843750001 0.19298269375 0.0806150359375 0.2114714765625 0.09229208125 0.22560552500000003 0.1128787171875 0.226295296875
0 0.1624718375 0.251657459375 0.17160608125000001 0.23471221875 0.17165986875 0.22142252343750002 0.163410878125 0.2072286375 0.150421425 0.199761875 0.1347705296875 0.20353210625 0.1264749953125 0.2194135953125 0.123145709375 0.24150307031249998 0.1376550546875 0.25418886406249996 0.1500548609375 0.260616803125 0.1624718375 0.251657459375
0 0.129474325 0.2602766296875 0.11388828437500001 0.2350202796875 0.095605328125 0.2353394109375 0.089387684375 0.23929468593749997 0.0793048921875 0.2510109203125 0.07996280156249999 0.27233139375 0.0948798640625 0.292004153125 0.11375247343749999 0.2927238453125 0.12742084375 0.2736012359375 0.129474325 0.2602766296875
0 0.15898999687499998 0.265006996875 0.138415565625 0.265016421875 0.1247594 0.284838225 0.1242013984375 0.3019834703125 0.14057122500000002 0.3230296890625 0.1588541859375 0.32271055937500004 0.1717265625 0.3070988859375 0.171931771875 0.286113053125 0.15898999687499998 0.265006996875
0 0.21652472656250002 0.25421100625 0.21260352500000002 0.24238950781250002 0.1932499734375 0.23048767812499998 0.1833308078125 0.235206975 0.1698565765625 0.24908062968750003 0.170775746875 0.2689977265625 0.1831400734375 0.2897641578125 0.2039940734375 0.28940014999999997 0.2162523953125 0.271351265625 0.21652472656250002 0.25421100625
0 0.256809771875 0.155590653125 0.2417645609375 0.128576340625 0.23002152968749998 0.12703279375 0.21925755625 0.1324662453125 0.2086705484375 0.14803802500000002 0.209930309375 0.1710965125 0.2230479125 0.1859048234375 0.2430448984375 0.185555775 0.2551334890625 0.174154234375 0.256809771875 0.155590653125
0 0.3019557609375 0.12262984218749999 0.2956332484375 0.10420587968749999 0.2806013765625 0.0943268390625 0.2631876359375 0.0953302078125 0.2534759484375 0.1119358203125 0.2535442078125 0.132217471875 0.2614342953125 0.14222117343750001 0.27018750156250004 0.1525595109375 0.28532807656250003 0.15229523125 0.28901739375 0.1508320171875 0.2973800546875 0.1387961046875 0.3019557609375 0.12262984218749999
0 0.2909388984375 0.1626884203125 0.2840034578125 0.158263325 0.2683220515625 0.16028556562500001 0.2594307640625 0.1747786328125 0.2590669 0.186674928125 0.2596576828125 0.204149825 0.2721429203125 0.2154721328125 0.2927051484375 0.21476351562499998 0.3027208140625 0.19920170312500002 0.3023241671875 0.176477859375 0.2909388984375 0.1626884203125
0 0.2594768828125 0.22653405000000001 0.2536585859375 0.2042545390625 0.23602516406250001 0.1926723921875 0.22325538906250003 0.1977911453125 0.211854084375 0.21582507187500002 0.2127244359375 0.2329453859375 0.224754275 0.25092001875 0.239961975 0.2545013140625 0.25265241875 0.24483779062500002 0.2594768828125 0.22653405000000001
0 0.2924667296875 0.2829599921875 0.304141503125 0.264221890625 0.3029000484375 0.24221219375 0.2929370328125 0.22804822656249998 0.28717479218749997 0.2253511734375 0.27119550625 0.2266792046875 0.2586210046875 0.2429850875 0.2595950953125 0.26604856093749996 0.27276151875 0.28365365625 0.2924667296875 0.2829599921875
0 0.34307525 0.13729908125 0.32821921249999997 0.12112229687500001 0.313109146875 0.123134565625 0.29888163749999996 0.14296634531250002 0.29863981875 0.1618545921875 0.31330171875 0.183280328125 0.33469045 0.18080875937500002 0.34724664375000003 0.1634540859375 0.34307525 0.13729908125
0 0.3519489359375 0.2200240875 0.34156600312499996 0.19817395468750001 0.333755240625 0.19271502812500002 0.312342103125 0.193788203125 0.301141034375 0.20692277187500002 0.2982976609375 0.22410790937499997 0.31502028593750003 0.2489947171875 0.3375944171875 0.2489503875 0.3519489359375 0.2200240875
0 0.3333871140625 0.3189646671875 0.3521365421875 0.296256325 0.351861940625 0.2805244328125 0.34006895625 0.25974802812500003 0.33513321406249996 0.2552880234375 0.318564284375 0.255577234375 0.302932828125 0.2768323375 0.30207695 0.293283371875 0.3219480578125 0.3184649296875 0.3333871140625 0.3189646671875
0 0.310527309375 0.3190139828125 0.29459457499999997 0.29026664062499996 0.27916832812500003 0.2905359078125 0.270750746875 0.2994254421875 0.2604127953125 0.31289465 0.25956301875 0.3296952828125 0.2762490296875 0.3524845046875 0.2962460171875 0.35213545625 0.3104491140625 0.3309052890625 0.310527309375 0.3190139828125
0 0.26390570625 0.283808234375 0.24636878437499998 0.2613835703125 0.2269614484375 0.2627714359375 0.2139071359375 0.2843312546875 0.213312521875 0.29937891875 0.230861646875 0.322502778125 0.2480263296875 0.32360198125 0.26419251250000003 0.3002393234375 0.26390570625 0.283808234375
0 0.2058667609375 0.2984597703125 0.1847209859375 0.2984791671875 0.171046515625 0.31725217968749997 0.17077418125 0.3343924375 0.1868461359375 0.3547444484375 0.2057004359375 0.35441534531249996 0.219672784375 0.33633654218750003 0.21944089843749998 0.32305183125000003 0.2058667609375 0.2984597703125
0 0.117892221875 0.300694778125 0.09361016718750001 0.3011186234375 0.08218444999999999 0.3177541578125 0.08313413124999999 0.3394192421875 0.0988654921875 0.356629859375 0.1143161484375 0.3577589859375 0.1282945984375 0.340029778125 0.1300196953125 0.32426298125 0.117892221875 0.300694778125
0 0.17487845468750002 0.3567018671875 0.1644772109375 0.33380294374999997 0.142735684375 0.3324339234375 0.12733498125 0.3505376546875 0.1273300140625 0.3666241359375 0.142587665625 0.3894382890625 0.16029928437500002 0.3891291328125 0.17370639062499998 0.3714099015625 0.17487845468750002 0.3567018671875
0 0.131652828125 0.385083003125 0.11898452500000001 0.36327276406250003 0.09956498281250001 0.3639614375 0.09048452343749999 0.3676169796875 0.0835319125 0.37857916875000003 0.084202025 0.4005988359375 0.09939865625 0.4199170125 0.1151288828125 0.42069155468749997 0.131113134375 0.403277040625 0.131652828125 0.385083003125
0 0.1625525765625 0.4527359625 0.17650661875 0.43360836718750007 0.176456665625 0.414375509375 0.1655878203125 0.3974297203125 0.161813071875 0.393998565625 0.14326885 0.39572107500000003 0.129290396875 0.413450278125 0.1284650328125 0.43164930312500005 0.1462571125 0.45232099375 0.1625525765625 0.4527359625
0 0.1330185984375 0.4469568046875 0.119815565625 0.42725412656249995 0.09981857656250001 0.4276031765625 0.0936070359375 0.4319080484375 0.0852565796875 0.44464315781249997 0.08681421875 0.468395853125 0.10193762343749999 0.48351885625 0.1207858234375 0.48284015625 0.1333298140625 0.46478628750000006 0.1330185984375 0.4469568046875
0 0.1755248609375 0.47559000781250005 0.1669779984375 0.4607019140625 0.14439166406249998 0.4600470484375 0.128729696875 0.47955416093750003 0.1289798890625 0.49388766406249995 0.1456475921875 0.5156280921875 0.16365098125 0.5156635453125 0.1776416375 0.498633534375 0.1755248609375 0.47559000781250005
0 0.2075426125 0.3617269765625 0.1887005140625 0.3627552765625 0.184488671875 0.36702524687500004 0.172795590625 0.3847145578125 0.1742250828125 0.40112570312500007 0.1882729265625 0.4201142265625 0.20854338125 0.41906099843750005 0.219932484375 0.400327878125 0.21779129843749997 0.3758859578125 0.2075426125 0.3617269765625
0 0.26355745 0.345711953125 0.25123584062500004 0.3273927046875 0.23893366718750003 0.32655833125 0.2276044546875 0.332351346875 0.21838477812499998 0.34440222187499997 0.21763874218749998 0.36714601562500004 0.2319478484375 0.38473116093750004 0.25363444999999996 0.38295380625000003 0.26363180937499997 0.36634320468750003 0.26355745 0.345711953125
0 0.3107076796875 0.378460546875 0.29751684843750004 0.3594570625 0.2758119375 0.36018562656249997 0.26185179375 0.378963625 0.26073465156250003 0.3968180375 0.27624136250000003 0.41752961875 0.295964884375 0.41788475312499995 0.309614946875 0.39771334999999997 0.3107076796875 0.378460546875
0 0.2656349140625 0.41561652968749996 0.252389165625 0.39346666875 0.2372241796875 0.39233255625 0.226441896875 0.39671721249999997 0.21704639218750002 0.41506583125 0.21879206718750002 0.4332199765625 0.23541705156249998 0.45251322343749995 0.2553774265625 0.4500665875 0.266985075 0.42748290625 0.2656349140625 0.41561652968749996
0 0.295641034375 0.48118686562499996 0.312525015625 0.466204578125 0.31242624375 0.44417493593749996 0.300992159375 0.42758871718749997 0.2957829515625 0.42383290156250003 0.28007103125 0.42410715468750004 0.26323586875 0.44188622187500004 0.26322480000000004 0.45762310156249997 0.278500759375 0.48148605 0.295641034375 0.48118686562499996
0 0.26904919843749997 0.480252209375 0.2549098203125 0.456019721875 0.2397387359375 0.45453601250000003 0.230974459375 0.4599345546875 0.2186856296875 0.47623545156249997 0.2181520359375 0.4947790875 0.23565234375 0.5151061671875 0.2522212734375 0.51481695625 0.2681567078125 0.49460566093749997 0.26904919843749997 0.480252209375
0 0.1855016453125 0.4250584578125 0.1758204671875 0.44341206250000004 0.1750378171875 0.46405827187500004 0.190203934375 0.481628459375 0.206791175 0.4823880421875 0.22159002499999997 0.462546290625 0.22095652656250003 0.4426242109375 0.2083614453125 0.4250091421875 0.1855016453125 0.4250584578125
0 0.1029227828125 0.49084545156250003 0.09362377968749999 0.4983515515625 0.0870117609375 0.512455134375 0.0885510890625 0.5351590374999999 0.0995774609375 0.5447582890625 0.10595986406249999 0.5502421484375 0.121622965625 0.547171115625 0.1341547515625 0.52841805 0.13386184375000001 0.5116373624999999 0.11861639531249998 0.48952240312499995 0.1029227828125 0.49084545156250003
0 0.2235573703125 0.52615749375 0.2232949734375 0.511124809375 0.2075026125 0.49041823906250004 0.18921967343749999 0.49073736874999996 0.18354897187500002 0.49328428124999996 0.17412906718750001 0.5102344859375 0.1750116234375 0.528053971875 0.19048780625 0.54701754375 0.2067710453125 0.5467333187500001 0.2235573703125 0.52615749375
0 0.17897553906250002 0.5423226375 0.1655173609375 0.52437295625 0.14208624375 0.5244322453125 0.130411484375 0.5431703265625 0.1306921875 0.5592518 0.14446044375 0.5785948859375 0.1658918640625 0.578570503125 0.17732366718749998 0.5622845859375001 0.17897553906250002 0.5423226375
0 0.1366619 0.57383515625 0.12294245781249999 0.5572888500000001 0.1088835625 0.5540372125 0.0994869328125 0.5559497484375 0.09616262187499999 0.561952740625 0.087544809375 0.5757416125 0.0893209921875 0.5956437234374999 0.1041404 0.609722903125 0.123882203125 0.6111268265625001 0.1353140078125 0.5948409109374999 0.1366619 0.57383515625
0 0.21091689374999997 0.55505384375 0.1906037484375 0.5536598921875 0.1861123421875 0.5582844375 0.1780719765625 0.5724129328124999 0.1778484609375 0.5923499515625 0.190692584375 0.607862425 0.2135706640625 0.6088619015625001 0.22382317187499998 0.5904983500000001 0.222630534375 0.5712854578125001 0.21091689374999997 0.55505384375
0 0.25864607500000003 0.5227473890625001 0.23033414218749998 0.521493053125 0.22041612812500003 0.5426484 0.22064191093750002 0.5555834984375 0.2393520046875 0.579736178125 0.2579206125 0.5794120609375 0.2687566671875 0.5617377296875 0.267435884375 0.5351832953125 0.25864607500000003 0.5227473890625001
0 0.258125390625 0.640256946875 0.27016515 0.6260586390625 0.2700846859375 0.6050778171875 0.263184734375 0.58631425 0.23942523124999998 0.583931346875 0.2276772453125 0.5984742625 0.22398182968749997 0.5995878765625 0.22196496250000003 0.6150100468749999 0.22942405 0.633064446875 0.241921478125 0.6450859343750001 0.258125390625 0.640256946875
0 0.22389483437500002 0.6600881484375 0.22701166874999998 0.642198853125 0.21546165625000002 0.6189703062499999 0.19031651249999998 0.6190595125 0.184731240625 0.626500784375 0.1786417515625 0.6377975953125 0.17952431093750001 0.655617084375 0.1947148203125 0.6745856390625 0.213034371875 0.6763640953125 0.22389483437500002 0.6600881484375
0 0.16887061875 0.585512584375 0.145178240625 0.586975246875 0.132950446875 0.606772096875 0.132349728125 0.6214701421875 0.14703602031250002 0.6442942390625 0.1701753640625 0.643890340625 0.180215428125 0.629726940625 0.17955141875 0.6080568953125 0.16887061875 0.585512584375
0 0.125165240625 0.619147621875 0.0997466296875 0.6199410078125001 0.0899922390625 0.63409941875 0.0892156890625 0.6550952031249999 0.10533033750000001 0.677894371875 0.123041934375 0.6775852140625 0.1386794734375 0.6566797359375001 0.13834995156250002 0.637801484375 0.125165240625 0.619147621875
0 0.1343661671875 0.6878786609375 0.152723465625 0.7081907578125 0.17042896093749998 0.7075320031250001 0.1818790703125 0.692294878125 0.181227265625 0.6713240296875 0.17500239374999998 0.65849364375 0.17557373437499998 0.6584836703125 0.1591379375 0.6500279640625 0.14805779375 0.6537184046875 0.1343772375 0.6721418 0.1343661671875 0.6878786609375
0 0.12502175937499999 0.7418961484375 0.13979618437500002 0.7206560328125 0.140925528125 0.7035008375 0.12339472968750001 0.6814257968749999 0.11056394843749999 0.6830485734375 0.099216440625 0.6877927953125 0.09333939531249999 0.69488945625 0.09184505312499999 0.7075048765624999 0.0941681671875 0.7259986234375 0.11302357968750001 0.742105578125 0.12502175937499999 0.7418961484375
0 0.1843070578125 0.7331678375 0.1728668828125 0.71623204375 0.1516967265625 0.7148530515625 0.13683076875 0.73084920625 0.13487492343750002 0.7497673484375 0.1498346796875 0.7718872671875 0.1718557515625 0.7729017046875 0.18461827343749998 0.7509973 0.1843070578125 0.7331678375
0 0.34038909375 0.32723480625 0.32179608437499996 0.326160534375 0.3184534671875 0.3311147296875 0.3076235203125 0.3491386515625 0.30644535781250004 0.36349706406250004 0.323343784375 0.382086096875 0.341061475 0.3821265375 0.35221980625 0.3665448078125 0.3534944703125 0.3413438984375 0.34038909375 0.32723480625
0 0.354503609375 0.43189952031249995 0.3531767234375 0.404995503125 0.3435055 0.39117617031249996 0.3217945203125 0.39155513750000004 0.3078466046875 0.41103229687500004 0.307221478125 0.4243319453125 0.321336421875 0.44716600624999997 0.3422147984375 0.4482003875 0.354503609375 0.43189952031249995
0 0.34247449531249996 0.512191615625 0.357650525 0.49758886875 0.35735761718750003 0.48080820781250005 0.351892125 0.46236931718749996 0.3466219046875 0.45511753437499997 0.32378044687499996 0.45621563906249996 0.3101243046875 0.4760374109375 0.3092562234375 0.4917892265625 0.3247323953125 0.5107527875 0.34247449531249996 0.512191615625
0 0.35511226875 0.53225383125 0.34462064375 0.520547040625 0.32433802031250003 0.520901075 0.313222403125 0.538929984375 0.3139169234375 0.562348003125 0.3304686578125 0.57744605 0.3487515859375 0.5771269203125 0.360954965625 0.5559316921875 0.35511226875 0.53225383125
0 0.30009034843750004 0.490550403125 0.27948544062499997 0.48881184062500005 0.2781425171875 0.49373113281250003 0.2655314234375 0.507939403125 0.2681585140625 0.5274769499999999 0.28275936874999996 0.5454066796875 0.3021361640625 0.5422708265625 0.3124435859375 0.5270536546875 0.3129527703125 0.5071116609375 0.30009034843750004 0.490550403125
0 0.30189164375 0.6101175953125 0.313299034375 0.5924332984375 0.31583842500000003 0.574204384375 0.31109682968749997 0.5644954484375 0.3005991046875 0.5524390609375 0.27863906875 0.554920596875 0.26806428125 0.571191546875 0.26748187031250004 0.586938375 0.2832986359375 0.6090433234375 0.30189164375 0.6101175953125
0 0.3609156546875 0.6027926625 0.34857575625 0.5834246546874999 0.32713824375 0.5830994390625001 0.3123882359375 0.605737934375 0.312401575 0.622873178125 0.3290326359375 0.6425159875 0.3478869078125 0.642186884375 0.3617676984375 0.6188641578125 0.3609156546875 0.6027926625
0 0.407271378125 0.573657528125 0.396931175 0.554254615625 0.3706128515625 0.55261578125 0.35802006249999996 0.5678728453125 0.35690292343749996 0.585727228125 0.370416015625 0.6068232765625 0.390176115625 0.6092759921875001 0.40693192187499994 0.586952190625 0.407271378125 0.573657528125
0 0.40494896875 0.6534304890625 0.403962675 0.629667859375 0.39930651250000004 0.6248532828125 0.3873987390625 0.61387061875 0.36828320468750003 0.6156030953125 0.3590879546875 0.6290523359375 0.3592843609375 0.65667549375 0.37785409531249997 0.6727874265625 0.3941434328125 0.6728527984375 0.40494896875 0.6534304890625
0 0.3971526953125 0.6815428625 0.36914475625 0.6813323359375001 0.366646946875 0.685572378125 0.359773675 0.7010793109375 0.3612702890625 0.7213359968749999 0.37811379375 0.7367786546875 0.3978250765625 0.7364345921875 0.40835104375000003 0.7173668671875 0.40802152343750003 0.6984886234375 0.3971526953125 0.6815428625
0 0.35009748125 0.7033464296874999 0.3631456703125 0.6814370515625 0.362962603125 0.6709491375 0.3508778640625 0.64982815625 0.3459848484375 0.6478153437499999 0.32795707812499997 0.6463815015625001 0.31459881093750003 0.6668974796875 0.3140163984375 0.682644309375 0.32695815 0.703750328125 0.35009748125 0.7033464296874999
0 0.316638953125 0.6364376546875 0.3057823296875 0.6201910890625 0.2823085078125 0.617803196875 0.271125765625 0.6319865359375 0.26831290937499996 0.6509196296875001 0.2824095484375 0.6727049 0.3018656703125 0.674113809375 0.3169013484375 0.6514703296875 0.316638953125 0.6364376546875
0 0.270964409375 0.6718555640625 0.26089767343750003 0.6517484703124999 0.24398207656249998 0.648546696875 0.2349687578125 0.6560478015625 0.2234393234375 0.6667401578125001 0.2237871515625 0.6866671906249999 0.2404121109375 0.705960403125 0.25758286875 0.7074092046875 0.26957990625 0.6907637249999999 0.270964409375 0.6718555640625
0 0.21399501562499998 0.6822919656249999 0.195128540625 0.681921875 0.193208175 0.6865015421875 0.181253853125 0.7055942 0.18477456875 0.7272143703125 0.1980984921875 0.737472909375 0.21923812968749998 0.737103915625 0.22716865312499998 0.716682678125 0.2265778703125 0.6992078078125 0.21399501562499998 0.6822919656249999
0 0.22971981718749998 0.7809836109375 0.22681315781250003 0.761800646875 0.2235426328125 0.754513959375 0.21167147343749998 0.745628878125 0.1942333515625 0.7452338546874999 0.1827893484375 0.76082056875 0.1823472890625 0.78460813125 0.1975255859375 0.8028774828125 0.21919385 0.8000513375 0.22971981718749998 0.7809836109375
0 0.27169781406250004 0.730243265625 0.259376221875 0.7119240484375 0.24280731875 0.712213259375 0.2305246078125 0.728863725 0.22551678437499997 0.736644615625 0.2254507953125 0.7492350984375 0.24151051406250001 0.76888788125 0.25753858749999997 0.7703566281249999 0.272939265625 0.7522529234374999 0.27169781406250004 0.730243265625
0 0.30858865468749996 0.68273905 0.2811642609375 0.6832177453125 0.27028549687500003 0.6984448890625 0.27087628124999996 0.7159197578125001 0.2849729171875 0.7377050281249999 0.303268053125 0.7380850921875 0.3164504875 0.723866846875 0.315804784375 0.7032456046875 0.30858865468749996 0.68273905
0 0.350572321875 0.7141789546874999 0.32430281562499996 0.7153368984374999 0.31609272499999996 0.7361127187500001 0.3169325640625 0.75148501875 0.33178858125 0.767661775 0.352083409375 0.768006934375 0.36268870625 0.7534839703125 0.3630880515625 0.7272492296874999 0.350572321875 0.7141789546874999
0 0.30509801875 0.7446975171875 0.282530028125 0.74509144375 0.2714388203125 0.764518740625 0.27029727187499997 0.7809747359375 0.286667071875 0.8020209203125 0.30409298749999997 0.80171675 0.31945095 0.7811658671874999 0.3196866703125 0.761928053125 0.30509801875 0.7446975171875
0 0.355098775 0.7770465953125 0.3293762 0.7767961765625 0.315823796875 0.8025610999999999 0.3189245953125 0.81649511875 0.335494634375 0.8326419578124999 0.354628471875 0.831958271875 0.3640361671875 0.8143088796875 0.3637066453125 0.7954306359375 0.355098775 0.7770465953125
0 0.39398434375 0.7455939265625 0.37538523281249997 0.7441700578125 0.373726128125 0.74734635 0.362586103125 0.76397686875 0.364708978125 0.78736995625 0.3783917984375 0.8018186734375 0.396972603125 0.8021937515625 0.4089513328125 0.78449948125 0.40859130156249995 0.763873253125 0.39398434375 0.7455939265625
0 0.41009245156249996 0.8498741390625 0.41055892031249996 0.827484965625 0.4052337796875 0.8170868078125 0.39074886875 0.8057994234375 0.3758817828125 0.805359521875 0.36423143750000003 0.8254959859375001 0.3652421421875 0.8506570046874999 0.383240534375 0.866778909375 0.39721399218750003 0.8651361890624999 0.41009245156249996 0.8498741390625
0 0.35511551875 0.8434899890625 0.33084570625 0.8446130281249999 0.31916485 0.8630015046875 0.317719325 0.8784136953124999 0.334915625 0.8976969359375 0.35237815625 0.899490346875 0.3663992984375 0.8842083515624999 0.365723084375 0.861839125 0.35511551875 0.8434899890625
0 0.308852890625 0.812474478125 0.2839995328125 0.8129082953125 0.2728839171875 0.8309372015625 0.273499109375 0.849810459375 0.2864286546875 0.8702172875 0.30703966562499996 0.8723054453125 0.3231631078125 0.8464956453125 0.323855359375 0.837041565625 0.308852890625 0.812474478125
0 0.2619945140625 0.7800705515625 0.242556696875 0.7797104312500001 0.22801302968749998 0.7977991765625 0.2283059375 0.8145798359375 0.24123548437500003 0.8349866625000001 0.26413186093749996 0.8370349312500001 0.2772044578125 0.8165239390625001 0.2778173796875 0.8025250953124999 0.2619945140625 0.7800705515625
0 0.21623453750000002 0.8105941015625 0.197094596875 0.8109281906250001 0.18648319687499998 0.8251015578124999 0.18546369375 0.8485494953125 0.2009947875 0.8706594296875 0.21812282968750002 0.86966105 0.2303323109375 0.8488154203124999 0.23172901875 0.8306064531249999 0.21623453750000002 0.8105941015625
0 0.27722730156250003 0.8833169296875001 0.2765388828125 0.8602485078125 0.26866496562500003 0.8495096578125001 0.268357034375 0.8499002140625 0.2625520859375 0.8447559859375 0.2414002453125 0.8444257859375 0.22966446875000002 0.8596678890625 0.229471465625 0.8813528828124999 0.243500978125 0.8992925843749999 0.265515934375 0.899957421875 0.27722730156250003 0.8833169296875001
0 0.17454264375 0.77949880625 0.1502789359375 0.7809714421875 0.1370122015625 0.8067313765625 0.1406538296875 0.8189074390625001 0.1543671609375 0.8351041421875 0.1706809046875 0.836567903125 0.18330420625 0.823058825 0.1842321765625 0.79436693125 0.17454264375 0.77949880625
0 0.13059589375 0.7501913890624999 0.1060037984375 0.7492218312500001 0.0939274328125 0.7613225484374999 0.0937893484375 0.786153915625 0.10554570156250001 0.804832703125 0.12701372500000002 0.8069059015625 0.141259515625 0.7881229484375 0.1403708578125 0.7699538734375 0.13059589375 0.7501913890624999
0 0.14013967656249998 0.8549358859374999 0.140843 0.8297449484375001 0.128794875 0.8107215515625 0.109065284375 0.8100168218749999 0.0950441421875 0.8252988171875 0.094261490625 0.8459449921875001 0.1075255265625 0.8691436093749999 0.1250063625 0.8719858125 0.14013967656249998 0.8549358859374999
0 0.17514293281249999 0.846631421875 0.1528301 0.8452723765625001 0.1406145171875 0.865768409375 0.143880075 0.8891415500000001 0.158073215625 0.9000843234374999 0.1749338921875 0.9001397234375 0.1871677828125 0.88069248125 0.18563455625 0.8583382125 0.17514293281249999 0.846631421875
0 0.4338729625 0.8373990765625001 0.4183166265625 0.8440638937499999 0.4063451734375 0.8690468171875001 0.4185702328125 0.8960048687500001 0.44634335781249995 0.8971184062500001 0.4549334265625 0.88418190625 0.45787683125 0.86574985 0.44970820156249997 0.8467125921875001 0.4338729625 0.8373990765625001
0 0.4207079046875 0.7752943890624999 0.4067291578125 0.7975152890625 0.40864710468750004 0.8138645921875 0.42172590000000004 0.833615303125 0.44522077343750005 0.8328056187499999 0.456914615625 0.8106246 0.4556146359375 0.7922666109375001 0.4389940890625 0.77537478125 0.4207079046875 0.7752943890624999
0 0.48725024843750003 0.8088963515625001 0.46633182812499996 0.8076631624999999 0.4526794984375 0.8298783640625 0.4586468984375 0.8537490046875 0.47127377187499997 0.8663151640625 0.4882124640625 0.8640215953125001 0.5009622499999999 0.846217528125 0.49858541250000005 0.8222842140625 0.48725024843750003 0.8088963515625001
0 0.45417958125 0.7287584375 0.4408440984375 0.7130080046875 0.41766866875 0.713412534375 0.404536684375 0.7280266359375 0.40512805781249994 0.7432003546875 0.41990167968750003 0.7665177 0.4415077890625 0.7697367859375001 0.4533131984375 0.7539471015625 0.45417958125 0.7287584375
0 0.499158946875 0.7803183015624999 0.4997616734375 0.7587304609375 0.4857733609375 0.742991425 0.4716957 0.7408396734375 0.46754295625 0.7461067 0.45761933906249996 0.7574681546875001 0.452995053125 0.77313249375 0.4601983859375 0.7929857609375001 0.474387603125 0.8015288484375 0.48906231250000004 0.8004735406249999 0.499158946875 0.7803183015624999
0 0.48564088125 0.7354017171875 0.4984743390625 0.7223911484375 0.5003199671874999 0.6971853921875 0.4829977859375 0.6775087515625 0.48559515624999994 0.676664253125 0.4692186515625 0.673753465625 0.44966296874999995 0.694473390625 0.44993489843749995 0.710052265625 0.46241664531250004 0.7330100374999999 0.48564088125 0.7354017171875
0 0.503939715625 0.7175007890625 0.4955379046875 0.7412226671875 0.509346228125 0.765356021875 0.5341955640625 0.7673197546875 0.5478884374999999 0.7287210640625 0.5321564921874999 0.706619184375 0.5129189546874999 0.708153715625 0.503939715625 0.7175007890625
0 0.5467692515625 0.814250725 0.545087075 0.7927027640625 0.5423223609375001 0.7839602625000001 0.5257785140625 0.7714624765625 0.5088467953125 0.7741554984375 0.4968265359375 0.7963422140625 0.49848082343750005 0.8162923390625 0.5141221218750001 0.8332012625 0.5327486703125001 0.834074871875 0.5467692515625 0.814250725
0 0.501206290625 0.8601985703125001 0.50063145625 0.8833842437499999 0.51661311875 0.9010863828125 0.5322391796875 0.8984161515625001 0.5465652609375 0.877387928125 0.545556828125 0.857026946875 0.52533875 0.8397983359375001 0.513587828125 0.8400034484375001 0.501206290625 0.8601985703125001
0 0.574722365625 0.8069699359375001 0.556109765625 0.8068952421875 0.5522904078125 0.81255603125 0.543464565625 0.8306911859375001 0.5463966203124999 0.8490206875 0.56168361875 0.8643374734375 0.57800434375 0.86405259375 0.592059790625 0.846225734375 0.59095374375 0.820272340625 0.574722365625 0.8069699359375001
0 0.5572651093750001 0.7421431125 0.544578078125 0.7635423046875001 0.5431482078125 0.7751550843749999 0.5569286390625 0.797690609375 0.5768887312500001 0.8001392624999999 0.5896594390625001 0.78353356875 0.5888937515625 0.75837339375 0.5778292234375 0.7417841640625 0.5572651093750001 0.7421431125
0 0.5557463874999999 0.6738414390624999 0.54374704375 0.6972265296875 0.541629484375 0.7068534109375 0.5557642203125 0.7309810671875 0.5730990546875 0.7326763890625 0.5878770531249999 0.718832715625 0.5888689453125 0.700834303125 0.5815679968749999 0.6753886203125 0.5557463874999999 0.6738414390624999
0 0.6226538984375 0.765775709375 0.6354524921875 0.7507678484375 0.6366871265625 0.7279702359375 0.6239696109375 0.7102111203125 0.62126765 0.70506374375 0.6052872859375 0.706141840625 0.5895927953125 0.723597728125 0.58764955 0.7432110703125 0.5978115296875 0.76421143125 0.6226538984375 0.765775709375
0 0.6240850625000001 0.772943165625 0.603520946875 0.7733021140624999 0.596131946875 0.7802239515625 0.587618575 0.7975544921875 0.5878905062500001 0.8131333671875 0.6097615750000001 0.8315318703125 0.6260613828125 0.8300486140625001 0.6400819640625001 0.8102244640625 0.6381012640625 0.7902800359375 0.6240850625000001 0.772943165625
0 0.636120071875 0.8638373390625 0.623353746875 0.8432820171875001 0.6067066062500001 0.84357259375 0.59540063125 0.8505628 0.5899770906249999 0.857849909375 0.58741588125 0.8794719375 0.604765953125 0.9007464109375001 0.620816046875 0.9036628953125 0.63711455625 0.8833994031250001 0.636120071875 0.8638373390625
0 0.6835591453125 0.8318420484375 0.67144565 0.8112753296875 0.653423125 0.8075941125 0.6383465984375001 0.8230413140625 0.632888196875 0.8283311296875 0.6331461828125 0.8431110890625 0.645280596875 0.864876184375 0.6649491359375 0.8693278265625001 0.6843039109375 0.855803846875 0.6835591453125 0.8318420484375
0 0.6825816859375 0.7571376453124999 0.6666069968749999 0.7398349609375 0.6519253203125001 0.7404908125 0.640348709375 0.750682384375 0.6346196749999999 0.7591735640625 0.63429455625 0.7779595015625 0.6522835125 0.7984236640625 0.669625315625 0.8005184421875 0.68203474375 0.7819211515625 0.6825816859375 0.7571376453124999
0 0.61524885 0.640836415625 0.6038243421875 0.64103583125 0.599636734375 0.6443055671875 0.5881786609375 0.6612879281249999 0.58758988125 0.6836746875 0.604203453125 0.7001670578125 0.6228160546875 0.7002417546874999 0.633891934375 0.6800694234375 0.6335293609375 0.659297590625 0.61524885 0.640836415625
0 0.6667831875 0.67438851875 0.6445008671875 0.6747774578125 0.6392195765625 0.68326253125 0.6325648515625 0.6949189078125 0.634347134375 0.7151706078125 0.650315321875 0.729579434375 0.667729034375 0.72857606875 0.679215753125 0.715436534375 0.6802230515625001 0.6912894015625 0.6667831875 0.67438851875
0 0.7261572921874999 0.7198627203125 0.71164186875 0.7068273515625 0.6925202328125 0.70821023125 0.6819393453125 0.7241315828125 0.6823542984375 0.7479041875 0.6972164140625 0.764430540625 0.7183621546875 0.7644111453125 0.7266881875 0.75027766875 0.7261572921874999 0.7198627203125
0 0.74249204375 0.6734167203125 0.7287931859375 0.6907913125 0.726886159375 0.7125062234375 0.7426724109375 0.7328631859375 0.758414815625 0.73433691875 0.775699246875 0.709555965625 0.7748777125 0.6952324578125 0.7625439171874999 0.676214046875 0.74249204375 0.6734167203125
0 0.7554127890625 0.7424325031250001 0.7382725421874999 0.7427316875 0.7307486 0.7537038296875 0.7253036828125 0.7691858296875 0.728793890625 0.7890580140625 0.7467312609375 0.8016839499999999 0.7607230265625 0.8010900187500001 0.7723794734375 0.781303153125 0.771076996875 0.7557975234375001 0.7554127890625 0.7424325031250001
0 0.7745889125 0.82602665 0.7619755484375 0.8073628218750001 0.7445496328125001 0.8076669921875 0.731081525 0.8218902234375 0.7269063046875 0.8282577671875 0.7274970875 0.8457326343749999 0.7479089937500001 0.8691561890624999 0.7625087140625 0.8706498687499999 0.7778300625 0.8480014015625 0.7745889125 0.82602665
0 0.7137559421875 0.7788293937499999 0.69344280625 0.7774354437500001 0.6875352546875 0.7827841140625 0.6798110734375 0.7986556015625 0.682195209375 0.8206453140625 0.7004548640625 0.8353638468750001 0.714458834375 0.8354691093750001 0.7275680453125 0.8170557 0.726551240625 0.791545084375 0.7137559421875 0.7788293937499999
0 0.7151827328125 0.844199065625 0.69888729375 0.8437840953125001 0.6932776171875 0.8498269734375 0.6824598749999999 0.8685500906250001 0.6837379421875001 0.8926573296875 0.7047688734374999 0.9024316390625 0.7255435109375 0.89752286875 0.7341308062499999 0.8819860187499999 0.730914065625 0.8614096546875001 0.7151827328125 0.844199065625
0 0.792544590625 0.8397013765624999 0.78217004375 0.8510729796875 0.7734069171875 0.872907565625 0.782677665625 0.8965255890625 0.8056411656250001 0.902419425 0.8216314921875 0.8853545390625 0.8229244625 0.861202421875 0.8105357468750001 0.8390376343750001 0.792544590625 0.8397013765624999
0 0.853426809375 0.8078647546875001 0.8300201125 0.80932243125 0.8244653546875 0.8185116828125001 0.820181428125 0.8350225296874999 0.8215804062500001 0.8496856609375 0.8404602203125 0.8671909984375 0.859041025 0.867566075 0.8718218484375001 0.8467104734375 0.8688419625 0.8233323453124999 0.853426809375 0.8078647546875001
0 0.7891486171875 0.7761145953125 0.776288465625 0.7924254359375 0.7744363562500001 0.817286721875 0.7867091296875001 0.8328091609375001 0.8084445171875 0.8338285843750001 0.8216513640625 0.821008728125 0.8229687437500001 0.798254996875 0.8088599000000001 0.775770534375 0.7891486171875 0.7761145953125
0 0.8697798671875001 0.7624675453124999 0.8562728765625 0.7417210953125 0.8393999953125 0.7409665000000001 0.8247525906250001 0.7531120953125 0.8183835374999999 0.7647634859375 0.8195761718749999 0.7839763671875 0.835580971875 0.8004827750000001 0.856143165625 0.7997741578124999 0.8684624875000001 0.7852212749999999 0.8697798671875001 0.7624675453124999
0 0.9189247453125 0.81126763125 0.918230225 0.7878496125 0.9129722078125001 0.7812970234375001 0.8936736078124999 0.7725415875 0.8803081046875001 0.77627191875 0.8662087671875 0.8034452015625 0.8744455359375 0.8169398687499999 0.8883896171875 0.8299852109374999 0.9043932828125 0.8300555703124999 0.9189247453125 0.81126763125
0 0.9708363609375 0.7893792937499999 0.9556763687500001 0.77215873125 0.9351202781250001 0.7732169468750001 0.9228619796875 0.7912658 0.9249482406249999 0.8125613062499999 0.93756770625 0.8315747296874999 0.9558628406249999 0.8319547953124999 0.9727528953125001 0.8173221296875001 0.9708363609375 0.7893792937499999
0 0.9760756421875 0.8767137437500001 0.975156471875 0.856796684375 0.968761875 0.8506136375000001 0.9517425390625001 0.8414687125 0.93665080625 0.8445297671875001 0.925535190625 0.8625586765625 0.92642995 0.88107735 0.9444161390625 0.8965000625 0.9638295453125 0.8954617921875 0.9760756421875 0.8767137437500001
0 0.9068495125 0.8398043984375001 0.882269621875 0.839534034375 0.8774620375 0.8424155796875 0.8709415609375 0.8617630937499999 0.87127108125 0.8806413375 0.886965803125 0.89575434375 0.902963365625 0.8954751046875 0.919263771875 0.8798036218749999 0.9188610234375 0.8567302124999999 0.9068495125 0.8398043984375001
0 0.9001525031250001 0.7671829421874999 0.9170303515624999 0.7518510843749999 0.9143300328124999 0.7281183734375001 0.9022758062499999 0.7087453781249999 0.8796651000000001 0.706692125 0.8681905859375 0.720530853125 0.8704393375 0.7183933796875 0.86343181875 0.7262091749999999 0.8643814984375 0.7478742234375 0.8830244593750001 0.768181321875 0.9001525031250001 0.7671829421874999
0 0.8649799484375 0.700304084375 0.8563354640625 0.6798224625 0.8342411796875 0.6746128609375 0.8195510578125 0.6843112765625 0.81657954375 0.6941548453124999 0.8174987125 0.7140719078125 0.83012428125 0.7334349296875 0.8498721781249999 0.73518845 0.8638445015625 0.717109678125 0.8649799484375 0.700304084375
0 0.7719211015624999 0.6568166671875 0.770305846875 0.6788761890624999 0.779946559375 0.6909475359374999 0.790668934375 0.6995029671874999 0.8097417515625001 0.695323309375 0.819094525 0.67452754375 0.8188077203124999 0.6580964812500001 0.802474534375 0.639147878125 0.7844894796874999 0.6401612171875 0.7719211015624999 0.6568166671875
0 0.81362746875 0.72148325625 0.8010995359375 0.7077137875 0.7819901046875 0.7097958609374999 0.7709721234375 0.733418321875 0.7732891359375 0.7515624671875 0.7890387765625 0.7698218484375 0.8059055578125 0.77022684375 0.821239109375 0.748277571875 0.81362746875 0.72148325625
0 0.729453790625 0.6631531953125 0.71415955 0.638241496875 0.6975967484375001 0.63888030625 0.6854898687500001 0.6492330374999999 0.67797203125 0.6605547765625001 0.6779060390625 0.673145259375 0.6914984609375 0.6987860687499999 0.7172271375 0.699386084375 0.72915705 0.6788950375 0.729453790625 0.6631531953125
0 0.7714024109375 0.6271009140625 0.756467065625 0.6063793953125 0.7390472515625001 0.6070331625 0.7294809 0.61559303125 0.7239078359375 0.6237334921875 0.7225111265625 0.6419424593749999 0.7386440734375 0.6657904078125 0.7586471296874999 0.6657909562500001 0.772005396875 0.6452749765625 0.7714024109375 0.6271009140625
0 0.8165483265625 0.5941401578125001 0.8044879984375 0.574417565625 0.787547990625 0.5698174046875 0.7749307937500001 0.5836760796875 0.766780590625 0.591511821875 0.767085703125 0.6089916750000001 0.78428810625 0.6286245109374999 0.8054582546875 0.6300035046875 0.8177348609375 0.6130034421875 0.8165483265625 0.5941401578125001
0 0.8534715187499999 0.6630866796875 0.8640279984375001 0.6457669375 0.8628353625 0.6265540578125 0.858895859375 0.6136837890625 0.8586590062499999 0.6164855515625 0.8435600375 0.6027609609375 0.8273378265625 0.6065411562499999 0.8173709953125 0.624899715625 0.8171901968749999 0.6472839031250001 0.8340459078125001 0.6634257546875 0.8534715187499999 0.6630866796875
0 0.8758385656250001 0.5693253984375 0.8629906187499999 0.58633543125 0.861083590625 0.60805034375 0.8745722734375001 0.627748003125 0.895493365625 0.6312295640625 0.911149203125 0.6113728890625 0.9107891703125001 0.5907466593749999 0.8944437796875 0.5710988640625 0.8758385656250001 0.5693253984375
0 0.9099427984374999 0.656855415625 0.8925096437500001 0.6403739390625 0.876803853125 0.6409977875 0.8608745499999999 0.6615586437500001 0.8615446625000001 0.6835782765625 0.8787226562500001 0.7018127234375 0.8992726453125 0.7004049125 0.9104675906249999 0.686920765625 0.9099427984374999 0.656855415625
0 0.7407705515624999 0.5419593828125 0.7233152171875 0.55695165 0.719086203125 0.5766089109375 0.7320523890625 0.5991133703125 0.753514359375 0.600836975 0.7686416015625 0.583437415625 0.7703178828125 0.5648738265625 0.7605673093750001 0.546509690625 0.7407705515624999 0.5419593828125
0 0.6907498171875 0.5739561859375 0.6779567609375 0.5941126359375 0.6753563421875 0.6088456140625 0.686085975 0.6341867437500001 0.7109393859375001 0.6337529265625 0.7234894875 0.61604864375 0.723968159375 0.5943586187500001 0.711609928125 0.573941775 0.6907498171875 0.5739561859375
0 0.6858843265625 0.442552275 0.674434196875 0.45778942499999997 0.6722109828125 0.47776137968750004 0.6823204546875 0.5003157015624999 0.70431105 0.49958215 0.7185385656250001 0.4797503640625 0.7202514578125 0.4632843609375 0.7098624171875 0.4410846234375 0.6858843265625 0.442552275
0 0.7668864234375 0.5156254046875001 0.7665141859375 0.49429993593750005 0.7600524484375 0.4842713015625 0.749530290625 0.4708164984375 0.7324022125 0.4718148765625 0.7217114609374999 0.48144350156250004 0.7167840890625 0.510205265625 0.7328194359375 0.5284597015625 0.7556975546875 0.5294591796875 0.7668864234375 0.5156254046875001
0 0.7067672859374999 0.5093309984375 0.685627603125 0.50969999375 0.6802974828125 0.5153882984375 0.672846753125 0.5305556390625 0.674598528125 0.5490593953125 0.691460375 0.565550878125 0.710278075 0.5631241890625 0.7222873437499999 0.54717786875 0.7201888734375 0.5251831250000001 0.7067672859374999 0.5093309984375
0 0.8135851093750001 0.5225037734375 0.802187628125 0.5080151328125 0.78360068125 0.5072904546875 0.7706733796874999 0.5197557578125 0.7662246796875001 0.526827496875 0.7665175875 0.5436081921875 0.7811550890625 0.5636355484375 0.8000643203125 0.566452825 0.814273528125 0.54557224375 0.8135851093750001 0.5225037734375
0 0.863635925 0.5740857859374999 0.8628693078125 0.562908628125 0.859319209375 0.555976509375 0.8441042609375 0.5356095296875 0.826386534375 0.5355690890625 0.8094121453125 0.5617435015625001 0.816032540625 0.5808616828125001 0.8297153906249999 0.5953104296875 0.853103828125 0.5928039593750001 0.863635925 0.5740857859374999
0 0.8766441203124999 0.500770515625 0.86267176875 0.5188493265624999 0.8601506765625 0.5381270734375 0.8750982578125001 0.55954783125 0.8960132906249999 0.5626798046875 0.9091713468749999 0.5470631375 0.9069752421875 0.519474825 0.8958146156250001 0.502184415625 0.8766441203124999 0.500770515625
0 0.8607674375000001 0.491605628125 0.8467073796875001 0.4719178984375 0.830630453125 0.4676523671875 0.8165665625 0.48048720781250004 0.811364590625 0.49351707031250003 0.81344475625 0.5144630234374999 0.8308718453124999 0.5305949359375 0.8485834703125 0.530285778125 0.861066446875 0.5087359218749999 0.8607674375000001 0.491605628125
0 0.909177878125 0.4655819046875 0.8961628734374999 0.4402806640625 0.8729624687499999 0.43718858593750004 0.8600900875 0.45280026875 0.8565716296874999 0.4640522234375 0.8585236453125 0.47765661875000004 0.87426721875 0.49556644062500005 0.891456315625 0.4980640390625 0.9046265796874999 0.4831465671875 0.909177878125 0.4655819046875
0 0.8142495484375001 0.462343025 0.799016296875 0.44092725312500003 0.7827086203125 0.4398130875 0.768401775 0.4551001 0.7661835296875 0.4589855703125 0.7653459546875 0.47648540625 0.780038378125 0.49965914375000003 0.8003271468750001 0.49965470468750006 0.81366103125 0.47774029218749997 0.8142495484375001 0.462343025
0 0.8255753625000001 0.4072417453125 0.815139771875 0.4151173984375 0.8095678312500001 0.4396939609375 0.8240111921875 0.46497027031249993 0.8496972109375 0.4631231015625 0.8591232296875001 0.44652246562500003 0.8596568265625001 0.4279788203125 0.8478760375000001 0.40790160000000003 0.8255753625000001 0.4072417453125
0 0.7752705234375 0.37384879375 0.762683809375 0.3894554890625 0.7633661265625 0.41217436406249996 0.778854540625 0.431837159375 0.79998811875 0.4311185671875 0.8127750734375001 0.410612515625 0.8110416015625 0.3931575578125 0.80099315 0.3740992140625 0.7752705234375 0.37384879375
0 0.7483830671875 0.40509209999999995 0.7304162828125 0.4071542328125 0.7211477859375 0.41640832968749997 0.7177452718749999 0.43430264375 0.7203357578125 0.4517426453125 0.734571640625 0.46513262656250004 0.7548482078125 0.46442899375 0.7659211328125 0.44395285937500006 0.7629534437500001 0.42127387812499995 0.7483830671875 0.40509209999999995
0 0.41994306562499994 0.6447758796875 0.40818288125 0.65861959375 0.4050721484375 0.67685848125 0.41526703125 0.7043071140625 0.43725147656249996 0.703223965625 0.45180124375 0.68548481875 0.45229212187499995 0.664494034375 0.4402378953125 0.6451210390625 0.41994306562499994 0.6447758796875
0 0.49514046718750004 0.630873975 0.48453290156250006 0.6125248390625 0.46454815156249996 0.6135730796875001 0.4541125828125 0.6214487140625 0.44946365781250003 0.633419784375 0.4503950296875 0.6540360390625 0.46495316875 0.6695185890625 0.4835400765625 0.6702432640625 0.496892240625 0.6493776890625 0.49514046718750004 0.630873975
0 0.45263427656250005 0.60224081875 0.4408718234375 0.5832124359375 0.42342149687499997 0.5821182171875 0.4098313453125 0.58934950625 0.40348059843749995 0.6020496890625 0.40373689218750003 0.6167327671875 0.41838046249999994 0.637109675 0.43499818437500004 0.6396172421874999 0.4498153171875 0.620824315625 0.45263427656250005 0.60224081875
0 0.4954399078125 0.566173578125 0.480224996875 0.54580664375 0.4650966484375 0.5467701171875 0.45469769375 0.5567433328125 0.448061275 0.5694485015625 0.450074309375 0.586548840625 0.4629550390625 0.6041588906250001 0.48295199218749996 0.6038098421875 0.49463895156250004 0.5857709625 0.4954399078125 0.566173578125
0 0.54344820625 0.6153432078125001 0.5433494359375 0.593313603125 0.5372527125000001 0.587824765625 0.5259284859375 0.577531321875 0.50622940625 0.5785745765625 0.4956607234375 0.5951951249999999 0.49570457343749996 0.6140783546875 0.5091627453124999 0.6320280296874999 0.5274822890624999 0.6338064812499999 0.54344820625 0.6153432078125001
0 0.5853956890625 0.5628548765625 0.574557371875 0.5476571015625 0.5554235328125 0.5483407890625001 0.5435962234375 0.5583389359375001 0.5392512734375 0.5713538109375 0.541197184375 0.5846085828125 0.556381584375 0.6032275328125001 0.5752053453125 0.6011504453125001 0.58545174375 0.5824373015625001 0.5853956890625 0.5628548765625
0 0.5867736609375 0.6254277703125 0.5742396265624999 0.6113087046875 0.55568323125 0.6123320156250001 0.54759405 0.623663728125 0.540021290625 0.6318390953125 0.5402897890625 0.6472213671875 0.55261138125 0.665540584375 0.5758361437499999 0.6700310453125 0.5869639640625001 0.6527013312500001 0.5867736609375 0.6254277703125
0 0.6153922546875 0.5787673546875001 0.59366296875 0.5780975296875 0.5900651921875 0.5848046984375 0.5826266812500001 0.6006712000000001 0.590444665625 0.62291576875 0.6035073265625 0.6345776812499999 0.6214984828125 0.6339139406250001 0.6313920875 0.6113602171875 0.629330234375 0.5914631 0.6153922546875 0.5787673546875001
0 0.6794297609375 0.6458417796875 0.679465240625 0.6315033125 0.676225225 0.6259646109375 0.6628219734374999 0.611161309375 0.6436576234375 0.610097009375 0.6308218796875 0.6278062390625 0.6355707109375001 0.6543008218749999 0.6472355296875001 0.667735653125 0.6669224046875 0.665993203125 0.6794297609375 0.6458417796875
0 0.6777527796875 0.566138628125 0.6656741421875 0.5453672453125 0.643634778125 0.54330401875 0.633880390625 0.5574624265625 0.62812539375 0.571551025 0.632381078125 0.58616429375 0.64696973125 0.603394828125 0.6638059984375 0.6020518390625 0.6780456859374999 0.5829192890625 0.6777527796875 0.566138628125
0 0.582537846875 0.5464686921874999 0.5966283828125001 0.5679043640625 0.6166497468750001 0.568953703125 0.6289324546875 0.5523032390625 0.6295636828125 0.5393531874999999 0.6243960671875 0.521608503125 0.60622184375 0.5117843328125 0.592844134375 0.5148154703125 0.582263246875 0.5307368218749999 0.582537846875 0.5464686921874999
0 0.6751539296875 0.51547696875 0.673985703125 0.497662475 0.6685995390625 0.4837683453125 0.6513433515625 0.4774251859375 0.640518371875 0.4793626546875 0.6326599421875 0.48754300781250004 0.6256280140625 0.493960415625 0.6264617515625 0.5089831171875 0.6411785484375 0.533555190625 0.660349003125 0.5349690875 0.6751539296875 0.51547696875
0 0.57999775 0.4664309015625 0.5837858328125 0.48699729375 0.5951527765625 0.4997379171875 0.6180491531250001 0.5017861828125 0.6257794359375 0.48626429375 0.6279477250000001 0.46314600625 0.6127938359375 0.44627504218749997 0.596480090625 0.44481128124999997 0.5852546328125 0.45654744062499997 0.57999775 0.4664309015625
0 0.5348579359375 0.49974125625 0.5348590703125 0.51617730625 0.5515511546874999 0.5393160875 0.5698279828125 0.5386473609375 0.5749273390625 0.5361104250000001 0.5815515546875 0.5227060609375 0.5825649546875 0.49890852656250007 0.5693863515625 0.48060426874999995 0.54941380625 0.4823517046875 0.5348579359375 0.49974125625
0 0.53885349375 0.5321939484375 0.5291273484375 0.5152282421875001 0.5045474578125 0.5149578796875 0.49599677656249996 0.5325923125 0.49268466875000005 0.53929449375 0.49255765625 0.5483890046875 0.5072317390625 0.5705138984375 0.527520465625 0.5705094609375 0.537566625 0.5566956640625 0.53885349375 0.5321939484375
0 0.45858880781250005 0.48498617343749995 0.446895746875 0.50267545625 0.44607648437499997 0.5212240484375 0.45929780156250005 0.541975484375 0.481871896875 0.5419311578125 0.491644590625 0.5288215390625 0.4929680703125 0.5064174078125 0.48177085625 0.487029453125 0.45858880781250005 0.48498617343749995
0 0.435178278125 0.5189663515625 0.4134673015625 0.5193453171875 0.40933479375 0.5281600421875 0.40038860156249995 0.5395067124999999 0.4014408859375 0.5506788609375 0.416406740625 0.573148365625 0.43558329531249995 0.574911859375 0.4493065625 0.55893565625 0.44914066718749995 0.5330604859375 0.435178278125 0.5189663515625
0 0.36253063124999996 0.49669734375 0.3570192953125 0.5105389203125 0.35636975937500004 0.52244018125 0.371323409375 0.5442104921875 0.39045725 0.5435268062499999 0.40331740156249996 0.5272159640625 0.4029695734375 0.50728893125 0.393273940625 0.492071209375 0.37260190625 0.48648707968749993 0.36253063124999996 0.49669734375
0 0.43234165156250004 0.4546706171875 0.41517698750000004 0.4535714125 0.40534937031249996 0.46353466093750006 0.398415075 0.475545628125 0.40184425937499996 0.49192184843750003 0.4167185875 0.509147403125 0.43620523125000005 0.512304303125 0.44620257656250006 0.49569371875 0.4486382328125 0.4715216421875 0.43234165156250004 0.4546706171875
0 0.4586150046875 0.4209901546875 0.44740784843750003 0.43377511249999995 0.443731875 0.4523735796875 0.4598831375 0.4772703265625 0.47706610781250003 0.47941832343749996 0.49019973125 0.4624032953125 0.48972985781249995 0.4354843046875 0.4803259921875 0.42061118750000004 0.4586150046875 0.4209901546875
0 0.5046686125 0.5055140078125 0.5263734999999999 0.5047854453125 0.5384071578125 0.490237540625 0.5381020453125 0.47275767812499997 0.526904825 0.4533697140625 0.5054673015625 0.45304450156250003 0.49052201718750005 0.464495890625 0.48744789375 0.4848323703125 0.5046686125 0.5055140078125
0 0.5334314046874999 0.43437178593750003 0.5348792 0.45183170625 0.5501002234375 0.47254825 0.5695441515625 0.47325796562500005 0.5762293890625 0.463349565625 0.5817292296875001 0.45101393593749994 0.5785246921875 0.43113675625000003 0.5664887671875001 0.41281254062499995 0.5470753515625 0.41385081562500003 0.5334314046874999 0.43437178593750003
0 0.533994375 0.40114010312500004 0.5228459734375 0.38454891562500004 0.502849009375 0.3848979640625 0.491411103125 0.40083428750000005 0.4866889453125 0.4086101953125 0.48873859687500004 0.42780812343749997 0.5041110390625 0.440828540625 0.5249406078125001 0.43906614531250004 0.5338379843750001 0.42492268906249997 0.533994375 0.40114010312500004
0 0.4874765671875 0.37187755 0.47771990468750003 0.35316384843750004 0.4539909125 0.3525289296875 0.44179973281249996 0.3744233609375 0.44061546875 0.388432184375 0.45003153749999997 0.40400449531250004 0.46620607343750003 0.413863575 0.477280115625 0.4098235375 0.4887180203125 0.39388721875 0.4874765671875 0.37187755
0 0.40215703593749996 0.44435667343749996 0.39204758125 0.4218023890625 0.3689021359375 0.42185669062500003 0.35796234375 0.43358787187500003 0.353264596875 0.44276216875 0.35265777656249997 0.457110615625 0.3676175359375 0.47923053437499996 0.3887571828125 0.47886154062499997 0.40273561406249997 0.4611323578125 0.40215703593749996 0.44435667343749996
0 0.4342193046875 0.4476437671875 0.44498822968749996 0.42612386406249997 0.44374677656249994 0.4041141953125 0.431747465625 0.3878875671875 0.41547032812499995 0.3885213890625 0.404493921875 0.3981549859375 0.3981126609375 0.4091071890625 0.398314034375 0.420643896875 0.40455721406249995 0.43452307343749996 0.41847689375 0.44617003437499997 0.4342193046875 0.4476437671875
0 0.397380390625 0.3671555171875 0.3768902796875 0.35562324375 0.36552446562499996 0.3593186734375 0.3541170703125 0.377002978125 0.351947646875 0.3836852171875 0.3521551234375 0.395571525 0.3676496125 0.415583884375 0.385677390625 0.4170177296875 0.398725584375 0.3951083390625 0.397380390625 0.3671555171875
0 0.35117649375000004 0.30676384375 0.34948801406249996 0.3246282125 0.3533970046875 0.3357505 0.367602359375 0.3473924734375 0.3847182046875 0.3456949015625 0.395888746875 0.330812359375 0.3960329296875 0.3063305796875 0.3828787296875 0.2894247 0.3637021640625 0.28766120625 0.35117649375000004 0.30676384375
0 0.40928817031250003 0.378138184375 0.4332845265625 0.37771932656249996 0.43968409375000006 0.3678159171875 0.44470909374999995 0.34464775625 0.43316518125 0.3217688078125 0.4077709828125 0.3239605828125 0.39432117187500004 0.3392326125 0.3957933765625 0.3580909203125 0.40928817031250003 0.378138184375
0 0.45707383593750006 0.283583471875 0.4520049859375 0.28786839375 0.440257 0.3024113109375 0.4388785984375 0.3216690796875 0.4529752421875 0.343454359375 0.47298440937499997 0.34380450625000003 0.4760962796875 0.3420016703125 0.48661005 0.3222347390625 0.48623171093749995 0.3005597078125 0.4719287203125 0.2833241796875 0.45707383593750006 0.283583471875
0 0.520519453125 0.31674699375 0.500522490625 0.31709604062499996 0.48539527031249996 0.3344955765625 0.48308662968749994 0.3495731359375 0.4872690921875 0.3599912421875 0.502994328125 0.376852240625 0.5169983078125 0.3769575046875 0.524315909375 0.3705351109375 0.533772428125 0.35568248750000003 0.5336076671875001 0.34624335781250004 0.5305617859375 0.335455709375 0.520519453125 0.31674699375
0 0.5317444874999999 0.386841521875 0.5388507812500001 0.40105533437499996 0.5449230968750001 0.40514578593749995 0.5694968953124999 0.4050665515625 0.5808310640625 0.3831870796875 0.5796750421875 0.36607177343749997 0.5630744828124999 0.3481769421875 0.5465482890625 0.350913334375 0.5330923765625 0.36583576562500003 0.5317444874999999 0.386841521875
0 0.5739044343749999 0.3301530109375 0.574246159375 0.3497304578125 0.5926339703125 0.3717905390625 0.615809928125 0.37348422187499997 0.6238625 0.36005492031249997 0.6247366859375 0.3446526953125 0.6189305984375 0.3230724078125 0.6012971968749999 0.3114902734375 0.5894149609375 0.31834205 0.5739044343749999 0.3301530109375
0 0.6254506484375 0.3855555765625 0.6376563015625 0.39723245625 0.6580365703125 0.402471975 0.668635771875 0.3875994078125 0.6698860265625 0.3610000984375 0.6530242046875 0.3445086375 0.631969990625 0.3497719953125 0.6234376109374999 0.3684552296875 0.6254506484375 0.3855555765625
0 0.6400682515625 0.4699287390625 0.6637362203125 0.4670676875 0.673672546875 0.44696113281249994 0.672498215625 0.42879703437499994 0.6587604687499999 0.4112019328125 0.635335453125 0.41161081718750003 0.6233567171875001 0.42930509843750003 0.623710646875 0.44958174062499995 0.6400682515625 0.4699287390625
0 0.6154311609375 0.43363988437499995 0.6270937140624999 0.4142026078125 0.6280045125 0.4008979640625 0.6131057765625 0.3822740171875 0.591917309375 0.3798462359375 0.5851954578125 0.38765704843750004 0.577702025 0.4003771828125 0.5767118984375 0.409137059375 0.5818245953125001 0.42373537656250004 0.5963522328125 0.437469946875 0.6154311609375 0.43363988437499995
0 0.6710553874999999 0.39525065625 0.6714642375000001 0.41867367499999997 0.6871528640625 0.433437090625 0.7099699234375 0.4309405921875 0.7167272546875 0.4087913046875 0.7152001296875 0.38678662343750003 0.6998520953125 0.3751645984375 0.683605465625 0.3775464046875 0.6710553874999999 0.39525065625
0 0.716517509375 0.3640328828125 0.717089984375 0.38045896562500003 0.7300012312499999 0.39981701406250003 0.7514509578124999 0.4008414203125 0.7575953671875 0.3926909828125 0.761915909375 0.3782777125 0.762729071875 0.3593795171875 0.74841998125 0.34179438906250004 0.7375400796875 0.34058548437499997 0.7267395062500001 0.343921340625 0.716517509375 0.3640328828125
0 0.7158947343750001 0.3283738109375 0.7035792453124999 0.310404190625 0.68301095 0.3107632109375 0.6708319796875 0.3333568265625 0.6684196015625 0.342491228125 0.6711553984374999 0.351885471875 0.6822671812500001 0.36637906875000004 0.70116416875 0.36849714375 0.7140426265625 0.35323509375 0.7158947343750001 0.3283738109375
0 0.6697308765625001 0.31938790156249997 0.6705623468749999 0.3015385046875 0.664337478125 0.2887081265625 0.64929953125 0.27847950625 0.6356056406249999 0.2797676453125 0.6225025328125 0.2985306515625 0.6181636859374999 0.3118951234375 0.624121190625 0.3257792796875 0.6360472703125 0.3378107359375 0.6551933140624999 0.33782624375000003 0.6697308765625001 0.31938790156249997
0 0.6128107328125 0.250790428125 0.596666715625 0.2426793359375 0.5845842453125 0.25443045625 0.57373599375 0.2714055875 0.5742901625 0.28678287187499996 0.5886114499999999 0.305067184375 0.6126627140625 0.3077947 0.624245934375 0.28381266875 0.623959128125 0.26738160624999996 0.6128107328125 0.250790428125
0 0.5780965515625 0.3083980546875 0.565738346875 0.2879812546875 0.5416565703125 0.283505753125 0.5316775359375 0.30116511875 0.5289550765625 0.30890611875 0.528858575 0.319748615625 0.5440734859374999 0.3401155515625 0.56150550625 0.3401609765625 0.5726821453125 0.325628040625 0.5780965515625 0.3083980546875
0 0.409090859375 0.25224815 0.3950758203125 0.2678797421875 0.39257914375 0.288555834375 0.40409254062500005 0.3096867875 0.4224609015625 0.3142620171875 0.4367311 0.29687745312499997 0.44118475625000003 0.2737192765625 0.4319872359375 0.2542964171875 0.409090859375 0.25224815
0 0.3491354765625 0.2389568265625 0.346340925 0.2589387125 0.3595866546875 0.28108853749999996 0.383576896875 0.2803200828125 0.3927599421875 0.26617164843749996 0.3970621765625 0.25070959375 0.390478409375 0.23368903593749998 0.37911756875 0.2212980109375 0.36054896875 0.22162212656250002 0.3491354765625 0.2389568265625
0 0.3687479890625 0.2165831625 0.3812625828125 0.2132173859375 0.39330233593749997 0.1990190875 0.39294840625 0.1787424546875 0.3881396875 0.1651879515625 0.37885787031249996 0.1573067828125 0.35914658906249997 0.15765084375 0.34768427812499997 0.17218876875 0.34549768125 0.1942582640625 0.3571930109375 0.209441078125 0.3687479890625 0.2165831625
0 0.43940630468749997 0.220945075 0.43910119375 0.20346522031249997 0.42976445781250006 0.1924376765625 0.4165198640625 0.18672390156250002 0.40035257343749997 0.1936504703125 0.3898571140625 0.2144661828125 0.40115806875000004 0.23979728749999998 0.41413529687499995 0.24656484218750002 0.43092274843749995 0.24242507500000002 0.43940630468749997 0.220945075
0 0.3456739421875 0.10612987656249999 0.34344463125 0.1257521921875 0.3561434265625 0.149310378125 0.38210285312500003 0.14675903437499999 0.39042888593749997 0.13262555781250002 0.39062912656250004 0.1277262125 0.3876858515625 0.1064456671875 0.37623347812499996 0.0888106828125 0.361949940625 0.089060003125 0.3456739421875 0.10612987656249999
0 0.4017980984375 0.1782382796875 0.42357620156250003 0.18170488125 0.4363936375 0.16294686249999998 0.43663545781249996 0.1440586453125 0.42541993749999996 0.12362189999999999 0.405672040625 0.1218683796875 0.3919182625 0.136096596875 0.39118443125 0.159539546875 0.4017980984375 0.1782382796875
0 0.44746497500000004 0.207865375 0.47264061718750006 0.20952415625 0.482723390625 0.197807940625 0.4825391875 0.170883978125 0.47139689375 0.1546423984375 0.45420172656249996 0.1517952078125 0.4384726625 0.16745671875 0.43366621250000004 0.1867743140625 0.44746497500000004 0.207865375
0 0.47209211875 0.2763271203125 0.48402203281249995 0.2558360734375 0.4842028296875 0.23345188437500003 0.46763889374999995 0.21765464375 0.4460133453125 0.22292796875 0.436605653125 0.2405773609375 0.43925715312499997 0.26151329687499997 0.4521012671875 0.2770257640625 0.47209211875 0.2763271203125
0 0.48345878750000004 0.10897038750000002 0.4728085046875 0.08817407187500001 0.44737160156250005 0.0879186671875 0.4356663375 0.10490875625 0.431874421875 0.1168648671875 0.43634255 0.127277984375 0.44867024375 0.1459467984375 0.46783459531249993 0.1470110984375 0.48206818125 0.1275289515625 0.48345878750000004 0.10897038750000002
0 0.51065696875 0.177387253125 0.5264104421875 0.16312413125 0.5268158890625 0.1372389859375 0.5194239281249999 0.1230301640625 0.512476296875 0.1179058828125 0.4925342625 0.12140130468749999 0.4833634203125 0.1362489328125 0.482027734375 0.157953871875 0.49722433906249996 0.177272015625 0.51065696875 0.177387253125
0 0.573669728125 0.1038987125 0.56453323125 0.087971825 0.5447121078125 0.0820231390625 0.5261690515625 0.10018169218749999 0.5246808093750001 0.11314670468750002 0.5274959359375 0.1270857109375 0.5415132453125 0.14432621875 0.559808378125 0.1447062828125 0.5720361671874999 0.12490944374999999 0.573669728125 0.1038987125
0 0.5400223046875 0.20624978125 0.5662735046875 0.204043046875 0.5724545234375 0.197990196875 0.5754676203125 0.17415775625000002 0.5653886796875 0.15335146875 0.5438901453125 0.1495302828125 0.5304037296875 0.1627047234375 0.5270561453125 0.183745371875 0.5400223046875 0.20624978125
0 0.4858131171875 0.227478815625 0.4963779671875 0.24338077187499998 0.518356309375 0.241948028125 0.530881975 0.222845396875 0.5317073406249999 0.20464640156249997 0.51962870625 0.18387501875 0.497638159375 0.18460856875 0.4867288828125 0.198087728125 0.48156353437500005 0.21321514375 0.4858131171875 0.227478815625
0 0.498369996875 0.308390871875 0.5135532625 0.3105737734375 0.5264500296875 0.296360515625 0.5318034125 0.2756345578125 0.5182476046875 0.25209133125 0.497661003125 0.25140155937499997 0.4839316328125 0.267028165625 0.48193917500000005 0.28384871718750004 0.498369996875 0.308390871875
0 0.5402636953125 0.26919221875 0.550943353125 0.2753004703125 0.5677308046875 0.27116070312499996 0.5779772046875 0.252447559375 0.576249840625 0.23534223437500001 0.5650526265625 0.21595428125 0.542794715625 0.21774160937499998 0.5296183812499999 0.23230944999999997 0.529772071875 0.25748542812499997 0.5402636953125 0.26919221875
0 0.5885947078125 0.238623790625 0.6119953 0.2368165171875 0.6208865734375 0.222323471875 0.6205143375 0.20099804843750002 0.610800396875 0.1847315359375 0.58876103125 0.182668309375 0.5748497296874999 0.204243053125 0.5768810703125 0.2223921828125 0.5885947078125 0.238623790625
0 0.6203473078124999 0.1586868265625 0.6205159 0.1356034453125 0.617445615625 0.1234174109375 0.6032646796875001 0.1131738328125 0.5824412265625 0.115285825 0.5694601625 0.14104077343750002 0.5716734359375 0.1532417671875 0.586274290625 0.171171496875 0.6080218828125 0.1728901125 0.6203473078124999 0.1586868265625
0 0.6166301843750001 0.1094435 0.6214328015625 0.1226484078125 0.6320281624999999 0.1402983484375 0.654596153125 0.1399044234375 0.660703946875 0.1296564078125 0.6663430015625 0.1089254640625 0.658537221875 0.08738009062499999 0.6395792124999999 0.0817660421875 0.620859190625 0.08978628125 0.6166301843750001 0.1094435
0 0.6253585359375 0.20021408593749998 0.6474345140625 0.20437489375 0.6619182921875 0.199226228125 0.6670470265625 0.18200122968750002 0.6669604609374999 0.1606708203125 0.6524450374999999 0.14763545 0.634198721875 0.1500521640625 0.622681490625 0.1614437125 0.6180630765624999 0.17516276718749998 0.6253585359375 0.20021408593749998
0 0.660798453125 0.26603916562499996 0.6698106359375 0.24210201250000002 0.665457315625 0.22189519062500002 0.6444202828125001 0.211771284375 0.6296569359374999 0.217274534375 0.61883309375 0.2356480515625 0.62550839375 0.2579125640625 0.6420540234375001 0.272661015625 0.660798453125 0.26603916562499996
0 0.6834785531249999 0.3048100875 0.7003087203125 0.3031175015625 0.7140197828125 0.2864421046875 0.7190935984375 0.26607073125 0.6989185453125 0.2398454140625 0.6852490625 0.24253193906249998 0.6656304484375 0.2645560078125 0.6656193781249999 0.2802928640625 0.6834785531249999 0.3048100875
0 0.715551875 0.29236032343749996 0.7144957578125 0.3137106765625 0.7277353828125 0.33551090625 0.751154284375 0.334752425 0.756739553125 0.32731115625 0.7633271515625 0.3118092125 0.7597576171875 0.287392265625 0.7495577671875 0.276030084375 0.7295608125 0.2763791328125 0.715551875 0.29236032343749996
0 0.7608121703124999 0.3314365125 0.7611050781250001 0.3482171734375 0.77685471875 0.3664765546875 0.79941660625 0.36573303125 0.8102892671875 0.35015629062500003 0.8107984531250001 0.3302142953125 0.8013518749999999 0.31289400624999997 0.7855179375 0.30617631562500003 0.773058265625 0.312688465625 0.7608121703124999 0.3314365125
0 0.822153190625 0.342255725 0.8101866640625 0.3606491875 0.8072456609374999 0.37224074375 0.8122851296875 0.3826438859375 0.8263024390625 0.39988439531250003 0.8457219500000001 0.399195721875 0.8568497703125001 0.3818660078125 0.857073284375 0.36192900156249996 0.8479001734375 0.34390453125 0.8317927703124999 0.33789102187500003 0.822153190625 0.342255725
0 0.86910650625 0.4292117578125 0.8933702140625 0.427739121875 0.9072155265624999 0.4187548609375 0.9076270750000001 0.3932193140625 0.894630403125 0.36896691875 0.8715032765625 0.3700700109375 0.8550453453125 0.393088021875 0.8556239250000001 0.40986369375000004 0.86910650625 0.4292117578125
0 0.8915200999999999 0.3053751515625 0.8658524484375001 0.3082711078125 0.855077421875 0.32944140312500003 0.8597774359375 0.353139209375 0.8751254640624999 0.3647612328125 0.896799828125 0.36228468281250004 0.9059157484375 0.3442906796875 0.903421771875 0.3160082203125 0.8915200999999999 0.3053751515625
0 0.842133403125 0.27546328125 0.8207202984374999 0.27653645781249997 0.8095802750000001 0.2931669765625 0.8100196359374999 0.3183379671875 0.8277018453125 0.33271687499999997 0.8462399359375 0.33064477187499997 0.8573189375 0.3105182828125 0.852053684375 0.287180046875 0.842133403125 0.27546328125
0 0.85189999375 0.26200406875 0.8536578703125001 0.2808573796875 0.867662975 0.2973986921875 0.8902370671875 0.297354365625 0.904531675 0.2813681890625 0.9030045515625 0.2593635171875 0.8898320500000001 0.24140885625 0.8703332093749999 0.237552765625 0.858214128125 0.24720630312499997 0.85189999375 0.26200406875
0 0.9065867203125 0.20264900468749997 0.9045736859375 0.185548665625 0.8932311515625001 0.17420643125 0.8709610359375001 0.1752945640625 0.856137803125 0.19373789375 0.8565649593750001 0.218209690625 0.870770303125 0.22985165625 0.8891142546875 0.2330285 0.900594871875 0.21953936718749997 0.9065867203125 0.20264900468749997
0 0.77711754375 0.29967857656249997 0.7985611578125 0.3003533890625 0.8082911375 0.28479659218750003 0.8113835640625 0.2655089140625 0.7990131546875 0.2443929203125 0.7775024140625 0.2398725421875 0.7609834625 0.2593945796875 0.761088334375 0.2817737796875 0.77711754375 0.29967857656249997
0 0.8291561734374999 0.2686957296875 0.845621340625 0.26246336718749996 0.8533638265624999 0.24764066875 0.8513496578125 0.21410427968749998 0.82010780625 0.208704646875 0.8095391218750001 0.22532519374999999 0.80705961875 0.23061402812499998 0.80735749375 0.231308234375 0.8091885968750001 0.2543567109375 0.817886865625 0.261548659375 0.8291561734374999 0.2686957296875
0 0.7703988234375 0.17670018125 0.76215211875 0.19537841875 0.7575642140625 0.21084546093749998 0.7736544453125 0.232246228125 0.795079753125 0.23187224843749998 0.8073685640624999 0.2155713796875 0.8095185453125 0.191404303125 0.7993125921875001 0.179692525 0.7703988234375 0.17670018125
0 0.762178796875 0.2296489078125 0.7512306390625 0.20815838437499998 0.7312397875000001 0.2088570296875 0.7188472390625 0.219214746875 0.713316890625 0.2298023875 0.71366471875 0.249729421875 0.7265576499999999 0.2680386671875 0.7474299249999999 0.2687234515625 0.7619430781250001 0.24888672031249998 0.762178796875 0.2296489078125
0 0.6802828187500001 0.2363239609375 0.703112071875 0.2345266609375 0.7112317640625 0.22494293281250002 0.7157525437500001 0.205630325 0.7085547203125 0.1861725609375 0.6875237890625 0.1763982515625 0.666658753125 0.192499115625 0.666994375 0.21172695468749997 0.6802828187500001 0.2363239609375
0 0.714762846875 0.13255954375 0.7009457765625 0.1104196921875 0.6823588703125 0.10969501562499999 0.6650134171875 0.13098 0.6653124265625 0.1481102578125 0.6785642562499999 0.17060967968750002 0.69627584375 0.1703005234375 0.7113908515625 0.15220180625 0.714762846875 0.13255954375
0 0.715783484375 0.1255476578125 0.733119003125 0.1364355796875 0.7499308625000001 0.133694203125 0.757879690625 0.11432175625 0.7589236046875001 0.09227220781249999 0.7426331328125 0.0757707859375 0.7263804109375 0.0778029953125 0.7140244765625 0.0902582953125 0.709424365625 0.10502614375 0.715783484375 0.1255476578125
0 0.724796371875 0.1998772046875 0.750518946875 0.2001276234375 0.7602977421875 0.1873676046875 0.7587095953125 0.1618669625 0.746959346875 0.143537771875 0.727813303125 0.1435222625 0.7132330234375 0.1595134265625 0.7121341906249999 0.1784166015625 0.724796371875 0.1998772046875
0 0.774494715625 0.165787875 0.7992992546875 0.16255728125 0.8081966296875001 0.14841383125000002 0.808760734375 0.13161821406250002 0.7981165531250001 0.1111714953125 0.7783015343749999 0.10557240625 0.758378940625 0.12655266874999999 0.756708765625 0.1454658171875 0.774494715625 0.165787875
0 0.8187759531250001 0.1978870828125 0.8416113078125 0.1964393796875 0.851159353125 0.1868307203125 0.8559291921875 0.16541554218750001 0.8406837671874999 0.14330062187499998 0.816669115625 0.1426706875 0.805577909375 0.1620979828125 0.80475864375 0.180646575 0.8187759531250001 0.1978870828125
0 0.8505296890625 0.13438616875 0.8516429953125 0.1490542875 0.8673987390625 0.1676632640625 0.8885749875 0.1693918546875 0.903495859375 0.1565420796875 0.9056397390625 0.1320254046875 0.8953422515625 0.11506967187499999 0.8763537328125001 0.10770763750000001 0.8607699875 0.1153234296875 0.8505296890625 0.13438616875
0 0.8322406578124999 0.1343557015625 0.84701010625 0.12920205 0.8522181703125 0.1165218125 0.8535111390625 0.09236969375000001 0.84124446875 0.07719685 0.8251492703125001 0.0718825359375 0.80826531875 0.0868647984375 0.80216973125 0.097812009375 0.807641325 0.116600496875 0.8138845015625 0.130479665625 0.8322406578124999 0.1343557015625
0 0.532858890625 0.7016765578124999 0.542352584375 0.6925018140625 0.545372309375 0.6762949328125 0.543599115625 0.662035653125 0.53651423125 0.6491117359375 0.5287541828125 0.6411701187500001 0.509198428125 0.641511465625 0.500925821875 0.647869 0.4953338546875 0.6622568375 0.4949134703125 0.6818355515625 0.5001663468750001 0.6916848890625 0.5061122453125 0.7010117421875 0.5209656421875 0.7043694203124999 0.532858890625 0.7016765578124999