0 1 0.1784256671875 0.998481253125 0.15265207812499998 0.9821366140625001 0.1416563421875 0.9658876390625 0.1395451078125 0.9490846968750001 0.143942121875 0.9372041 0.1675910203125 0.9405835625 0.19093917968750002 0.957954203125 0.20849694843750002 0.9780164734374999 0.20697511249999997 0.9921715078125001 0.1963612921875 1 0.18002220468750002 1 0.1784256671875
0 0.921356046875 0.1812539671875 0.9239140359375 0.15691631875 0.9184221859375 0.140607059375 0.90738208125 0.131378990625 0.8987674906249999 0.1284566265625 0.8866370921875 0.129602003125 0.8745564703125 0.13680335625 0.8652983953125 0.1628571265625 0.871648515625 0.18732428437499998 0.888244734375 0.19592617031249998 0.9010159328125 0.19847864375 0.9078418203125 0.1955656046875 0.921356046875 0.1812539671875
0 0.8692504015625 0.20361104375 0.8556707250000001 0.19895669062500002 0.8320506671875 0.204945240625 0.820035496875 0.231112571875 0.8296537859375 0.2571334203125 0.8442025421875 0.2641497734375 0.8599895999999999 0.262338778125 0.8688060046875 0.25681122031250003 0.8779880703125 0.2380104265625 0.877918690625 0.21581694843750002 0.8692504015625 0.20361104375
0 0.8464443796875001 0.1463536125 0.839980178125 0.132765871875 0.8321204265625 0.12266190625 0.8140905828125 0.12117027656249998 0.7989934375 0.1244241375 0.7859941453125 0.14363050625 0.7902240609375 0.168681603125 0.8032680984375 0.1835607359375 0.8179442515625001 0.1857136046875 0.833762140625 0.1821321125 0.8419378078124999 0.1729067734375 0.8464443796875001 0.1463536125
0 0.946819646875 0.22628577499999997 0.9302194984375 0.21445639062500002 0.9195724765625 0.214547509375 0.8959602828125 0.226991028125 0.8939094328125 0.2497684546875 0.8977920828125001 0.26832888593750004 0.9036574140625 0.277819828125 0.9198027625 0.282993771875 0.940052553125 0.277611246875 0.9474236046875 0.269511528125 0.9536690468750001 0.24273770625000002 0.946819646875 0.22628577499999997
0 0.8212880734375 0.284491134375 0.819441759375 0.26614473437499997 0.8106018468749999 0.252307253125 0.794005603125 0.243705375 0.7752629 0.24899637812500003 0.7648490625 0.2664575828125 0.7615284203125 0.29152182656250003 0.7693455265625 0.311680628125 0.7865832375 0.314324471875 0.79977378125 0.31288715312500004 0.81414236875 0.303505946875 0.8212880734375 0.284491134375
0 0.7635545718750001 0.213478009375 0.7465691796875 0.19878443125 0.726628775 0.1958818859375 0.7117949828125 0.20642433750000003 0.7055875265625 0.2295716265625 0.7080326671875 0.252014834375 0.718561721875 0.259575653125 0.7399952515625 0.264095240625 0.746521771875 0.2645313078125 0.7598682812499999 0.251815603125 0.76450456875 0.2272929671875 0.7635545718750001 0.213478009375
0 0.7759800718750001 0.140964434375 0.7646268078125 0.1183917421875 0.7531673515625 0.113153434375 0.7376888671875 0.11677060312500001 0.722938940625 0.126515125 0.7154538406250001 0.145494278125 0.721285071875 0.16183920624999998 0.73322150625 0.17559872031249998 0.7498557265625 0.180574134375 0.759838103125 0.1744551875 0.7715612953125001 0.1699471515625 0.7737116875 0.159281759375 0.7759800718750001 0.140964434375
0 0.750070821875 0.3363514546875 0.7573803406249999 0.3125131984375 0.749886228125 0.2891359515625 0.736939475 0.281724409375 0.7169216031250001 0.28164994062500004 0.7021233453125 0.289763265625 0.6946762828125 0.30511596406249997 0.699584959375 0.3302384234375 0.716536259375 0.3517859359375 0.73642295625 0.345405021875 0.750070821875 0.3363514546875
0 0.7213493234375 0.3680238515625 0.709386640625 0.3675733046875 0.6928938984374999 0.3743109265625 0.682697571875 0.39623222812500003 0.6926094046875 0.41946020468749995 0.7065941312499999 0.4313214421875 0.7264688578125 0.4270528265625 0.738633346875 0.419053509375 0.7405125765625 0.394644509375 0.7320500453125 0.37721625 0.7213493234375 0.3680238515625
0 0.7936192015625 0.428059828125 0.7782966140625 0.4203985875 0.7648466515625 0.41777478593749995 0.7560722046875 0.42290334218750003 0.745143390625 0.43546976875 0.7421962453125001 0.45371574375 0.749259246875 0.47140028906250003 0.7653396875 0.48199639375 0.7816733734375 0.47642071562500005 0.7896432578125 0.4724177328125 0.8005144203125001 0.4473402703125 0.7936192015625 0.428059828125
0 0.8556652359375001 0.48742461718749996 0.84759188125 0.47608806093749995 0.8289553749999999 0.46404464843750004 0.8096636390624999 0.47129488750000004 0.796035309375 0.49648593124999996 0.8039526703125001 0.51910089375 0.8164381468749999 0.5309011781249999 0.8396886296874999 0.534958465625 0.852615775 0.526232525 0.8563255984374999 0.50725993125 0.8556652359375001 0.48742461718749996
0 0.7736509796875 0.50704155625 0.7515483953125 0.5051218765625001 0.7384535109375 0.515443725 0.73242163125 0.54345010625 0.7408382734375001 0.5580498390625 0.7591887640625 0.56989691875 0.766857625 0.5716760171875 0.782416046875 0.5640334015625 0.793325259375 0.5353294578125001 0.786304190625 0.5172459640625 0.7736509796875 0.50704155625
0 0.67697218125 0.46702968437500003 0.6742425203125 0.489735765625 0.6857255062500001 0.5143390265625001 0.7042690109375 0.52688946875 0.7196688484375 0.5211337140625 0.736351659375 0.4962636984375 0.7353401484375001 0.46671024687499996 0.712626990625 0.45101129999999995 0.685696878125 0.455845128125 0.67697218125 0.46702968437500003
0 0.641447078125 0.48507865937499994 0.623123715625 0.48637989687500005 0.6072834953124999 0.5064978640625 0.6072270750000001 0.5298882578125 0.6148391281250001 0.5456135875 0.635164971875 0.55640740625 0.6511123953125 0.549829434375 0.6612326921875 0.535161078125 0.666459984375 0.5082803 0.65863430625 0.4913223453125 0.641447078125 0.48507865937499994
0 0.9260730734375 0.5162042234374999 0.9304655875 0.50053048125 0.9226740281250001 0.47671857500000003 0.9096814625 0.4664785125 0.899160196875 0.46537268281250005 0.885001325 0.4727590140625 0.876024975 0.48633746718750004 0.873928259375 0.5062863734375 0.8816280921875 0.5244412078125 0.8942258750000001 0.53368620625 0.9086197484375 0.5353458515625 0.9214669593749999 0.5306453453125 0.9260730734375 0.5162042234374999
0 0.862934334375 0.395409978125 0.8499378796875 0.381942440625 0.8358129921874999 0.38247477343749997 0.8249182484375 0.38818724375 0.8149657124999999 0.40125968125 0.813258153125 0.4273002625 0.821594903125 0.44592546562499996 0.840118759375 0.44989631875 0.8515415171875 0.4450391265625 0.8628936062499999 0.431710390625 0.8681287375 0.4112845796875 0.862934334375 0.395409978125
0 0.9341244546875 0.439600453125 0.9427076734375 0.4167028359375 0.9359801937500001 0.39582647031249996 0.9253252671875 0.3894625875 0.910266125 0.3890899609375 0.8957180093750001 0.3903845921875 0.8864023484375 0.4039273546875 0.882173640625 0.414777690625 0.8843933859374999 0.4263058 0.8923448687500001 0.44206677968749997 0.9078351453125 0.4481321140625 0.9234053578125 0.45017200468749996 0.9341244546875 0.439600453125
0 0.8013323828125 0.3873218328125 0.8102667046875001 0.3741423734375 0.8091372046875 0.35224083125 0.804453871875 0.3380334921875 0.79651418125 0.331954978125 0.7870530640625 0.33055719843750003 0.7711932421875 0.3345376578125 0.7572518125000001 0.3463840796875 0.7537175875 0.37021574375 0.7551366984375 0.38609692500000004 0.764907028125 0.39761186406250004 0.783187578125 0.4003202328125 0.790822865625 0.3958984640625 0.8013323828125 0.3873218328125
0 0.8674710953125 0.35877535312500003 0.8759363265625 0.343529671875 0.8796160046875 0.3346385515625 0.8778994234375 0.31832271093750003 0.8707145046875 0.3050625953125 0.8652803296875 0.3012643609375 0.8467774421875 0.294479003125 0.830963484375 0.30128798125 0.8200766015625 0.313455453125 0.8210763703125 0.333326415625 0.8274606125 0.3509396125 0.8442704078125001 0.3607741 0.8551729640625 0.361516621875 0.8674710953125 0.35877535312500003
0 0.9058586171874999 0.3569066609375 0.9218580281250001 0.363684890625 0.935727334375 0.362318903125 0.9446695625 0.35559445 0.94953121875 0.34198693593749996 0.9495876187500001 0.31859650781250004 0.9417239359374999 0.30526505 0.9359922484375 0.301032159375 0.9299631343750001 0.2963646203125 0.923175228125 0.2956511828125 0.9158382921875001 0.29689696875 0.9078225484375 0.29807140468750004 0.8977022281249999 0.31273975 0.8939426562499999 0.3256563265625 0.8949764984374999 0.3386733359375 0.9058586171874999 0.3569066609375
0 0.67084231875 0.4143486875 0.6633219484375 0.40428039218749995 0.6486821015625 0.3999179984375 0.6362123265624999 0.4010276734375 0.623163284375 0.41417804062499997 0.6159913390625 0.44650184531250003 0.6250068296875 0.46519837343750003 0.6519537671875 0.4664463578125 0.667377421875 0.46037387343749997 0.6766092640625 0.44762904062500003 0.679682234375 0.4281861421875 0.67084231875 0.4143486875
0 0.6026460078125 0.49511900937500003 0.6066991453125 0.47940957031250003 0.609738015625 0.4668206546875 0.6069613328125001 0.450796771875 0.5927369484375 0.439217090625 0.58128140625 0.437206321875 0.5714848156250001 0.4390003328125 0.5573337375 0.45284166875 0.5508707453125 0.47515533281250005 0.5567019796875 0.491500234375 0.5659612578125001 0.5013479249999999 0.5791389171875 0.5055641921875 0.59145775 0.50362431875 0.6026460078125 0.49511900937500003
0 0.5565894828125 0.43380430312499996 0.556531875 0.42129328906249996 0.5510819546875 0.40458507031249996 0.5414793765625 0.391474221875 0.5251006546875 0.387332446875 0.51513635 0.39072239375 0.5011529859375 0.402967790625 0.49481972812499997 0.42731204062500006 0.50731698125 0.44879483281250004 0.5199130765625 0.45211423437500003 0.5326037984374999 0.4530661203125 0.5461298046875 0.4484369734375 0.5565894828125 0.43380430312499996
0 0.6199672328125 0.402143946875 0.6265560546875 0.37863332656250004 0.6176741781249999 0.3651948625 0.60790385 0.353679934375 0.591101865625 0.3503004390625 0.572149490625 0.35758632343749996 0.5612245812500001 0.3733802640625 0.5601919234375 0.3962647078125 0.5684827890624999 0.4120613578125 0.5819785937499999 0.4175136765625 0.5914397296875 0.41891148125 0.60547284375 0.412722084375 0.6199672328125 0.402143946875
0 0.535949153125 0.483268253125 0.5261788328125 0.47175333906250005 0.5089994421874999 0.47196464687499995 0.49390620468749996 0.47844599062500004 0.48298915625000005 0.5006949125 0.485857559375 0.5223758093749999 0.49652026562499996 0.535194709375 0.5105232109375 0.53908678125 0.5226116859375 0.5383403984374999 0.5339829203125 0.5312419515625 0.5412050734375 0.514881359375 0.542073925 0.496820334375 0.535949153125 0.483268253125
0 0.6738631015625 0.31704690156250004 0.648873753125 0.31321025625 0.6315803046874999 0.32430098281249997 0.624949575 0.348210575 0.6288244109375001 0.3603160109375 0.6329966703125 0.3728561078125 0.6410713609375 0.3790259984375 0.6609226453125 0.3846657359375 0.6777547968750001 0.377963759375 0.686090315625 0.36068751250000003 0.6851246453125001 0.33396258125 0.6738631015625 0.31704690156250004
0 0.6813781031249999 0.3002387921875 0.693279221875 0.28495084375 0.7002991265625 0.2671329484375 0.693903096875 0.23983724999999997 0.6821003171875 0.2313357875 0.6711938281250001 0.22736576875 0.6555981562500001 0.2297958609375 0.6460982828125 0.2408635328125 0.6378505359375 0.2605693375 0.6418629203124999 0.28116031874999997 0.654951146875 0.30028493749999996 0.6813781031249999 0.3002387921875
0 0.644278228125 0.20920818125 0.6352627140625 0.19051165 0.6272771578125 0.1816046296875 0.6104293578125 0.1753966109375 0.5979215546875001 0.180132765625 0.5884302484374999 0.18881644375 0.5791721515625 0.21487019843750002 0.58878260625 0.23443604218749997 0.6059396671874999 0.250761184375 0.6253655359375 0.24568995 0.632015375 0.240996925 0.6403548046875 0.22694815781250002 0.644278228125 0.20920818125
0 0.6247686078125 0.31647508125 0.6290235734375 0.29231579375 0.6236614328125001 0.2780371015625 0.6160611 0.271994296875 0.60354150625 0.2670479390625 0.5929364203125 0.2667400671875 0.5836089656250001 0.2706003625 0.5723027421875 0.28675757968750004 0.5714417296875001 0.3112735984375 0.5777342828124999 0.3232297796875 0.5835577 0.3331197171875 0.5991744328124999 0.3333005140625 0.612947378125 0.327737590625 0.6247686078125 0.31647508125
0 0.6780040640625 0.21154275625 0.691911375 0.206550303125 0.7004723125 0.20018915625 0.7049028296875 0.180888928125 0.704532075 0.155033296875 0.689888346875 0.1474433953125 0.6806788828125 0.1436517375 0.66426600625 0.1463639203125 0.652059603125 0.154762225 0.6424922921875 0.17069884531249999 0.6462072046875 0.1908551953125 0.6537508484375001 0.1996319453125 0.6623460531250001 0.2070733328125 0.6780040640625 0.21154275625
0 0.5704944796875 0.264784709375 0.575599878125 0.242328340625 0.5696389109375 0.22395285625 0.5580917125 0.21628502656249998 0.54667808125 0.21387526562499998 0.53620268125 0.2155979453125 0.5259068124999999 0.2254072125 0.5191424890625 0.24405875156249998 0.5172554468749999 0.2620127609375 0.5286427703125 0.2777314921875 0.5486670359375 0.2798361265625 0.5584177609375 0.27521356875 0.5704944796875 0.264784709375
0 0.5503954078125 0.3058344703125 0.53664793125 0.3027759875 0.5300736671874999 0.30329519843749997 0.520360946875 0.30429128437499997 0.5075634875 0.3150477625 0.504799759375 0.344607803125 0.512918978125 0.3587728796875 0.5232500890625 0.36528021875 0.542583840625 0.370361884375 0.5605901296875 0.3524885140625 0.5638571171875 0.31814075937499997 0.5503954078125 0.3058344703125
0 0.6382361125 0.158956734375 0.6492907359375 0.1451933453125 0.650647146875 0.1094345984375 0.635572284375 0.09615198593749999 0.6085451765625 0.09725188125 0.593766440625 0.1119272875 0.587551146875 0.128619615625 0.5926236765625 0.14891864531250001 0.6034999296875 0.162970115625 0.6229293031250001 0.16420545625 0.6382361125 0.158956734375
0 0.565921628125 0.13199365624999998 0.5477201421875 0.12887044375 0.5333096203125 0.1386506375 0.5282998375 0.169991528125 0.53167534375 0.1901122171875 0.548271584375 0.1987140921875 0.5654929109375 0.198103809375 0.5754913125 0.187859890625 0.58365911875 0.172179553125 0.581499703125 0.140488525 0.565921628125 0.13199365624999998
0 0.36532081562499996 0.2351523953125 0.34534241250000003 0.23587627968749997 0.335633621875 0.2400998390625 0.3267188609375 0.2694167765625 0.32793220624999997 0.290520353125 0.3464944390625 0.3026559890625 0.3688390328125 0.302887540625 0.380656284375 0.288397540625 0.3839310875 0.26050475156249997 0.37721139843749996 0.2460833859375 0.36532081562499996 0.2351523953125
0 0.441092 0.3141121265625 0.4336096609375 0.30041733437499996 0.421208053125 0.2878190953125 0.398606165625 0.293914615625 0.3884400515625 0.30575445625 0.385207159375 0.33324825156250004 0.392433990625 0.34610939687500003 0.405418771875 0.34989445468749997 0.42162192656249997 0.3491771734375 0.4359524875 0.3434224359375 0.441092 0.3141121265625
0 0.45956624375 0.262403553125 0.448691128125 0.28425351249999997 0.45558639218749997 0.303533978125 0.47019211875 0.314750315625 0.49322509375 0.31434750624999996 0.5058888421875001 0.29833294062500004 0.506284696875 0.2749781796875 0.495194796875 0.25969409374999997 0.4749490890625 0.24990186093750003 0.45956624375 0.262403553125
0 0.2828754578125 0.249076634375 0.30261010625 0.2572016171875 0.3164754828125 0.2526081390625 0.32528798281250004 0.2438530875 0.328750103125 0.230501875 0.32838330312499997 0.2078737265625 0.320733196875 0.1957748765625 0.30803802812500003 0.185969471875 0.2877219859375 0.1861355609375 0.2757732484375 0.199117115625 0.2681701921875 0.225748221875 0.27620553281250004 0.24071124843749997 0.2828754578125 0.249076634375
0 0.33302502968750003 0.1180032625 0.322747584375 0.1080485703125 0.306414715625 0.10673530625000001 0.2911498203125 0.111585071875 0.27981343125 0.13782377343750002 0.2852292375 0.1613859703125 0.3039457046875 0.1694039390625 0.3208629328125 0.1682767140625 0.32930465 0.1631947828125 0.3378079078125 0.1443226234375 0.338722625 0.12909011875 0.33302502968750003 0.1180032625
0 0.39187899375 0.1685614578125 0.37633504218749997 0.153212615625 0.3587324015625 0.154186203125 0.3446992625 0.160375596875 0.33781695156249997 0.18667904531249999 0.3434004828125 0.2086453421875 0.35435674375000004 0.21867136406249998 0.370304709375 0.2193360640625 0.3787892265625 0.21801223749999998 0.3926886984375 0.20656478906250003 0.39741671093750003 0.1876992265625 0.39187899375 0.1685614578125
0 0.45235781093750005 0.22977846093749998 0.4442805703125 0.2152144125 0.42653642812500003 0.204474940625 0.41127150312499994 0.209324690625 0.4000832671875 0.21783001406250002 0.39531331875000003 0.23709456874999998 0.40038584843749997 0.2573936203125 0.406632496875 0.26652123125 0.41656270468749995 0.26998525624999997 0.431492134375 0.26832731875000004 0.4473860515625 0.25749289375 0.45235781093750005 0.22977846093749998
0 0.46599667968749997 0.1783684640625 0.46283593281249996 0.1953818328125 0.46447646093749995 0.218950621875 0.4785331078125 0.2321262125 0.5008833453125 0.2284245296875 0.513978275 0.2181026875 0.515987190625 0.19572425 0.5097706875 0.1765151390625 0.48638265625 0.16397231875 0.46599667968749997 0.1783684640625
0 0.46056125468750003 0.13866879062499998 0.44844925625 0.12005019531250001 0.437203409375 0.116044509375 0.41794963437500005 0.1196682734375 0.4038522609375 0.1427930734375 0.40740334218749996 0.16777281875 0.4166245953125 0.1812469671875 0.42704679375000004 0.18624839531249998 0.43919629687499995 0.1852328828125 0.44860761875 0.18057465156250002 0.459448634375 0.165578675 0.46056125468750003 0.13866879062499998
0 0.39359202656250003 0.07717300625 0.3851831734375 0.0690282609375 0.36401884375 0.071241040625 0.3509239609375 0.0815628921875 0.3482938875 0.11638101249999999 0.361595721875 0.1367381890625 0.38059787031250003 0.1355083109375 0.394337440625 0.1321117765625 0.404106590625 0.1077252640625 0.4025997015625 0.08941453906249999 0.39359202656250003 0.07717300625
0 0.469296534375 0.1012652875 0.4699228265625 0.1279545546875 0.47660448593750004 0.14600241875 0.49629330468750005 0.151298859375 0.514021725 0.149128346875 0.5242259140625001 0.13366203906250002 0.5256320750000001 0.10395930625000001 0.5132645390625 0.0845070828125 0.4865401875 0.084118553125 0.469296534375 0.1012652875
0 0.16554772812500002 0.0734089640625 0.157763984375 0.056052053125 0.1496067609375 0.045513434375 0.14285690625 0.041173528125 0.130173503125 0.041050610937499996 0.11410793906250001 0.0502534546875 0.10751914375 0.07376406875 0.11284630468750001 0.0982800359375 0.1257559375 0.105934746875 0.1387367609375 0.1064923171875 0.15378415781250002 0.0971824625 0.16554772812500002 0.0734089640625
0 0.13524054218749998 0.1266975125 0.123152059375 0.12744388281250002 0.10754779375000001 0.1322579796875 0.1002041578125 0.1629502015625 0.1061690546875 0.18455317031250001 0.11786897656249999 0.1937121734375 0.1362912640625 0.18852595156250002 0.1472279171875 0.18241447500000002 0.15223768124999998 0.1510735671875 0.1446216953125 0.13212075 0.13524054218749998 0.1266975125
0 0.1902392734375 0.181287746875 0.179843859375 0.1789849953125 0.160380409375 0.184603640625 0.151252046875 0.21268795 0.158227275 0.2279429375 0.1708840625 0.24015213281249997 0.1854325046875 0.240080221875 0.197047946875 0.23404008906249998 0.2044832640625 0.2090049046875 0.20306415156250002 0.193123734375 0.1902392734375 0.181287746875
0 0.1405709296875 0.21963303750000002 0.1237611109375 0.2097985359375 0.1051022765625 0.21429156875 0.0957407265625 0.22500580781249999 0.08796600156249999 0.2500053578125 0.097278984375 0.2691365375 0.1049251359375 0.2780078875 0.1203958171875 0.27616754375 0.137583034375 0.2741794046875 0.1458727140625 0.2540746640625 0.1469590765625 0.2404737109375 0.1405709296875 0.21963303750000002
0 0.1938648703125 0.2675899203125 0.1680630484375 0.258423896875 0.1468227125 0.267889596875 0.14159148906250002 0.291542890625 0.1447992828125 0.313259490625 0.1622455421875 0.3223421546875 0.1730607328125 0.3218772890625 0.18654477187500002 0.3176471171875 0.19565866875 0.31255425 0.1984682640625 0.285822734375 0.1938648703125 0.2675899203125
0 0.28483502031249996 0.07787885 0.279434875 0.06722663281249999 0.2693710046875 0.058504553125000004 0.25346148125 0.056429006250000004 0.2346007421875 0.0693719453125 0.2272834109375 0.08675520625000001 0.23396900468749998 0.1080305328125 0.24378127031250002 0.119146475 0.2637636046875 0.12165008749999999 0.2762295203125 0.11731291875000001 0.2841797484375 0.0971724765625 0.28483502031249996 0.07787885
0 0.21980222968750002 0.108961853125 0.2054022421875 0.092523115625 0.1870749765625 0.0905968421875 0.1722372515625 0.09791179531250001 0.1652134390625 0.11250222812499999 0.165534421875 0.13230183125 0.16907376093749998 0.1475990921875 0.1860094046875 0.15623665312499999 0.20564447187499998 0.1522496109375 0.2151318484375 0.1403384328125 0.22058839687499998 0.1276002140625 0.21980222968750002 0.108961853125
0 0.26039706875 0.143885846875 0.24740838437499998 0.13687327968750002 0.22998131875 0.1427059453125 0.21745899687499998 0.170433559375 0.22070875 0.1917511703125 0.23664258125 0.20574169531250003 0.25004202656249996 0.2097594703125 0.2638196953125 0.202736471875 0.2722390625 0.1846622703125 0.2749189265625 0.1559001796875 0.26039706875 0.143885846875
0 0.2370349421875 0.2225108609375 0.2144750109375 0.2282074359375 0.20648280468750002 0.24874684062500002 0.20752450625000002 0.2682188375 0.2114870953125 0.2827538015625 0.23373041562500002 0.28853357812499997 0.2501819890625 0.290047896875 0.267425640625 0.272901165625 0.2689576046875 0.24200149375 0.2546415359375 0.22476477187500002 0.2370349421875 0.2225108609375
0 0.3000913796875 0.275527678125 0.288551946875 0.27431483437500004 0.2725663171875 0.279492275 0.26021173750000004 0.30562394375 0.26104381718749997 0.3270908140625 0.281597959375 0.33988155625 0.29354963125 0.3377682546875 0.307754409375 0.3332104640625 0.319358059375 0.31748785 0.3168212359375 0.28938762812499996 0.3000913796875 0.275527678125
0 0.34644088125 0.40726839843749996 0.33045132499999996 0.4092183140625 0.319007553125 0.416889996875 0.3073239171875 0.43663807187500003 0.31036006875 0.4567230390625 0.324258678125 0.4701475453125 0.34037215625 0.47480271093750004 0.3553815453125 0.46911932343749996 0.3651546015625 0.4479603 0.3625377953125 0.42388551249999995 0.34644088125 0.40726839843749996
0 0.2996448328125 0.4705220953125 0.2909228578125 0.449032728125 0.27518100156249997 0.44536126249999997 0.2630086734375 0.446905571875 0.2492310734375 0.4539285921875 0.24234483125 0.477004565625 0.250815175 0.5008878171875 0.26594647656250003 0.5071569734375 0.2772499171875 0.5072966875 0.2881027015625 0.50198319375 0.29555369374999996 0.4898580109375 0.2996448328125 0.4705220953125
0 0.22264580625 0.3934502734375 0.20495539375 0.391994290625 0.191864390625 0.4055436484375 0.185694959375 0.4250644921875 0.18859744843749998 0.43989143124999996 0.1964191984375 0.45362184531249994 0.22200741562499998 0.4615553078125 0.2396861109375 0.453328771875 0.245847703125 0.4273529328125 0.23920011406250002 0.4024511265625 0.22264580625 0.3934502734375
0 0.1518131328125 0.43400831249999994 0.1398544078125 0.4367852375 0.126000775 0.4510612046875 0.12508996562500002 0.4695212171875 0.13134839843749999 0.488331353125 0.14879430625 0.4943896953125 0.1731279875 0.4858649953125 0.1767617796875 0.47414535 0.1804257359375 0.4523442609375 0.171673596875 0.44093633906249996 0.1518131328125 0.43400831249999994
0 0.22865692499999998 0.3134049484375 0.21928358281250002 0.31443670468749996 0.201143634375 0.327051996875 0.1978609921875 0.3484897921875 0.2072578484375 0.366823003125 0.2238563328125 0.37513460625 0.2414528203125 0.37122385 0.2536513875 0.3563705171875 0.25379563437499997 0.33540963281249997 0.2476249734375 0.31902905625 0.22865692499999998 0.3134049484375
0 0.3047400265625 0.36980785625 0.2893297125 0.3597170890625 0.2695269078125 0.3653000421875 0.25753405625000003 0.37493099218750003 0.25251252812499997 0.3965893921875 0.26038402656250004 0.4163758171875 0.2765989265625 0.42534104062500006 0.2942815328125 0.42034195937499996 0.30644211875 0.40911514687499995 0.30959109375 0.3824193125 0.3047400265625 0.36980785625
0 0.163071128125 0.3432196796875 0.147508771875 0.347634796875 0.13839880625 0.3559551734375 0.1317641703125 0.37663726406250003 0.1347583859375 0.39712123125 0.1473614125 0.40887069218749994 0.1678171796875 0.40906695624999995 0.1842182390625 0.3966722984375 0.18991071875 0.3686302171875 0.17847753125000002 0.350082978125 0.163071128125 0.3432196796875
0 0.1163983546875 0.385712 0.111600978125 0.3823840578125 0.0944176671875 0.3793678828125 0.0798315734375 0.38428897968750003 0.0719310609375 0.4104854203125 0.0701357109375 0.43409647187499995 0.0965324390625 0.44413182031250004 0.1084073203125 0.4421528203125 0.1230275359375 0.43037775468749995 0.126901165625 0.40658174375 0.1163983546875 0.385712
0 0.3733737203125 0.3697606109375 0.3741928 0.34564357968750004 0.3684493203125 0.33172820625 0.3590223265625 0.3234764375 0.3419687359375 0.3224907984375 0.3293770640625 0.3280249140625 0.3153517671875 0.340669290625 0.318902871875 0.3656490421875 0.3266407484375 0.3801774625 0.33924814375 0.387553325 0.35222897343750004 0.38811087031249997 0.3647748234375 0.3797482515625 0.3733737203125 0.3697606109375
0 0.13482811875 0.3148379375 0.12513773749999998 0.299297559375 0.10197505 0.2976698453125 0.0869695921875 0.3065807171875 0.0808683546875 0.31239362187499997 0.0780548265625 0.33589765781250003 0.0859643625 0.3520576265625 0.10045443750000001 0.36307272031250004 0.11702481093749999 0.360162875 0.125455984375 0.3517711265625 0.1315494078125 0.3395032296875 0.13482811875 0.3148379375
0 0.446090665625 0.34392249218750004 0.43793469687500003 0.36928531875 0.4436440109375 0.39005467031249996 0.4554924890625 0.40402141875 0.47309527500000004 0.40041104843750003 0.491662428125 0.390260975 0.49938735625 0.359205440625 0.49012023437499996 0.342902784375 0.4709347015625 0.3328185859375 0.446090665625 0.34392249218750004
0 0.38078005625 0.390708328125 0.3754649421875 0.415159571875 0.38460625312499996 0.43265919999999997 0.40027743125 0.4372695875 0.41480845312500003 0.43260647968750005 0.42691924375 0.41532363125 0.429347496875 0.38895545781249996 0.413887415625 0.37280863124999997 0.3966202734375 0.37059038593750004 0.38078005625 0.390708328125
0 0.370520625 0.4654664984375 0.36393185 0.48897713749999994 0.370792996875 0.51511153125 0.384342440625 0.5227794984374999 0.40337879687499995 0.52176350625 0.41655754375000004 0.510643734375 0.42369146718749995 0.4819463578125 0.412513859375 0.4642327640625 0.389682671875 0.45618570781249995 0.370520625 0.4654664984375
0 0.457552528125 0.4209636375 0.43436358437499994 0.4326448765625 0.42693612812500004 0.464135040625 0.44126923125 0.48426219843749996 0.45225036406249997 0.49099882343749995 0.46535703906250003 0.49035945468750003 0.48002309375 0.4814129125 0.4894371390625 0.444080740625 0.478003953125 0.4255334859375 0.457552528125 0.4209636375
0 0.91118268125 0.6484717921875001 0.9135140890625 0.6225009078125 0.9110885109375 0.6114787125000001 0.9024140859375 0.60307674375 0.889314325 0.59889105 0.870505496875 0.595977884375 0.862852021875 0.6008936859375 0.8541404421875001 0.6190693359375 0.8570754328125 0.644189309375 0.8708261546875 0.6573380875 0.8911617640625 0.6608798828125 0.91118268125 0.6484717921875001
0 0.83082433125 0.5529515 0.8169412968750001 0.552428615625 0.80479339375 0.561919059375 0.7906365546874999 0.579156775 0.7930225921875 0.598133203125 0.8003252421875 0.6120086984374999 0.820758184375 0.6146244421875 0.835278440625 0.612873590625 0.8411638703125 0.5947665140625 0.8410347171874999 0.569473309375 0.83082433125 0.5529515
0 0.6650778546875 0.55753348125 0.66411365625 0.574285228125 0.6717128390625 0.5891281671875 0.6951326046874999 0.60697986875 0.7147428109375 0.592714521875 0.72707628125 0.5738807421875001 0.71812670625 0.5415746421875001 0.7006409859375 0.533650971875 0.6811995265624999 0.5367571578125 0.6650778546875 0.55753348125
0 0.62935963125 0.5753138421874999 0.6101128640625 0.5765679203125 0.5984698125000001 0.59641054375 0.5975101203125 0.616907896875 0.6040737140625 0.630237571875 0.6236817 0.6389937484375 0.64498829375 0.635006009375 0.6582555171875 0.6148659484375 0.6540461359374999 0.5942934453125 0.6455131781250001 0.5807567796875001 0.62935963125 0.5753138421874999
0 0.6973999265625 0.6213209078124999 0.67397104375 0.62447610625 0.65819003125 0.6420112578125 0.656792346875 0.6666758453125 0.6705962953125 0.6831072265625 0.68551950625 0.6888889921875 0.702650909375 0.6888170171875 0.709328625 0.6745383453125 0.7125542375 0.6552154625 0.7117391750000001 0.6326589703125001 0.6973999265625 0.6213209078124999
0 0.8098707328125 0.7295791781250001 0.792491359375 0.728220653125 0.77355478125 0.7416789921875 0.7684130203125 0.764077553125 0.77340561875 0.780987228125 0.7880368359375 0.7895471390625 0.8005390328124999 0.788052303125 0.8098416078125 0.7866893296875 0.8204048234375 0.7695421109375 0.8185983296874999 0.7412637421875 0.8098707328125 0.7295791781250001
0 0.6838739578124999 0.7121231109374999 0.6703361218749999 0.7121046296875 0.652629821875 0.7252241515625 0.6474348375 0.744340090625 0.6502147390624999 0.7633579171875 0.6712351625 0.7746834234375 0.6823757828125 0.7756328453125 0.695116771875 0.7680773109375 0.7028742375 0.7511032531249999 0.6981645359375 0.7239242453125 0.6838739578124999 0.7121231109374999
0 0.744870378125 0.6735925046875 0.726362690625 0.67539245 0.71466188125 0.6882068640625 0.7129722296875001 0.715649584375 0.7227400312500001 0.73259303125 0.7407447781250001 0.73983059375 0.757007396875 0.7361946765625 0.765012725 0.7206511390625 0.7649899734375001 0.70192306875 0.761665653125 0.680507309375 0.744870378125 0.6735925046875
0 0.8186214390625001 0.6387432140625 0.8043931828125 0.6377158859375001 0.7895854953125 0.6459905140625 0.7826735203124999 0.6700755109375 0.7828954921875 0.6906971093750001 0.79652013125 0.7035342390625 0.816038978125 0.7012027390625 0.8280363796874999 0.6893557453125 0.8330853093749999 0.6716288859375 0.8321288328125 0.65420713125 0.8186214390625001 0.6387432140625
0 0.7662875765625 0.59485511875 0.7517627609375 0.5928603421875 0.7346404546875 0.6004235390625 0.7245774953125 0.624177384375 0.7280432484375 0.640458475 0.744467465625 0.6532697890625 0.7541014781250001 0.6539645125 0.7666964984375 0.64779805625 0.7738122046875 0.6293521609375 0.7745240046874999 0.6074243359375 0.7662875765625 0.59485511875
0 0.58811499375 0.6563428984375 0.59103495625 0.6285613125 0.577576259375 0.612634353125 0.5642285515625 0.6070181765625 0.5482861078125 0.61051704375 0.534418509375 0.625419515625 0.527847196875 0.6462633484375 0.5395934875 0.6709049890625 0.56018155 0.6796228609375 0.57760495 0.6767727234375001 0.58811499375 0.6563428984375
0 0.64614424375 0.6877216265625 0.642970425 0.6686623890625001 0.628533871875 0.6582503796875 0.61494734375 0.6586949296875 0.5989580375 0.6668453609375 0.5928779468750001 0.686804521875 0.5930071 0.7120977265625 0.609992984375 0.7266150109375 0.616852628125 0.727711946875 0.6298947109374999 0.7248694546875 0.644153440625 0.7104513 0.64614424375 0.6877216265625
0 0.528805071875 0.705349821875 0.5214505953125 0.7298564640625 0.5298466234375 0.7522734234375 0.5507828734375 0.7614963953125 0.5680040875000001 0.7567520734375 0.579501109375 0.7382985343749999 0.580412134375 0.7182642078125 0.5693607984375 0.698377003125 0.5471044578125001 0.694165225 0.528805071875 0.705349821875
0 0.51119885 0.8008727546875001 0.5109737140624999 0.8181702890624999 0.51872348125 0.8353697859375 0.5405950546875 0.847031403125 0.56342631875 0.8381956531249999 0.5721038734375 0.8086785328125 0.5628272937500001 0.7908504421875 0.545536234375 0.7810746875000001 0.5270772234375001 0.782411528125 0.51119885 0.8008727546875001
0 0.508289359375 0.8778102656250001 0.50098355 0.90185386875 0.512083525 0.9212780125 0.5321471328125 0.9302799609375001 0.5491566734375 0.9247064375 0.5587284375 0.9018372734375 0.5555014796875 0.8794954374999999 0.5417994234375 0.86588363125 0.522747315625 0.8652856421875 0.508289359375 0.8778102656250001
0 0.6183654749999999 0.8383523171875 0.6044732671874999 0.8303381999999999 0.586510003125 0.834536046875 0.5692994359375 0.8505164781250001 0.5678485765625 0.8718985015625 0.574412115625 0.8852281734374999 0.5860428843750001 0.8958134390625 0.6014923999999999 0.89699080625 0.6121316125 0.8938740453125 0.622159559375 0.8818200859375 0.626703746875 0.8537410765625 0.6183654749999999 0.8383523171875
0 0.68094190625 0.8037329234374999 0.66153545625 0.795139240625 0.6451522609375 0.8032482921874999 0.6342528328125 0.8273823296874999 0.6387542625 0.845176659375 0.644777965625 0.8598540265624999 0.661033403125 0.8681165578125001 0.6778636640625 0.8633314734375 0.6886261640625 0.8480777265624999 0.6916480734375 0.8231156937499999 0.68094190625 0.8037329234374999
0 0.68077279375 0.90764254375 0.675488153125 0.893510978125 0.6633662171875 0.8838103671875001 0.6427384984375 0.8830467421874999 0.6329538796875 0.8927855953125 0.628595396875 0.9115213015625001 0.6306848234375 0.9295302421875 0.64054536875 0.941802040625 0.652910684375 0.9491875500000001 0.6679221656250001 0.9465520156249999 0.681826546875 0.9241382609375 0.68077279375 0.90764254375
0 0.6348127265625 0.761433246875 0.6172737749999999 0.75022700625 0.602408353125 0.7514734390625 0.5811571546875001 0.7642203624999999 0.5759621765625 0.783336271875 0.58267626875 0.7990225125 0.5889874125000001 0.8071760734375 0.60666779375 0.8132476593750001 0.6256134999999999 0.8072804984375 0.6371987625 0.7804096734375 0.6348127265625 0.761433246875
0 0.7472393484375 0.8739001453125 0.740821753125 0.8591813765625 0.7248097515625 0.8486037812499999 0.713639671875 0.8525793421875001 0.70601460625 0.856927434375 0.696885290625 0.8793749765625 0.6937570890625 0.8977718359375 0.7136412625 0.912467003125 0.73094570625 0.9152566421874999 0.74274844375 0.9052617453125 0.7461778171875 0.8915779390624999 0.7472393484375 0.8739001453125
0 0.804246496875 0.9150024453125001 0.788915765625 0.8979424671875 0.7639068171875001 0.8971864484375001 0.7512904421875 0.9262896250000001 0.7533358171875 0.9485072406249999 0.759765271875 0.9594734125000001 0.768418715625 0.9641367375 0.7867362625000001 0.967934578125 0.8031590578125 0.951871284375 0.8087524875 0.936542403125 0.804246496875 0.9150024453125001
0 0.7381455328125 0.7633992968750001 0.7224391031249999 0.761280328125 0.7087734875 0.7776333796875 0.7036758375 0.79582325625 0.7096599453125 0.818454834375 0.7262247640624999 0.826837503125 0.7421616453125 0.8274886374999999 0.7525926125 0.8229672390625 0.760141803125 0.7966085484375001 0.7537637562499999 0.7739355046874999 0.7381455328125 0.7633992968750001
0 0.8034378328124999 0.8166077656249999 0.7878774015625 0.8130997234375 0.768299040625 0.82508620625 0.7594663374999999 0.8485011859375 0.767317996875 0.8685202296875 0.7801091515625 0.880983353125 0.7886983515625 0.881066496875 0.8050374359375001 0.8771661296875 0.8186407593749999 0.850039275 0.8160555531250001 0.829169321875 0.8034378328124999 0.8166077656249999
0 0.46139147031250005 0.60791309375 0.454438578125 0.5982876328125 0.4371034171875 0.592720503125 0.42145933593749996 0.601375353125 0.4142417046875 0.617001721875 0.414118459375 0.6371188234375 0.424572121875 0.651325503125 0.440529753125 0.6597943546875 0.453714525 0.650643359375 0.46260952499999997 0.6380021609375001 0.46509602499999997 0.6181334296875 0.46139147031250005 0.60791309375
0 0.338153296875 0.63241156875 0.34433525781249996 0.6152719296875 0.3409181640625 0.598527840625 0.334699809375 0.58570258125 0.31878960625 0.5779445140624999 0.30638474375 0.5785132843749999 0.294285521875 0.58754070625 0.2876123390625 0.6055649796875 0.289409809375 0.6263521203125 0.2990270640625 0.6409390296875 0.3131093375 0.6433554140625 0.32738171562499996 0.6401740921875 0.338153296875 0.63241156875
0 0.364591753125 0.6347222015625 0.35003649062500003 0.6481729015625 0.3455319140625 0.6682976875 0.352791128125 0.6848265015624999 0.361562203125 0.693857734375 0.3759364859375 0.6934959593750001 0.392567575 0.6868174109375 0.40158579375 0.6540590921875 0.39107434375 0.6328242203125 0.364591753125 0.6347222015625
0 0.322195815625 0.6667812265624999 0.30801167500000004 0.66154528125 0.2924603234375 0.6655284734375 0.27752028125 0.686428990625 0.279278178125 0.71517039375 0.29946444375 0.7319198703125 0.310213490625 0.7315297625 0.3230518140625 0.72304815 0.3327786703125 0.7062811140624999 0.3322601625 0.6846921187499999 0.322195815625 0.6667812265624999
0 0.3226151921875 0.7688801093750001 0.31151519843750003 0.7494559921875 0.2865107984375 0.75244556875 0.2751993296875 0.7615558015625 0.2677825265625 0.77528866875 0.2716467109375 0.79535671875 0.2782589546875 0.8082233562500001 0.29418394531250003 0.8119931578124999 0.310357703125 0.8097245125000001 0.3176862671875 0.80440894375 0.320624434375 0.7916097875 0.3226151921875 0.7688801093750001
0 0.3355613140625 0.8086284015625 0.32617510781250003 0.82215424375 0.3279771359375 0.846686996875 0.336151465625 0.8559277906249999 0.35556674843749997 0.864567309375 0.369046821875 0.8575575796875 0.380539315625 0.8353584187499999 0.37553762343749997 0.810957521875 0.3515506296875 0.8004779984375 0.3355613140625 0.8086284015625
0 0.269090159375 0.8386252000000001 0.259013534375 0.851142165625 0.259629375 0.8718050984374999 0.2679676703125 0.8871938609375001 0.28131539375000003 0.8928100359375 0.2989866796875 0.8913904015625 0.311285103125 0.8842564734374999 0.3138898625 0.85464196875 0.31000020781250004 0.8396479921875001 0.2959620671875 0.8330229750000001 0.27892799375 0.8321689031249999 0.269090159375 0.8386252000000001
0 0.4262914234375 0.8509344140625 0.40954481718749997 0.8435565687500001 0.392125953125 0.850152315625 0.3856428984375 0.8625788906249999 0.37940771406249996 0.87643591875 0.3805148046875 0.8962142015625 0.3930351859375 0.9097018406249999 0.40836486875 0.9104191484375 0.42173500781250006 0.909441321875 0.433245690625 0.9022245984374999 0.4379312859375 0.8690109015624999 0.4262914234375 0.8509344140625
0 0.46917405 0.8142451203125001 0.45515408749999997 0.8226025109374999 0.44483870156250005 0.8411802749999999 0.446830821875 0.8601153015625 0.45678878125000005 0.871461025 0.47284146875 0.8808341375 0.4901268765625 0.88011455 0.5030534328125 0.8632157312500001 0.5014369859375 0.8293396281250001 0.48946099531250004 0.8182499218749999 0.46917405 0.8142451203125001
0 0.4384383640625 0.6785306734375001 0.42170538750000003 0.6823896578124999 0.40798200625 0.691714528125 0.4036325140625 0.7179414265624999 0.40897033125000004 0.735355540625 0.42517844218749995 0.7461869078125 0.4374405046875 0.7486469921875 0.453133278125 0.7395291140625 0.4598414953125 0.7098049953125 0.4513480796875 0.6883140812499999 0.4384383640625 0.6785306734375001
0 0.36817896875 0.7104699921875001 0.345002525 0.718801290625 0.33054912812500004 0.735071546875 0.33618803750000004 0.75719873125 0.3435439046875 0.774356796875 0.37056308125 0.7799702734375 0.3816526984375 0.77929846875 0.38901629375 0.7622831 0.3881571296875 0.7439352421875001 0.3853240296875 0.7216348328125 0.36817896875 0.7104699921875001
0 0.44784690156250007 0.8049814078124999 0.44230075781249995 0.7781825921875 0.43140908125 0.7681431296875 0.41289683750000006 0.7661974140625001 0.3961242859375 0.778010659375 0.390778746875 0.7947700296875 0.39316478125 0.8137464890624999 0.40417238749999995 0.8267153031250001 0.4192762375 0.8305351312499999 0.43064545625 0.8284530921875 0.4430853265625 0.8161844828125 0.44784690156250007 0.8049814078124999
0 0.5127729859375 0.7593735953125 0.504381515625 0.7407022484375 0.48930774218749995 0.7325639609375 0.47429170468750004 0.731453853125 0.4614579140625 0.7436810796875 0.457342678125 0.76010166875 0.462047871875 0.783535075 0.4822141203125 0.7959211296875 0.48825206718749997 0.795652084375 0.5037988703125 0.78792328125 0.5147605953125 0.77456303125 0.5127729859375 0.7593735953125
0 0.5232361812499999 0.6598229453125 0.5104237953124999 0.6491134859375001 0.49766917499999996 0.645432215625 0.48251170312499997 0.64945679375 0.4654517171875 0.6677937953125 0.46981167968750004 0.690722840625 0.4771675328125 0.7078809171875 0.5048779921875 0.712405084375 0.5072968875 0.7091750671875 0.5207678703124999 0.6946741171874999 0.5212408734375 0.6788070234375 0.5232361812499999 0.6598229453125
0 0.3523293578125 0.5448227453125 0.3547626578125 0.5216714375 0.3520891859375 0.50921876875 0.3390776078125 0.4966158 0.3198308125 0.497869871875 0.3068464890625 0.5077405781250001 0.2967744390625 0.524003175 0.3069497609375 0.5522248328125 0.31916451874999996 0.5572537875 0.32989654375 0.557445521875 0.342496071875 0.5550246234375 0.3523293578125 0.5448227453125
0 0.40950391249999996 0.5615992890625 0.39580190625 0.5479875234375 0.3825514796875 0.5414452625 0.3647965703125 0.5550278 0.3548217953125 0.5703643421875 0.3535214953125 0.5941028875 0.3662852109375 0.6052753859375 0.3813336515625 0.6093060828125 0.399021175 0.6045028328125001 0.40531412656250004 0.5976739531249999 0.4104026546875 0.5719928515625 0.40950391249999996 0.5615992890625
0 0.49747095 0.5582052 0.47902559375 0.570778903125 0.477224953125 0.5879108421875 0.477393703125 0.605249821875 0.490458534375 0.6211353953125001 0.5124236984375 0.6278270406249999 0.53012918125 0.615005815625 0.5360541515625 0.588944490625 0.530910996875 0.5696782765624999 0.5173594968749999 0.5584230265625 0.49747095 0.5582052
0 0.476519475 0.5340004578124999 0.46866786562499996 0.5139814171875 0.45305420625000004 0.5071908046875 0.43671511875 0.5110911890625001 0.42751448906249995 0.5152737296875001 0.4218373578125 0.5427655078125 0.4261927859375 0.56194894375 0.4382142203125 0.571017959375 0.450967471875 0.5725112859375 0.46199155156250005 0.5699248156250001 0.4730459921875 0.5518929 0.476519475 0.5340004578124999
0 0.598099925 0.5631640234375 0.597877890625 0.54254246875 0.58879595 0.5228622546875 0.5766831359375 0.5206528703125 0.5663936125 0.5200395359375001 0.5519798671875 0.52835556875 0.5414652015625 0.545039796875 0.546320865625 0.5708298125 0.5548051890625 0.584829471875 0.5702999125 0.5885896015625 0.5835536984374999 0.5841059640624999 0.5914221562499999 0.5774426765625 0.598099925 0.5631640234375
0 0.14852599375 0.7255667859375 0.1478660484375 0.709112475 0.1444048234375 0.6965770109375 0.136664178125 0.6868687546875 0.1201654359375 0.68092139375 0.108455525 0.6862446171875 0.09621485468749999 0.700406725 0.092847828125 0.724864325 0.1006462109375 0.741600778125 0.11569555000000001 0.745804865625 0.124380775 0.746904234375 0.1363385203125 0.743011478125 0.14852599375 0.7255667859375
0 0.17295095 0.731879084375 0.1557845390625 0.743650934375 0.1486733671875 0.7658424203124999 0.1580077359375 0.7906987125 0.171010246875 0.7958104640625 0.196302096875 0.7862970859375 0.202970690625 0.7645271890625 0.203881715625 0.7444928625 0.19082600156250001 0.7360985265625 0.17295095 0.731879084375
0 0.0690645984375 0.7200239109375 0.0488308546875 0.719301678125 0.034178259375 0.733678434375 0.0337584546875 0.752828096875 0.0390917109375 0.766496615625 0.055928053125 0.777465771875 0.06947351874999999 0.772966865625 0.0791562703125 0.7604084531249999 0.0845063734375 0.7473946781249999 0.0799076140625 0.73052638125 0.0690645984375 0.7200239109375
0 0.057888228124999996 0.799837671875 0.047992621875 0.7992657375000001 0.035592321875 0.8035801062499999 0.0260069 0.8152124671875001 0.022445184375 0.8415221515625 0.0334432921875 0.85812678125 0.041918490625 0.8646352343749999 0.0553614328125 0.8638313140625 0.07035679218749999 0.8517074140625001 0.0744584203125 0.82405004375 0.0671070765625 0.810637571875 0.057888228124999996 0.799837671875
0 0.240849865625 0.783020840625 0.22524527187499999 0.7837214453125 0.2167350421875 0.7889128000000001 0.206915384375 0.8103515218749999 0.2090580890625 0.8316430859375 0.2201843640625 0.8426851953125001 0.236789178125 0.8443886859375 0.2508577546875 0.8355682515625 0.259106521875 0.8177095718749999 0.2559768078125 0.7944417406250001 0.240849865625 0.783020840625
0 0.099695640625 0.7695893515625001 0.08653031562499999 0.79254895625 0.088920884375 0.8152710093750001 0.1049342171875 0.8268830390625 0.12093139374999999 0.8251894328124999 0.131605659375 0.8183529265624999 0.139013365625 0.7971288703125 0.137813528125 0.782022278125 0.12076127031249999 0.76618573125 0.099695640625 0.7695893515625001
0 0.1853249296875 0.8680043218750001 0.1906795890625 0.858736175 0.194980390625 0.832972296875 0.18028682499999998 0.8136385609375001 0.1627615609375 0.8136691390624999 0.152087296875 0.8205056328125 0.14152855625 0.8413985015625001 0.14302948124999998 0.8612182109375001 0.1502743703125 0.8680655109375 0.16480828281249998 0.8775514718749999 0.175292415625 0.87631271875 0.1853249296875 0.8680043218750001
0 0.26946776875 0.7153393484375 0.2611827265625 0.7032331890625 0.2461621296875 0.698377453125 0.23095148124999998 0.6991194609375 0.2196931984375 0.7115122625 0.2154761 0.7251132625000001 0.21633524375 0.7434610671875 0.2234873328125 0.7549800375 0.23127917187499997 0.7626960328125 0.24392940156249998 0.765086990625 0.2578520328125 0.7576556359375 0.2679240828125 0.7413930421875 0.26946776875 0.7153393484375
0 0.2141470875 0.6847134265625 0.21437673125 0.6711614671875 0.207715859375 0.658757853125 0.197859821875 0.6502316703125001 0.1825472515625 0.648154140625 0.16542494531250002 0.6557173374999999 0.158503903125 0.672311115625 0.1601508265625 0.69074171875 0.1660239703125 0.7030625484375 0.1850408171875 0.7125157125 0.20343781249999998 0.7032497703125 0.21160276718749998 0.6975539687500001 0.2141470875 0.6847134265625
0 0.078116478125 0.6339010218750001 0.06310046875 0.6327909078125 0.047996246874999995 0.64009808125 0.038911120312500005 0.6583369796875 0.0444085921875 0.68559884375 0.0631450609375 0.696015075 0.07857862812500001 0.690126540625 0.091465615625 0.6811819140625001 0.0965145703125 0.66345506875 0.0901411359375 0.6445276875 0.078116478125 0.6339010218750001
0 0.117020746875 0.6047519875 0.10458997031249999 0.6245118203125 0.107131071875 0.649590403125 0.12424168124999999 0.6644938640625 0.14121284375 0.6625353703125 0.15714441562499998 0.647356734375 0.161308340625 0.6304731609374999 0.15281495 0.60898224375 0.13719672968750002 0.5984460203124999 0.117020746875 0.6047519875
0 0.2781349375 0.6366662875 0.2604363578125 0.615612303125 0.246066665625 0.6197196765624999 0.23479926093749998 0.624621259375 0.224085421875 0.6394120078125 0.22765307343750002 0.658512634375 0.2380094015625 0.6736453609375 0.25692006875 0.67937809375 0.2751663078125 0.6649109109375 0.281158084375 0.65336898125 0.2781349375 0.6366662875
0 0.16382653593750002 0.5232353828125 0.14368102656249998 0.5140958765625 0.1265541859375 0.5179134828125 0.11195934999999999 0.5393184359375 0.110902328125 0.5607418203125001 0.12885522656249998 0.5822425484375 0.1429751640625 0.5814340390625 0.1589644921875 0.5732836203125 0.169780221875 0.56131244375 0.170005359375 0.5440148828125 0.16382653593750002 0.5232353828125
0 0.10605254374999999 0.580362165625 0.1043660515625 0.5698857921875 0.0954346640625 0.552562134375 0.072541109375 0.550624065625 0.059406253124999996 0.55813821875 0.052485237500000004 0.574732015625 0.055765425 0.60035640625 0.0639308125 0.6075646359375 0.075472940625 0.6136631312499999 0.091316271875 0.60690180625 0.10331815 0.5988004171875 0.10605254374999999 0.580362165625
0 0.2202589234375 0.5773852109375001 0.20941588125 0.5668827390625 0.187411940625 0.5678470265625 0.173688534375 0.5771718796875 0.1677544421875 0.5957419796875 0.17112742812499998 0.616694715625 0.1825635265625 0.6291321109375 0.198126921875 0.6306279140625 0.2079618078125 0.6261838703125 0.21952115781249998 0.618504109375 0.22697296718749999 0.593071415625 0.2202589234375 0.5773852109375001
0 0.1137053921875 0.47723913749999997 0.101184978125 0.463751521875 0.075684834375 0.4638801953125 0.067427053125 0.4742476625 0.0589746078125 0.48646723124999997 0.06097585 0.5128934968750001 0.072703925 0.52255269375 0.0870425046875 0.5283115203125 0.0962879296875 0.5254996125 0.10474946874999999 0.520771265625 0.11693238125000001 0.499580946875 0.1137053921875 0.47723913749999997
0 0.23342279531250001 0.5127608765625 0.2287708625 0.4926099984375 0.215166140625 0.4780721296875 0.20334982968749998 0.4768301859375 0.18672330937499998 0.4872543453125 0.17788604218749998 0.5069237281250001 0.1822992046875 0.5331353390625 0.1942035734375 0.540101584375 0.20598972187500003 0.5426474234375 0.221443646875 0.5395902859375 0.2318168171875 0.5280407359375 0.23342279531250001 0.5127608765625
0 0.277161434375 0.53233850625 0.2579100515625 0.5298469640625 0.2432529203125 0.540478115625 0.2350042625 0.5583367921875 0.23636369531249998 0.5832911640625 0.2535688015625 0.59324254375 0.2630105015625 0.5949865546875001 0.2803806453125 0.588853828125 0.28853208124999996 0.571921209375 0.288894040625 0.5457433296875001 0.277161434375 0.53233850625