0 0.8126907921875001 0.4212432875 0.8037737203124999 0.3998384640625 0.7859238671875 0.3899636875 0.7661557859375 0.3961740484375 0.7594947078125001 0.40056411093750005 0.7584498984375 0.42306315625 0.764667825 0.441386340625 0.7804552734375 0.4566769640625 0.7931750546874999 0.4586800765625 0.8043145796875001 0.452403553125 0.8128427 0.44055530000000004 0.8126907921875001 0.4212432875
0 0.783314528125 0.520105234375 0.779585409375 0.546955665625 0.79496365 0.5638904296875 0.81159703125 0.570738175 0.8358945765625 0.5580033890625 0.83781911875 0.5352926625000001 0.828175121875 0.5152527421875 0.8141635171875 0.5042371015625 0.7926772109375 0.5074163015625001 0.783314528125 0.520105234375
0 0.845281609375 0.6172915421875 0.8375003984375 0.61463468125 0.8198410796875001 0.6189509734375 0.806788175 0.630631715625 0.8017455015625 0.6460463859375001 0.8088628796874999 0.6675602734375 0.8272530453125 0.682018340625 0.8454315749999999 0.67693084375 0.8542727125 0.66865510625 0.8617418562499999 0.64822700625 0.845281609375 0.6172915421875
0 0.760968040625 0.695706896875 0.7466629453125 0.702405365625 0.7387030234374999 0.717602884375 0.7457254484375 0.7418107109375 0.7707310625 0.7600853671875 0.7889041234375 0.7487645625 0.795982721875 0.7266452328125 0.7862382859375 0.703065890625 0.7794277093749999 0.698403696875 0.760968040625 0.695706896875
0 0.850345178125 0.7354704609375 0.8341917859375 0.7439710796875 0.8272244109375 0.759512053125 0.8360985640624999 0.7886362296875 0.848849565625 0.8035056078125 0.8739281671875 0.7941530875 0.8850004531250001 0.7800183281249999 0.8806052031249999 0.7578760171875001 0.8703810187500001 0.7415326546875 0.850345178125 0.7354704609375
0 0.754651615625 0.8254983859375 0.7598252640625 0.8525594421875 0.7707299796875 0.8687456906250001 0.784831 0.8708341890625 0.8059267734375 0.8659638468749999 0.809307246875 0.840245 0.806473834375 0.8248673375 0.7880780015625 0.8041759468749999 0.76727231875 0.807198009375 0.754651615625 0.8254983859375
0 0.7173238109375 0.6218945265625 0.732796828125 0.636135415625 0.750980925 0.6372812328124999 0.76642081875 0.6141222 0.76532786875 0.587654853125 0.7444052328125 0.56843750625 0.7233205234375 0.571052265625 0.711556546875 0.5875997390625 0.7173238109375 0.6218945265625
0 0.69929195 0.46306740468749996 0.6881192328125 0.473662765625 0.6858990281249999 0.49198845625 0.7029393625 0.5192273578125 0.72394583125 0.523284190625 0.7444503828125 0.509643784375 0.7438427375 0.48217370937500004 0.7327428015625 0.46514187656250006 0.7144528953125 0.45422330468750005 0.69929195 0.46306740468749996
0 0.303276390625 0.9303517234375001 0.32361336406249996 0.9470322921875001 0.34247242031249997 0.9417877734375001 0.35363958906250004 0.9249590624999999 0.3420378375 0.8902300000000001 0.330262934375 0.879588565625 0.3064934921875 0.888859709375 0.2961592046875 0.908837821875 0.303276390625 0.9303517234375001
0 0.379190415625 0.8737903046875 0.3912297375 0.879763775 0.41902476093749996 0.8635495750000001 0.41842254843750004 0.84231288125 0.40556565000000006 0.8176708015624999 0.385725009375 0.8124541000000001 0.3618874078125 0.831956465625 0.3681328953125 0.8575481609375 0.379190415625 0.8737903046875
0 0.45951449218749996 0.9085318203125 0.47926581874999996 0.9226756703125 0.50414901875 0.9124776359375 0.50636375 0.887918609375 0.49787998437500003 0.8604856046875 0.474731634375 0.8533606828125 0.46090188281250005 0.8592273421875 0.44985940468749996 0.8760252625 0.45951449218749996 0.9085318203125
0 0.6064582093750001 0.8366516546874999 0.60143425625 0.8588445671875 0.603977634375 0.8760705609375 0.6190602609375 0.8886202750000001 0.6362737390625 0.8917715125000001 0.653180553125 0.8780709953124999 0.6531585140625 0.8531376828124999 0.6384552968749999 0.8298125421875 0.62095178125 0.82850963125 0.6064582093750001 0.8366516546874999
0 0.7168704875 0.76895745 0.700622071875 0.7575675625 0.6863317140625 0.76006040625 0.6794314640625 0.765131728125 0.6712708562499999 0.773250353125 0.668080075 0.793581428125 0.6785998296875 0.8143098453125001 0.6953335296875001 0.8246971328124999 0.714772721875 0.8157559484375 0.724779584375 0.8063203375000001 0.7168704875 0.76895745
0 0.5266455234375 0.8422659765624999 0.5520307 0.8497652328124999 0.5691272125 0.8306770015625 0.5660875484375001 0.8019871296875 0.549443178125 0.7826727515624999 0.5268859875 0.7843178156249999 0.512893271875 0.7910783968749999 0.51165230625 0.8207890953125 0.5266455234375 0.8422659765624999
0 0.6013626000000001 0.7778114296874999 0.62702676875 0.7709957046875 0.6319689515625 0.75204159375 0.6280591125 0.72889659375 0.6036390375 0.7131586234375 0.5954729578125 0.7150439109375 0.5820652734375 0.7309942359375 0.5822807625 0.751043815625 0.6013626000000001 0.7778114296874999
0 0.6301193765625 0.529804575 0.6230023015625 0.5521032109374999 0.6245241671875 0.5800824171875 0.6408729296875 0.5950117781250001 0.655169159375 0.5979458359375001 0.682668578125 0.5773466203125001 0.6753505953125 0.5487537609375 0.661238590625 0.53419865625 0.6482030390625 0.5274109671875 0.6301193765625 0.529804575
0 0.688158084375 0.0788210046875 0.6991643640625 0.1073697109375 0.7157486265624999 0.12182902031250001 0.7399321359375 0.1154875484375 0.7530861234375 0.0991263796875 0.7457167609375001 0.0769841109375 0.728863309375 0.051135375000000004 0.6975469828125 0.0567551 0.688158084375 0.0788210046875
0 0.7837267406249999 0.290515221875 0.7586049296875 0.27948429531249996 0.747049753125 0.2856584140625 0.737040303125 0.3083064515625 0.7403472437499999 0.3250750421875 0.75016305 0.34314608125 0.7742044296875 0.3446084875 0.7886628015625 0.331452575 0.7876485265625 0.309947003125 0.7837267406249999 0.290515221875
0 0.7186252609375 0.177237165625 0.7133514390625 0.18614213125 0.7163552703125 0.20648711875 0.732376825 0.22943696406249997 0.7504452500000001 0.2294732390625 0.7617678515625 0.21984639062500003 0.7678024406249999 0.2044275625 0.7657868828125001 0.1761403140625 0.7376785531250001 0.1643962984375 0.7186252609375 0.177237165625
0 0.7068408421875 0.3559529671875 0.6857025734375 0.3475087171875 0.6710904515625 0.3599988453125 0.6623853984375 0.38585218593750004 0.6732728328124999 0.4036757984375 0.6823860546875 0.40648082499999993 0.7016051109375 0.40905655156250004 0.719967921875 0.3957005078125 0.7184134656250001 0.36941066718750004 0.7068408421875 0.3559529671875
0 0.5682825078125 0.6077690046875001 0.5603077140625 0.6280848734375 0.5590675125 0.6444055921875 0.5759836984375 0.6666434390625 0.5915673124999999 0.666705740625 0.6106220687499999 0.6544635984375 0.6113427390624999 0.6302454203125001 0.605389784375 0.6117508875000001 0.5877432609375 0.6027532703125 0.5682825078125 0.6077690046875001
0 0.5163816531250001 0.7330884234374999 0.5330648109375 0.7304999265625 0.5395883593749999 0.7264676234375 0.54445079375 0.715240259375 0.546003971875 0.7043558078125 0.5410232078125 0.685717071875 0.5318181828124999 0.672263953125 0.5184838359375 0.6673427828125 0.49919245468750006 0.6719509828125 0.49261911875 0.6829979171875 0.49111597968750004 0.6985021734375 0.49761553750000004 0.71931645 0.50658591875 0.7273502875 0.5163816531250001 0.7330884234374999
0 0.1732844578125 0.8426020703124999 0.17451333125 0.8288452734374999 0.17275209375 0.812410509375 0.16451217812500002 0.79873458125 0.14869397499999998 0.791860653125 0.1294820859375 0.79376984375 0.12245588437499999 0.8049010390625 0.12095956562500002 0.82436775625 0.1252917265625 0.8372617328124999 0.1357412703125 0.8546378546875 0.1495792890625 0.8573376125 0.16455910468749999 0.8517740734375 0.1732844578125 0.8426020703124999
0 0.2649188984375 0.8711286312500001 0.2597983953125 0.8504170046875 0.249261828125 0.8385344281249999 0.226368946875 0.8362410203125 0.2123604828125 0.8443371203125001 0.2087415359375 0.862625459375 0.2162113953125 0.8891101921875 0.2248626875 0.9001649390625 0.2415959125 0.9021962562500001 0.253174246875 0.8965759703125 0.25914145 0.8871986406250001 0.2649188984375 0.8711286312500001
0 0.1797281921875 0.9042695546875 0.1593192140625 0.9039289187499999 0.1472806484375 0.9091271843750001 0.141781478125 0.9277664296875001 0.146308665625 0.9532464015625 0.1612592859375 0.9666361406249999 0.17992266562499998 0.968221875 0.19149579218749999 0.9567082515625 0.1960312765625 0.9396618546875001 0.1922872390625 0.91610625625 0.1797281921875 0.9042695546875
0 0.38923762968750003 0.7488141390624999 0.393588546875 0.7309682875 0.3880541 0.7099311890625 0.3780738265625 0.7033936140625 0.36832550468749997 0.6993286578125 0.3528816421875 0.6999469421875 0.3447344328125 0.706188565625 0.3387401953125 0.7179479640624999 0.3382970515625 0.736575740625 0.3467215609375 0.75105113125 0.3633703046875 0.76152263125 0.3788589765625 0.759630921875 0.38923762968750003 0.7488141390624999
0 0.2327583171875 0.7344161171875 0.22222692031250002 0.7284268 0.198967540625 0.7274811515625 0.188955434375 0.73695019375 0.1851900359375 0.741187796875 0.18791894375 0.7603463828125 0.1935879328125 0.7775630890625 0.2083513828125 0.7872067578124999 0.23018164218749998 0.7834299296875 0.23784701875 0.77113438125 0.2388887453125 0.753631528125 0.2327583171875 0.7344161171875
0 0.14910516406250002 0.7389927875 0.15382524375 0.7227458671875 0.15141655468749998 0.71242921875 0.14004824375 0.685086184375 0.1220282546875 0.683351959375 0.100387734375 0.6938215046875 0.098286065625 0.7082008609375 0.106586459375 0.7382831421875 0.118040703125 0.7482697609375 0.1324298140625 0.7504212109374999 0.14910516406250002 0.7389927875
0 0.1877885875 0.613014496875 0.1765794 0.62023373125 0.1639014984375 0.629897190625 0.1672315296875 0.653127340625 0.1795690171875 0.6742779796875 0.1982850859375 0.6834301218750001 0.21615230468750002 0.6683582453125 0.2159969296875 0.6486055093750001 0.212854034375 0.629121465625 0.20305571875 0.62043670625 0.1877885875 0.613014496875
0 0.29920951875 0.66560331875 0.285229178125 0.6578840453125 0.265061903125 0.661546496875 0.2555912046875 0.6689368484375 0.24852699375 0.685303953125 0.2562685125 0.707094609375 0.26947353125 0.7217294187500001 0.2871744515625 0.7264845656250001 0.301321115625 0.714376825 0.3064499390625 0.6925620718750001 0.29920951875 0.66560331875
0 0.124022821875 0.581334425 0.11487047187499999 0.5754477453125 0.09729051250000001 0.5737337828125 0.079439421875 0.5848907484375 0.078352878125 0.6036671 0.087062046875 0.628181590625 0.101134671875 0.6363005921875 0.1168553703125 0.636881521875 0.12948846875 0.6284915171875001 0.1334624375 0.6002068171875 0.124022821875 0.581334425
0 0.143179953125 0.51754580625 0.1409489765625 0.5416388000000001 0.15287245 0.562463959375 0.17246132187500002 0.570993565625 0.19028630156249998 0.56014179375 0.196707153125 0.5439232234375 0.18960382343749999 0.5160907625 0.17649626406250002 0.5077489578125001 0.155536190625 0.5079566062499999 0.143179953125 0.51754580625
0 0.2837852625 0.56592309375 0.264001428125 0.5448074734375 0.2425016109375 0.5473184734375 0.23013919062500002 0.5610458687500001 0.23121482656249998 0.58184924375 0.23568411875 0.5938694812499999 0.2500388171875 0.6090809562499999 0.25905139374999997 0.6128946984375 0.276098521875 0.60601184375 0.2867910234375 0.5862808625 0.2837852625 0.56592309375
0 0.3708023921875 0.6228828640625 0.3627365953125 0.5982198734375 0.34579800625 0.5869804937499999 0.325726325 0.589080896875 0.318332559375 0.5966823671875 0.3142162859375 0.6199475109375 0.32168085468749996 0.640538965625 0.339481909375 0.654533746875 0.355843409375 0.6520195078125 0.364571328125 0.64579415625 0.3708023921875 0.6228828640625
0 0.45842826875 0.6625182234375 0.4519261078125 0.638757321875 0.43274601874999996 0.624659859375 0.420658809375 0.626608346875 0.40970338906250003 0.6343147859375 0.40366958124999996 0.6469509453125 0.406722803125 0.6689819015625 0.4154715828125 0.686329678125 0.42788829687499996 0.6931468187500001 0.44705275 0.6895644484375001 0.456371403125 0.675624125 0.45842826875 0.6625182234375
0 0.523832534375 0.6053150375 0.5251088562499999 0.593231390625 0.515471040625 0.56581865 0.500623728125 0.5576228875 0.48734203281250005 0.5602681625 0.476686546875 0.5698857562499999 0.47395188906249996 0.59620020625 0.48155103437499996 0.6129713296875 0.49677591562499995 0.624613590625 0.512952825 0.621299890625 0.523832534375 0.6053150375
0 0.5328592078125001 0.5211293734375 0.539031840625 0.5361246515625 0.5502593390625 0.549531865625 0.567469475 0.55002223125 0.5794911296875 0.5469935125000001 0.5874729703125 0.5287304328125 0.582766453125 0.5083442671875 0.568409125 0.49018618125 0.5485512499999999 0.4892972859375 0.535279990625 0.5037291140625 0.5328592078125001 0.5211293734375
0 0.6093517421875 0.42389420937500005 0.597322403125 0.43930243437499994 0.6023135749999999 0.46972769062499997 0.6174514 0.4868635265625 0.63744378125 0.4839320671875 0.6480549953125 0.4797565828125 0.6540268453125 0.472103903125 0.659023796875 0.45705613906250003 0.6528959703125 0.4407874234375 0.6446085984375001 0.425438325 0.6286981265625 0.41816464218749994 0.6093517421875 0.42389420937500005
0 0.432290346875 0.577188184375 0.43751667968749997 0.5616664499999999 0.4371793390625 0.544060878125 0.42456502343749997 0.5217110703125 0.4046692765625 0.5184102953124999 0.3898195953125 0.5267854421875 0.38311930312500003 0.5388581765625 0.3835489453125 0.5568634593749999 0.392208046875 0.5767581359375 0.4080288578125 0.5865786984375 0.4243903578125 0.5840644609375001 0.432290346875 0.577188184375
0 0.47074175 0.4487372640625 0.45512113750000005 0.4573959828125 0.4474325265625 0.4725170921875 0.4523072375 0.4980438734375 0.46574169843749996 0.5122046859375 0.48091130312499997 0.5133338875 0.49487861874999994 0.5063199703125 0.5023093375000001 0.48860514843749997 0.49594433125000004 0.4639705171875 0.4833378203125 0.45046060781249997 0.47074175 0.4487372640625
0 0.3410990421875 0.5300338171875 0.34825290781249996 0.5111198156250001 0.3458008546875 0.49316041562499996 0.33558333125 0.47825690625000006 0.31936129375 0.47412136406250005 0.3022143671875 0.48048729687499997 0.29211778437499997 0.49839654062500005 0.29641294687499997 0.521403884375 0.30395941249999997 0.5306085296874999 0.3164235921875 0.539098878125 0.3288799171875 0.5387493046875 0.3410990421875 0.5300338171875
0 0.41170435781250003 0.4256708546875 0.39730222187500003 0.40878620000000004 0.3789578953125 0.40417959375 0.36268017656249996 0.4157770765625 0.36031538125 0.42616701093750003 0.3635109328125 0.45321753124999997 0.3736361453125 0.467721303125 0.3933595203125 0.47243055 0.40489302031249996 0.46808367031250003 0.4150370859375 0.4518476390625 0.41170435781250003 0.4256708546875
0 0.3193550765625 0.4204662109375 0.3259578609375 0.4021004453125 0.32469809375 0.3866295875 0.310896715625 0.367684521875 0.2913130625 0.36504819374999997 0.27376489375 0.3770991734375 0.27328211874999997 0.40289367656249997 0.28202829375 0.4172948359375 0.2962881125 0.42915990156249995 0.31141028125000003 0.428615915625 0.3193550765625 0.4204662109375
0 0.262167265625 0.4648255859375 0.252999265625 0.441259096875 0.24154501874999998 0.43127248281249997 0.223938996875 0.4298637140625 0.2073840875 0.43978114843749994 0.20245128124999998 0.45713934375000004 0.2117615953125 0.48572540000000003 0.2260187875 0.49464385625 0.2364104640625 0.49856025312499996 0.2520811234375 0.49452138124999995 0.259287684375 0.48317381875 0.262167265625 0.4648255859375
0 0.0834614546875 0.5258716796875 0.09940896406250001 0.523031971875 0.10831107031250001 0.50581955625 0.10594866875 0.48531324375 0.09324504375 0.46376244843750003 0.08004485156249999 0.456768790625 0.067221975 0.4584661 0.057209864062500004 0.46793512187499997 0.0529960453125 0.48490728125000004 0.056555537499999996 0.5076634203125 0.070034825 0.5205507796875 0.0834614546875 0.5258716796875
0 0.166134940625 0.40110540937500005 0.1509549 0.3881896671875 0.13611217656250002 0.39287947968750003 0.1219707484375 0.410880471875 0.119932996875 0.42252843125000006 0.1237397921875 0.436155159375 0.133954728125 0.4481120234375 0.1466931078125 0.45485492812499995 0.16080013906249999 0.44991390625000005 0.1734280359375 0.4356306046875 0.17116313593750002 0.4214172953125 0.166134940625 0.40110540937500005
0 0.18829516875000002 0.33233496093750003 0.1825469984375 0.35184469375 0.1916279125 0.3809047421875 0.2121792375 0.38626489375 0.2328124015625 0.380238296875 0.2381784796875 0.36678940625 0.236963125 0.34391310937499997 0.2279401078125 0.3283128140625 0.21133875624999998 0.31951451406250003 0.18829516875000002 0.33233496093750003
0 0.3618216359375 0.36224308125000004 0.381676925 0.360185334375 0.39090331875 0.345845278125 0.391578496875 0.32969007499999997 0.3892687515625 0.31675023593749996 0.381674853125 0.30587240625 0.365163240625 0.294527175 0.343978921875 0.3011020921875 0.3394856109375 0.31392841250000003 0.3355486859375 0.3320997328125 0.3425070296875 0.3519660078125 0.3618216359375 0.36224308125000004
0 0.3042605390625 0.296377671875 0.30425273750000004 0.28753777187499996 0.3006958515625 0.2677282515625 0.28854818125000004 0.2532703796875 0.2706204765625 0.25193585937499996 0.25720682031250003 0.26134815625 0.2509494609375 0.2718965125 0.2517166671875 0.29040391875 0.258537921875 0.311143909375 0.27706940156250004 0.3194966140625 0.289844828125 0.316126159375 0.296136346875 0.3096212140625 0.3042605390625 0.296377671875
0 0.060654103125000004 0.412405509375 0.076738746875 0.4086920765625 0.08265852500000001 0.3976416109375 0.08686971875 0.377722840625 0.0788065640625 0.356006440625 0.0669409703125 0.3486410296875 0.0481896203125 0.34619665781250003 0.0372054703125 0.35340083125 0.030048971875000004 0.36936819375 0.0315833984375 0.389223578125 0.037613721875 0.39919929375 0.049988204687499996 0.41023655468750003 0.060654103125000004 0.412405509375
0 0.208316340625 0.21652213437499998 0.1907499234375 0.2079466265625 0.17234499375 0.21041946406249998 0.1621823671875 0.2339095375 0.1675374875 0.2600404453125 0.18230353906250002 0.27263073125 0.1957275640625 0.2750050046875 0.20978716249999999 0.2683908015625 0.2164373859375 0.25169824531249996 0.21766369375 0.23499479843749999 0.208316340625 0.21652213437499998
0 0.048247340625 0.301053834375 0.059366859375000004 0.2963815265625 0.06266303281249999 0.281305378125 0.059607204687500005 0.2563277828125 0.047549209375 0.239322984375 0.0339406125 0.2361492578125 0.017883475 0.24134017187499998 0.0092281375 0.2553276828125 0.010483103125 0.2710372484375 0.0164738 0.2881796953125 0.021444120312500002 0.2950318578125 0.03648183125 0.3029280515625 0.048247340625 0.301053834375
0 0.1140900796875 0.16796325781250002 0.0964814421875 0.1636078421875 0.085870790625 0.1719520046875 0.07531280781250001 0.187862596875 0.077932421875 0.2108883796875 0.0838926640625 0.2220907078125 0.098608678125 0.230061184375 0.1152022 0.230019565625 0.1260870796875 0.2199279734375 0.129612675 0.2043778359375 0.12646717031250002 0.18194715156250002 0.1140900796875 0.16796325781250002
0 0.24558720156249997 0.1401309671875 0.230794540625 0.1494405921875 0.2263791625 0.16381998281250001 0.2295364546875 0.1821506796875 0.2394322734375 0.19712845 0.2540586078125 0.20764583124999997 0.2755145359375 0.19637682031249998 0.283219528125 0.1769145703125 0.275243415625 0.14970461875000002 0.2597891328125 0.1385363234375 0.24558720156249997 0.1401309671875
0 0.31885639062500004 0.191287225 0.3159790046875 0.2131389859375 0.3221120109375 0.235300996875 0.33558871875 0.24524175 0.354573784375 0.246753146875 0.36600456718749996 0.2302200078125 0.366674534375 0.208171565625 0.3522645921875 0.18244698125 0.328546396875 0.18244931874999998 0.31885639062500004 0.191287225
0 0.40607399062500005 0.23229155625 0.3998084171875 0.251888175 0.40649253906249994 0.2735019015625 0.41974241093750003 0.28686327500000003 0.43050581093750007 0.29532522656250004 0.45338299062500004 0.2799388 0.45529750937499996 0.26181337031249996 0.446857384375 0.2296581421875 0.42161780625 0.2245382640625 0.40607399062500005 0.23229155625
0 0.540855384375 0.31037996875 0.5424982421875 0.29694863125 0.5368292703125 0.2797318921875 0.5227092125 0.269939725 0.5052325078125001 0.27053911406250003 0.4884304015625 0.282906009375 0.48853573125 0.29803891875 0.496509253125 0.322302221875 0.5078263421875 0.33316255625 0.527267640625 0.33077934062500003 0.5367312531249999 0.32480518593749996 0.540855384375 0.31037996875
0 0.5510301531249999 0.3808698546875 0.5304788281249999 0.3755096890625 0.51672965625 0.386373359375 0.5109661140624999 0.401066259375 0.5107971765625 0.4179466234375 0.5234537328125 0.43607634375000004 0.5377109265625 0.4449948015625 0.554299209375 0.43905991718750004 0.56743596875 0.428448471875 0.565851490625 0.403973234375 0.5510301531249999 0.3808698546875
0 0.4681710734375 0.3477911453125 0.45267195625 0.337896284375 0.44268909062499995 0.3380612796875 0.4263009484375 0.352826240625 0.422685678125 0.37092330156250003 0.4330033125 0.395066428125 0.4484101609375 0.404561546875 0.46472420156250005 0.4003741234375 0.47607052968749997 0.3922811765625 0.4774761625 0.3704839109375 0.4681710734375 0.3477911453125
0 0.6019425859374999 0.309328928125 0.5857656578125 0.312642634375 0.5791189953125 0.3198346734375 0.57540529375 0.34408588125 0.5903189156249999 0.367588990625 0.61114970625 0.377094975 0.6209798359375001 0.36977314843750003 0.6277249687500001 0.3564269109375 0.6306097687500001 0.343971959375 0.6202869078125001 0.3139355234375 0.6019425859374999 0.309328928125
0 0.6502895296875 0.245107284375 0.6459104734375 0.2666125578125 0.649517340625 0.2910419203125 0.6703955609375 0.302221075 0.692684659375 0.297496246875 0.6981404046875 0.281500503125 0.6978030921875 0.2638949484375 0.686892125 0.24452019374999998 0.6689591515625 0.2372923921875 0.6502895296875 0.245107284375
0 0.6116373484375 0.23410583125 0.6021450984375 0.207666953125 0.5885735265625 0.19437986875 0.5753340546875 0.19280506875 0.5663752390625 0.19860077812500002 0.557284825 0.210024115625 0.5552728109375 0.221856565625 0.556301009375 0.240986771875 0.569184321875 0.25569583906250004 0.590236725 0.255887915625 0.603879753125 0.2460016359375 0.6116373484375 0.23410583125
0 0.646608025 0.11993158749999999 0.6320870015625 0.12454712812499999 0.6218895046874999 0.1336493265625 0.62167656875 0.151370559375 0.6315380015625001 0.1794083296875 0.648785346875 0.191004734375 0.6666181328125 0.188992871875 0.6782731171874999 0.1660924828125 0.674803340625 0.14078940625 0.657730175 0.1182059140625 0.646608025 0.11993158749999999
0 0.56364883125 0.07761323125 0.5444870125 0.0841422546875 0.531472478125 0.0985971375 0.5345431765625 0.11885759843749999 0.5422346234375001 0.1360284296875 0.558427209375 0.15039455625 0.57690081875 0.1452875234375 0.5897555031249999 0.127583596875 0.5895526421875 0.1061576640625 0.5804347515625 0.0872109859375 0.56364883125 0.07761323125
0 0.497352475 0.21754508593750002 0.5112327234375 0.2160247078125 0.5216561796875 0.20393447187499997 0.5223762140625 0.186505840625 0.506861446875 0.15893117968749998 0.49435505312499994 0.154660921875 0.48267921718749995 0.153988228125 0.469081059375 0.1626010484375 0.4658297125 0.176403746875 0.46860347031250005 0.194288884375 0.4816291640625 0.21401751249999998 0.497352475 0.21754508593750002
0 0.40800690156249997 0.178385271875 0.41875986875000004 0.17506068749999998 0.42941013437500003 0.1595498140625 0.43165155312500003 0.14724340625000001 0.42952640000000003 0.13510300625 0.41750802656249997 0.11093145625 0.3990740265625 0.10887176406250001 0.3846004625 0.11516048906250001 0.3765263390625 0.13302385156250002 0.3742875328125 0.14827691406250001 0.38947798749999996 0.17297921562500002 0.40800690156249997 0.178385271875
0 0.48146587968750004 0.755974378125 0.4696187796875 0.7426428281249999 0.4592308734375 0.7335215546875 0.4416892953125 0.7387839296875 0.4346262328125 0.746174321875 0.424463521875 0.7591306328125 0.43160505625 0.789008928125 0.44116627187499996 0.7977147640625 0.454855734375 0.8042549375 0.46899235 0.800734675 0.476557503125 0.7959101015625001 0.4821958765625 0.78551405 0.48561738906249996 0.77290145625 0.48146587968750004 0.755974378125