0 0.1379050671875 0.12345782187500001 0.1387998265625 0.105181515625 0.13539247031249999 0.0999135234375 0.1300351984375 0.0917168890625 0.11879508125 0.0830287609375 0.10599456562500001 0.0822957046875 0.0913375046875 0.09065158749999999 0.0843934875 0.1058561015625 0.0833722328125 0.1204092671875 0.09144804375 0.131561396875 0.099633590625 0.1395707421875 0.1213644328125 0.1402096734375 0.1298496109375 0.1337605734375 0.1379050671875 0.12345782187500001
0 0.11718238750000001 0.1439022828125 0.1002824953125 0.1430260734375 0.0889861046875 0.1506411484375 0.082201721875 0.16127434062499998 0.08112738281250001 0.1846933828125 0.086947184375 0.1943364703125 0.0966400640625 0.2032566203125 0.115589628125 0.20420438125 0.1231893359375 0.19960683125 0.12941141875 0.190384271875 0.13638216718750001 0.18175997500000002 0.1364579859375 0.1671814640625 0.127880140625 0.1534296359375 0.11718238750000001 0.1439022828125
0 0.1844926015625 0.1556926359375 0.1862657109375 0.1343003890625 0.177657534375 0.1237017828125 0.1669897125 0.113317309375 0.15087840156250001 0.11189653749999999 0.1409995546875 0.12299378125 0.1313569546875 0.1346713734375 0.1306585578125 0.1546708765625 0.1378092734375 0.16293015 0.148763421875 0.1729715953125 0.165140746875 0.1736104671875 0.175066303125 0.168522025 0.1844926015625 0.1556926359375
0 0.1623635296875 0.23844811250000003 0.172239178125 0.2347881953125 0.1794194484375 0.22016404218750002 0.1807966890625 0.20276274375 0.174327996875 0.1896643484375 0.1649112734375 0.1801817296875 0.144660696875 0.179760628125 0.133560659375 0.18909888749999998 0.1252889078125 0.198249875 0.125165790625 0.215030865625 0.13167138750000001 0.22850857812499997 0.1403294484375 0.237678665625 0.1623635296875 0.23844811250000003
0 0.111018928125 0.2689793828125 0.122345259375 0.26050718906250003 0.1302742109375 0.246481296875 0.13102927343749998 0.23220488437500003 0.12264059375 0.21532072812499997 0.115499834375 0.206775771875 0.09832378124999999 0.2064620015625 0.0843854734375 0.21627327031250002 0.07703878593749999 0.2283171140625 0.0762917140625 0.2462013546875 0.0836276046875 0.2600133171875 0.0946314671875 0.2681210703125 0.111018928125 0.2689793828125
0 0.122868046875 0.2822656640625 0.130854065625 0.2959891640625 0.1413922609375 0.3027779921875 0.158322075 0.30279707031249997 0.169155928125 0.293735575 0.17707490312500002 0.279995384375 0.177800034375 0.266576084375 0.17135129375 0.25290628593750003 0.1629520625 0.2442245484375 0.140356203125 0.2442588609375 0.1294524890625 0.25532031875 0.12327033125 0.2634000515625 0.122868046875 0.2822656640625
0 0.17222783749999998 0.33064727656250004 0.169206390625 0.3216740375 0.1604118484375 0.3090665359375 0.136574328125 0.30852016875 0.1271113203125 0.3150550453125 0.1178247 0.323884528125 0.117608803125 0.3447590453125 0.12528870625 0.3599021234375 0.1372276203125 0.3706170375 0.14955839531249998 0.370619978125 0.1624790734375 0.3600566140625 0.17166911875 0.3466468734375 0.17222783749999998 0.33064727656250004
0 0.12350521875 0.3595537828125 0.11722287499999999 0.3484642875 0.1080224671875 0.3401334484375 0.08778186875 0.33942663125 0.0776100953125 0.344220421875 0.0685996375 0.3524874375 0.0666768515625 0.37816529375 0.0744864671875 0.38959418281249997 0.08088853124999999 0.3972551890625 0.10318877500000001 0.39774788125 0.1145350484375 0.38870426875 0.12270025312499999 0.375258728125 0.12350521875 0.3595537828125
0 0.166170146875 0.41596634374999997 0.1668086828125 0.39768109375 0.1588925265625 0.3819576484375 0.14918966875 0.373323203125 0.1322698328125 0.3730184125 0.1227469578125 0.38126753281250003 0.112059565625 0.3934807578125 0.11148089218749999 0.41005178124999997 0.116245915625 0.4205161890625 0.1290816578125 0.43351516874999996 0.14858184531250002 0.434803934375 0.156990096875 0.42909039531250004 0.166170146875 0.41596634374999997
0 0.11835225 0.4263108546875 0.1110849875 0.4140427265625 0.10221062656249999 0.4037208828125 0.08555697343749999 0.403139325 0.0707235265625 0.4092006046875 0.0630408125 0.4235211578125 0.0625487453125 0.44495814375 0.06986589374999999 0.4557977125 0.0788300453125 0.46354820781250006 0.096913975 0.463839615625 0.1080511609375 0.45684511875 0.11648254843750001 0.443122821875 0.11835225 0.4263108546875
0 0.1620351125 0.46091990312500003 0.1558625328125 0.44668762656250005 0.14337129843750002 0.43709764375000004 0.130540840625 0.43722170781249997 0.11869211875 0.44596174218750007 0.1101042984375 0.4568179984375 0.109356015625 0.4782460234375 0.1141310171875 0.488424715625 0.1235177859375 0.49876445468749997 0.1434697234375 0.49905730937500004 0.153507553125 0.4920882296875 0.1601055484375 0.479446134375 0.1620351125 0.46091990312500003
0 0.1124546625 0.49222085625 0.10703075 0.47858682343750003 0.0986887578125 0.46771145625 0.078704384375 0.4670135859375 0.0682564296875 0.472369859375 0.05795494375 0.480877840625 0.057579403125 0.5063236734375 0.06503304062500001 0.5206006890625 0.0780566515625 0.5296371515625 0.0901236609375 0.5297142734375 0.101158665625 0.5218622234375 0.11141344375 0.507345428125 0.1124546625 0.49222085625
0 0.10402582812500001 0.5425987921875 0.1093531703125 0.5516525484375 0.117971321875 0.561965446875 0.13795569531250002 0.5626633171875 0.150217075 0.5567982765624999 0.15840364375 0.542740928125 0.15972100312499998 0.527053871875 0.15152868749999998 0.5118928890625 0.1398360015625 0.5014726265625 0.1238306125 0.501230384375 0.11129230781249999 0.5108143203125 0.10474418125 0.5220278781250001 0.10402582812500001 0.5425987921875
0 0.0539223859375 0.5743176375 0.062529065625 0.5849591421875 0.0735628625 0.5922097875000001 0.0858709296875 0.5923535453125 0.100557909375 0.5831405296875001 0.10664349531249999 0.57048054375 0.10652338593749999 0.5518827374999999 0.10053717656250001 0.5396593578125 0.09193339218749999 0.53299371875 0.072358746875 0.5311949609375 0.0613285484375 0.53853326875 0.055342728125 0.5483361828125 0.0539223859375 0.5743176375
0 0.098302303125 0.60365775625 0.1040522421875 0.615300771875 0.111625615625 0.626149309375 0.13598552656250001 0.626427846875 0.14545851406250002 0.6196072640625 0.153061396875 0.6075723859375 0.1544885265625 0.5887425609375 0.1465224671875 0.574447653125 0.13375506875 0.565420128125 0.1190619203125 0.5643167499999999 0.1075087046875 0.5750876421875 0.09995568437499999 0.5856940046875 0.098302303125 0.60365775625
0 0.1489301 0.6524189 0.14274754218750002 0.6384723328125 0.1327984546875 0.6295432375 0.1174258515625 0.6290064140625 0.1066817890625 0.6354965609375001 0.09777788125 0.6480581328125 0.0969298265625 0.672343240625 0.10299585625 0.6822809624999999 0.1108952765625 0.6911384859374999 0.1303452015625 0.69121655625 0.1391115140625 0.6838281984375 0.1477192890625 0.6724005046875 0.1489301 0.6524189
0 0.09936902343750001 0.6832985375 0.0932263546875 0.66820913125 0.08579945781250001 0.6605123359375 0.06508635625 0.6586447921875 0.0582053984375 0.6646977484375001 0.0477742125 0.6769199109375 0.0470558609375 0.6974908296875 0.05096246250000001 0.71049975 0.0607351609375 0.7171342359375 0.08259411562499999 0.7177805687500001 0.09124730625000001 0.7101902 0.0977555296875 0.700119453125 0.09936902343750001 0.6832985375
0 0.071154403125 0.5950663046875 0.0615249734375 0.5990208703125 0.050531485937499995 0.612653696875 0.0495269953125 0.634072784375 0.054804432812500005 0.644555075 0.061186540624999994 0.65278749375 0.08653138437499999 0.6542446734375 0.09572821249999999 0.64798655625 0.1033111421875 0.636523071875 0.1042300171875 0.6216912859375 0.09689873437499999 0.6071214875 0.0885467625 0.596531821875 0.071154403125 0.5950663046875
0 0.09395059375 0.742965821875 0.09063303125 0.7351264671875 0.082014878125 0.7248135687499999 0.05896595 0.7237226328124999 0.0487043828125 0.7310877828125 0.043773325 0.7400693656249999 0.0419104125 0.76403298125 0.04676523125 0.7719260203125 0.0574629953125 0.7814533625 0.0749051703125 0.7818370421874999 0.08571912968749999 0.7730002578125 0.092889440625 0.75866181875 0.09395059375 0.742965821875
0 0.119775903125 0.8188142078125 0.133438059375 0.8095654296875001 0.1423718796875 0.7961467296875 0.1441418109375 0.782191809375 0.137613253125 0.7708076671875 0.1282863265625 0.75875368125 0.1108939828125 0.7572881609375 0.098582715625 0.7645817484374999 0.089915078125 0.777723678125 0.08851305781249999 0.7962493187499999 0.09674015 0.8100002421875001 0.10722160781250001 0.8183758031249999 0.119775903125 0.8188142078125
0 0.141340071875 0.8477316453125001 0.1352074015625 0.8323565343749999 0.1260768171875 0.8220257421875001 0.1060824671875 0.8216135781249999 0.09639316249999999 0.8272823812500001 0.08663084062500001 0.8423884765625 0.08596237343749999 0.8615308687500001 0.09134955781250001 0.8688703828125 0.0981842265625 0.8788349249999999 0.122125165625 0.8806881859375 0.13484540625000002 0.8721056234375 0.141463378125 0.8588921015625001 0.141340071875 0.8477316453125001
0 0.19008264531250002 0.8182537015625 0.1858300296875 0.8078072234375 0.176246915625 0.795744278125 0.15546395625 0.7958766890625 0.148080565625 0.8016260140625 0.139256471875 0.8119019484375001 0.138202096875 0.8347495671875 0.146228021875 0.8473302125 0.1561771078125 0.8562593109375 0.169789003125 0.8566226546875001 0.180560153125 0.8485291171875 0.1892078546875 0.8359586 0.19008264531250002 0.8182537015625
0 0.21680629375 0.8904147625000001 0.22804283125000002 0.8845139171874999 0.23664063125 0.8733719359375 0.23772495624999998 0.8496672015625 0.22940289531250002 0.8382204171875 0.2207348578125 0.8293360562500001 0.20536225468749997 0.8287992328125 0.1908716171875 0.8397354328125 0.18344511875 0.8540649234375 0.18293946875 0.8749499281249999 0.19062616875 0.8834933484375 0.2009312359375 0.8895743218750001 0.21680629375 0.8904147625000001
0 0.2895134828125 0.8251585718750001 0.2832910171875 0.8123548406250001 0.27232706093750003 0.80310424375 0.255683384375 0.8022369796875 0.2439444125 0.8078342093750001 0.23526679687500002 0.8212618453125 0.2343121921875 0.8412524109374999 0.24235805 0.8532616515625 0.2537945109375 0.8636729671875001 0.267706584375 0.8629009 0.281548221875 0.8549162562499999 0.28869855625 0.8411492218750001 0.2895134828125 0.8251585718750001
0 0.25921926093750003 0.7377118984375 0.24500478593750002 0.7480856328125001 0.23756831250000002 0.762700825 0.2378281171875 0.7772987390625 0.246090271875 0.7904597609375 0.25632551875 0.7985406859374999 0.27089955468750004 0.7999077890625 0.2840891875 0.78949826875 0.291169684375 0.7777311890624999 0.290773325 0.76257325 0.28304360625 0.7459813093750001 0.2738232484375 0.73822188125 0.25921926093750003 0.7377118984375
0 0.2943092765625 0.695170765625 0.2908253015625 0.684751103125 0.2791027046875 0.6751879625 0.26096167812500004 0.6731241875 0.251734921875 0.6802394281249999 0.2422587375 0.6944973421875 0.241680065625 0.711068359375 0.24966606093750002 0.7247918453125 0.2608263609375 0.735765640625 0.2737454 0.73589126875 0.2870627671875 0.7263838218750001 0.293640809375 0.714313146875 0.2943092765625 0.695170765625
0 0.2446847453125 0.7238931625 0.2367885046875 0.7075983171875 0.2270357765625 0.70039240625 0.21395907187500002 0.7002218109375 0.20325492343749998 0.7055691265624999 0.1945374 0.7201395953125 0.193256728125 0.742121146875 0.1982879578125 0.7523087875 0.2048763734375 0.761978696875 0.22699265937500002 0.7614180625 0.236955715625 0.75423121875 0.24457857500000002 0.741624915625 0.2446847453125 0.7238931625
0 0.223670675 0.8261393453125001 0.23157647187500002 0.820122196875 0.23993803906250002 0.8083998515624999 0.2407661390625 0.784686159375 0.2340013109375 0.772721653125 0.220927821875 0.7651137296875 0.207102453125 0.7643448765625 0.1941590484375 0.7750490546875 0.1876408484375 0.7854054921875 0.1872669515625 0.806130378125 0.19396348593749999 0.81737844375 0.20315391562500001 0.825994996875 0.223670675 0.8261393453125001
0 0.195932175 0.7536568031249999 0.1884286609375 0.7408083249999999 0.181297878125 0.7319776453125 0.1592837734375 0.730636790625 0.149072078125 0.736573409375 0.14199158437499998 0.7483404859375 0.140770778125 0.7686077984375 0.1470930109375 0.77855446875 0.154696315625 0.788545875 0.1750774390625 0.7878366609375 0.186036953125 0.779914421875 0.1948310953125 0.7704956265625 0.195932175 0.7536568031249999
0 0.15254373125 0.6720239796875 0.14392597812500002 0.6837373765625 0.1426652640625 0.7051475171875 0.15739933125 0.723969603125 0.18070446406250001 0.7250694890625 0.19027724375 0.71539183125 0.1975840125 0.70449081875 0.19869756875 0.690029865625 0.1924326796875 0.6757053765625 0.1826998875 0.6679280578125 0.1632379046875 0.666962384375 0.15254373125 0.6720239796875
0 0.1299976390625 0.6932629343750001 0.11639854218750001 0.69336015625 0.10302254531249999 0.701760771875 0.094404790625 0.7134741703125 0.09364652968750001 0.7351879109375 0.098441484375 0.744795196875 0.106843340625 0.753956334375 0.1286112203125 0.7550025171875 0.1377781140625 0.7496015171875 0.14600957187500002 0.7385778578125 0.1464553296875 0.7141475890625 0.13963065937500002 0.703897321875 0.1299976390625 0.6932629343750001
0 0.333051484375 0.8607037265624999 0.32804021250000004 0.8499446921875 0.32145179375 0.840274765625 0.3019898078125 0.8393090781250001 0.2906734546875 0.84749556875 0.2821454953125 0.85663760625 0.2810512125 0.8806280546874999 0.28612233125 0.8896728578124999 0.29201197031250004 0.8973159921875 0.3197201984375 0.897951825 0.325548753125 0.8919078375 0.3330618421875 0.88244430625 0.333051484375 0.8607037265624999
0 0.3796318234375 0.8637606265625 0.3846027890625 0.85363620625 0.38573378125 0.8359402656249999 0.38101864218750003 0.8240473250000001 0.3724004875 0.8137344265625 0.34857294687499996 0.8129023515625 0.3385177078125 0.8217049953125001 0.330442296875 0.8325791671875 0.329763853125 0.8520072531249999 0.3383620515625 0.8628915562499999 0.3508333359375 0.8730529546874999 0.3656635734375 0.8744290156250001 0.3796318234375 0.8637606265625
0 0.432803778125 0.8690500875 0.42627522031250004 0.857665965625 0.41432632968750005 0.8472367593750001 0.397908946875 0.8472355421875 0.3860003625 0.8576898156249999 0.3769400203125 0.86738535625 0.3772564875 0.887706346875 0.3830264046875 0.8987779375 0.39550764374999997 0.90865363125 0.413644396875 0.9083789484375 0.42525115625 0.9016827328125 0.43229176562499994 0.8910585 0.432803778125 0.8690500875
0 0.4214791015625 0.7819797875 0.4007061171875 0.7818264921875 0.39014842656250004 0.7903255406249999 0.38052578125 0.8014317312499999 0.379750765625 0.8162795484375 0.3878832421875 0.8331547734375 0.3977924015625 0.843226690625 0.41497846093749996 0.843254728125 0.42641132031250006 0.839077109375 0.434014228125 0.827042196875 0.4347370421875 0.8008206796874999 0.4299208484375 0.78999808125 0.4214791015625 0.7819797875
0 0.39040915 0.7846838921875 0.3915301640625 0.7672736703124999 0.38552400625 0.7556217203125 0.37639345 0.745290940625 0.3553742796875 0.744842990625 0.34566503437499996 0.7510832125 0.3364051578125 0.7664928843750001 0.33686130468750003 0.7828139609375 0.3435562875 0.7967784 0.35347543125 0.8065646171875 0.36709444687500004 0.8058959781249999 0.380460471875 0.7977810734374999 0.39040915 0.7846838921875
0 0.33200409531249997 0.826410790625 0.33849233437500004 0.8169114921875 0.33925059375 0.7951977671875 0.3315507453125 0.7806261203125 0.3215817140625 0.77226845 0.307460246875 0.7726334828125 0.29564146875 0.780516365625 0.2846978828125 0.7927206421874999 0.2835668734375 0.8104165625 0.29281397343750004 0.8247561875 0.300999521875 0.8327655281249999 0.325807190625 0.833838409375 0.325881790625 0.832776271875 0.33200409531249997 0.826410790625
0 0.48486249218750005 0.840902490625 0.4786001265625 0.8292415953125 0.470700734375 0.8203840859374999 0.4473956296875 0.8192842 0.4381189984375 0.8278279625 0.43042950625 0.83499688125 0.42998731562500003 0.8550053046875 0.43619979531249997 0.868094725 0.44781265000000003 0.8808006359375 0.4623933 0.880776646875 0.4726282765625 0.8753740109375 0.48371154531249994 0.8591698375 0.48486249218750005 0.840902490625
0 0.47704369843750005 0.8738118531250001 0.47553357656250006 0.902364640625 0.4814531390625 0.909150634375 0.49516554843750005 0.920499590625 0.510311840625 0.9201703374999999 0.5220408187500001 0.9148588171875 0.531673446875 0.9034669359375 0.5316331375 0.882583490625 0.5237668578125 0.8654315406249999 0.5132602562499999 0.8568230015625 0.4945421875 0.8575456859375 0.4877510375 0.861027228125 0.47704369843750005 0.8738118531250001
0 0.49911288281250005 0.7927707374999999 0.49222195625 0.7991093703125001 0.482432915625 0.8076352453125001 0.48248317968750004 0.8282329796875001 0.489424390625 0.8424920703125001 0.49955983125000003 0.8534300781249999 0.5177407453125 0.8543509968749999 0.5272536484375 0.8463875984375001 0.5358813671875 0.8343885140625 0.537448640625 0.8162138531249999 0.5313721734375 0.8019068 0.5227041453125 0.7930224499999999 0.49911288281250005 0.7927707374999999
0 0.5893717656249999 0.786482825 0.5804307750000001 0.7707236187500001 0.5717328140625 0.7626964 0.5512459921875 0.7616949156249999 0.5395736765625 0.7727295187500001 0.532503165625 0.78421088125 0.53092958125 0.79988896875 0.5411915453125 0.8145500828125 0.5513668984375 0.8243452359375001 0.569280971875 0.8230432328124999 0.582571015625 0.812276359375 0.588862934375 0.8010538687500001 0.5893717656249999 0.786482825
0 0.5287609703125 0.8472984218749999 0.5280126890625 0.868726421875 0.5330538671875 0.878628325 0.544420475 0.8910395875000001 0.5641286625 0.8922999140625001 0.5760671640624999 0.8809885546875 0.5828914453125 0.8692125671875001 0.5835966406249999 0.8563647078125 0.5777501140625 0.84014143125 0.5651629515625001 0.8307613593750001 0.5483290984375 0.8305323703124999 0.539368534375 0.8373708421874999 0.5287609703125 0.8472984218749999
0 0.6327450156250001 0.82261013125 0.6275673578125 0.8092707890625 0.613528884375 0.7999128468750001 0.597387703125 0.799349184375 0.586227778125 0.8104016796875 0.577659921875 0.8206865171875 0.57757370625 0.8378468187499999 0.584062384375 0.8503737953125 0.59521269375 0.86163326875 0.6172566859375 0.8621169984374999 0.626197315625 0.85584994375 0.6324293296875 0.8463416984375 0.6327450156250001 0.82261013125
0 0.5727232718749999 0.888595265625 0.5729232140625 0.904907409375 0.5779743890625 0.9145236078125001 0.5876273328125 0.9245865796875 0.6129322203124999 0.927186571875 0.62119400625 0.9183213234375 0.630650225 0.9046348312499999 0.63038044375 0.8903226500000001 0.6263242 0.881599346875 0.6148345703125 0.8685893453125001 0.59040136875 0.8671863562500001 0.5824257390625001 0.8752034484375001 0.5727232718749999 0.888595265625
0 0.68236391875 0.8635324296875 0.675392759375 0.8501304562499999 0.6644188578125 0.84116558125 0.6421086625 0.8409586062500001 0.6328120765625 0.8500737796875001 0.6256318000000001 0.8646979140625 0.6244840328125 0.8755279312500001 0.6346761375 0.8921889828125 0.6443191421875001 0.902537659375 0.6623761421875 0.9031267062499999 0.673590121875 0.894406065625 0.6817453375 0.881246265625 0.68236391875 0.8635324296875
0 0.4863322046875 0.7966152546874999 0.48773937656250005 0.7783568671875 0.48218578437500004 0.76843705 0.4718440015625 0.756061584375 0.45263824531249996 0.7551048484375 0.4465858015625 0.7594703765624999 0.439152515625 0.76664825 0.432900509375 0.7767279 0.4318692859375 0.7915667656250001 0.44011149843749997 0.8052991875 0.44973453125 0.8162192640624999 0.46844325624999994 0.8177350984375 0.48003033124999994 0.8081234578125001 0.4863322046875 0.7966152546874999
0 0.64792589375 0.7722224343749999 0.6368258734375 0.7815606953125 0.6303176578125 0.791631403125 0.6297290078125 0.8084881109375001 0.6383838625 0.8250954953124999 0.650885059375 0.8343997562500001 0.6628969984374999 0.835677384375 0.6756607765625 0.8301159484375 0.6838858375 0.8149561890625 0.685679675 0.7960175953124999 0.6789141140625 0.7810280578125 0.6704723828125 0.773009775 0.64792589375 0.7722224343749999
0 0.677724021875 0.8444907609375001 0.6852842296875 0.863062296875 0.6944646703124999 0.8719645421875001 0.714222746875 0.87179634375 0.726790203125 0.8645117171875001 0.7351816515625 0.8519322703125001 0.7357403687499999 0.8359326890625001 0.728110359375 0.8193610937500001 0.7171065296875 0.811253340625 0.698671840625 0.8096936328125001 0.6866442953125 0.8167688562500001 0.678202921875 0.830776834375 0.677724021875 0.8444907609375001
0 0.6930838500000001 0.8747768859375 0.6827624015625 0.8838562609375 0.674913296875 0.8955964984375001 0.675515903125 0.9150692828125001 0.6822607671875 0.9276052031249999 0.692505940625 0.935400403125 0.7124603796875 0.936955403125 0.7227319390625 0.9293045359375001 0.7292800453125 0.9180909953124999 0.7305452156250001 0.8980026499999999 0.7225846609375 0.8821002828125 0.7136105625 0.8746355187500001 0.6930838500000001 0.8747768859375
0 0.7824843031250001 0.8710334859375 0.7772966265625 0.8579798453124999 0.7668351390625 0.849032865625 0.7447911453125 0.8485491218749999 0.735328128125 0.8550839984374999 0.7272527296875 0.8659581453125 0.7265643093749999 0.8856719328124999 0.7340578578125 0.898806096875 0.7447555796875001 0.908333428125 0.7622279765625 0.9091151328124999 0.7732080328125 0.9016035265625 0.7812934078125 0.8904436640625001 0.7824843031250001 0.8710334859375
0 0.7733333171875 0.924206246875 0.7821378453125 0.936528040625 0.7938404718750001 0.9466625875 0.8117951109374999 0.946717453125 0.818429828125 0.940369884375 0.827313771875 0.9283797359375001 0.8291168109375 0.90613038125 0.8241254984375 0.894799946875 0.81442266875 0.886165509375 0.79162119375 0.884768965625 0.781860865625 0.8930379578125001 0.773815396875 0.9030550109375 0.7733333171875 0.924206246875
0 0.8132413906249999 0.8832637078125 0.8247440781250001 0.8770861125 0.8336878859375 0.8633817374999999 0.8356972640624999 0.8425698640625001 0.8271589374999999 0.829971328125 0.8171899046875 0.8216136578125001 0.8003000374999999 0.8204517390625 0.7880386546875 0.8263167765625001 0.7798934156249999 0.8391908765625 0.7801010078124999 0.8564925499999999 0.7861162921875 0.8740208718750001 0.79787878125 0.8824411812499999 0.8132413906249999 0.8832637078125
0 0.8457990640625 0.8586556640625 0.8363360640625 0.8651905624999999 0.8260812765625 0.8797073078125001 0.8263610359375001 0.8937337875000001 0.8342971359375 0.908885784375 0.847527065625 0.91935971875 0.8636483140625 0.9204948078124999 0.8745787625 0.91601355625 0.8840848687499999 0.900898528125 0.8846753218750001 0.8833728015625001 0.8778021296875 0.8677827890625001 0.867556959375 0.8599875796875001 0.8457990640625 0.8586556640625
0 0.7860582953125 0.8210986312499999 0.7872858765624999 0.8079829500000001 0.7818220609375001 0.7954917781249999 0.7760022875 0.7858487296875001 0.764642459375 0.78058909375 0.752068225 0.7807221046875 0.7385924703125 0.79197978125 0.7294223875 0.8048180984375 0.7289833953125 0.8173891921875001 0.7377180625 0.8317109234375 0.7493408765625 0.8441311234375 0.7654200046875 0.8452590609374999 0.7792040796874999 0.8337317609375001 0.7860582953125 0.8210986312499999
0 0.8896504359374999 0.8370165187499999 0.8902023953124999 0.8138653265625001 0.8784331046875 0.7982933984375 0.868936578125 0.7910964546875 0.8553474937500001 0.7909079625000001 0.8448397015625 0.7979784671875 0.8353934593749999 0.81137924375 0.8345753359374999 0.8348072046875 0.8441584375 0.8468701140625001 0.855192425 0.8551838328124999 0.8725845609375 0.85558626875 0.8802540796875 0.8489887625 0.8896504359374999 0.8370165187499999
0 0.9399797281250001 0.7841375203125 0.9332348640625 0.7716016031249999 0.9212959625 0.7608866953125 0.9064557437499999 0.7597963515624999 0.8940846499999999 0.76880416875 0.8854669078124999 0.7805175484375 0.8843159609375 0.7987848953125 0.8932469703124999 0.8148298078125 0.9051958499999999 0.8252590062499999 0.92232454375 0.82465096875 0.930327546875 0.8181270812499999 0.9386491953125 0.807547571875 0.9399797281250001 0.7841375203125
0 0.88326080625 0.77757995625 0.8921447109375 0.76558981875 0.8927433375 0.7484474062500001 0.8872196984375 0.737670471875 0.8785816000000001 0.7279290031250001 0.8545078390624999 0.7268022734375 0.844818565625 0.7324710734375001 0.8379942843749999 0.7442470828125 0.837029703125 0.7645233218749999 0.8409095578124999 0.7709520249999999 0.8540197390625 0.7848544359375 0.8737878109375 0.784400534375 0.88326080625 0.77757995625
0 0.8392892859375 0.7806213328125 0.832081896875 0.766638984375 0.82055565625 0.7587990453125 0.8031832718749999 0.756762109375 0.7937402265625 0.7627255703125 0.7851424203125 0.77386753125 0.7838617703125 0.7958490703125001 0.7923601890625 0.809590428125 0.801304378125 0.8179123203125 0.8170397734374999 0.8181154578125 0.8297468531250001 0.8114681125000001 0.839193096875 0.79806733125 0.8392892859375 0.7806213328125
0 0.94464790625 0.720075284375 0.9381393109375 0.7081197390625 0.92952116875 0.6978068546875 0.9062160421875 0.6967069609375 0.8983302078125 0.702152684375 0.88650825625 0.7174728890625001 0.8857731296875 0.7311778765625 0.8942914984374999 0.7443478328124999 0.90690924375 0.7576609375000001 0.9204912015625 0.7577605234375 0.93618021875 0.749529334375 0.9448079390625 0.7375302484375 0.94464790625 0.720075284375
0 0.8759138468750001 0.719677425 0.8867177749999999 0.7114730515625001 0.8929997140625 0.7005362640625 0.8936981109375 0.6805367859375 0.8883340656250001 0.6651885453124999 0.877496625 0.6596611 0.857502278125 0.6592489375 0.8492904171875001 0.6666856640625001 0.839963903125 0.6766579671875 0.8394982796875 0.698469221875 0.8465527140625 0.708354128125 0.8600687578124999 0.717979878125 0.8759138468750001 0.719677425
0 0.8432120015625 0.7085235203125 0.83741214375 0.6983090515625 0.8251372375000001 0.6898708578125 0.8077149671875 0.6892624578125 0.79624219375 0.6945829234375 0.7880869781250001 0.7077427390625 0.787478375 0.725170846875 0.795394540625 0.7408942749999999 0.8078957359375 0.750198553125 0.8248533531250001 0.750489809375 0.8325349937500001 0.7424773171875 0.8424238109375001 0.7310943625 0.8432120015625 0.7085235203125
0 0.793058715625 0.7416708671875 0.785348890625 0.727384925 0.77857409375 0.715706134375 0.7572787625 0.7158206500000001 0.742069390625 0.7253014578125 0.7356677281249999 0.73966673125 0.7349924828125001 0.751657471875 0.7421200578125 0.7679254703125 0.7525616140625 0.77744385625 0.7764118328125 0.778459121875 0.784867190625 0.7705624375 0.79173138125 0.757643603125 0.793058715625 0.7416708671875
0 0.95105516875 0.6467828390625 0.9449592140625 0.6377022515624999 0.9316594468750001 0.6292282671875 0.9150157890624999 0.6283610078125 0.9015899421875 0.638190146875 0.8920539046875 0.654162303125 0.8923236484375 0.6684744859375 0.899334715625 0.6807336203125 0.9095499578125 0.6893859484375 0.933122009375 0.6899457359375 0.94183558125 0.68307595625 0.9490825203125001 0.6738892 0.95105516875 0.6467828390625
0 0.8482184890625 0.63861481875 0.842764646875 0.6258379421875 0.8306960468750001 0.618837221875 0.8112340843749999 0.6178715421875001 0.8014450421875001 0.6263974109375 0.7930336 0.6395482734375 0.792621359375 0.658699575 0.799189815625 0.668940884375 0.8109024234375 0.6787897234375 0.8286274453125 0.67914949375 0.8401734218750001 0.6706581203125 0.847510115625 0.6589000031250001 0.8482184890625 0.63861481875
0 0.795120396875 0.6679406218749999 0.7886217609374999 0.6556993515625 0.7782101578125 0.6453238390625 0.7597630609375 0.6446796515625 0.74871290625 0.6525893796875 0.7413363046875 0.6654903171875 0.73992913125 0.6837487125 0.7478752296875 0.69861501875 0.7611350671875 0.70823183125 0.7720782703125 0.7096945625 0.7857343984375 0.7016534171875 0.7946482734375 0.688806159375 0.795120396875 0.6679406218749999
0 0.7436461734375001 0.7021860531249999 0.7374935375 0.6873823859375 0.7255845859375001 0.675810359375 0.7094333875000001 0.675532396875 0.698619503125 0.6840224859374999 0.6890068484375 0.6948429515625001 0.688062221875 0.7145477765625 0.6982543296875 0.73120884375 0.709996865625 0.7402005593750001 0.721319740625 0.739727125 0.7322105078125001 0.7358272859375 0.742159184375 0.722730103125 0.7436461734375001 0.7021860531249999
0 0.737834340625 0.7657734125 0.7316617671875 0.7515411609375 0.7204017109375 0.7434244578125 0.7029794390624999 0.7428160578125 0.6921954828125 0.7504490390624999 0.6829954703125 0.7641444453124999 0.68284939375 0.78301900625 0.6910217671875001 0.7987513578125001 0.7048239656249999 0.8075289453125001 0.716389021875 0.8074534468750001 0.7270974531250001 0.8014414249999999 0.737066103125 0.7877728484375 0.737834340625 0.7657734125
0 0.67056769375 0.767429184375 0.682356534375 0.760403428125 0.689959434375 0.7483685453125 0.69178244375 0.7255477859374999 0.6856765140625 0.71675290625 0.6783493968750001 0.7061990546875 0.6525021343749999 0.7044382859375 0.6448525546874999 0.7104643625 0.6368170625 0.7201956921875 0.635483346875 0.745663665625 0.6457883843750001 0.757124053125 0.6572248390625 0.76753534375 0.67056769375 0.767429184375
0 0.6614982281249999 0.6378155109375 0.6496694765625 0.645984096875 0.6425590578125 0.65860828125 0.6413482390625 0.6785898640625 0.646595746875 0.6899292671875 0.65575624375 0.6994029187499999 0.678302709375 0.7001902578125 0.6877856625 0.6930839796875 0.6959109453125001 0.680781284375 0.695811578125 0.6620038421875 0.69036693125 0.6485495140624999 0.6799652859374999 0.63788828125 0.6614982281249999 0.6378155109375
0 0.74826035625 0.6508572421875 0.748948775 0.6311434734375 0.7407265187500001 0.6168396375 0.730777440625 0.607910553125 0.7143800125 0.6073379421875 0.7054593578125 0.6130335859375 0.6980161140625001 0.6204971515625 0.6912018109375 0.6319874578125 0.6909691390625 0.6459960390624999 0.6983062328125 0.6562641874999999 0.7089241765625001 0.6680771828125 0.727926834375 0.66991518125 0.741003459375 0.660329715625 0.74826035625 0.6508572421875
0 0.8875679203125 0.1917355890625 0.90668094375 0.19145065781249998 0.9219320390625001 0.1792848984375 0.924918809375 0.159071815625 0.9204240671875 0.1408196890625 0.912934465625 0.1348438875 0.900647209375 0.131297465625 0.8856295296875001 0.1329380140625 0.8702234203125 0.14954279374999999 0.8673362625 0.1669022109375 0.875906446875 0.1827569734375 0.8875679203125 0.1917355890625
0 0.8226933671875001 0.163438490625 0.8211269281250001 0.13481248437499999 0.7977043765625 0.121984853125 0.77807400625 0.12664240625 0.7685595859375 0.1459926140625 0.7673921125 0.163094628125 0.7796089765625001 0.18066403125 0.7942953609375001 0.1846689359375 0.8085672203125001 0.1842149484375 0.8226933671875001 0.163438490625
0 0.8350496968750001 0.21783801249999998 0.8535377765625001 0.21911854531250002 0.867309646875 0.20848839843750003 0.8733625328124999 0.190287153125 0.8688677531250001 0.172035046875 0.8571207640624999 0.15733918125 0.8415357828125 0.154572715625 0.83116216875 0.1577025078125 0.8183854640625 0.17249437031249998 0.8143149125000001 0.1910823203125 0.8220086265625 0.2075413671875 0.8350496968750001 0.21783801249999998
0 0.7188243578125 0.198541296875 0.727756846875 0.21218649687500002 0.7376131609375001 0.21570528437499997 0.7570662687499999 0.21384491875 0.768911140625 0.20124275156250002 0.77495295625 0.18335859062499998 0.7692637265625 0.16665202968749998 0.755752746875 0.1534818640625 0.7420289062500001 0.15506195625000002 0.7307450078125 0.159275221875 0.719207059375 0.1712531921875 0.7164416828125 0.1851248140625 0.7188243578125 0.198541296875
0 0.770959934375 0.199726996875 0.7627506484375 0.214360890625 0.7646381843750001 0.233791825 0.776155734375 0.24689237656250002 0.78626363125 0.25137229687499996 0.8043039437499999 0.24914514375 0.8198951687499999 0.23540394843749998 0.8215909937499999 0.21133629531250003 0.8194397640625001 0.2067235984375 0.813109390625 0.1929449578125 0.8012485968749999 0.1896736390625 0.7848424859375001 0.185926134375 0.770959934375 0.199726996875
0 0.8143976468749999 0.2621959984375 0.82127025625 0.2776740109375 0.83151896875 0.2862858484375 0.849766559375 0.286288153125 0.8657944562500001 0.2763717 0.86932558125 0.2650664875 0.8700785046874999 0.24350556874999998 0.8572367156249999 0.22750166093750002 0.8489513390625 0.22490747187500001 0.8353977921875 0.22419934531250002 0.8252203796875 0.22987565000000001 0.814108015625 0.245995465625 0.8143976468749999 0.2621959984375
0 0.8757044 0.2538607203125 0.89246170625 0.25571575156250004 0.9117407734375 0.25067470625 0.9221507062500001 0.2383398765625 0.9234430765624999 0.2094962578125 0.9138967906250001 0.1970994453125 0.8994269421875 0.1937929484375 0.8840399343750001 0.194786990625 0.8705085578125 0.20669536093750002 0.865368471875 0.215087275 0.866708634375 0.233864134375 0.8757044 0.2538607203125
0 0.6763724546875001 0.1649954953125 0.68180216875 0.1728041140625 0.6969141671875 0.1809508515625 0.710760403125 0.1763550515625 0.7216956109375 0.1653083828125 0.7296976 0.1484450265625 0.723997296875 0.13205556875 0.71817521875 0.1191539046875 0.703544175 0.11356362187499999 0.6823159703125 0.1172667453125 0.672442365625 0.1305726890625 0.6703430828125 0.1498643671875 0.6763724546875001 0.1649954953125
0 0.6818627578124999 0.24455195624999998 0.696637715625 0.24602027187500003 0.7087642703125 0.241681865625 0.7185714609375 0.23027836875 0.7220392515625 0.2126217484375 0.7159133062499999 0.1920904671875 0.703101675 0.1833891390625 0.6839111531250001 0.18589358281249999 0.6703587375 0.19615716562500002 0.6661684078125 0.21225799531249998 0.6662064812499999 0.2274973609375 0.672117159375 0.2378624578125 0.6818627578124999 0.24455195624999998
0 0.714102284375 0.260280884375 0.7200873671875 0.276680334375 0.7333166703125 0.281586696875 0.7467120734375 0.281737028125 0.761271815625 0.2730391578125 0.770006315625 0.2596934359375 0.7697831359375 0.24159047656250002 0.7583984359375 0.224685046875 0.746166790625 0.220246075 0.7282678890625001 0.22204558749999997 0.7181538093750001 0.23407327968749997 0.7142272015625 0.24853928125000002 0.714102284375 0.260280884375
0 0.8646289812499999 0.3015815140625 0.87076908125 0.3135418765625 0.88306655 0.320637959375 0.898466459375 0.320540821875 0.9122382890624999 0.30991068906249997 0.9191424218750001 0.29999309531249996 0.9203651781250001 0.2813057359375 0.9140399921875 0.2664817234375 0.8987725265625001 0.2584523546875 0.879273571875 0.2577948734375 0.8701245203125 0.26668168593749997 0.8636017593749999 0.2820093890625 0.8646289812499999 0.3015815140625
0 0.8389697171874999 0.3505265 0.8556747609375 0.3457130828125 0.866184346875 0.33052455625 0.86746254375 0.3102518328125 0.8621103171875 0.30022370781249996 0.8511401640624999 0.287777184375 0.826824428125 0.2891386671875 0.8119539953125001 0.3076785375 0.8113450125 0.3251175 0.8141121203124999 0.3356902703125 0.8239431875 0.348097015625 0.8389697171874999 0.3505265
0 0.7805594625000001 0.3167408859375 0.797645821875 0.3173375546875 0.8096758234375001 0.3075989828125 0.8167238578125 0.293559453125 0.8160196953125001 0.2729000234375 0.8071315374999999 0.2579865109375 0.78182046875 0.25540464531249996 0.7728480796875 0.25996389531249997 0.7618242953125 0.2735471296875 0.7598578984375 0.28903394531250004 0.7678585171875 0.3048688375 0.7805594625000001 0.3167408859375
0 0.739650475 0.34515345000000003 0.756004340625 0.342232515625 0.7663398703125 0.3238633328125 0.7648588875 0.300954575 0.7536482640625 0.287229821875 0.7426196296875001 0.2846225015625 0.726282103125 0.284555571875 0.7121980781249999 0.29848070312499997 0.7078759812500001 0.3161074703125 0.7149337390625 0.334449096875 0.7254450515624999 0.34370500000000004 0.739650475 0.34515345000000003
0 0.7041770421875 0.30772435468750003 0.7154745171875 0.294468159375 0.7168634375 0.2710247109375 0.7064659515625 0.2503442421875 0.6768310875 0.24959417187500002 0.6670202375 0.261347675 0.6618247921875 0.2713249015625 0.6606019765625 0.29001228125 0.6700486109375 0.3052627328125 0.6878232171875001 0.3106453359375 0.7041770421875 0.30772435468750003
0 0.6377068984375 0.2737017890625 0.65628355625 0.27244574374999997 0.66938933125 0.2563955515625 0.66840040625 0.23572619062500003 0.6610136015625 0.2186429015625 0.6438860546875 0.2110607125 0.633589503125 0.2113117421875 0.6214824390625 0.2239290765625 0.614193953125 0.236690378125 0.6140025984374999 0.2503344328125 0.6214336765625 0.26614943593749996 0.6377068984375 0.2737017890625
0 0.6384120515625 0.20452037031249998 0.6529022343750001 0.2059787515625 0.664777225 0.20067918749999997 0.6737633093750001 0.1882946234375 0.676443209375 0.16870575000000002 0.6669000281249999 0.1480551171875 0.6475639 0.1417570703125 0.6323760796875 0.1487542671875 0.622820471875 0.16111895 0.6188938625 0.175584925 0.623969259375 0.1935398671875 0.6384120515625 0.20452037031249998
0 0.6432999921875 0.34215076875 0.6567538234375 0.33246191718749996 0.6669122328125 0.31916591875 0.6656052890625 0.2994378359375 0.6548344421875 0.281283990625 0.6467531953125001 0.2759224390625 0.63543530625 0.2778452609375 0.620373846875 0.2883345421875 0.612297446875 0.2991635828125 0.6112819093749999 0.32008039374999997 0.6248672749999999 0.339284890625 0.6432999921875 0.34215076875
0 0.5858547515625 0.3052242578125 0.600193040625 0.3028678265625 0.6137022921875 0.2915936140625 0.6190859468750001 0.276226121875 0.6127527703125 0.253465375 0.6019566734375 0.24419952031249997 0.5853685859375 0.242147640625 0.5721410062500001 0.24887259374999998 0.5608847 0.2691143421875 0.56509471875 0.28735651406249996 0.5737867 0.2997234828125 0.5858547515625 0.3052242578125
0 0.6093528046875 0.2365213203125 0.6219333265625 0.2191829453125 0.625685859375 0.201536290625 0.6139862984375 0.17731830937499998 0.59706336875 0.1735854453125 0.5808862203125 0.17806718593749998 0.5704098546874999 0.1923044453125 0.568388075 0.20937662656249997 0.5755011734375 0.2261328984375 0.5877100640624999 0.23576553906250003 0.6093528046875 0.2365213203125
0 0.6719087515625 0.37203858125 0.6914805515625 0.3749442796875 0.707859646875 0.3631353234375 0.7139457546875 0.3439828796875 0.7067139609375 0.322460571875 0.702904296875 0.317248190625 0.6915257421875001 0.31554003750000004 0.674175475 0.315292575 0.6634918328125 0.3273004 0.657779084375 0.3439262421875 0.6620887578125 0.359314753125 0.6719087515625 0.37203858125
0 0.7587485140625 0.3591981421875 0.7672632968750001 0.37663826718750004 0.7821791625000001 0.382238484375 0.7944354046875 0.3823490140625 0.8076377125 0.37169899375000004 0.8126148453125 0.3598093640625 0.8154577140624999 0.343718240625 0.8088698484375 0.32825017343749996 0.798129171875 0.3210495140625 0.7838461875 0.3181699984375 0.7700221328125 0.32213168125 0.75798903125 0.3401240875 0.7587485140625 0.3591981421875
0 0.5722493625 0.3682409296875 0.58442815625 0.3705709921875 0.6004640046875 0.3685913140625 0.6119054234375 0.351213134375 0.6136676859375 0.3252430546875 0.6013179546874999 0.311478525 0.5807706453125 0.309528221875 0.5684030046874999 0.3150909859375 0.5598234984375 0.323997690625 0.5558415265625001 0.34004905625 0.5605245359375 0.3529109453125 0.5722493625 0.3682409296875
0 0.530400221875 0.3337638140625 0.54864781875 0.33376609375 0.5643054750000001 0.3181224984375 0.566888828125 0.2931334296875 0.5577048125 0.2785270640625 0.5471491875 0.27053944375 0.533698959375 0.27071894375 0.5176926843749999 0.281256771875 0.5103488078125 0.2956034578125 0.5118218156250001 0.31057544375 0.520085071875 0.3270544015625 0.530400221875 0.3337638140625
0 0.55854319375 0.2626834 0.5693375578125 0.2475048546875 0.5720949671875 0.22569648281250002 0.562670478125 0.209811890625 0.5453314203125 0.203941375 0.5278839234375 0.209866946875 0.5163982078125 0.22851338906250002 0.515034553125 0.24306889062499998 0.5243151109374999 0.26307541875 0.54246305625 0.2659313734375 0.55854319375 0.2626834
0 0.6280653640625 0.144820096875 0.6275906203125 0.1257559828125 0.61555886875 0.1110501703125 0.59393829375 0.10966025312500001 0.5837608796875 0.11533656875000001 0.5747415796875 0.1286723375 0.57264229375 0.14796403593750002 0.5822203312500001 0.1669919859375 0.5952186171875 0.170974540625 0.6091945984375 0.1708276671875 0.6229443046875 0.1608316796875 0.6280653640625 0.144820096875
0 0.5617579765625 0.1983773734375 0.5754665140624999 0.18139584687500002 0.5764599109375 0.1611131578125 0.568185578125 0.1449512640625 0.54829038125 0.1375756421875 0.533443325 0.1437380375 0.5238876953125 0.15610269999999998 0.5202569390625 0.17026156718750002 0.5279918234375 0.193706178125 0.5449010390625 0.1993760171875 0.5617579765625 0.1983773734375
0 0.52030918125 0.176930028125 0.5060736625 0.168178978125 0.49011531093749994 0.1679391578125 0.47724206718750006 0.1773308484375 0.46829716875000005 0.19670095 0.47504799999999997 0.21566675468750002 0.484638584375 0.2267952734375 0.49621459687499997 0.23005665625 0.512546290625 0.22776983125 0.5239988 0.21007460625 0.525691503125 0.19426076406249998 0.52030918125 0.176930028125
0 0.5088415281249999 0.293037 0.5184635703125 0.2787698875 0.520200584375 0.2616877640625 0.515857696875 0.247250465625 0.505412796875 0.236092128125 0.48605932812499997 0.2350988203125 0.4732857359375 0.24163687031249997 0.46658891718750006 0.2537838953125 0.462924934375 0.2688939828125 0.4703560234375 0.28470896562500003 0.4782490390625 0.2954607359375 0.4853322234375 0.29654670312500003 0.4941188125 0.2982371328125 0.5088415281249999 0.293037
0 0.8784105421874999 0.3849548328125 0.8992099953125001 0.38536370937500003 0.9079967546875001 0.3786864640625 0.9164908015625001 0.3640625015625 0.9173544484375 0.3393308625 0.9099756140625 0.3301843453125 0.8907757359374999 0.322140640625 0.8733839296875001 0.3247795609375 0.8640576796874999 0.3387395328125 0.8596169296875 0.351600290625 0.8654912484375 0.371170409375 0.8784105421874999 0.3849548328125
0 0.9259440359375001 0.419947934375 0.9510704890625 0.41892060937500003 0.9615247124999999 0.405317484375 0.9671076890625001 0.3842427046875 0.9635969796875001 0.370469378125 0.9550569140625 0.361917215625 0.9385628421875 0.3588307375 0.9219347484375 0.36330024375000003 0.9123126453125 0.3775673328125 0.9089998703125 0.39078492656249997 0.9149406640625 0.4084526234375 0.9259440359375001 0.419947934375
0 0.9640420031250001 0.4393735109375 0.95439606875 0.4298303484375 0.9366546890624999 0.42349654687499994 0.92057453125 0.42674452812499997 0.9089369359375 0.44157615000000006 0.905590940625 0.4557449578125 0.9123727031250001 0.4751304171875 0.922853103125 0.48396669687499994 0.9378574687500001 0.48703034375 0.9575541890625001 0.47819439218750004 0.9647350937500001 0.46035000937500004 0.9640420031250001 0.4393735109375
0 0.9517452890625 0.5465626734375 0.9617659578125 0.520880959375 0.9586839734374999 0.50299565625 0.944788578125 0.4926691734375 0.9315371125 0.488396909375 0.9183157609375 0.4914272546875 0.9079169 0.5034450265625 0.9025775156250001 0.5175442234375 0.9051785171875 0.532873109375 0.9118267156250001 0.545868740625 0.9198365374999999 0.5540198046875 0.937514621875 0.5540022015625 0.9517452890625 0.5465626734375
0 0.8638985515625001 0.441273215625 0.8758780609375 0.449310590625 0.8960858828125 0.450333709375 0.9066034015625 0.443081959375 0.9154043734374999 0.42783381406250004 0.9162095203125 0.4129413515625 0.910354203125 0.40099090937500004 0.9035560015625 0.3915471953125 0.8887652656249999 0.38889685625000003 0.873325784375 0.3917613734375 0.8585556671875001 0.40648361718750003 0.85871245 0.42648900312500004 0.8638985515625001 0.441273215625
0 0.847150590625 0.4146567421875 0.8636182828125 0.400311228125 0.8664199609375001 0.3772345703125 0.8557709078125001 0.35559294218750004 0.8377126640625001 0.353879528125 0.822692990625 0.3557076734375 0.80986090625 0.3720848921875 0.8094924156250001 0.3908020953125 0.8147449515625 0.4036838703125 0.8300752859375 0.41374299062500003 0.847150590625 0.4146567421875
0 0.809410434375 0.43397365781249997 0.8158477203125001 0.4129286953125 0.80492495625 0.3909600640625 0.7971949828125 0.3837060234375 0.7702976203125 0.3833304328125 0.760234690625 0.39701845156250004 0.754851015625 0.41238593281249997 0.75843613125 0.4321935953125 0.775331134375 0.446434309375 0.7924618015625 0.4457626828125 0.809410434375 0.43397365781249997
0 0.853064765625 0.473910646875 0.8620096453125001 0.45454053437499997 0.8585242203125001 0.43187923125000005 0.8511786000000001 0.42178148593750003 0.83420031875 0.41772441406249994 0.8152308046875 0.42243091875000005 0.8045218796875 0.44332670781249994 0.807526359375 0.46343153125000003 0.8150571062499999 0.4763928609375 0.8362822187500001 0.48094357499999996 0.853064765625 0.473910646875
0 0.8880430609375001 0.5173541375 0.905901365625 0.50400955625 0.9112770703124999 0.48070534531250003 0.9013827093750001 0.4619471875 0.8806687609375 0.45544054218749996 0.8649760765625001 0.459406 0.855058159375 0.4739802578125 0.85381321875 0.49330176249999996 0.8613107484375 0.507214315625 0.8712967890625001 0.5151820453125 0.8880430609375001 0.5173541375
0 0.82167854375 0.5480523500000001 0.8405178203125001 0.5474403999999999 0.8580169765625 0.5280515921875 0.8572432781250001 0.5175484140625 0.8555851609375 0.499712815625 0.846061021875 0.48668187031250004 0.8321399921875001 0.48590833125 0.8171993078125 0.4885311265625 0.803327828125 0.5020149078125 0.800681125 0.5206525656250001 0.8056267734375 0.5341585624999999 0.82167854375 0.5480523500000001
0 0.7788453390625001 0.5090964390625 0.795987040625 0.5081077406250001 0.8074727640624999 0.4894613 0.8090135593750001 0.46983264062499996 0.799862778125 0.4542750640625 0.7858012984375 0.44870468125 0.7708995468750001 0.448748434375 0.7571105421875 0.46198843125 0.7526808234375 0.47453210468749996 0.751931 0.48783920781249995 0.7612890546875 0.5056262515625 0.7788453390625001 0.5090964390625
0 0.7479171828125 0.47214353750000004 0.7582195109375001 0.45472562656250004 0.7589392187499999 0.4341159109375 0.7471067875 0.4137028 0.7313908421875001 0.41377686562499993 0.71504614375 0.41734509375 0.7046995468749999 0.436031321875 0.704800925 0.4576220875 0.7151461953125 0.47163406406249997 0.7267443515625 0.4742613203125 0.7479171828125 0.47214353750000004
0 0.755645884375 0.512095809375 0.7551711015625 0.49303168125 0.741726590625 0.47795910937499997 0.723852346875 0.4754301390625 0.705415125 0.4872007703125 0.69886848125 0.5050337765624999 0.7034930125 0.5277348203125001 0.72073925 0.5400830640625001 0.7401259437500001 0.5401251453125 0.7522998671875001 0.5262646156249999 0.755645884375 0.512095809375
0 0.6795150078125001 0.5040404484375001 0.6947408390625001 0.5007626296875001 0.7043628796875 0.4864955375 0.7067912578125 0.4659455125 0.7007065015625 0.4523997484375 0.685409384375 0.4413894265625 0.672994546875 0.44211327031250003 0.6597878109375 0.4484311640625 0.650132528125 0.46364949843750003 0.6503225109375 0.4827036609375 0.6622656640625 0.499946040625 0.6795150078125001 0.5040404484375001
0 0.6612289703124999 0.43165616562500003 0.66900329375 0.43764192187499995 0.690679253125 0.43744647968750006 0.701218934375 0.42956060156250003 0.711125778125 0.415303446875 0.7088316625 0.39935038125 0.699625521875 0.385378159375 0.6904826734375 0.3777573328125 0.6729834 0.3781453421875 0.6613884609375 0.38626510625 0.6545809171875 0.40158287656249997 0.6535241671875001 0.4155141578125 0.6612289703124999 0.43165616562500003
0 0.7500462078125001 0.40301184062499995 0.7604007765625 0.3922623640625 0.7635093828125 0.36856149843749997 0.7540848921875 0.3526769140625 0.7288545453124999 0.3486486765625 0.71582570625 0.354197990625 0.7044507234374999 0.3696737109375 0.705188103125 0.3893819234375 0.7127963375 0.400123746875 0.72675816875 0.408547778125 0.7500462078125001 0.40301184062499995
0 0.656721746875 0.446419359375 0.6568940750000001 0.4251556140625 0.64601248125 0.410172509375 0.6350059921875 0.4069310203125 0.617568440625 0.40822684843749996 0.6033014140625 0.42487140468750006 0.600994871875 0.441933640625 0.609476475 0.46032499062500004 0.6251247906249999 0.46944283125 0.6440526656250001 0.46629429375000003 0.656721746875 0.446419359375
0 0.6440052546875 0.47581641562500004 0.6347406296875 0.47168337187500003 0.6159124078125 0.47197828125 0.6066446625 0.476099053125 0.597954434375 0.48817646875 0.59673161875 0.5068638484375 0.6027499187500001 0.5223120703124999 0.6114934734374999 0.5318072671875 0.6375223109375 0.5308278890625 0.6489827499999999 0.5210694046875 0.653515221875 0.49741825312500004 0.6440052546875 0.47581641562500004
0 0.5790456046875 0.49894467656249997 0.59230016875 0.49496312812500004 0.6040263484375 0.477594896875 0.60697995625 0.45833305312499995 0.5978955906250001 0.44087305 0.590032671875 0.4374238828125 0.567339603125 0.4369942765625 0.5560087499999999 0.44829916562500005 0.5497928953125 0.4630026703125 0.5537513421875 0.48028368437499996 0.5618294781250001 0.49389906874999995 0.5790456046875 0.49894467656249997
0 0.6066456578125 0.3862582015625 0.6183483390625 0.40222235156249997 0.6304828609375 0.4058206859375 0.6448211546875 0.4034642609375 0.6557563203125001 0.392417603125 0.6631666421875 0.3761685203125 0.6589012624999999 0.359511703125 0.6555203203125 0.3501873328125 0.6465204640625 0.34613086875 0.6301565140625 0.341682590625 0.6146760171875 0.35225305625000003 0.6044844296874999 0.3665002796875 0.6066456578125 0.3862582015625
0 0.571962234375 0.43234840625000004 0.590679734375 0.43522425 0.6051872203124999 0.419857921875 0.6100345703125 0.40351932812499997 0.6097971984375 0.39398726562499997 0.6014785796875 0.3790936734375 0.5900686203125 0.371076209375 0.5714476828125 0.3736005390625 0.5636055375 0.378614109375 0.55507655 0.39334623125 0.555310803125 0.411132096875 0.5619207921875 0.4259660328125 0.571962234375 0.43234840625000004
0 0.47631790625 0.178251584375 0.479152296875 0.16694270312499998 0.47503716718750005 0.14506975312499998 0.4685181265625 0.1361504265625 0.45069328750000004 0.12768152187499998 0.43435031874999996 0.1365869390625 0.4235297078125 0.1530492328125 0.42561985625 0.1770244078125 0.43824641406250003 0.1926758 0.45826357656249994 0.1922883453125 0.47631790625 0.178251584375
0 0.4372072921875 0.2643460375 0.425322625 0.269363325 0.41506511562500004 0.28367238437500003 0.411832840625 0.3063751921875 0.42629490625 0.3253501203125 0.441462425 0.3291575625 0.45305847187500004 0.3273711453125 0.46841635000000004 0.3067214453125 0.4672439875 0.284408034375 0.45654767031250004 0.26936726875 0.4372072921875 0.2643460375
0 0.45865972812500005 0.3346287984375 0.46667322968749997 0.3566378765625 0.47667919062499997 0.3635060421875 0.495120728125 0.36632295 0.5071570390625 0.3569651078125 0.5170219703125001 0.339926209375 0.516558909375 0.32524279843750004 0.5115206890625 0.3158319265625 0.50427476875 0.30627909531249997 0.4856044296875 0.30351904375 0.4742450359375 0.3074682328125 0.46260137187500006 0.31955593437499996 0.45865972812500005 0.3346287984375
0 0.4364544875 0.25993245468750004 0.45312465625 0.26084084218750003 0.46362946875000005 0.2537039359375 0.4721457296875 0.2363837953125 0.47282847187500004 0.21683260781249997 0.4633332078125 0.203451015625 0.4434001671875 0.196812834375 0.4284271546875 0.204515825 0.41737937656249996 0.218811296875 0.4150430765625 0.23536847500000002 0.42299535 0.250979971875 0.4364544875 0.25993245468750004
0 0.4004225828125 0.226109540625 0.41629766874999996 0.21622392656249997 0.426725975 0.202885546875 0.4269485515625 0.1797295375 0.41863533906250006 0.1660629640625 0.4117708140625 0.16125575 0.398911121875 0.158900796875 0.383797521875 0.16517264843749999 0.371936903125 0.185964753125 0.37305560312499997 0.2042738390625 0.3838890015625 0.221290925 0.4004225828125 0.226109540625
0 0.49602246875 0.165176628125 0.515394884375 0.16422188437500002 0.52440540625 0.149529025 0.5286878890625 0.135976046875 0.5236540234375 0.1123102265625 0.5110842703125 0.1030625203125 0.491745990625 0.10303971406250001 0.4835824796875 0.1102584 0.47367123437499997 0.12557231562499999 0.47600612499999995 0.14261886562499998 0.48102042031250003 0.1584539890625 0.49602246875 0.165176628125
0 0.38366738749999996 0.15211809375000002 0.393131703125 0.1579948625 0.4121203765625 0.15963669687499998 0.4232673828125 0.1508909640625 0.4329087578125 0.1349151328125 0.43201441249999994 0.11857138125 0.4263465046875 0.1046709203125 0.4161066765625 0.09583083125 0.39617649843749997 0.0956370921875 0.3832004359375 0.10675298124999999 0.3760255328125 0.11922619999999999 0.37720113125 0.1359060171875 0.38366738749999996 0.15211809375000002
0 0.33094502812500004 0.1767032734375 0.33919320000000003 0.18384256875 0.3545448109375 0.18894615937499998 0.37054188125 0.18395853125 0.3823456421875 0.1647957 0.3828121828125 0.1514357328125 0.3720698171875 0.131811825 0.3647337890625 0.1237256390625 0.351318484375 0.12492020468750001 0.33757018437499997 0.12962831875 0.3245616515625 0.14972782812500002 0.3254901375 0.1650940171875 0.33094502812500004 0.1767032734375
0 0.3704558109375 0.20320430625000002 0.36181575 0.1905050640625 0.3471373203125 0.1912974875 0.3308021046875 0.19757830468749998 0.31924545625 0.2180547765625 0.32524835625000004 0.23914443593749998 0.333865621875 0.2524953703125 0.354419378125 0.25320119375 0.3689537765625 0.2462169078125 0.36896515625 0.2458910453125 0.376751340625 0.22430417343750003 0.3704558109375 0.20320430625000002
0 0.3692919234375 0.2449237015625 0.36345514843750004 0.2610323984375 0.366420846875 0.2767959921875 0.3776834203125 0.28991306250000004 0.3916969421875 0.29138115937500003 0.4070403640625 0.2883282140625 0.417715821875 0.2763034953125 0.4203333671875 0.2600823765625 0.41879040625 0.25030748125 0.408929284375 0.2342366140625 0.39354349375000003 0.230110590625 0.38114943125 0.23261401249999997 0.3692919234375 0.2449237015625
0 0.34210278125000004 0.3186855921875 0.35847213125 0.3114272 0.3676160171875 0.301306515625 0.3673866578125 0.28270222500000003 0.361752890625 0.267824221875 0.3524251203125 0.25803725312500003 0.335185559375 0.256569359375 0.32293163125 0.2635323203125 0.31387557187500004 0.279528603125 0.31686084375 0.30312285625 0.327876284375 0.3149262796875 0.34210278125000004 0.3186855921875
0 0.3259029703125 0.14488090781250001 0.3346663828125 0.12887441875 0.331658353125 0.1059318484375 0.32131923906250004 0.0915420234375 0.3017891453125 0.08977021562500001 0.285983971875 0.0965068484375 0.277513228125 0.11252356562500002 0.278540915625 0.1334394796875 0.28971245625000003 0.1491633640625 0.30620058437500003 0.1552854 0.3259029703125 0.14488090781250001
0 0.2815457578125 0.16486445156250001 0.283421909375 0.1447024421875 0.27219664374999997 0.122125421875 0.26447691562500003 0.1166358359375 0.24906904531250001 0.11767700625 0.23617364843750002 0.130002475 0.22939378281249997 0.1395532296875 0.2297337453125 0.1633813875 0.242919765625 0.180154365625 0.2645879265625 0.1805847859375 0.2815457578125 0.16486445156250001
0 0.3281713625 0.189003928125 0.325095059375 0.16801647343749998 0.3113214421875 0.1565766125 0.2891239546875 0.1576253390625 0.27441633125 0.1760342421875 0.27485870625 0.19692972656250002 0.286535928125 0.21495504843750002 0.30221434375 0.21909127968750003 0.3221638625 0.21000041249999998 0.3281713625 0.189003928125
0 0.238370946875 0.24328809218749997 0.25445582031249997 0.24417604843750002 0.2723225890625 0.235991209375 0.2765741609375 0.21493341250000003 0.27044925625 0.18894573125 0.265070809375 0.1835379015625 0.241167178125 0.1835073328125 0.228246278125 0.1975857265625 0.22228748281250002 0.20879640781250003 0.22278995781250002 0.2195802234375 0.23095526562500002 0.23748290625 0.238370946875 0.24328809218749997
0 0.2721537 0.26600034687499996 0.2816489484375 0.2793819390625 0.3011660640625 0.28267350625 0.31767194062500004 0.2715049140625 0.32534435625 0.2531765375 0.3225265828125 0.2331768609375 0.31286355781249997 0.225674784375 0.29953489843750003 0.22030273125000002 0.2863424859375 0.22049451874999998 0.27418094531250004 0.23311985000000002 0.26696050625 0.24689649687499998 0.2721537 0.26600034687499996
0 0.22609104531250002 0.3012581046875 0.23379941406250002 0.3070735328125 0.25012002031249997 0.309600978125 0.26503745 0.30196564531250003 0.2745764140625 0.28892247968749996 0.274594209375 0.2716318390625 0.2655622734375 0.253372678125 0.25403798437499997 0.2477502109375 0.239558309375 0.24845564375 0.2271101734375 0.25529239062500003 0.2178524765625 0.2686716171875 0.2186899296875 0.286644621875 0.22609104531250002 0.3012581046875
0 0.1768357390625 0.1762154171875 0.177022765625 0.1876407125 0.18557175625 0.20294678125 0.1906347953125 0.20899608125000002 0.209904778125 0.21097400937500002 0.2224126515625 0.205212028125 0.22999405624999997 0.1894905109375 0.2321742328125 0.1690128703125 0.2237699640625 0.1579531171875 0.221227065625 0.1552543265625 0.20671644687500002 0.1507201828125 0.193234221875 0.15134052656250002 0.17864040781249999 0.16649091875 0.1768357390625 0.1762154171875
0 0.1943511421875 0.144528290625 0.20773381249999998 0.147279353125 0.22127576875 0.14546851875 0.23565660624999998 0.1280269359375 0.2373652375 0.10427031093750001 0.2307624546875 0.091968465625 0.2185173390625 0.0864950390625 0.20406541093750002 0.0845111765625 0.19065679687499998 0.09089419374999999 0.18240227343749998 0.10071971093750001 0.18152608750000002 0.1258103890625 0.1943511421875 0.144528290625
0 0.22621902968750002 0.23046623593749999 0.2173318578125 0.21645336718750002 0.18984465625 0.21484100625 0.182638803125 0.2198093578125 0.17333559062499998 0.234492 0.1713374765625 0.24975599375000002 0.1826537359375 0.26972620625 0.19847508281249998 0.27346349375 0.21243668593749998 0.2727237671875 0.22225695937499998 0.2600166828125 0.22726947968750003 0.25073044375000003 0.22621902968750002 0.23046623593749999
0 0.093563571875 0.3322793296875 0.1082761578125 0.330509328125 0.12495274218750001 0.31445292343750003 0.1254679875 0.2913071265625 0.11900174999999999 0.2750950546875 0.1150410703125 0.27104174375 0.0957299328125 0.270977325 0.07631585937499999 0.2807819453125 0.07190001562500001 0.28976274062499996 0.07211481875 0.317175271875 0.0856845375 0.3313516703125 0.093563571875 0.3322793296875
0 0.17201075 0.3262099859375 0.175508078125 0.3351408953125 0.19318959375 0.3406520984375 0.2068453609375 0.3355827 0.21935641874999998 0.3213383265625 0.222300790625 0.304149884375 0.21784901250000002 0.288986896875 0.21050162499999997 0.28122655625 0.194485025 0.2783835 0.17637110625000002 0.28525469999999997 0.1685084359375 0.3006401671875 0.16824353281249999 0.316617171875 0.17201075 0.3262099859375
0 0.27429029531250004 0.34250543906250003 0.2896988015625 0.34597976875 0.3002003875 0.347325228125 0.311685578125 0.3372862828125 0.319164528125 0.32449744375 0.3157614578125 0.3044773390625 0.308348925 0.290189715625 0.298850509375 0.285290525 0.286706478125 0.285726025 0.2716300078125 0.29282249843749997 0.2634519328125 0.308849415625 0.2645023625 0.32911360156249997 0.27429029531250004 0.34250543906250003
0 0.9560431890625001 0.5876118984375001 0.95064976875 0.570598253125 0.937061303125 0.5596475765625 0.91946080625 0.5574456546875 0.9083404296875001 0.5656287125 0.8984004078125001 0.5808370921875 0.8961381375 0.59663104375 0.9039093796875 0.61087060625 0.91168371875 0.6168563765624999 0.922650128125 0.6216497796875 0.939207003125 0.6206746187500001 0.9524757421875 0.6081221515624999 0.9560431890625001 0.5876118984375001
0 0.8578661125 0.5740248015625 0.87238643125 0.5827857937500001 0.8943693343750001 0.58196615625 0.906872271875 0.566847284375 0.908084034375 0.548476975 0.9016069328125 0.529838178125 0.8888616953125 0.5192344125 0.8734064640625 0.5209169171875 0.8664239031250001 0.5235563265625001 0.8558661203125 0.53332021875 0.8512402 0.5433173578125 0.8519585734374999 0.55540588125 0.8578661125 0.5740248015625
0 0.8567460671875 0.5816047281250001 0.8528540640625 0.5624212765625 0.8412590281250001 0.5515401984375 0.8287843593750001 0.549517284375 0.8141834343750001 0.5512296234375 0.8016582718749999 0.566982659375 0.797258671875 0.586828921875 0.8025112453125001 0.5997106984375 0.8160332796875001 0.61256378125 0.8389263484375 0.6130083109375 0.8465735249999999 0.6034716234374999 0.8537512906250001 0.593881009375 0.8567460671875 0.5816047281250001
0 0.886293296875 0.64993781875 0.896230215625 0.6429832609374999 0.90321491875 0.6225923453125 0.9011059328125001 0.6095028765625 0.8941115296875 0.597512634375 0.885560390625 0.5892775484375 0.8725715624999999 0.5856493890625 0.8569945703125 0.5908196921875 0.8467143281249999 0.6076034796875 0.8444853109375 0.6224462296875 0.8515762671875 0.6398366109375 0.8623693203125 0.6488482921875 0.8739816140625001 0.65141263125 0.886293296875 0.64993781875
0 0.8006192343749999 0.6212318390625 0.8032326828125 0.6035454062500001 0.795002640625 0.586115203125 0.7776014078125 0.5782059984375 0.761543415625 0.5808198171875001 0.7494802140625 0.5915096375 0.74458855625 0.6091165140625 0.747781265625 0.6238311265625 0.7575126828125 0.6390915015624999 0.77762226875 0.64195789375 0.7877096609375001 0.6398285546875 0.7924653328125 0.6342803671875 0.8006192343749999 0.6212318390625
0 0.782301715625 0.5742431859375 0.7939251203125 0.567982415625 0.8022087906250001 0.5593828421875 0.8037717703125 0.5391200515625 0.8002942781250001 0.5243955046875 0.788403346875 0.513821584375 0.76544036875 0.513240053125 0.7540946468749999 0.5246869359375 0.7465846890625001 0.543789678125 0.7565756218749999 0.5679479875 0.7674713859375 0.57436019375 0.782301715625 0.5742431859375
0 0.7353100515625 0.6053803859375 0.74746185 0.5921539984375 0.7545320296875 0.5774803281249999 0.74905315625 0.5547494171875 0.7349283625 0.54282765625 0.7138219671875 0.5430429718750001 0.7051558109375 0.5497298109375001 0.6963006843749999 0.5630659484375 0.6948595234375 0.5798409359375001 0.7025532375 0.596300015625 0.7114112828125 0.6039109078125 0.7353100515625 0.6053803859375
0 0.6954813265625 0.586529296875 0.6865377828125 0.573201159375 0.663426903125 0.5736639515624999 0.6547508484375 0.5771704796875 0.6449104578125 0.5895252 0.6432699921875 0.6120075 0.6543588375 0.6292200546875 0.67178885 0.6327659046874999 0.6869004484375 0.6281342203125 0.6995996250000001 0.6155618734375 0.7000456421875 0.5946251499999999 0.6954813265625 0.586529296875
0 0.5965627953125 0.65132865625 0.6087827671875 0.6606442375 0.628683634375 0.662291565625 0.6409319828125 0.6544653515625 0.6490225546875 0.6350654375 0.6461921140625 0.6181412609375 0.639482471875 0.6061609859375 0.6294521046875 0.5994615421875 0.6145878921875 0.5993206734375 0.60388589375 0.604917925 0.5938271578125 0.6153602625000001 0.5918275328125 0.6317983015624999 0.5965627953125 0.65132865625
0 0.657220371875 0.56360598125 0.6722247546875 0.5666696203125 0.6904723640625 0.5666719296875 0.70288988125 0.5458358046875 0.7005656890624999 0.5225801359375 0.69641898125 0.510689353125 0.6883482812499999 0.5075532578125 0.6660590156249999 0.50645456875 0.65404010625 0.5158760828125 0.64531665625 0.528904728125 0.647314921875 0.5451649187500001 0.657220371875 0.56360598125
0 0.6017382234374999 0.7235725546875 0.617278925 0.7276073140625 0.6340947031249999 0.71962314375 0.6424036203125 0.7021355781249999 0.6413261 0.6840028031250001 0.630237271875 0.6667902359375 0.6138836203125 0.6654077828125 0.5995894296875 0.6707993390625 0.58891685 0.6824901 0.5878269078125 0.6973725843749999 0.591182590625 0.7155849375 0.6017382234374999 0.7235725546875
0 0.3823206734375 0.3555951828125 0.400020903125 0.3549434484375 0.41476883437499995 0.3408553453125 0.4182144796875 0.32383289375 0.409492421875 0.304163315625 0.402890384375 0.2972661265625 0.3952606640625 0.2951881375 0.3787732890625 0.2938842671875 0.3640363921875 0.3076553 0.3607980171875 0.32690720624999997 0.366409740625 0.3458332421875 0.3823206734375 0.3555951828125
0 0.3320363359375 0.3830454359375 0.3473808453125 0.3845336515625 0.3609565125 0.3713569859375 0.3651346671875 0.3578521640625 0.36147516562500004 0.3320102078125 0.35063478125 0.324012625 0.3347096578125 0.322821584375 0.3207969859375 0.3293198421875 0.3139703796875 0.337017928125 0.31068771875 0.3575381234375 0.318259634375 0.3774849953125 0.3320363359375 0.3830454359375
0 0.37190316874999996 0.41713588125 0.38943726875 0.421240240625 0.4060457640625 0.411026615625 0.41534189374999997 0.3897640328125 0.4094121734375 0.371779275 0.406730521875 0.3669237421875 0.3977969609375 0.3603163265625 0.3764480828125 0.360469440625 0.364407009375 0.3705251078125 0.3592416609375 0.3878049703125 0.3606482359375 0.4046794125 0.37190316874999996 0.41713588125
0 0.4131775453125 0.378259940625 0.41908826250000003 0.388625028125 0.4391631375 0.3934530296875 0.45447753124999996 0.38763864375 0.46309337656249994 0.36952689375 0.4637134328125 0.351770834375 0.4557017375 0.336253034375 0.44898897499999996 0.3325265734375 0.43503511718750004 0.33203929374999996 0.42149576875 0.336010915625 0.412620428125 0.3452247515625 0.410128778125 0.35942339375 0.4131775453125 0.378259940625
0 0.468252859375 0.4258972890625 0.480727525 0.4279202125 0.49734399218750003 0.42564334375 0.5096508453124999 0.40797794062500004 0.5094165171875 0.3901920609375 0.5019965281250001 0.374060009375 0.4876067734375 0.3691703234375 0.47013516875 0.3719950015625 0.45864151406250003 0.3827046953125 0.4566640234375 0.3985085953125 0.45872871875000004 0.4128663453125 0.468252859375 0.4258972890625
0 0.44846135625 0.4537774703125 0.4637930640625 0.431138375 0.458114946875 0.414114746875 0.4503879546875 0.3986068984375 0.42991343437499996 0.395744471875 0.4128170265625 0.40491389843750003 0.4044859234375 0.4230355828125 0.407656490625 0.4383843265625 0.41744326718749997 0.4520593796875 0.432688125 0.4564012328125 0.44846135625 0.4537774703125
0 0.276341325 0.410306775 0.294293078125 0.41061618437499997 0.30896354375 0.3987475828125 0.3153122671875 0.38023920312500004 0.312130609375 0.365207540625 0.30601267656250003 0.3526129921875 0.29453381093750003 0.3509925296875 0.2743918484375 0.351826225 0.2604096046875 0.3684807375 0.2597009703125 0.3887733703125 0.2660261734375 0.4035973828125 0.276341325 0.410306775
0 0.5105034203125001 0.38356338125 0.5222724734375 0.39762510156249997 0.5404979375 0.3982615484375 0.5524061437500001 0.39201074999999996 0.5610963531250001 0.3799333234375 0.5632067125 0.3603245625 0.5537822234374999 0.3444399625 0.5471248234375 0.3391281421875 0.5345838109375001 0.33721890625 0.5211994671875 0.338540265625 0.5145801546875 0.34846780625 0.5069183046875 0.36375573125 0.5105034203125001 0.38356338125
0 0.4679875203125 0.4906496515625 0.4818638703125 0.49335643906250004 0.49688245000000003 0.48784918906249997 0.50801691875 0.47109521093750006 0.5066245375 0.44564988124999994 0.49417515625 0.43473899375 0.4774300796875 0.4309956828125 0.46361590625 0.4362115125 0.4549035109375 0.448923090625 0.45287066249999997 0.46631232968749997 0.45611873125 0.479441578125 0.4679875203125 0.4906496515625
0 0.5084850609375 0.44952436875 0.516881228125 0.4621984546875 0.5316118828125 0.464935075 0.547802765625 0.45851637968750003 0.559188796875 0.442723590625 0.559250403125 0.424630575 0.552891959375 0.410757796875 0.5420294265625001 0.40339437812499995 0.5204635953125 0.40176543750000004 0.5082238359375 0.4161820453125 0.5027436062499999 0.42614937968750005 0.5030553671875 0.441715728125 0.5084850609375 0.44952436875
0 0.36214374375 0.47615989843750006 0.3764235546875 0.48364267187500004 0.3895341765625 0.48378303593750005 0.39976695156250003 0.47652136718750004 0.40959628906249995 0.46448370937499994 0.408947490625 0.44223892343750004 0.40181224687499995 0.42611680312500005 0.3910905578125 0.4228852640625 0.37541697812499997 0.4226553875 0.3626101578125 0.43014464218750004 0.35586905 0.4435599625 0.3548977796875 0.4632085109375 0.36214374375 0.47615989843750006
0 0.41235894375 0.51600853125 0.42217096718749997 0.52079560625 0.4384805046875 0.5191429546874999 0.45162745 0.5100782796875001 0.4584128484375 0.495394640625 0.45827514843749995 0.48300892656250005 0.45002296406250003 0.4662128859375 0.44170120312499994 0.45957311093750003 0.429013484375 0.458251140625 0.41162293749999995 0.46360209843750005 0.40045521093750003 0.4813073 0.4042364890625 0.503661475 0.41235894375 0.51600853125
0 0.5286095296875 0.5264172687500001 0.5442087421874999 0.520612828125 0.5536978968749999 0.510150590625 0.555194440625 0.4917902359375 0.5484325203125 0.4731414703125 0.5415014140625 0.4675026390625 0.5182325203125 0.46565506718750005 0.5063826765624999 0.4770698953125 0.5007252890625 0.4921103484375 0.50342288125 0.512839378125 0.5149514859375001 0.52562285 0.5286095296875 0.5264172687500001
0 0.3302917671875 0.449333428125 0.34723728125000003 0.4457982171875 0.3612637953125 0.4278754125 0.36104061718749997 0.4097724734375 0.355077678125 0.3927389046875 0.345003021875 0.3873077453125 0.32410020781250004 0.3859742640625 0.312491528125 0.3956961953125 0.3093116375 0.40510894531249997 0.308273934375 0.42665987968749997 0.3168330640625 0.4428317328125 0.3302917671875 0.449333428125
0 0.2143096734375 0.36030159375 0.2266815296875 0.3734319890625 0.24533259375 0.3782102625 0.2564307640625 0.3706613421875 0.264935865625 0.355720328125 0.2666285703125 0.3399064875 0.260632434375 0.32382414531250003 0.25148960625 0.31620331562500004 0.23932954374999998 0.3154728625 0.22491715937499998 0.31781505781249997 0.21507677187500002 0.3301697890625 0.2107024328125 0.34112809374999997 0.2143096734375 0.36030159375
0 0.1676688921875 0.39772031406249997 0.1779618796875 0.4050638453125 0.1930880609375 0.40463970156249995 0.205565809375 0.3984087859375 0.21511036562500002 0.38636119375 0.2165957984375 0.3683179015625 0.211672334375 0.35417777500000003 0.2037350046875 0.344694303125 0.18483938125 0.3421588671875 0.172484396875 0.3496347140625 0.1608467765625 0.3644663453125 0.1610921203125 0.38193515312500004 0.1676688921875 0.39772031406249997
0 0.2558110890625 0.445560009375 0.2580609125 0.4627813890625 0.265779890625 0.47035248281250003 0.2790202453125 0.47494180625000004 0.29620627499999996 0.4726848265625 0.308424546875 0.4575560046875 0.310827578125 0.44589393906249997 0.3085777515625 0.4286725921875 0.299031465625 0.41627580000000003 0.29058795000000004 0.4131238046875 0.2799100625 0.4115905125 0.2653064828125 0.4185901328125 0.256834596875 0.43257997187499997 0.2558110890625 0.445560009375
0 0.20736786875000002 0.41212244218749994 0.2101017609375 0.423646434375 0.21881590312500002 0.4353792625 0.23203411406250002 0.44060273906249997 0.24599904687500002 0.44077294843750003 0.2590383859375 0.4266251796875 0.2626691625 0.41246631718750004 0.2625535671875 0.399446459375 0.25725672187500004 0.387832978125 0.2506768296875 0.38030164375000003 0.234253003125 0.37819104375 0.22066499374999998 0.38242819375 0.2097297921875 0.3934748515625 0.20736786875000002 0.41212244218749994
0 0.15747905625 0.43641191875 0.1576831921875 0.44689519375 0.1631983640625 0.46042105624999996 0.1731401515625 0.46965709375 0.18849573749999998 0.47082823749999997 0.20182780781249998 0.46462715625 0.2121190640625 0.44752630625 0.21116335937500003 0.42590573281250005 0.200829165625 0.4115766484375 0.19037009375 0.4089891953125 0.1799211234375 0.4095282625 0.16994084375000001 0.41430751718750003 0.1613170484375 0.4244825078125 0.15747905625 0.43641191875
0 0.305834934375 0.49905268437499994 0.3176261734375 0.5124802875000001 0.340703875 0.512968709375 0.347826278125 0.5049634875 0.3563092140625 0.49065661875 0.35734691875 0.46910564218750006 0.349509284375 0.4567685 0.3439577546875 0.452447671875 0.3308130953125 0.45089094375 0.3159725265625 0.45369263593750003 0.30614319375 0.46573026874999995 0.3018765 0.48177169375 0.305834934375 0.49905268437499994
0 0.208431575 0.49596877812500006 0.22095846562500002 0.5046601265625 0.2354597203125 0.5058014359375 0.24642502500000002 0.5020574140625 0.2583474234375 0.4872357171875 0.26175985 0.4711644625 0.254624590625 0.4550423515625 0.23991918124999997 0.4434177640625 0.2253077234375 0.4414888453125 0.21433080625 0.44950828906250007 0.206265478125 0.460020246875 0.203881434375 0.47930199218749997 0.208431575 0.49596877812500006
0 0.2727853671875 0.48202564062500003 0.26350655 0.48646349375 0.2537657921875 0.49596458437499996 0.251163396875 0.5133339578125 0.2541377796875 0.526136178125 0.263321815625 0.5407425421875 0.2697829765625 0.543507809375 0.2811296296875 0.5451739 0.29247934375 0.538586146875 0.3039065671875 0.5297788671875 0.305018715625 0.5142622218749999 0.30430034375 0.502173696875 0.29564158125 0.4888555046875 0.2836177796875 0.4820864453125 0.2727853671875 0.48202564062500003
0 0.368868075 0.550383621875 0.3900298515625 0.5485829203125 0.40043982343750006 0.5362480953125 0.4056494046875 0.5176999328125 0.39988576875000004 0.49495907812500006 0.3870187734375 0.48784311718750006 0.37536990625 0.4875111171875 0.3615189578125 0.4913970765625 0.35012184999999996 0.5075069375 0.34905093125 0.5300091234375001 0.3602283578125 0.5446850999999999 0.368868075 0.550383621875
0 0.47452292968750004 0.553953896875 0.4885764375 0.5515875375 0.49679363906249996 0.5448903781250001 0.504488740625 0.5286512296875 0.5021202203125 0.5066638578125 0.4956732375 0.495327659375 0.488970465625 0.49469438125 0.4651693078125 0.495214821875 0.4550109390625 0.5085108109375 0.4502711921875 0.529932509375 0.4576137109375 0.5482840703125 0.47452292968750004 0.553953896875
0 0.4086646421875 0.578320625 0.41307712499999993 0.58260169375 0.42866208749999996 0.585368125 0.438488284375 0.581584303125 0.45076191718749997 0.564870125 0.4540857265625 0.551335459375 0.45042314687499996 0.5337473171875 0.438521103125 0.5234904546875 0.4167755890625 0.5232636484375 0.40218577343749995 0.5352374203125 0.3986183703125 0.555747675 0.40159273124999995 0.568549903125 0.4086646421875 0.578320625
0 0.44700310625000006 0.59902441875 0.45225564062499995 0.611906215625 0.46343616875000004 0.618328359375 0.48118068750000004 0.6164083453125 0.49054808281250006 0.6094339046874999 0.49814353593750005 0.59604840625 0.49964000000000003 0.5776880609374999 0.49415804531249996 0.5632109640625 0.48305502499999997 0.5545693125 0.46616485 0.5565191578124999 0.45460786249999996 0.5608774578125 0.44572937812499996 0.578345121875 0.44700310625000006 0.59902441875
0 0.35442671875 0.6046804421875 0.368114840625 0.6127774671874999 0.38241991249999996 0.6113722453125 0.39257518125 0.6063300843749999 0.4028886015625 0.58859508125 0.400191009375 0.5678660625 0.3942581875 0.5581350859375 0.3805479203125 0.5506722171875 0.36049687656249996 0.55524760625 0.3521640890625 0.563331759375 0.34800807968749997 0.5762024515624999 0.3477281296875 0.5923830828125001 0.35442671875 0.6046804421875
0 0.3001914984375 0.565643821875 0.31031841875 0.577743428125 0.3250490953125 0.58048005 0.3430261125 0.571901515625 0.3537540453125 0.55862540625 0.3513190890625 0.5385404640625 0.34682120625 0.5285421609375 0.338894953125 0.518741603125 0.3286431359375 0.5183836015625001 0.31262943125 0.5197291468749999 0.302504259375 0.532073921875 0.29604793281249997 0.5454992 0.3001914984375 0.565643821875
0 0.2981777109375 0.59065274375 0.3033098203125 0.5743240953125001 0.29498323125 0.5514937390625 0.2843390296875 0.5460427 0.2627165171875 0.5450431906250001 0.2523417375 0.5560363953125 0.24685838906250002 0.5742575234375 0.25243691562500004 0.594134784375 0.2656852421875 0.606660865625 0.285904096875 0.6073669234375 0.2981777109375 0.59065274375
0 0.2295647609375 0.571431425 0.2465435140625 0.5669449796875 0.25542199375 0.549477315625 0.254936159375 0.5307302765624999 0.24720920937500002 0.515222409375 0.235688559375 0.5103756703125 0.22448908125 0.5101163671875 0.21003375000000002 0.5183686359374999 0.199775709375 0.534518284375 0.2014449203125 0.5520368140625 0.20978568125 0.566296284375 0.2295647609375 0.571431425
0 0.1923605546875 0.5345767984375 0.2050486984375 0.5223215234375 0.20809881875 0.5084598515625001 0.2074579921875 0.49415182187499995 0.200300603125 0.47866384375 0.1848263265625 0.4727266796875 0.16582095624999998 0.478094703125 0.1560470015625 0.4885469890625 0.1533117296875 0.5097212328125 0.163213678125 0.5290608546875 0.16960087968749998 0.533147096875 0.1774637921875 0.5365962640624999 0.1923605546875 0.5345767984375
0 0.1907931234375 0.59579163125 0.20017159218749997 0.5885001265625001 0.20329611875000003 0.5806727640625 0.20502206250000002 0.5639077218749999 0.1981937265625 0.5471614 0.189391021875 0.5379651546875001 0.1748344046875 0.5384092 0.1627300046875 0.542113465625 0.15054499999999998 0.556291065625 0.1493332453125 0.574661375 0.158121765625 0.5924285296875 0.1684832640625 0.5985728203125 0.18294924375 0.5999621687500001 0.1907931234375 0.59579163125
0 0.275824565625 0.670320453125 0.283897859375 0.66774526875 0.2912164828125 0.662286559375 0.29915204218749997 0.6473256625 0.2989510078125 0.628588559375 0.293872490625 0.6188874375 0.286186746875 0.6103651234374999 0.268005575 0.6084603796875 0.2622436890625 0.6101639296875 0.24930400000000003 0.6214580421875 0.24401687343749998 0.6422257109375 0.24660992343750002 0.649617809375 0.254884253125 0.6657796968749999 0.2644796984375 0.6697807109375 0.275824565625 0.670320453125
0 0.2927005625 0.67694150625 0.2950168015625 0.6922604171875 0.30162991250000004 0.6988405265625001 0.3119229203125 0.7061840593750001 0.33308465625 0.7043834046875 0.34798764375 0.685856275 0.34606998906249997 0.6591227640625 0.336194634375 0.647984290625 0.326903015625 0.6455159 0.3106758125 0.6439185671875001 0.3004651828125 0.6505461046875001 0.29284760468750004 0.664565734375 0.2927005625 0.67694150625
0 0.2283768875 0.6981872203124999 0.2369975828125 0.69626606875 0.24927115937500002 0.6795518890625 0.2501760140625 0.6618058 0.24224181093750002 0.6440684703125 0.23216713125 0.638637321875 0.21359784531249998 0.6390576718750001 0.1986684625 0.6508007874999999 0.19276750625 0.672816840625 0.20122694375 0.691842353125 0.2081690890625 0.6971641015625 0.2283768875 0.6981872203124999
0 0.2191783203125 0.6350091515625 0.235203096875 0.633346525 0.24930400000000003 0.6214580421875 0.252605703125 0.60855751875 0.24699708281250002 0.5813776515625 0.2414787890625 0.576105609375 0.22099139375000001 0.5742762406249999 0.2076652421875 0.580956534375 0.1983722515625 0.5939652953125 0.1980812484375 0.610463 0.2054348171875 0.6284974890624999 0.2191783203125 0.6350091515625
0 0.1575473671875 0.6607933296875 0.17052510625 0.66473856875 0.1851592328125 0.6620750140625 0.19816535468750002 0.6488784937500001 0.20135945781250003 0.630894846875 0.19654665625 0.6135839984375 0.1843709828125 0.6030001234375 0.17582779531249998 0.6027017875 0.1622124609375 0.604386084375 0.1511127890625 0.61644183125 0.1461546953125 0.6359511484375 0.1485263171875 0.6496847015625 0.1575473671875 0.6607933296875
0 0.30238731093750004 0.6363275749999999 0.311914553125 0.6411046953125 0.331268025 0.6420980015625 0.3399773609375 0.6376402484375 0.350191053125 0.6227588828124999 0.3500564515625 0.6021193546875 0.343642646875 0.5898319296875 0.3367890859375 0.5819735968749999 0.32531520937499997 0.58077819375 0.314761928125 0.584061509375 0.2998952625 0.5933835937499999 0.2947188421875 0.61098051875 0.30238731093750004 0.6363275749999999
0 0.34449424687499997 0.6552582203124999 0.3528571546875 0.6688835296875 0.36084980624999996 0.67678166875 0.37767354375 0.6767342296875001 0.38497004218750003 0.6719096921875 0.3974730171875 0.6567908109375 0.39898063281249996 0.6381133984375 0.39160490000000003 0.6207130390625 0.383735115625 0.61605279375 0.3675763796875 0.6147946125 0.357476478125 0.6182514078125 0.344008434375 0.6365111734375 0.34449424687499997 0.6552582203124999
0 0.565747434375 0.5581652203125 0.5790764078125 0.5602179671874999 0.5950932328125 0.5506186171875 0.6016824671875 0.5333884671875 0.5953935578125 0.5093594359375 0.5851227 0.5013817453125 0.568016315625 0.500270725 0.5564129 0.507045815625 0.547282871875 0.5235523234375 0.5460188890625 0.5352541546875 0.554248909375 0.5526843359375 0.565747434375 0.5581652203125
0 0.6415731171875 0.5912891640625 0.6520083343749999 0.570066375 0.6481495484375001 0.5499316999999999 0.6417578875000001 0.5370101359375 0.6245143171875001 0.5354782109375 0.6104771609374999 0.5346479578125 0.5953337249999999 0.551896834375 0.5955126125 0.5712680921875 0.6034246546875 0.5896395328125 0.6225345390625 0.5976084125 0.6415731171875 0.5912891640625
0 0.5503147234375 0.61635620625 0.5609478546875 0.622124315625 0.58113353125 0.6237815984374999 0.5962437890625 0.607483925 0.6006291796875 0.59620854375 0.5991672609375 0.5809194671875 0.5907600640624999 0.5685624546875 0.58270094375 0.562566753125 0.568139640625 0.561026325 0.5581219078124999 0.56424810625 0.546550721875 0.5771773109375 0.543696784375 0.593585528125 0.5503147234375 0.61635620625
0 0.49736634999999996 0.5649647515625 0.50705345625 0.581493453125 0.5174239484375 0.5866174734375 0.535704771875 0.585668565625 0.5404010718750001 0.581820484375 0.5475939359375 0.5717980921875 0.5495382046875 0.556945409375 0.5471776562499999 0.54289478125 0.5376202984375 0.5308150484375 0.511125359375 0.5302072812499999 0.5016472390625 0.540352440625 0.4972618296875 0.551627821875 0.49736634999999996 0.5649647515625
0 0.5008747625 0.603297221875 0.49613813906250004 0.6164650953125 0.4959135671875 0.6310603734375 0.5023163015625001 0.64366484375 0.5174393609375 0.6514945140624999 0.5326983953125 0.647265484375 0.5418695890625 0.6377445265625 0.546879921875 0.62490368125 0.5442179687500001 0.6123656015625001 0.539440875 0.6011519359374999 0.5294658671875 0.5928671234375 0.5103639546875 0.5928349921875 0.5008747625 0.603297221875
0 0.4051866515625 0.6409079156249999 0.42233634374999995 0.6478559859375 0.43738811718750004 0.6413975015625 0.44628872187499996 0.6232957046875 0.44549598437500004 0.6051728562500001 0.4358708796875 0.5925008140625 0.4247580984375 0.5866709765625 0.40720980312500005 0.5911375203125 0.3963379296875 0.6085355734375 0.39856559062499997 0.6263910515625 0.4051866515625 0.6409079156249999
0 0.3943023546875 0.6913212953125 0.40610466718750005 0.7044317953125 0.425632203125 0.7086057359375 0.44099400468749994 0.6932692296875 0.443378053125 0.6739875078125 0.436705875 0.6604284781249999 0.4307466609375 0.651959184375 0.418260940625 0.6502533421875001 0.40091991875 0.6569493421875 0.39235945625 0.67347571875 0.3943023546875 0.6913212953125
0 0.454210484375 0.6740483015625001 0.473616203125 0.68171006875 0.4879022734375 0.6726851828125 0.49590424375 0.6558218359375 0.49388383906250005 0.6401957890625 0.48315445468749996 0.6252423609375 0.47347500625 0.6204355578125 0.459203146875 0.6208895562500001 0.4437970546875 0.6374943453124999 0.4434174921875 0.6565286546875 0.454210484375 0.6740483015625001
0 0.3548903484375 0.7372068890625 0.3752832625 0.7410936125 0.3870506265625 0.730710953125 0.39394675 0.71285659375 0.3899550984375 0.69652679375 0.3807761578125 0.682418525 0.3654930078125 0.6785297765625 0.3494651109375 0.688446215625 0.34010568281250003 0.7033574125000001 0.34226691875 0.72311534375 0.3548903484375 0.7372068890625
0 0.39075266875 0.73084023125 0.3883686234375 0.7501219531250001 0.39445335937500003 0.7636677062499999 0.4059487640625 0.7774024453124999 0.42496741875 0.776160740625 0.43582289531249996 0.76289016875 0.43958653906249995 0.74492643125 0.434829121875 0.72603025 0.418962459375 0.7149999921875 0.40232385312499996 0.7179110140625 0.39075266875 0.73084023125
0 0.48070453750000003 0.7431877171875 0.490755296875 0.7248086484375 0.4914417875 0.70515013125 0.4768340359375 0.6868450234375 0.4567832453125 0.68520975625 0.442604834375 0.6993177453125 0.439388590625 0.7179355140625 0.44727850468749997 0.73694110625 0.464099125 0.745147503125 0.48070453750000003 0.7431877171875
0 0.5340469859375 0.7098125234375 0.54398700625 0.6946041640625 0.5409825265625 0.6744993234375001 0.5285161265625 0.65791679375 0.5045710625 0.655767559375 0.4913545828125 0.6749884921875 0.4887411140625 0.692674934375 0.4990310015625 0.70827228125 0.514953025 0.717717140625 0.5340469859375 0.7098125234375
0 0.58492305 0.6817480296875 0.5939121765625 0.66110963125 0.5908855546875 0.641638953125 0.5801358953125 0.630773190625 0.5666418296875 0.6255543218749999 0.55072465625 0.6323000328124999 0.542194290625 0.65612901875 0.547794940625 0.675372134375 0.565643940625 0.686789040625 0.58492305 0.6817480296875
0 0.5771618703125 0.7570322265625 0.586018165625 0.7401987015625 0.5876143625 0.7189847 0.575463171875 0.7002953234375 0.5581481375 0.697320890625 0.545407771875 0.702907703125 0.5361006078125 0.7244873593750001 0.5391936687500001 0.7420556015625001 0.5552897296875 0.7546811359375 0.5771618703125 0.7570322265625
0 0.514288640625 0.7857309984375 0.5290778 0.7786284609375 0.53854795 0.7605465296875 0.5349739062500001 0.74042181875 0.5217588015625 0.72694450625 0.5098426218750001 0.7252585625 0.5023322671875 0.7281171828125 0.489935528125 0.7401188640624999 0.4849362640625 0.7526426500000001 0.4880847046875 0.7686255375 0.4990548546875 0.7810720609375 0.514288640625 0.7857309984375
0 0.5850137 0.7586770921875 0.587844121875 0.7756012578125 0.5981893875 0.789613259375 0.6162709093750001 0.7943716656250001 0.6312482609375001 0.781878853125 0.6386253640625 0.7665810078125 0.632795334375 0.7457425546875001 0.6194937140625 0.7343527140624999 0.6133373734374999 0.731412340625 0.6035332453125 0.734562021875 0.589838921875 0.742972653125 0.5850137 0.7586770921875
0 0.3011840875 0.7631551203125 0.3209520953125 0.7686073109375 0.335160596875 0.7618019453125 0.34204566718749996 0.744264690625 0.3387121203125 0.7254181749999999 0.33004255625 0.7117372375000001 0.3154001859375 0.7071438624999999 0.2992093234375 0.7135625703125 0.2897945359375 0.730059134375 0.2900066625 0.74847914375 0.3011840875 0.7631551203125