0 0.13100001875 0.092771234375 0.1533006015625 0.10710301562499999 0.18400318437500002 0.1044243203125 0.1958237640625 0.08078460625 0.18500829375 0.0583253328125 0.15791136249999999 0.0503966765625 0.139310834375 0.055338743749999995 0.12752113125 0.078388409375 0.13100001875 0.092771234375
0 0.256117196875 0.0744774359375 0.2554059421875 0.0880489984375 0.2588230296875 0.1036119546875 0.27511978125000003 0.1157081234375 0.302131609375 0.1117985609375 0.321134246875 0.099185609375 0.315119584375 0.079344696875 0.30604348593749997 0.06407683125 0.2749652125 0.06481483125000001 0.256117196875 0.0744774359375
0 0.42731845156250003 0.078716209375 0.40227027812499994 0.072078315625 0.38574928750000004 0.07772103124999999 0.3717640265625 0.088821871875 0.37111462031250003 0.10121328593750001 0.3890806578125 0.1201257828125 0.412366825 0.12171754374999999 0.425246534375 0.118250740625 0.43446177031250005 0.1039414828125 0.4359693328125 0.088636615625 0.42731845156250003 0.078716209375
0 0.3100557953125 0.1625073765625 0.30765915625 0.1813157421875 0.3249918890625 0.200566478125 0.350050221875 0.19867327968749998 0.3695374375 0.18515035156249998 0.3699472203125 0.163871053125 0.3626724359375 0.1546144703125 0.3425797859375 0.147644578125 0.3233375234375 0.15136968125 0.3100557953125 0.1625073765625
0 0.21747805156250002 0.13872151093750001 0.196032459375 0.1441061796875 0.183693890625 0.1641686328125 0.1892215328125 0.179842259375 0.2056110109375 0.19016816875 0.2227165125 0.190667890625 0.240817628125 0.1914216046875 0.256032090625 0.17032646093749998 0.24992470312499998 0.15225574687500001 0.2302031921875 0.13820505624999999 0.21747805156250002 0.13872151093750001
0 0.1172775328125 0.2334655515625 0.11883144999999999 0.2441974140625 0.125735096875 0.2605347578125 0.137996328125 0.26886931875000003 0.15344166875 0.2709606328125 0.170760040625 0.26289441562500004 0.178661028125 0.24674120312499997 0.1685799203125 0.2237287296875 0.14567318125 0.2166113375 0.1242894828125 0.22081589687499997 0.1172775328125 0.2334655515625
0 0.2950577546875 0.23331559999999998 0.2764649 0.22464925156249999 0.25511208124999996 0.2282636875 0.24167573125000003 0.242351728125 0.243438353125 0.2625615421875 0.249151496875 0.27469471562500003 0.269429690625 0.2781241546875 0.2855929546875 0.2778863875 0.296565215625 0.271854328125 0.304280703125 0.25924155 0.30281955625 0.246739509375 0.2950577546875 0.23331559999999998
0 0.42828461406249996 0.2621901640625 0.42012851875 0.24282872968749997 0.404411559375 0.233129690625 0.3889651890625 0.2317285546875 0.37749254374999996 0.23526907968750002 0.36430359375 0.244636559375 0.36438087812500003 0.2700832046875 0.3736737125 0.2778401015625 0.381961 0.2846134171875 0.40520781093749997 0.28523998437500003 0.41891475937499995 0.27944977031249996 0.42828461406249996 0.2621901640625
0 0.4572834078125 0.153064253125 0.43755408124999995 0.1526219703125 0.42512278437499995 0.174454659375 0.43193365781250004 0.1925622625 0.4418679140625 0.2049166515625 0.46940106249999997 0.207592425 0.48077765625 0.20281396406250002 0.4945464453125 0.19584365937499998 0.4937655796875 0.1703600984375 0.47957938437500003 0.15837455625000002 0.4572834078125 0.153064253125
0 0.6122883531250001 0.18367186562499999 0.5921415234375 0.1642736890625 0.5796639203125 0.16006963125 0.5632666265624999 0.16335210625000002 0.5461271546875001 0.1807962296875 0.5491601687500001 0.19978338125 0.5538812359375 0.2078285734375 0.5677349859375 0.21269639687500003 0.592543584375 0.21044644687499997 0.604016228125 0.20690588124999998 0.6122883531250001 0.18367186562499999
0 0.501125471875 0.083767640625 0.4968658125 0.09774494375000001 0.4966415234375 0.1154838296875 0.517927396875 0.129542584375 0.5311678109375 0.1297187171875 0.5521263859375 0.12016672343749998 0.556022771875 0.09966183749999999 0.5455705281250001 0.0837301640625 0.5249290156249999 0.0737730578125 0.501125471875 0.083767640625
0 0.590185734375 0.16121274218749998 0.5676422640625 0.1606229765625 0.5490958203125 0.1779933625 0.5497607125 0.192228690625 0.5587748640625 0.208676703125 0.576160325 0.2145195578125 0.5938577875 0.21229035624999998 0.6054232984375 0.20697962187500002 0.6088016953125 0.18289745 0.6028411625000001 0.1754848234375 0.590185734375 0.16121274218749998
0 0.693467296875 0.16662549843750002 0.6718362046874999 0.1755506046875 0.668797925 0.1931420109375 0.673328578125 0.2076228875 0.686617725 0.2165600328125 0.70698864375 0.21821929375 0.7301504984375 0.2070077328125 0.7287898890625 0.179127065625 0.7160106640625 0.1672152609375 0.693467296875 0.16662549843750002
0 0.7935749359375001 0.1813389359375 0.7911784890625 0.2001473515625 0.800007096875 0.220135775 0.8185494656250001 0.2225602296875 0.837386071875 0.220319646875 0.84482324375 0.2130174765625 0.8531881359375 0.188013284375 0.8404398375 0.17551141718750002 0.81092315625 0.17337278750000001 0.7935749359375001 0.1813389359375
0 0.7293386984375 0.2898015 0.7435867390625 0.30060696875000004 0.7646612953124999 0.302303065625 0.787212384375 0.2892844140625 0.790861471875 0.273500115625 0.78313040625 0.25948606875 0.765851846875 0.252663678125 0.7448083171875 0.250377503125 0.7233858859375 0.26878045781250004 0.7293386984375 0.2898015
0 0.892213959375 0.0894715328125 0.86596736875 0.09223780625 0.8539204203124999 0.107853821875 0.8529175906249999 0.1258718234375 0.8667945453125 0.14375805625 0.8886343812499999 0.144310925 0.9052481453125001 0.1368979953125 0.9160869203124999 0.118532 0.9092760484375001 0.100424396875 0.892213959375 0.0894715328125
0 0.7305680046874999 0.1182763796875 0.7453340359375 0.1326590515625 0.764960059375 0.1398247875 0.784058328125 0.13409681874999999 0.796273153125 0.11639464687500001 0.796219121875 0.1039663515625 0.78010776875 0.08832978281250001 0.7597059265625 0.0872605671875 0.7396982796875 0.0921289109375 0.7305680046874999 0.1182763796875
0 0.61550878125 0.09272066718750001 0.6077546484374999 0.11953194375000001 0.6205338234375 0.13144374375 0.645435165625 0.1342268125 0.65855448125 0.13284465625 0.667955309375 0.11499498749999999 0.6700426625 0.10208723281250001 0.6569619671875 0.0824676890625 0.6308701390625 0.0822836484375 0.61550878125 0.09272066718750001
0 0.3887276546875 0.7510695828125 0.3756392875 0.7450584171875 0.3493860421875 0.7458809265624999 0.3321991953125 0.752840496875 0.32475430156249996 0.7737511031250001 0.3330031671875 0.7913423609375 0.352972121875 0.8006725328125001 0.3820945546875 0.7968735796875 0.390389784375 0.7866579671875 0.396675096875 0.7609530640625 0.3887276546875 0.7510695828125
0 0.3931884953125 0.70633503125 0.40104306718749994 0.717988725 0.42580470937500003 0.72150245 0.438422040625 0.7181726375 0.45681396406249997 0.7037526015625 0.455236884375 0.680002434375 0.4316652515625 0.6586497140625001 0.4023882453125 0.665398975 0.3882175296875 0.6800402546875 0.3931884953125 0.70633503125
0 0.543740421875 0.660381484375 0.5232998390625 0.6735107390625 0.51649663125 0.6956383859375 0.534842840625 0.7152278562500001 0.5618461578125 0.7187241609374999 0.5844281734375001 0.7051154265624999 0.5885720515624999 0.6798899625 0.5753366843750001 0.6632207875 0.5627352890624999 0.6613769640625 0.543740421875 0.660381484375
0 0.1452578125 0.77972804375 0.150684921875 0.756936575 0.1449004734375 0.7367534859375 0.12136937031249999 0.72404075625 0.0920613890625 0.7313800984375 0.0798155890625 0.7496723953125 0.086193578125 0.776040875 0.10187961406249998 0.7863299968749999 0.11959115625000001 0.7848914375 0.1452578125 0.77972804375
0 0.26963285937500003 0.7755958359374999 0.26805578125 0.7518456265625 0.257541734375 0.7370941078125 0.23735631562499998 0.7318944140625 0.2138849953125 0.7377045828125001 0.2011601734375 0.7495231890625 0.2015157296875 0.7696591859375 0.2156710484375 0.7822348328125 0.22603819062500002 0.78632826875 0.2506920734375 0.78702861875 0.26963285937500003 0.7755958359374999
0 0.32286803124999996 0.7020579875 0.336366228125 0.6867898171875 0.3316426625 0.6557744765625 0.3122535 0.648841453125 0.28539628906250003 0.6498006703125 0.26862023281249997 0.673772425 0.27665258593750003 0.6954941171875 0.2945419078125 0.7041235921875 0.32286803124999996 0.7020579875
0 0.1599543359375 0.701211978125 0.1935728765625 0.7013390015625001 0.211960259375 0.6915120703125 0.21668388125 0.6686837734375 0.2003020734375 0.6447493875 0.17625891093749999 0.6458561 0.151597259375 0.658764203125 0.14987322812499998 0.67819950625 0.1599543359375 0.701211978125
0 0.654053265625 0.24915253124999998 0.63866875 0.2465712046875 0.6157542390625 0.253062221875 0.6082861937499999 0.2609544828125 0.6086727203125 0.28050043593749996 0.6219409171875 0.2948475828125 0.6410266015625 0.29580486875 0.6603307093749999 0.2908996546875 0.673001675 0.27795489375 0.6660980296875 0.2616175078125 0.654053265625 0.24915253124999998
0 0.4824499953125 0.2525846515625 0.4787392 0.26954910625 0.4905056015625 0.28732468906249997 0.5260513390625 0.292486453125 0.5408571078125 0.282271603125 0.543431478125 0.27353119062500003 0.5415142359375 0.2562717203125 0.5281552203125 0.24196278750000003 0.50435945 0.23834895937499997 0.4824499953125 0.2525846515625
0 0.9041948937500001 0.26817875625 0.8914156656250001 0.2562670125 0.8724518218749999 0.254681434375 0.8509443328125 0.261246190625 0.8425871609375 0.2726419890625 0.844659025 0.2869510734375 0.8515992390625 0.303553175 0.8611336484375001 0.30911526718750004 0.8871636765625001 0.31047944375 0.9009632968749999 0.30291900781250003 0.9113382078125 0.2934040296875 0.9041948937500001 0.26817875625
0 0.7856313109374999 0.3498717 0.78350526875 0.3769779125 0.7901384140625 0.38501747656249996 0.813733721875 0.3901544171875 0.83956986875 0.3840579546875 0.8482053609375001 0.367351528125 0.8386112750000001 0.3485064015625 0.8227706124999999 0.3411676609375 0.8008690250000001 0.34179494374999997 0.7856313109374999 0.3498717
0 0.674754465625 0.33873565625 0.6622612296875 0.36174843125 0.67054101875 0.37874964218749996 0.6870520921875001 0.38484743125 0.7089559734375 0.38608807968750003 0.7298217703125001 0.3783063015625 0.7310896609374999 0.3541135046875 0.717761525 0.339214503125 0.6926205796875 0.3343467875 0.674754465625 0.33873565625
0 0.5441405671874999 0.3407658015625 0.54232376875 0.3619713390625 0.5557755484375 0.3745101171875 0.580979721875 0.379954471875 0.604109275 0.3675761671875 0.6079128921875 0.3488414765625 0.59749161875 0.3323197390625 0.5786822921875 0.3277838484375 0.5616433625 0.3298493234375 0.5441405671874999 0.3407658015625
0 0.5318328734375 0.4140818046875 0.5095368921875 0.4087715 0.47811850156249996 0.41600024375 0.472729990625 0.4245931921875 0.47136933125 0.45055614374999997 0.5044088984374999 0.463195140625 0.5193551203125 0.46372135937500003 0.5347164828125 0.4532843625 0.53781660625 0.43451284218749997 0.535350453125 0.414266153125 0.5318328734375 0.4140818046875
0 0.3595029578125 0.40445871093749997 0.34438127500000004 0.42378358125000004 0.3546788453125 0.44266561875 0.37793613593750003 0.45390275156250004 0.398381775 0.45678975 0.414384725 0.4475697078125 0.41586131562500006 0.4328548828125 0.41342612812499996 0.412018190625 0.392970109375 0.398520671875 0.3595029578125 0.40445871093749997
0 0.2232764109375 0.432820696875 0.25462867031249997 0.44477625 0.2690588765625 0.447645440625 0.2920429515625 0.4263658375 0.2891824984375 0.4001816671875 0.266368578125 0.3912941015625 0.23327251875 0.39015127656250004 0.224729846875 0.4050874890625 0.2232764109375 0.432820696875
0 0.1073590359375 0.41017839843750004 0.1106214515625 0.42869170156249997 0.1220554734375 0.43934969218750003 0.148521490625 0.44054752343750003 0.1639338609375 0.43444413437499996 0.17305634375 0.421905090625 0.1733114796875 0.4035761796875 0.148634396875 0.3898574015625 0.1154146640625 0.39107488125 0.1073590359375 0.41017839843750004
0 0.172669871875 0.3485155 0.19643055625 0.359135046875 0.2166510390625 0.3573290203125 0.2301801609375 0.3414708078125 0.23046624843750002 0.3225517484375 0.2171381578125 0.30765275000000003 0.184714659375 0.3071368796875 0.17118554218749998 0.3229951140625 0.172669871875 0.3485155
0 0.314710075 0.3169080984375 0.296472821875 0.328377771875 0.29340361718749997 0.34655924374999997 0.3182946125 0.3655216703125 0.3383280171875 0.3642975484375 0.352707528125 0.359134246875 0.360214265625 0.33704351093749996 0.3519344296875 0.3200423171875 0.3268244046875 0.3145845359375 0.314710075 0.3169080984375
0 0.4512227015625 0.32347075625 0.4391701265625 0.324614146875 0.42056955 0.3295562109375 0.41575315625 0.3541547234375 0.42901939687499996 0.3702338515625 0.446245596875 0.376889703125 0.46569488750000004 0.3703808546875 0.47722947343750005 0.365660165625 0.47938639375000003 0.337963865625 0.4693902953125 0.32678960625000003 0.4512227015625 0.32347075625
0 0.64509124375 0.4117967125 0.6260654484375 0.4113912984375 0.6109514359375 0.417107790625 0.6032051171874999 0.430310640625 0.6057948765625001 0.44819700312500005 0.6194643296875 0.46323041875 0.6452148859375 0.46328006874999994 0.65831106875 0.45568276875 0.666212103125 0.439529578125 0.6551490953125 0.42179083593750005 0.64509124375 0.4117967125
0 0.5430352265625 0.5419447859375001 0.56171125625 0.550787571875 0.5881219718749999 0.5431242875 0.5981026328125 0.527671834375 0.5907118296875 0.5071670546875 0.5644112531250001 0.49750505624999997 0.5456251359375 0.50598753125 0.5350646796875 0.5190428984375 0.5430352265625 0.5419447859375001
0 0.673579559375 0.5008595812500001 0.6591691734375 0.506612953125 0.655883453125 0.5289248796875 0.6696099531249999 0.5511138390625 0.6934016046875 0.553375309375 0.708152253125 0.5411311859375 0.7185890125000001 0.5304361015625 0.714530240625 0.513656103125 0.7023308562499999 0.5041414296875 0.673579559375 0.5008595812500001
0 0.80468051875 0.5029967828124999 0.7853454875 0.5084920421875 0.7734630124999999 0.5333119265625 0.776911121875 0.5482848203125 0.7919244546875001 0.55794694375 0.8094194765625 0.560638896875 0.8257550203124999 0.558536559375 0.839067575 0.5468088140625 0.8415880109374999 0.525640109375 0.8247732187500001 0.5099666765624999 0.80468051875 0.5029967828124999
0 0.77749090625 0.6045255703125 0.7668839468749999 0.5915442171875 0.7494507671874999 0.587672175 0.7366329015625 0.589958828125 0.717205096875 0.5972243046875 0.711383646875 0.614078165625 0.7195707609374999 0.6328495984375 0.7385733203125 0.643313746875 0.7541279734375 0.646494425 0.7659098546875 0.63705320625 0.7803590781249999 0.6171013921874999 0.77749090625 0.6045255703125
0 0.8513674953124999 0.5947884421875 0.8316922953124999 0.6067744796875 0.8304244078125 0.630967215625 0.8348806265625001 0.637704075 0.8436287515625001 0.6482265109375 0.8717383625 0.6502913390625 0.8884759140625 0.6405181734375 0.8946992828125 0.615993396875 0.8754415359375001 0.5930917 0.8513674953124999 0.5947884421875
0 0.6124510671875 0.6307858109375 0.6277737375 0.6345472859375 0.6501703062499999 0.6244789484375 0.6593546140625001 0.6107598171874999 0.6509730874999999 0.588768478125 0.6364634125 0.5764255453125 0.6144689546875 0.5788230421875 0.5942448421875001 0.5878217796875 0.5936186359375 0.6132315984375001 0.6008006015625 0.6242583359375 0.6124510671875 0.6307858109375
0 0.736362459375 0.4201301703125 0.7244567828124999 0.4319316625 0.7232816671875 0.454354225 0.7311804093750001 0.46642098125000003 0.7553882 0.4743792 0.7755195421875001 0.4671505953125 0.783814771875 0.456934965625 0.7801890328125001 0.4318940390625 0.7575606109375 0.4194660609375 0.736362459375 0.4201301703125
0 0.8374133109375 0.4437683453125 0.8392377828124999 0.46279801093749995 0.855441715625 0.476664334375 0.8764544171875001 0.4795406625 0.89361709375 0.47511490468749995 0.8993456734375 0.46003125312500004 0.9025076999999999 0.44007954531250004 0.8828479390625 0.4248486984375 0.8482829093750001 0.42481231875000003 0.8374133109375 0.4437683453125
0 0.46743450781250007 0.6249608921875 0.4899580078125 0.6329486046875 0.5128845734375 0.632668021875 0.5230198125000001 0.6142651578125 0.5178942296875 0.5909206859375 0.49715994375 0.5827337765625 0.46755048749999994 0.582365425 0.45566806406250004 0.6071852453125001 0.46743450781250007 0.6249608921875
0 0.339951665625 0.6076294140625 0.349345825 0.6209170281249999 0.3786062453125 0.6238557140625 0.3996884625 0.6119434984375001 0.4047831765625 0.5820343375 0.3779955359375 0.5682050296875001 0.351934634375 0.5674309015625 0.3338133109375 0.590148721875 0.339951665625 0.6076294140625
0 0.21815103906250002 0.6030211484375 0.23288615 0.6179939265625001 0.257540078125 0.618694278125 0.2748573734375 0.6113182359375 0.2862218125 0.5829210703125 0.269437990625 0.56665759375 0.236496553125 0.562564421875 0.2151669375 0.5791972421875 0.21815103906250002 0.6030211484375
0 0.1568525734375 0.6015837109375 0.1609963546875 0.5763582828125 0.13751759218749998 0.5532353328124999 0.10095805312499999 0.5643365 0.090142459375 0.5957208796875 0.1049394671875 0.6095134468750001 0.13627051875 0.6137465718749999 0.1568525734375 0.6015837109375
0 0.2820858046875 0.48685085 0.27561504531250003 0.5160961281249999 0.2993412015625 0.534498515625 0.329688290625 0.5266387234375001 0.344466590625 0.521479540625 0.3440182625 0.5031137015625 0.339681171875 0.49164433125 0.3227427328125 0.47833118125 0.30588934375 0.4768562453125 0.2820858046875 0.48685085
0 0.44922056718750003 0.4879180328125 0.424102825 0.49606868281249994 0.41360421562500005 0.5079439390625 0.4144468859375 0.5322473046875 0.43031846875 0.538995978125 0.4592243390625 0.5393275 0.47611641562499996 0.526603959375 0.4789073046875 0.5137330718750001 0.47276894687500004 0.4962524234375 0.44922056718750003 0.4879180328125
0 0.1796201828125 0.5305909453125001 0.20331062968750002 0.530672475 0.217308425 0.5248741671875 0.2260675640625 0.5058075171875 0.21983648125 0.4900970453125 0.195862884375 0.476415215625 0.16300647343750002 0.48416028125 0.16002232031250002 0.5141799921875 0.1796201828125 0.5305909453125001
0 0.83412810625 0.9307784515625 0.8580516749999999 0.9313511859375 0.8709946015625001 0.924537946875 0.8782380218749999 0.9102749937500001 0.87752610625 0.8928709453125 0.8713861703125 0.8860791796875 0.8575000765624999 0.8799030578125 0.846639403125 0.8779717625 0.8348835171875001 0.8782392187499999 0.8217058296875001 0.888923940625 0.8156592968749999 0.9035901375 0.8176213765625 0.92037869375 0.83412810625 0.9307784515625