0 0.4586455265625 0.8184590765624999 0.4807593609375 0.829036403125 0.5039729546875 0.8238864203125 0.515588684375 0.8162321109375 0.5175346859375 0.7983062140625 0.508414896875 0.7801709375 0.4851798328125 0.7757240078125001 0.465529875 0.7794299046875001 0.4546247515625 0.7967292953125 0.4586455265625 0.8184590765624999
0 0.5418553640625 0.8169399859375 0.5467293140625 0.8306546499999999 0.5759027078125001 0.8351250578125 0.593188853125 0.8256095046875 0.59800936875 0.8061912906250001 0.5893430453125 0.7914743546875 0.573195940625 0.78470086875 0.5501001765625 0.7881658109375 0.536024225 0.80129245 0.5418553640625 0.8169399859375
0 0.6192198234374999 0.829687525 0.63391005625 0.8374880031249999 0.6482252796875 0.8407467593750001 0.6689964625 0.8309104890624999 0.6749989078125 0.8143971171875 0.6685178656249999 0.7981396875 0.6476645624999999 0.789343809375 0.6265969671875 0.7935149874999999 0.6145491937500001 0.8073478671875 0.6192198234374999 0.829687525
0 0.706303859375 0.8024752453125 0.6974054890625 0.8108840046875001 0.6962664484375 0.8271730265624999 0.7095171125 0.8420378828124999 0.7243471109375 0.8415542203124999 0.745414653125 0.837383040625 0.7560448375 0.8240154437499999 0.7523597515625 0.8073890921875 0.7379445046875001 0.7956567984375 0.717034021875 0.797581203125 0.706303859375 0.8024752453125
0 0.7990834 0.8027542390625 0.787821121875 0.8053532953125 0.7775051546875 0.8142273609374999 0.770045840625 0.8317677671875 0.7772946203125 0.8469499953125 0.7982265265625 0.854622496875 0.8214401671875 0.849472515625 0.826735571875 0.8430695531250001 0.8326986906249999 0.8271178640624999 0.8226541062500001 0.8123045515625 0.8115668406250001 0.80249825625 0.7990834 0.8027542390625
0 0.8926913734375 0.8109932328125 0.8818218640625 0.8079754234375001 0.8706775125 0.8088894390625001 0.8518951749999999 0.8199936531249999 0.8504419171875 0.8407762 0.8579656359375001 0.852026625 0.8754517312500001 0.859458175 0.8886243500000001 0.8592504234374999 0.90187551875 0.857919296875 0.9113630031250001 0.8410851718749999 0.90649608125 0.8215539984375001 0.8926913734375 0.8109932328125
0 0.8379070593750001 0.794672496875 0.8504619515625 0.7951400734375 0.868899659375 0.790684096875 0.8772722 0.7789583234374999 0.87437748125 0.7627512828125 0.864569196875 0.751806046875 0.8522998609375 0.7472547171875 0.8357364703125001 0.746506878125 0.8224010203125 0.7498779484375 0.812218075 0.758815046875 0.8107460828124999 0.7726648593750001 0.8180490828125 0.783434909375 0.8264683828124999 0.7926415078125 0.8379070593750001 0.794672496875
0 0.8845387375 0.7470468265625 0.9092461515625001 0.7393359375 0.917533025 0.7288352796875001 0.917644590625 0.7128384718749999 0.9126022328125 0.707218196875 0.906561615625 0.6985211046875001 0.8868335484375001 0.6926274765625 0.8674508890625001 0.6961965890624999 0.855399578125 0.71012736875 0.8569780359375001 0.7307564890625 0.8663423640625 0.7408499203125001 0.8845387375 0.7470468265625
0 0.74519095 0.7524865578125 0.7367041828125 0.7658458390625 0.740458259375 0.7841648421875 0.7600410234375 0.7912508609375 0.7737148125 0.7910044828125 0.7854519265625 0.781565865625 0.7909323406250001 0.767996359375 0.7886243671875001 0.7505992109374999 0.7738782359374999 0.7454643171875001 0.75545345 0.7425344390624999 0.74519095 0.7524865578125
0 0.6668680109375 0.7420851765625 0.655948678125 0.7614300125 0.6608762046875001 0.7773687984375 0.675968809375 0.786757821875 0.6919000890625 0.7873353234375 0.7073886171875 0.7818523875000001 0.7138425875000001 0.76876133125 0.7125367140625001 0.7514342734375 0.70582045 0.73947415 0.68335865 0.736672315625 0.6668680109375 0.7420851765625
0 0.6246495828125 0.7337981296875 0.6092596343750001 0.730670075 0.5940280765625 0.732477596875 0.5822780125 0.749302084375 0.58057756875 0.7664188921874999 0.5899958187500001 0.7770503671875 0.5996202828125 0.782113609375 0.613034540625 0.784693159375 0.631729353125 0.7765617765624999 0.6382845625 0.7692230390625 0.637007215625 0.7514876 0.6246495828125 0.7337981296875
0 0.5166657734375 0.7299405218749999 0.5064032109375 0.739892653125 0.5021404031250001 0.757651046875 0.5155690265625 0.7723078937500001 0.5381618718750001 0.7753537953125 0.5529338984375001 0.76571699375 0.5592736359375 0.754259475 0.557710725 0.7406077859375 0.5471288546874999 0.7263254671875 0.5290337265625 0.725880865625 0.5166657734375 0.7299405218749999
0 0.48242265624999997 0.730008265625 0.47211335312499997 0.719028009375 0.45053944843749993 0.7179297734375 0.4382571125 0.7207642984375 0.42707816562499995 0.7294211859375 0.42650967812499996 0.7519520453124999 0.43523011718750004 0.7640523578125 0.4483082453125 0.770376290625 0.46155758281250003 0.7691763218750001 0.4764308453125 0.7652918734374999 0.484746246875 0.75438285 0.4865479671875 0.7430183875 0.48242265624999997 0.730008265625
0 0.807466959375 0.6899502203125001 0.794655053125 0.6931580859375 0.7826609312499999 0.7062721062499999 0.7811889375 0.7201219359375 0.7852856874999999 0.7335403921875 0.7983914234375 0.7449653453125 0.8127164859375 0.744486778125 0.8312529390625001 0.73141985625 0.83525870625 0.7173368453125 0.833109115625 0.7048752921875 0.8242744140625 0.694408528125 0.807466959375 0.6899502203125001
0 0.7072144687499999 0.6907370203125 0.69735439375 0.709335146875 0.7080946890625001 0.7285530453125 0.7266047625 0.73486403125 0.74500138125 0.7335960515625 0.759243771875 0.7243326203125 0.7624473625 0.7073208921874999 0.7579638015625 0.692233875 0.7406968468749999 0.6799463328125 0.7209557984375 0.6814385328125 0.7072144687499999 0.6907370203125
0 0.6660036796875 0.6792748125 0.6509720515625 0.6782236984375001 0.634037428125 0.6827847484375 0.618507390625 0.69606191875 0.6211165453125 0.7163527249999999 0.6353986765624999 0.727100415625 0.6483474390625 0.7301577875 0.6641371484375 0.7275685125 0.6781796499999999 0.7211637109375 0.6843766390625 0.7117480640625 0.67687115 0.6894733484375 0.6660036796875 0.6792748125
0 0.60051091875 0.68700635 0.5895421703125 0.6710554734375 0.56537729375 0.6710072203124999 0.548658203125 0.6796870796875 0.5453247796875 0.6913548515625 0.5464151796875 0.7045631234374999 0.5521578593750001 0.7160447828125001 0.5651099328125 0.7198755703125 0.5769821609375 0.7210636796875 0.5887348859375 0.7186024984375 0.6004434437499999 0.7095722531249999 0.60300318125 0.6945673718750001 0.60051091875 0.68700635
0 0.51690479375 0.6729525453125 0.5047496515625001 0.666767721875 0.4942275203125 0.66603194375 0.48236057031249996 0.67012660625 0.46820387500000005 0.678164928125 0.4643407921875 0.69020601875 0.4733624390625 0.7052000046875 0.48451572968749995 0.714239875 0.5037710343749999 0.716765009375 0.5203188140624999 0.7105353921875001 0.5281331781249999 0.6995913203125 0.5252669796875 0.6829759156249999 0.51690479375 0.6729525453125
0 0.4037599390625 0.70689895 0.43090983749999995 0.71141529375 0.44778005624999995 0.7038214984375 0.450467034375 0.6797972718749999 0.43997079687499996 0.6642898265625 0.4228050953125 0.6577545890625001 0.40133248593750004 0.6624086921875 0.39260164999999997 0.672057559375 0.39234726875 0.6900962453124999 0.4037599390625 0.70689895
0 0.34922031875 0.7236038890625001 0.346717628125 0.7377920140625001 0.3490256453125 0.7551891109375 0.36787477812499997 0.7624420609375 0.38871026406250003 0.7637093828125 0.404827040625 0.7492421375 0.4092327 0.7294418546875 0.394112709375 0.7152525640625 0.380869790625 0.7102227671875 0.3644647890625 0.7144105390625 0.34922031875 0.7236038890625001
0 0.3245800828125 0.7582563140625 0.3282561828125 0.741687971875 0.32766682187499996 0.7285147609375 0.320221065625 0.7197866125 0.3036992140625 0.7112445421875 0.2947659078125 0.70938873125 0.2826369640625 0.709824190625 0.2723304234375 0.72151020625 0.26756655 0.7392335625 0.2745268375 0.754904153125 0.29072384375000004 0.7599925890625 0.30725864375 0.7611488140625 0.3245800828125 0.7582563140625
0 0.32962934375 0.6572467875 0.3191227859375 0.663488484375 0.3126973734375 0.6761711640625 0.317910428125 0.6880262015625 0.32958010781249997 0.701153478125 0.345774725 0.705924021875 0.37009287031250004 0.697830765625 0.37773585625 0.6893369468749999 0.378218696875 0.66803123125 0.3663205640625 0.65817098125 0.3423556171875 0.6552640703125 0.32962934375 0.6572467875
0 0.270390634375 0.654745909375 0.250421134375 0.65950513125 0.23606452500000003 0.6704020859375001 0.233390528125 0.6870404703124999 0.2421681 0.6983239890624999 0.25295926562500004 0.7049771953125 0.266878175 0.704976421875 0.2801340421875 0.7026203468750001 0.2931017359375 0.6899847515624999 0.29385716875 0.6719811265625 0.2837192234375 0.658550559375 0.270390634375 0.654745909375
0 0.1923716578125 0.74080388125 0.20270951875 0.7513757578125 0.2231385359375 0.754445790625 0.2423214078125 0.753735303125 0.2575944625 0.7441335687499999 0.2590794015625 0.7228979437499999 0.24998770937499998 0.716106578125 0.2408389234375 0.7101319109374999 0.2164014296875 0.7067815828125 0.204033440625 0.7108412640624999 0.1968343640625 0.7201868109375 0.1923716578125 0.74080388125
0 0.5711767125 0.651977203125 0.569670909375 0.6375087859375 0.5606207390625 0.622923178125 0.5471052359375 0.6145913390625 0.534646121875 0.6128815390625 0.5207648125000001 0.616853178125 0.5101595999999999 0.63170583125 0.51140839375 0.6498496609375 0.5203572875 0.6586829187500001 0.5356330109375 0.663444475 0.5552883546875 0.66317740625 0.5711767125 0.651977203125
0 0.6353506578125 0.6343044296875 0.6216196171874999 0.6218537703125 0.60364695 0.6223261 0.591070871875 0.626693965625 0.5861200796875 0.6398901296874999 0.5844325796875001 0.6496211296875 0.59501451875 0.6639034609375 0.6200257015624999 0.6734495359375 0.63889181875 0.6628679187500001 0.6428405390624999 0.6496016640625 0.6353506578125 0.6343044296875
0 0.7075726312499999 0.6311471921875 0.6860558578125 0.62923221875 0.67282848125 0.63117988125 0.6600322453125 0.6413652015625 0.6589885343749999 0.6490893343749999 0.66033594375 0.658622225 0.665748959375 0.6676185765625 0.6733945718750001 0.6734880750000001 0.6835552328125 0.67826693125 0.7032293734375 0.6788573296875 0.7135931796875 0.6746575578125 0.72207995 0.661298234375 0.7277032203125 0.64568684375 0.7075726312499999 0.6311471921875
0 0.8047929078125 0.6449218531249999 0.795342909375 0.63605355 0.7678705390625 0.6329013906250001 0.7509931640625 0.6366456875 0.7420338125 0.649561575 0.740818828125 0.6597359890625001 0.742251978125 0.66804369375 0.750341546875 0.674764984375 0.75612573125 0.67845244375 0.7633274578125 0.6834701703125 0.774825603125 0.68511113125 0.7834838734375 0.683238134375 0.80142056875 0.6787471640625 0.8049253328124999 0.6646291109375 0.8047929078125 0.6449218531249999
0 0.8797797671875 0.652627696875 0.8708594640625 0.643386065625 0.854251971875 0.63606913125 0.8373743859375 0.6398134421874999 0.8210421109375 0.6501618671875 0.821732790625 0.6690874046874999 0.832400296875 0.6821445875000001 0.8426499796875 0.6870821406250001 0.8570532546875 0.6896137437500001 0.870753146875 0.688109478125 0.8802133640625 0.6752286296875 0.88346111875 0.6647859875 0.8797797671875 0.652627696875
0 0.8460584640625 0.6092321968750001 0.8402430656250001 0.5915897984375 0.8302920640625 0.5826864671875 0.8109793249999999 0.5780529921875 0.7981388593750001 0.5816692375 0.7851997078124999 0.5938964234374999 0.7819675609375001 0.6113165390625 0.792127996875 0.6239570984375 0.8032299875 0.6312702203125 0.8227711125000001 0.63263666875 0.83655660625 0.62990725625 0.8455885421874999 0.623152084375 0.8460584640625 0.6092321968750001
0 0.9314506359375001 0.60494403125 0.9207259499999999 0.59270359375 0.9042612374999999 0.583344775 0.8912337562499999 0.5824338046875 0.878421846875 0.58564165625 0.867572578125 0.59678388125 0.8662875328125 0.6151608859375 0.8718843203125 0.6253766125 0.87722779375 0.6315201312500001 0.900577440625 0.636025534375 0.9169538890625001 0.6322461796875001 0.92886234375 0.620357275 0.9314506359375001 0.60494403125
0 0.7077360578125 0.585607021875 0.7038445171875 0.5980565109375 0.70835660625 0.6127351484375 0.721114059375 0.62470735 0.7370091624999999 0.6265701875 0.757976653125 0.623181278125 0.767738184375 0.6131941375000001 0.7667333828125 0.5987607578125 0.7539603171875 0.579811078125 0.7261868406249999 0.57376521875 0.7142627781249999 0.5786766562500001 0.7077360578125 0.585607021875
0 0.7675303062500001 0.572962865625 0.7774086515625 0.5757055015625 0.7909624015625 0.575832271875 0.8128667187499999 0.565463353125 0.8141803203125001 0.5466779734375 0.8081935843749999 0.531485840625 0.7851008765625 0.523305046875 0.7528334437499999 0.5239213171875 0.74610955625 0.548073621875 0.750650196875 0.562343875 0.7675303062500001 0.572962865625
0 0.82264371875 0.5624536499999999 0.83726260625 0.5766079046875 0.8569352562500001 0.5799835890625 0.8739824171875 0.5771237203124999 0.8878224296875 0.5592142953125 0.8805168312499999 0.5340809328125 0.862406134375 0.526658884375 0.8388850781249999 0.5246037578125 0.8241416750000001 0.5338321671874999 0.8176306328124999 0.5477399921874999 0.82264371875 0.5624536499999999
0 0.663225259375 0.5669002703125 0.6459323421875001 0.56938440625 0.632305240625 0.5770493703125 0.6263679203125 0.597152940625 0.6345302125 0.6100349406250001 0.6531941156250001 0.6183994937499999 0.6733555140624999 0.6164432453125 0.68586625 0.6103417046875 0.693122490625 0.60017936875 0.688252053125 0.5834238078125 0.6778570968750001 0.5736686765625 0.663225259375 0.5669002703125
0 0.58347183125 0.562554503125 0.5692709375 0.56402371875 0.5573183171875 0.5693435359375 0.5478009203124999 0.58304113125 0.5570951515625 0.601337153125 0.57836445625 0.611319075 0.585084128125 0.611501840625 0.5985399234375001 0.6062871359375 0.6102484828125 0.597256890625 0.6116633625000001 0.58422383125 0.5987475140625 0.5673160484374999 0.58347183125 0.562554503125
0 0.5194666 0.5634136796875 0.502801965625 0.5569135171874999 0.4916930953125 0.55736781875 0.4817888484375 0.5693968671875 0.476536884375 0.579699375 0.4796600546875 0.592639365625 0.4889958296875 0.6031412015625001 0.5006203828125 0.605420725 0.520505178125 0.6061652828125 0.531125959375 0.598290090625 0.5377512640625 0.5827487687499999 0.533340390625 0.5738224484375001 0.5194666 0.5634136796875
0 0.4396665984375 0.6173378656249999 0.4346457109375 0.6387366375 0.443109175 0.654512328125 0.46003271718749994 0.659403025 0.47706669375 0.6585283609375 0.487373353125 0.6551453390625 0.49436989843749995 0.6342950953125001 0.4920489375 0.624283796875 0.4728348546875 0.611039353125 0.4514322703125 0.607490859375 0.4396665984375 0.6173378656249999
0 0.4025444046875 0.60817603125 0.381757084375 0.60302906875 0.37139330937500004 0.6072288703125001 0.3680728671875 0.6115107984375 0.35885660625 0.628102065625 0.361922696875 0.64185888125 0.369869484375 0.65062205625 0.3867009703125 0.6551990796875 0.398873590625 0.6534709390625 0.40912313593749994 0.65090466875 0.4147177484375 0.6357016328125 0.41226694999999997 0.620346403125 0.4025444046875 0.60817603125
0 0.43034891093749994 0.548974471875 0.41397246406250005 0.552753828125 0.40532737343749997 0.56117753125 0.3990732640625 0.5714099484374999 0.4085829671875 0.5938247984375 0.43070236093750003 0.6009935359374999 0.4418680828125 0.6002560671875 0.454879915625 0.5941895671874999 0.46017342031249997 0.5760928609375 0.4551602328125 0.5613791875 0.44426420625 0.551589021875 0.43034891093749994 0.548974471875
0 0.28972135468750004 0.6015178109375 0.2788020375 0.6208626140625 0.288311740625 0.6432774593749999 0.30497957656249997 0.6494845640625 0.3285389390625 0.6440385546875 0.329541046875 0.6441086296874999 0.3417792328125 0.63470501875 0.343007165625 0.617144778125 0.33596120625000003 0.6026993484375 0.3131696734375 0.597412225 0.28972135468750004 0.6015178109375
0 0.22887822343750003 0.593159496875 0.20558828281250002 0.6022006390625 0.19873450312500002 0.6210089859375 0.2067254546875 0.6363412578125 0.2141997671875 0.6446610484375 0.237750946875 0.6470932578124999 0.2556289625 0.6426335796875 0.264546671875 0.6375119140625001 0.26896787187500004 0.6246890765625001 0.26232170625 0.60452633125 0.2499225203125 0.5946310578125 0.22887822343750003 0.593159496875
0 0.240397225 0.5652387453125 0.24231841250000002 0.5809673281250001 0.25536141875 0.5888557703124999 0.272698446875 0.5929406890625 0.2893683921875 0.589262678125 0.30616524843750004 0.5751725609375 0.29973456718749997 0.55912865625 0.2936050484375 0.545978409375 0.26981142343750003 0.5406212312500001 0.2565555421875 0.5429772734375 0.2454051296875 0.5512258296875 0.240397225 0.5652387453125
0 0.3442972765625 0.548292028125 0.33446309687500003 0.552118475 0.3254311609375 0.558873659375 0.3252624484375 0.575687221875 0.3368750171875 0.5896312359375 0.3552126640625 0.5952528265625 0.3759287328125 0.5927725109375 0.3888107703125 0.5813620703125 0.388249959375 0.5677804859375 0.3814324546875 0.5500680171875 0.3580827703125 0.545562628125 0.3442972765625 0.548292028125
0 0.282729559375 0.5125166 0.2805228234375 0.5008717828125 0.2713012921875 0.488736503125 0.2575573203125 0.4836716703125 0.2357835203125 0.4854320859375 0.22221351562499997 0.49228028281249997 0.21336849375 0.50356264375 0.2141863109375 0.5134688734374999 0.22179041875 0.5271325765625 0.2398942859375 0.535450015625 0.2568513046875 0.536971015625 0.26715796406250003 0.53358799375 0.274829540625 0.5246857921875 0.282729559375 0.5125166
0 0.34080515624999996 0.4956485671875 0.3311553015625 0.48963886093750003 0.315508375 0.49018624062500005 0.2974003046875 0.497127496875 0.290144125 0.5072898218749999 0.2910631875 0.5229483578125 0.2971355953125 0.5369153390625 0.3192970046875 0.5419263046875 0.33630357499999997 0.538423125 0.34663879375 0.5346316859375 0.3539520875 0.5236525765625 0.34766417031249996 0.5055667625 0.34080515624999996 0.4956485671875
0 0.42133220781249997 0.5033314171875001 0.4032501 0.49550099375 0.38768884375 0.49482323125 0.3741188578125 0.5016714343750001 0.3681088515625 0.515614275 0.3691992140625 0.5288225203125 0.37842072656250003 0.5409578296875 0.3892471734375 0.5458937875000001 0.408756665625 0.546362140625 0.42146729531249993 0.53740196875 0.427191771875 0.5275428890625 0.42769018125 0.5132146109375 0.42133220781249997 0.5033314171875001
0 0.45125274062500004 0.5074755468750001 0.44624480625 0.5214884890625 0.44606052187499995 0.5313245609374999 0.44735081875000005 0.5416741578125001 0.45850385625 0.547788921875 0.4749137359375 0.5518841765625 0.48848146718749996 0.551116325 0.49851554531250003 0.544431196875 0.5028354671875 0.5258560250000001 0.4981234484375 0.51403605 0.47069262343749996 0.5030896359375 0.45125274062500004 0.5074755468750001
0 0.5167248671875 0.5432422515625001 0.5332908484375001 0.55835343125 0.55645361875 0.5583316093749999 0.568389234375 0.5514912937500001 0.5777808531249999 0.541356090625 0.57230813125 0.5188131609375 0.5620845140624999 0.5066077765625 0.5480835171875 0.505218346875 0.5312060375 0.50896269375 0.51951305 0.52497035625 0.5167248671875 0.5432422515625001
0 0.7166820546875 0.520701278125 0.701149425 0.5196151312499999 0.687620871875 0.518669121875 0.6760550953125 0.525657496875 0.671446915625 0.5339531109375 0.6726801703125 0.5451194687500001 0.6762472984375 0.5589112968750001 0.6927406328125 0.567861725 0.714314453125 0.5689599546874999 0.7231595093750001 0.55767756875 0.7257634078125 0.549241828125 0.72716268125 0.5292312875 0.7166820546875 0.520701278125
0 0.605247934375 0.5157816703125 0.595930434375 0.5266206062500001 0.5929267406250001 0.5407737015625 0.597137721875 0.552558665625 0.6097939015625 0.5587785375000001 0.619757859375 0.5620126640625001 0.6479597359375 0.5602162468749999 0.6550575265624999 0.545118309375 0.6511607328125 0.52884119375 0.6355111531250001 0.5150252562500001 0.617086328125 0.5120953765625 0.605247934375 0.5157816703125
0 0.8775181218749999 0.517584925 0.9023294109375 0.5299896328125 0.923815034375 0.5179497234375 0.9254583000000001 0.5016496312500001 0.9218054999999999 0.48908294999999996 0.9090480453125 0.477110715625 0.8826063765625 0.47362025625 0.8687949875 0.49112132031250005 0.8652902250000001 0.505239359375 0.8775181218749999 0.517584925
0 0.8120874421875 0.4740239453125 0.8023389968749999 0.476625296875 0.7944234296875 0.48181700625 0.7900462874999999 0.5012089296875 0.800513971875 0.5171247484375 0.8196824109374999 0.521482053125 0.8319662750000001 0.5209656 0.8465954484375 0.513370721875 0.84985614375 0.495542240625 0.8453725484374999 0.48045522656250006 0.82726191875 0.4730331828125 0.8120874421875 0.4740239453125
0 0.7200802859375 0.47210431093749994 0.710105978125 0.49233594218750004 0.723437159375 0.510503909375 0.7389596296875001 0.517685190625 0.7591133921875 0.5187438875 0.7706505453125 0.5121638703125 0.77749139375 0.5007413640625 0.775468909375 0.47926045781250004 0.7582590703125 0.46615615000000005 0.7367994062500001 0.46342443906249997 0.7200802859375 0.47210431093749994
0 0.7934522187499999 0.416499503125 0.776831778125 0.416568421875 0.7628178328125 0.4225648296875 0.7535729843750001 0.43956448437500006 0.7566961562500001 0.4525045171875 0.7639705984375 0.4636829578125 0.788265278125 0.46907514843750003 0.8106736484375 0.46403163281250004 0.816407465625 0.45544879375 0.8193825265625 0.44170410000000004 0.816503421875 0.43247451718749996 0.8053062203125 0.41979066718749997 0.7934522187499999 0.416499503125
0 0.829359496875 0.435835753125 0.8328123953125001 0.45126107031249996 0.839084703125 0.46236943437500005 0.860141496875 0.4693385796875 0.8830347265625 0.4674945828125 0.895073015625 0.4609496234375 0.8987205609375 0.4447897 0.8939929671875 0.4259922484375 0.8675071296875 0.41593268749999995 0.8380460921875 0.41961781093750006 0.829359496875 0.435835753125
0 0.8283727453124999 0.3635407859375 0.81302699375 0.3669818375 0.8014326625000001 0.374378571875 0.7996184093750001 0.3953511828125 0.813006353125 0.4104801109375 0.8328200890625 0.41514862499999994 0.8534490234375 0.41536002187500004 0.8649264703125 0.39523348281250004 0.853770840625 0.3747554171875 0.8435913875000001 0.3691191078125 0.8283727453124999 0.3635407859375
0 0.9209251359374999 0.3720645546875 0.9023861578125001 0.3707681828125 0.8892158921875 0.3718991109375 0.8754174499999999 0.3820143453125 0.8725435921875 0.4015113765625 0.8807629968749999 0.41357662656249994 0.89303233125 0.41812795625000004 0.9088616421875001 0.42054450625 0.9166676125000001 0.41854957812500004 0.9314396390624999 0.40891279062499997 0.9378078999999999 0.39704685156249997 0.9351286890624999 0.3849586515625 0.9209251359374999 0.3720645546875
0 0.7132549 0.41130193281249994 0.6986386718750001 0.4115110125 0.6850686171875 0.41835920625 0.6771841968750001 0.43750585781250007 0.6874234218749999 0.45668873593750003 0.6981323359375 0.46170543906250006 0.7246727843749999 0.45683123906249995 0.7424226093749999 0.44781302500000003 0.74144643125 0.43297128906250004 0.7365630453125 0.423601540625 0.7296183265625 0.41490842656250004 0.7132549 0.41130193281249994
0 0.7014582265625 0.4863963671875 0.6885579859375001 0.4764660421875 0.6761016343749999 0.4673875140625 0.6602678359375 0.463407684375 0.6489590015625 0.466720653125 0.633930034375 0.48003282968749994 0.632429484375 0.49429101875 0.64891288125 0.509540684375 0.6650863484375 0.5097066109374999 0.6804320984375 0.5062655703125001 0.6865875828125 0.5046441203125 0.6966501468749999 0.497550659375 0.7014582265625 0.4863963671875
0 0.899213496875 0.3225324828125 0.8910382578125 0.31703632656249997 0.87216955 0.31325464687500004 0.85844116875 0.315167284375 0.8415507046874999 0.32629743125 0.839749046875 0.3376619390625 0.8472959734375 0.3521424296875 0.8576474859375001 0.3592188859375 0.8769309468750001 0.3603703296875 0.8896858125 0.35797923125 0.903011740625 0.34742056875 0.90283780625 0.335507559375 0.899213496875 0.3225324828125
0 0.825587003125 0.3169736390625 0.8190006375 0.31035746406250003 0.807761865625 0.305467821875 0.7890801046875 0.30621333906250003 0.7788877046875 0.3079628625 0.7708863921875 0.314379728125 0.764146828125 0.3315545625 0.7687160921875 0.34541645625 0.7806428171875 0.35486832343749997 0.8012236156249999 0.35619725468749996 0.8130244062499999 0.35261854375 0.821555340625 0.34582833125 0.8258336500000001 0.3350473890625 0.825587003125 0.3169736390625
0 0.7241274718749999 0.37102474218750003 0.724818015625 0.389950265625 0.73100465 0.40228375625 0.7352856937500001 0.40586611875 0.7607538500000001 0.4088781453125 0.77743026875 0.40488655625 0.78281060625 0.38867065 0.7800015578124999 0.3712384625 0.7740303609375 0.3630237984375 0.755691271875 0.35886878437499997 0.7311551265625 0.36412941718749997 0.7241274718749999 0.37102474218750003
0 0.7071071718749999 0.37681093906249996 0.695995640625 0.36290195000000003 0.6843129765625 0.357160534375 0.67261736875 0.358804934375 0.6594757312499999 0.35952749375000004 0.649999834375 0.36543085937500003 0.643187615625 0.37644499374999996 0.6436185578125 0.3846826203125 0.646025215625 0.39346880624999997 0.6586251062499999 0.40304626250000003 0.6702783906249999 0.406655228125 0.6899908531250001 0.40557140468749997 0.7097449515625 0.3966933734375 0.7071071718749999 0.37681093906249996
0 0.6105256453125001 0.41150516406250004 0.5976021015625 0.4307098171875 0.6019714781250001 0.447430340625 0.6177631531250001 0.45285179062500003 0.6378189796875 0.45322005625 0.6525494328125 0.45137748125000005 0.661594453125 0.43723646718750003 0.6595589546875 0.423141396875 0.6497507375 0.41219618437500005 0.627932790625 0.4073875078125 0.6105256453125001 0.41150516406250004
0 0.555781028125 0.481544490625 0.5652751546875 0.49698190625 0.5891829875 0.5007055828125 0.6101683875 0.4966683953125 0.6256561109375001 0.4831476484375 0.6217463000000001 0.47425639375 0.6124106 0.4637545546875 0.5997257968749999 0.457943053125 0.5790969015625 0.457731659375 0.5624920015625 0.4647780359375 0.555781028125 0.481544490625
0 0.7465215859375001 0.3171901015625 0.7363551546875 0.30416795625000004 0.72455819375 0.300060025 0.7104144125 0.300712496875 0.695227059375 0.30908911250000004 0.68579533125 0.3215615796875 0.69090983125 0.3420275875 0.7048487328124999 0.34945806562500004 0.7234653484375 0.3516908484375 0.7440501140625 0.345333134375 0.751664646875 0.3372477453125 0.7488140265625 0.3276097765625 0.7465215859375001 0.3171901015625
0 0.6133837468750001 0.30582832187500003 0.6084485640625 0.326001959375 0.60809286875 0.338288334375 0.6215008453124999 0.34270590312500004 0.6500101890625001 0.343681725 0.6637800734375 0.3339748640625 0.6713659843750001 0.32629783125 0.6722383578125 0.321023953125 0.6587071453125 0.305714640625 0.6381197203125 0.2977090375 0.6133837468750001 0.30582832187500003
0 0.5676269296875 0.3625434078125 0.57188204375 0.38089744531249997 0.580431178125 0.395448009375 0.596065971875 0.3986717015625 0.6182387312500001 0.39480876875000004 0.6265827171875 0.3834913578125 0.6189915578125 0.36244180312499996 0.6087964953125 0.3498280421875 0.598689696875 0.35035241093749997 0.58131114375 0.3540616921875 0.5676269296875 0.3625434078125
0 0.5341421125 0.43817312812500003 0.5534489390624999 0.4492784125 0.570978775 0.45141874531250004 0.581885121875 0.439459765625 0.581968165625 0.42387134531250004 0.57341903125 0.409320775 0.55914545 0.40462929374999995 0.5389319203125 0.40567808281250006 0.5281554015625 0.42298100625 0.5341421125 0.43817312812500003
0 0.49456278124999997 0.45717152499999997 0.4838861203125 0.4728237671875 0.49353860781250003 0.493196703125 0.5066672999999999 0.49986000468749997 0.525120709375 0.502381525 0.535741459375 0.494506321875 0.5437557203125001 0.4807035984375 0.5423070296875 0.46541843437499997 0.516049678125 0.45209184843749994 0.49456278124999997 0.45717152499999997
0 0.4834811109375 0.4498144328125 0.49997175 0.44440157031250005 0.5090737812499999 0.4294438078125 0.5084558890624999 0.41667900312499995 0.49991819531250004 0.4048831375 0.4843870078125 0.3936564359375 0.4624989609375 0.39705038125000003 0.4531814265625 0.407889315625 0.449204184375 0.42156394218750004 0.45451851718749997 0.439171303125 0.467475865625 0.4482848640625 0.4834811109375 0.4498144328125
0 0.5192374765625 0.34890031875 0.5076275359375 0.34931959687499997 0.4967055734375 0.3543011203125 0.49542052812500004 0.3726781265625 0.49993265156250005 0.3873567625 0.5150941484375 0.393751809375 0.5246427296875 0.3940091375 0.5366141265625 0.39035683125 0.5470733484375 0.382856028125 0.550349659375 0.3720050109375 0.5462243453125 0.3589949203125 0.5361590875 0.351725090625 0.5192374765625 0.34890031875
0 0.43479307343749996 0.4476409515625 0.4199198015625 0.45152541875 0.40895634062499997 0.46430113593750005 0.408429375 0.4790377921875 0.42755775781249994 0.49350737968749997 0.44827277343749994 0.4955105609375 0.4623018796875 0.49347465625 0.467195553125 0.48109524375 0.46737987499999994 0.47125913124999996 0.46252511093750004 0.46148104375 0.44909520937499997 0.45192408593750005 0.43479307343749996 0.4476409515625
0 0.332468903125 0.47085349218749994 0.3397433140625 0.48203190156250003 0.34995135624999996 0.487259834375 0.37162374374999996 0.49015073906250006 0.388431315625 0.48420539375000005 0.3923800046875 0.47093912343750005 0.38981501406249996 0.45721740468750005 0.37714319218750003 0.4440200671875 0.354624278125 0.4420350046875 0.340381878125 0.451298453125 0.332468903125 0.47085349218749994
0 0.534590915625 0.3093468328125 0.5338926093749999 0.32653373750000003 0.5484755265625 0.342219025 0.5743664640625 0.34536858593750003 0.58943963125 0.338625465625 0.593445459375 0.3245424625 0.5900055078124999 0.3017313046875 0.5782943234375 0.2963982578125 0.549934071875 0.291542496875 0.5397286578125 0.30067785625 0.534590915625 0.3093468328125
0 0.44840182500000003 0.3394328859375 0.43178128281249994 0.3395017984375 0.4198858125 0.3440048421875 0.4117288078125 0.35984944375 0.41723005156250004 0.3819839921875 0.4354411671875 0.387439721875 0.4677509640625 0.386747875 0.47901553124999996 0.3768658296875 0.4780679109375 0.361615696875 0.4722681203125 0.350950771875 0.4637917015625 0.3425609265625 0.44840182500000003 0.3394328859375
0 0.40619386718749995 0.388599015625 0.39269394062499996 0.38724463125 0.3808425984375 0.3983167703125 0.3717405671875 0.41327454843749994 0.37867229999999996 0.4293535015625 0.3913583703125 0.4347102515625 0.4038548859375 0.4364493484375 0.421448909375 0.43685885 0.432713515625 0.42697680625 0.43624683124999997 0.41245038593750005 0.42575059531250004 0.3969429265625 0.40619386718749995 0.388599015625
0 0.296496646875 0.4092441 0.302312034375 0.426886496875 0.3153836125 0.434366578125 0.33298653906250003 0.43524804218749996 0.3556808703125 0.426925021875 0.35793949999999997 0.4090264671875 0.3454675734375 0.39297049687499996 0.3324245515625 0.3850820546875 0.3212871234375 0.3859447546875 0.3073302890625 0.3911244234375 0.296496646875 0.4092441
0 0.26192140625000004 0.4716656125 0.2731471515625 0.48394104374999997 0.292716840625 0.48489913125 0.3118333296875 0.478578509375 0.31789414374999997 0.46326835468749994 0.3098019484375 0.44218375156249995 0.2870675296875 0.43607985625 0.270976665625 0.43577542031250005 0.26629583437500004 0.43791035625 0.2593122375 0.4513747640625 0.26192140625000004 0.4716656125
0 0.4017077140625 0.3591487015625 0.40103264375 0.34720063125 0.38691479218749997 0.3330814203125 0.3681031625 0.32848298125 0.3454129078125 0.3289481984375 0.3369547234375 0.3418991109375 0.33392247343750003 0.356460575 0.3401661921875 0.3679773109375 0.34790596875 0.37577520625 0.36171418593750004 0.383847196875 0.37081884375 0.3832527234375 0.38613607031249997 0.38022006249999996 0.39890385 0.37044312968750004 0.4017077140625 0.3591487015625
0 0.26815180625 0.33216345937499997 0.2603530578125 0.35008498125 0.27026255312499997 0.366782528125 0.2778915078125 0.37272713749999997 0.3051365078125 0.37209376875 0.316730840625 0.3646970328125 0.3231562484375 0.3520143515625 0.3100535078125 0.330579375 0.2904110875 0.32346061875 0.279245103125 0.324731690625 0.26815180625 0.33216345937499997
0 0.22191216093750002 0.41018425625 0.234783834375 0.42052300000000004 0.2529802109375 0.4267198671875 0.27282540625 0.42087815624999997 0.28514371562499996 0.40598797343750004 0.28163370312499997 0.3913794078125 0.273214396875 0.382172809375 0.2484472296875 0.3763371734375 0.22979396875 0.3766743203125 0.218687709375 0.3914919171875 0.22191216093750002 0.41018425625
0 0.6799022031249999 0.24374849687500003 0.6630246843750001 0.2474928078125 0.6511447875 0.258973309375 0.6452775234375 0.2708742875 0.6541981671875 0.28817185156249997 0.6712935078125 0.29485373593749997 0.6851802796875 0.2978766765625 0.700725925 0.29157698593750003 0.71310689375 0.2801314953125 0.71419204375 0.2646131390625 0.6993732609375 0.253317534375 0.6799022031249999 0.24374849687500003
0 0.6207205890624999 0.24043086093750002 0.5962415921875001 0.244874734375 0.58029611875 0.25689174531250003 0.577707828125 0.2723049609375 0.5882040296875 0.287812421875 0.5964935265625 0.2916750953125 0.6119691125 0.293578 0.6268423828125 0.2896935328125 0.6391220718749999 0.27249573437499996 0.6365414734375 0.251796534375 0.6291528375000001 0.2422516328125 0.6207205890624999 0.24043086093750002
0 0.726689825 0.26589745625 0.7227411765625 0.2791637265625 0.7299298859375 0.2915672453125 0.74463444375 0.3044963546875 0.760638453125 0.3048539828125 0.780393684375 0.2971478984375 0.7871903625 0.279156303125 0.7876601453125 0.2652364359375 0.7781816625 0.25677647812500004 0.7652814218749999 0.2468461640625 0.7374092640625001 0.2494113 0.726689825 0.26589745625
0 0.8262673515625 0.25316259375 0.8107216375 0.25946228125 0.806687321875 0.2739536640625 0.803883525 0.2852480828125 0.8071209187499999 0.29655458281249997 0.8140665015625 0.3021226640625 0.8414367234375 0.302647546875 0.8537476343750001 0.29940468125 0.8657988 0.2854738859375 0.8621304656250001 0.2659297609375 0.8386223546875 0.256488809375 0.8262673515625 0.25316259375
0 0.8935099765625001 0.263609909375 0.8860383640625 0.269653446875 0.8820324625 0.2837364296875 0.8823648515625001 0.3005850734375 0.889753459375 0.31012994374999997 0.909427746875 0.31525834375 0.9318991656250001 0.31225634062499996 0.944235971875 0.29424173593749997 0.9405961859374999 0.274289246875 0.9247467125 0.26333192968749997 0.9120334874999999 0.2579288140625 0.8935099765625001 0.263609909375
0 0.8587709312499999 0.21316685624999998 0.8482513859375 0.22679439375000002 0.8463068796875 0.24020077812500001 0.8612244499999999 0.2513715296875 0.8815832531250001 0.254158034375 0.895425859375 0.2506118828125 0.9064179125 0.237427778125 0.9058129703125 0.21727710625 0.8882033421875001 0.209890109375 0.868275378125 0.20685511406249998 0.8587709312499999 0.21316685624999998
0 0.8855214640625 0.1834386015625 0.8979076875 0.20071971562500002 0.9227319906250001 0.2057385890625 0.9387522687500001 0.20366797499999997 0.9508299453125 0.18554315 0.9467331874999999 0.172124678125 0.9387136796875 0.1572007921875 0.917596696875 0.149568521875 0.90316735 0.1543047625 0.8895272296875 0.16935559375 0.8855214640625 0.1834386015625
0 0.8692149328125 0.0998129921875 0.856561346875 0.10795640937499999 0.8527710171875 0.126158228125 0.8610491124999999 0.140490059375 0.8823073750000001 0.14299710937500001 0.9073886874999999 0.1443405921875 0.9139153406249999 0.1374102265625 0.914727871875 0.1185898125 0.9084841234375001 0.10707310156250001 0.8859496 0.0981105734375 0.8692149328125 0.0998129921875
0 0.643831278125 0.1907500671875 0.629931559375 0.195112984375 0.614515715625 0.20675661406249998 0.6170807359375 0.22047838125000002 0.6272186859375 0.23390887968750002 0.6401020171875 0.23868087187499998 0.64886529375 0.2411678390625 0.6682195390625 0.23800707031249999 0.6748448765624999 0.22246576093749998 0.6736246390625 0.20391354062499997 0.6707169078125 0.1950923640625 0.643831278125 0.1907500671875
0 0.698176325 0.2056303625 0.6934409687499999 0.222945353125 0.7060998078125 0.243528528125 0.7187482593750001 0.24787599531249999 0.7368069828125 0.24362391875 0.7540271078125 0.234979065625 0.7556989953125 0.2182706203125 0.748567403125 0.20505030156249998 0.7255032515625001 0.196461128125 0.7079377874999999 0.1956432171875 0.698176325 0.2056303625
0 0.7896784578125 0.199368371875 0.7733185609375 0.215514871875 0.7741263593750001 0.23507849531249997 0.7909525359375 0.24974990468749997 0.805679490625 0.250585246875 0.8196133578125 0.245796121875 0.8329890343749999 0.2334310828125 0.8354767640625 0.2211913828125 0.8250347187499999 0.20716085624999997 0.811392575 0.200000084375 0.7896784578125 0.199368371875
0 0.8259209171874999 0.14781461093749998 0.81260694375 0.159297253125 0.8102902593750001 0.1768690609375 0.8216297796875001 0.193622415625 0.8326271390625 0.1997115609375 0.8578358765624999 0.1970408765625 0.8629854015625 0.193410865625 0.8717360187500001 0.177175659375 0.8687489984375001 0.16543981875 0.8607975578125 0.1546868734375 0.8449593249999999 0.14781586093750002 0.8259209171874999 0.14781461093749998
0 0.78872759375 0.15851414531250002 0.777977040625 0.1488954984375 0.76074764375 0.14636065625 0.7497363703125 0.148250746875 0.73730308125 0.1549181921875 0.736069046875 0.1725657078125 0.7379734859375 0.1842258390625 0.7454884374999999 0.19117405 0.7579262296875 0.1944879640625 0.778526990625 0.19548518125 0.7926458859375 0.18804890624999998 0.79423606875 0.17308636875 0.78872759375 0.15851414531250002
0 0.499611909375 0.2557836234375 0.49986155156249995 0.267771396875 0.5109991046875 0.2796338359375 0.526357784375 0.2855846109375 0.5415144625 0.2866444703125 0.5571671265625 0.276821065625 0.5625890250000001 0.257527353125 0.5564466703125001 0.24424083593749998 0.5418761562500001 0.2347984296875 0.5267502984375 0.23329733749999998 0.5104661703125 0.240582209375 0.499611909375 0.2557836234375
0 0.43550162812500004 0.23135007187499998 0.4240275515625 0.23985800937500001 0.4233656609375 0.2571021296875 0.42578053593750004 0.269241309375 0.4395012828125 0.28305779062499997 0.45816568281250003 0.2838721484375 0.47807174531249996 0.276001284375 0.48510590000000003 0.26097610000000004 0.48392789687500004 0.24670668125 0.4740272140625 0.232713996875 0.45599286406250006 0.2261327765625 0.43550162812500004 0.23135007187499998
0 0.4080743921875 0.2813035390625 0.392656921875 0.2917523984375 0.3886377609375 0.3025549765625 0.390836721875 0.3177824796875 0.3951223109375 0.32650575625 0.4114278984375 0.331009921875 0.43202399375 0.32775609375000003 0.44119257031250003 0.313323490625 0.43934986406250004 0.3007810234375 0.4326044859375 0.288338996875 0.42380324218750004 0.2819600765625 0.4080743921875 0.2813035390625
0 0.335662196875 0.2744666078125 0.324017003125 0.2776424046875 0.3141051703125 0.2871462421875 0.30954472499999997 0.2979109421875 0.309701815625 0.3112222859375 0.3171118921875 0.3219373890625 0.335903565625 0.3254681625 0.355010796875 0.324070440625 0.36596726562500004 0.31560013750000004 0.3692739875 0.299427559375 0.3629157140625 0.28922936093749996 0.35388165312500003 0.2784006984375 0.335662196875 0.2744666078125
0 0.77121653125 0.1172624578125 0.7759677968750001 0.1348851625 0.7847690015625 0.141264065625 0.8006810281250001 0.14562563281250002 0.8128245656249999 0.14455594375 0.8282897859375 0.14120393125 0.8343956875 0.12389708749999999 0.8312066250000001 0.107270325 0.8075880671875 0.094978490625 0.7837563609375 0.1012922046875 0.77121653125 0.1172624578125
0 0.683266225 0.138156403125 0.6641521265625 0.1470167734375 0.65781348125 0.159873875 0.6578163515625 0.17539115156250001 0.66790210625 0.18673668593749998 0.6855060296875 0.19147129375 0.703118171875 0.188755890625 0.7100766390625 0.1825922921875 0.7158431125 0.170138521875 0.7155318015625001 0.15903312812499998 0.7088789734375001 0.14526757343750002 0.683266225 0.138156403125
0 0.7131308734374999 0.1389147140625 0.737357915625 0.14119765 0.74871715625 0.13563967187499998 0.7561383859374999 0.12285825312500001 0.7511543734374999 0.1007858421875 0.738331134375 0.0896922171875 0.715472740625 0.089867178125 0.7007676015625 0.10568600624999999 0.70022915 0.12116542968749999 0.7131308734374999 0.1389147140625
0 0.5909125984375 0.18312643125 0.608683459375 0.1875965453125 0.6314492 0.186847725 0.6440815828125 0.1695539171875 0.6433046375 0.1495490640625 0.623180778125 0.13395481874999998 0.5998118984375 0.1336507671875 0.5847814265625 0.1463434078125 0.5852807203125 0.17031896562499999 0.5909125984375 0.18312643125
0 0.6318332375 0.0880086453125 0.6251552328125001 0.105718809375 0.6289163953125 0.12194223281250001 0.63890966875 0.134611346875 0.660979928125 0.137928053125 0.675578528125 0.13141200625 0.6841749578125 0.1173827515625 0.6787281125 0.10192812343749999 0.673637634375 0.0891585140625 0.6544588921875001 0.083383946875 0.6440505703125 0.08442950625 0.6318332375 0.0880086453125
0 0.4630427390625 0.1914753625 0.466077509375 0.21030805312499998 0.478499646875 0.2271371125 0.49611760781249997 0.2311293140625 0.51374653125 0.228715128125 0.52664258125 0.21542989218750003 0.523237640625 0.201891453125 0.511418496875 0.1842178375 0.49564196406249994 0.176464459375 0.480361846875 0.1771693578125 0.4630427390625 0.1914753625
0 0.538411178125 0.210489325 0.5454818968749999 0.2260574890625 0.5616763453125 0.2356134859375 0.5818996734375 0.2381259171875 0.5926236515625 0.2364474859375 0.6022101125 0.22381747812500002 0.6010152453125001 0.202010025 0.585252703125 0.18627744375 0.5654401515624999 0.181788565625 0.545274253125 0.190132059375 0.538411178125 0.210489325
0 0.5039747296875 0.158426659375 0.51519436875 0.17706659687499998 0.5280280328125 0.1800591734375 0.54763861875 0.1796570890625 0.56772595 0.1646579671875 0.5675828859375 0.143367396875 0.5543417625 0.1304711859375 0.52435374375 0.1314776234375 0.5094158296875 0.142846734375 0.5039747296875 0.158426659375
0 0.3577733640625 0.22667532031249998 0.3430682953125 0.242494178125 0.35655903125 0.2673781421875 0.37979430937499997 0.27589654218750004 0.39432736875 0.27179256406249996 0.4061885140625 0.265528453125 0.41099577500000006 0.2512342046875 0.4045588953125 0.2343803484375 0.39702538125000003 0.2254299828125 0.37059371875 0.22225168750000002 0.3577733640625 0.22667532031249998
0 0.4031957859375 0.2227580421875 0.42409091875 0.2273225890625 0.44257120624999996 0.21974796406250002 0.45029224062499995 0.2039695671875 0.44762239687500005 0.1864069609375 0.43738235625 0.1772673546875 0.4143528015625 0.17211022812500001 0.3998468703125 0.1773026796875 0.3892085703125 0.189415778125 0.39296973125 0.20563921718749997 0.4031957859375 0.2227580421875
0 0.5634346515625 0.1249001703125 0.5814509140624999 0.1307946390625 0.6028718109375 0.12100772343749999 0.6095497437499999 0.103297553125 0.60257161875 0.08640581562500001 0.5899194984375 0.0806442921875 0.5642310984375001 0.082394759375 0.5470045390625 0.0953771875 0.5452909171875 0.1121044828125 0.5634346515625 0.1249001703125
0 0.436577396875 0.1732209609375 0.45402893437499997 0.1767820484375 0.4764324796875 0.17113109375 0.4927922984375 0.15498465156250002 0.4912272203125 0.13847143125 0.4756357953125 0.12807093281249998 0.4590711328125 0.1238092140625 0.43442047187500005 0.1340557734375 0.4280678390625 0.1548921203125 0.436577396875 0.1732209609375
0 0.49426182812499997 0.071738534375 0.479879190625 0.0751662515625 0.47528788593750004 0.086372165625 0.476311675 0.10284753437500001 0.49108419062499997 0.117180871875 0.506055725 0.1208878453125 0.520424340625 0.12543936093750002 0.5296405921875 0.1181036140625 0.5335671984375 0.10862460468749999 0.5360857765625 0.095943721875 0.5309334906250001 0.0840564640625 0.515667434375 0.0767821375 0.49426182812499997 0.071738534375
0 0.41250990468750004 0.0740021109375 0.404098575 0.08538422968750001 0.40116203125 0.09626251875 0.40645458906250004 0.1139230546875 0.41315225624999996 0.11926819375 0.4265307765625 0.12242044218749999 0.445785171875 0.119333390625 0.4601031984375 0.101270771875 0.4555371109375 0.0810009546875 0.4351046703125 0.069818584375 0.42481979062499997 0.069099396875 0.41250990468750004 0.0740021109375
0 0.101428528125 0.331039096875 0.10154537968749999 0.3437689015625 0.10947921249999999 0.3599179203125 0.12714598125 0.3664881640625 0.1469440984375 0.36417921249999996 0.16095282187499999 0.3603921875 0.16971738593750002 0.348125565625 0.1708882046875 0.331382075 0.161308409375 0.317169865625 0.129212340625 0.31533582187500003 0.1112185359375 0.320643571875 0.101428528125 0.331039096875
0 0.2289222390625 0.32230821718749997 0.208179128125 0.323730340625 0.18912606875 0.32978476562500003 0.181914025 0.34651620156249996 0.1885160265625 0.36010984687500003 0.1960759984375 0.3672044625 0.20993424218749998 0.370635790625 0.225976296875 0.37002057499999996 0.23850728437500002 0.36524706875 0.2509609359375 0.3599622765625 0.2531624125 0.342880496875 0.242466325 0.330231696875 0.2289222390625 0.32230821718749997
0 0.23248411406249997 0.307373428125 0.24585682343749998 0.3177471625 0.2765353859375 0.3182509265625 0.28739986093750003 0.30964205625 0.2917331265625 0.288125178125 0.2852453171875 0.2728980265625 0.2725320359375 0.26749490625 0.25808711875 0.26525370000000004 0.23635744375 0.27358319531249997 0.22881570468749998 0.2878293125 0.23248411406249997 0.307373428125
0 0.1533122078125 0.27311099843750003 0.14996584375 0.292164584375 0.159231478125 0.31086901093749997 0.1811074171875 0.31514410000000004 0.20202101562500002 0.31098849375 0.21503285 0.3049219984375 0.22194371875000002 0.28529690625000004 0.21081665156249998 0.26441046562500004 0.19200499375 0.2598120296875 0.16778305468750002 0.2605805171875 0.1533122078125 0.27311099843750003
0 0.09075045312499999 0.260528753125 0.0804022546875 0.27170599375000004 0.083785090625 0.2953339203125 0.091589096875 0.30613899375 0.10553297187499999 0.3083451359375 0.12002911093749999 0.3057915859375 0.128895625 0.3054646953125 0.1379405078125 0.29132369062499996 0.14226045781250002 0.27274854375 0.131650003125 0.2588745953125 0.11136376249999999 0.2537626859375 0.09075045312499999 0.260528753125
0 0.33175245625 0.2486550453125 0.327697284375 0.2274423578125 0.3134080984375 0.2157734234375 0.2908320796875 0.21460512812500002 0.27845122031249997 0.21893512187500003 0.27006300781250003 0.2307989171875 0.26914919843749996 0.2438670109375 0.2760238109375 0.2607627078125 0.286475875 0.269701075 0.311528621875 0.2714529328125 0.326186375 0.2634496703125 0.33175245625 0.2486550453125
0 0.198100703125 0.2446440515625 0.2046741484375 0.258646078125 0.2194487890625 0.26337260625000003 0.236252109375 0.263565615625 0.247463721875 0.2587655921875 0.2556778328125 0.2421042421875 0.2534269359375 0.2238903625 0.2387795359375 0.2101445140625 0.21016229375 0.208964146875 0.196221040625 0.22112126875000002 0.198100703125 0.2446440515625
0 0.1348041703125 0.2065672171875 0.1214782203125 0.217125859375 0.1155824328125 0.22943520624999997 0.11734524843750001 0.2402281984375 0.133381596875 0.2557126828125 0.152711390625 0.2595717 0.171661675 0.255516875 0.1811505484375 0.242227675 0.1809323828125 0.22374556562499998 0.17344253437499998 0.2084483296875 0.153156259375 0.20333642031250002 0.1348041703125 0.2065672171875
0 0.20558949218749997 0.11594791874999999 0.198992778125 0.131080890625 0.204164290625 0.1507301 0.21696378906249997 0.158738971875 0.247857315625 0.159530640625 0.25889349375 0.15291561874999998 0.264415409375 0.1315519375 0.2547343734375 0.1115873453125 0.2345052484375 0.10565865625 0.2188868859375 0.105797646875 0.20558949218749997 0.11594791874999999
0 0.18576018593750002 0.1043019484375 0.16497287656249998 0.0991549890625 0.1476800046875 0.10163912343749999 0.1363141296875 0.1057688453125 0.1237903859375 0.11925619999999999 0.123364665625 0.13974515 0.14151951875 0.153736321875 0.1622307328125 0.1558355734375 0.18197512031250002 0.1512303328125 0.1904774875 0.14484855000000002 0.1976894984375 0.12811709843750002 0.19632647812499998 0.1116068109375 0.18576018593750002 0.1043019484375
0 0.3453266359375 0.12654005 0.3366061640625 0.1144397546875 0.3232490625 0.111043484375 0.307830603125 0.10832382812500001 0.29112443125 0.1096178546875 0.2802310671875 0.114191034375 0.2784579078125 0.1251471171875 0.2790628796875 0.1452977671875 0.28722516875 0.158179775 0.30836269843749997 0.16374434375 0.325076865625 0.1641096109375 0.33635706718749997 0.1612050578125 0.345874459375 0.147507465625 0.3453266359375 0.12654005
0 0.23403035781249998 0.1700542609375 0.23267255625 0.1822705625 0.2345366828125 0.198815890625 0.2506872578125 0.21266687968750003 0.2657759890625 0.2129012125 0.2812199375 0.21173745312499997 0.29708279531250004 0.204420675 0.299398503125 0.1857053625 0.29511483906249997 0.167759709375 0.2734682390625 0.16050078437499998 0.2518372140625 0.1602193265625 0.23403035781249998 0.1700542609375
0 0.13981644843750002 0.1564898296875 0.1258570015625 0.147306171875 0.10575770312499999 0.14672146875 0.0948928671875 0.15088620156250002 0.0851028578125 0.161281728125 0.0852197453125 0.17401150781250002 0.0911493296875 0.1900204046875 0.098036896875 0.19953026093749998 0.10576824843749999 0.20417461874999998 0.1247825234375 0.20541783125 0.1368180125 0.19936947656249998 0.14421696875 0.18716525625 0.1447154125 0.1728369875 0.13981644843750002 0.1564898296875
0 0.194716990625 0.1562250921875 0.183665203125 0.1558626625 0.1698226078125 0.15940881093749998 0.1624365984375 0.16422719218749998 0.16032081874999998 0.180083859375 0.1622134328125 0.196220821875 0.167769159375 0.20317528437500001 0.185163309375 0.20644347968750001 0.2013112921875 0.20593116406249998 0.2181765609375 0.1980899359375 0.22577204218750002 0.180146540625 0.22336538125 0.171360371875 0.2094345234375 0.1617683578125 0.194716990625 0.1562250921875
0 0.35410946718749997 0.16655018125 0.3409678390625 0.16727269375 0.3343970234375 0.1676339640625 0.3203259328125 0.174447171875 0.312238996875 0.18208916875 0.3131295 0.198156025 0.32093350468750004 0.208961075 0.33592368437500003 0.2178064171875 0.35713927343749996 0.2168277171875 0.37041163906249996 0.2078113390625 0.37886629374999997 0.19413491562500002 0.37549905781250004 0.1774844796875 0.3654338375 0.17021465625 0.35410946718749997 0.16655018125
0 0.368873571875 0.11382350156250001 0.36424985468750004 0.1151416703125 0.3535719984375 0.12383362499999999 0.35198578125 0.13931691875000002 0.35941855 0.15543089999999998 0.3679235125 0.1634123984375 0.380221465625 0.1675553375 0.3993757296875 0.16725324218749998 0.41144256874999996 0.1602999328125 0.41980682343750003 0.1493634453125 0.4197553375 0.1350275953125 0.4119228515625 0.1246308984375 0.3890585375 0.1131830921875 0.368873571875 0.11382350156250001
0 0.12801413281250001 0.0444530125 0.1134705984375 0.0508227875 0.104568471875 0.0629218796875 0.10263957500000001 0.08330573125 0.10523314843750001 0.0966190703125 0.1185902875 0.1000153453125 0.12813893125 0.100272678125 0.1425779515625 0.09671696874999999 0.152944953125 0.0839508015625 0.156950746875 0.069867803125 0.15683389375 0.057138028125 0.145880759375 0.0481646203125 0.12801413281250001 0.0444530125
0 0.224619059375 0.05982615 0.20815432656250002 0.05046733437499999 0.18955820625 0.049987725 0.1734829125 0.0566607359375 0.16641368750000002 0.07135026093749999 0.17049745624999998 0.0921545640625 0.18198018437500002 0.10075464218750001 0.1972145703125 0.1009994890625 0.20882166406249997 0.0985278375 0.21615052812500002 0.0945261921875 0.2293908140625 0.0851926734375 0.23044740625000001 0.0700827 0.224619059375 0.05982615
0 0.26825234375 0.055080168750000005 0.2542955546875 0.060259840625000005 0.2488722203125 0.07301258125 0.2482154203125 0.08240527656249999 0.2591841578125 0.0983561421875 0.2739278515625 0.10543989375 0.29129576875 0.1071676 0.3070698953125 0.097600890625 0.30949983125 0.07725207656250001 0.30097925000000003 0.0622931515625 0.282424640625 0.054019328125 0.26825234375 0.055080168750000005
0 0.3197961640625 0.095618175 0.33717729375 0.10627220468750001 0.349116959375 0.108338240625 0.36364757812500004 0.1093543203125 0.38158426562500003 0.10486330937499999 0.3879327859375 0.0949337046875 0.38775004218750003 0.0814927453125 0.3707115515625 0.065938184375 0.34379738125000003 0.06200429843750001 0.3257749859375 0.067720421875 0.3178464015625 0.0802979765625 0.3197961640625 0.095618175
0 0.0422357796875 0.6098072921875 0.0501124984375 0.6267730625000001 0.0621248171875 0.6349998140625 0.07910357031250001 0.637007815625 0.0990730921875 0.6322485984374999 0.1141113421875 0.6171972593749999 0.107570146875 0.5971401796875 0.10005171406249999 0.582251328125 0.073438678125 0.5812111265625 0.058007237499999996 0.5858772906249999 0.048302898437500005 0.5950476890624999 0.0422357796875 0.6098072921875
0 0.13385344999999998 0.5956950890625 0.119855084375 0.60866896875 0.12399596875 0.628656515625 0.1318285578125 0.6390532 0.1439551375 0.6456464265624999 0.163581915625 0.645787728125 0.17951439687499998 0.641156628125 0.19100246875 0.627193559375 0.1893303375 0.6159894015625 0.18745333749999998 0.6068298999999999 0.175196921875 0.5948927359375 0.15382290625 0.5909358828125 0.13385344999999998 0.5956950890625
0 0.16763450468750002 0.6526371390625 0.1551107609375 0.66612450625 0.1544124578125 0.6833113656250001 0.1669128953125 0.6989589671875 0.1796832953125 0.70354533125 0.19709890000000002 0.7019945843750001 0.2137809515625 0.691156190625 0.22115135000000002 0.6793603593750001 0.21923021406249998 0.6636317890625001 0.2073891703125 0.6529547906250001 0.188219259375 0.6462794203125 0.16763450468750002 0.6526371390625
0 0.1303073328125 0.6968096421875 0.1144320015625 0.7006240359375 0.1061451640625 0.711124678125 0.102126390625 0.7325934968750001 0.10931508906250001 0.7449970671874999 0.1189935 0.7505983234375 0.1492281125 0.750250296875 0.16441662031249998 0.7482144703125 0.175366 0.7364837765625001 0.1742470453125 0.7236839234375 0.1691326125 0.703217940625 0.152496540625 0.6963093859375 0.1303073328125 0.6968096421875
0 0.12330554062500002 0.688933290625 0.1334538375 0.680614690625 0.1392198203125 0.662961425 0.1316727921875 0.6484809312500001 0.11942792656250001 0.6383569953125 0.09873041406250001 0.6371491265625 0.0805366796875 0.64531551875 0.07487194375 0.6687211484375 0.076377746875 0.68318956875 0.0890053609375 0.689817771875 0.1024482046875 0.69198891875 0.12330554062500002 0.688933290625
0 0.1981958546875 0.49453650624999995 0.19266864687500002 0.487173653125 0.175173253125 0.47815312499999996 0.1505930609375 0.4768446828125 0.1366384703125 0.48942516875 0.13480858125 0.50816051875 0.13848993125 0.5203188187500001 0.1555414046875 0.5284875265625 0.179950290625 0.5322462406249999 0.1937487265625 0.5221310078125 0.1992291390625 0.5085615 0.1981958546875 0.49453650624999995
0 0.079199225 0.46815898437500003 0.06786190625 0.4718803484375 0.057300840625 0.4933020265625 0.0558003234375 0.5075602109374999 0.064793375 0.5229625812500001 0.0931021765625 0.528880653125 0.10816964843750002 0.5218920171875 0.11475341562500001 0.514144878125 0.119159075 0.4943445921875 0.1157632546875 0.4781025203125 0.10074458125 0.46966558125 0.079199225 0.46815898437500003
0 0.1977312515625 0.5371829765625 0.18562024531250002 0.5375672265625 0.1719074859375 0.54645731875 0.1642956828125 0.5689060484375 0.18177809218750002 0.58531238125 0.20149661874999997 0.59050904375 0.2193286546875 0.5883485312500001 0.23052056250000003 0.572305784375 0.22998830781250001 0.558315825 0.22294235312500002 0.5438704171875 0.2153252625 0.5375925515625 0.1977312515625 0.5371829765625
0 0.11278039375 0.527959625 0.100298184375 0.5336528046875 0.087416184375 0.5450632546875 0.0867049 0.5696359796875 0.10759345468749999 0.5805352453125 0.1352173703125 0.5826406640624999 0.14646020312500002 0.5791493437499999 0.1529142 0.5660582984375 0.15275318437500002 0.5467594124999999 0.146509475 0.53524269375 0.126867084375 0.5281239156249999 0.11278039375 0.527959625
0 0.235691740625 0.433550421875 0.2270439890625 0.4276108359375 0.20458219687499998 0.42480903281250004 0.1821074234375 0.42939307031249996 0.17396337343749999 0.437851828125 0.173480540625 0.4591575296875 0.185035984375 0.47391830468749996 0.1927101875 0.47937942656250004 0.2112491875 0.48067580000000004 0.2279067109375 0.4801008015625 0.23927706875000002 0.46868296562499995 0.24195105625000002 0.4520445984375 0.24015969375 0.441659965625 0.235691740625 0.433550421875
0 0.06546801249999999 0.3765060140625 0.0655148390625 0.3974384046875 0.0750089296875 0.41287576093749995 0.093348034375 0.4170307828125 0.11165407499999999 0.41746096093749996 0.1277754203125 0.40712695 0.12974845 0.393312178125 0.13005994375000002 0.374456740625 0.1250052171875 0.36753728125 0.10365979218750002 0.363172053125 0.08063985625 0.3611519515625 0.06546801249999999 0.3765060140625
0 0.1989537171875 0.4116938484375 0.2051221484375 0.40268656406250003 0.2042601640625 0.38621130625 0.201824975 0.3778335359375 0.18636235 0.36854478749999997 0.1718032109375 0.3679371046875 0.149556925 0.369254103125 0.13929440312500002 0.3792062109375 0.1362179890625 0.38719857812499997 0.1374226515625 0.3987733 0.14296543281250002 0.4131136421875 0.15674171718750002 0.42061379531250004 0.1785844640625 0.4221703484375 0.18674412812500002 0.4206890484375 0.1989537171875 0.4116938484375