0 0.3173061515625 0.2670161921875 0.29659019375 0.28229235468749997 0.29290594062499997 0.293948315625 0.2943888640625 0.307367225 0.3080119984375 0.3199224328125 0.3168038046875 0.3226317234375 0.331327178125 0.3236544625 0.34251075625 0.321173334375 0.3516683125 0.30949849218750003 0.35862796406249997 0.29714632343749997 0.352589471875 0.278400903125 0.34548695937499996 0.2707545 0.33129513125 0.26518725 0.3173061515625 0.2670161921875
0 0.43102381718749994 0.2479950359375 0.417164421875 0.2600970484375 0.41838468593749994 0.2787220890625 0.42445308125 0.2911663453125 0.43328803593750004 0.29730002031249997 0.44271845781249997 0.3006216953125 0.456723853125 0.29804113593750003 0.4672048125 0.2958133390625 0.4805986546875 0.2815212875 0.477951890625 0.2626271671875 0.46887093750000003 0.245672953125 0.45341223125 0.24380850468749998 0.43102381718749994 0.2479950359375
0 0.5952870703124999 0.2960568234375 0.6142405578125001 0.2885946171875 0.6198169499999999 0.27939773749999997 0.6198336656250001 0.263371075 0.6080161000000001 0.24642624999999999 0.590737390625 0.243392003125 0.5730951109375 0.24640962656249998 0.5644330171874999 0.2539733625 0.5551590421875 0.2651006953125 0.55768941875 0.28344725937500004 0.565024740625 0.2921887265625 0.5797552234375 0.297069209375 0.5952870703124999 0.2960568234375
0 0.669169365625 0.2345722484375 0.6786726375 0.2502921734375 0.6930539953125 0.253530165625 0.7058627015625001 0.25241885000000003 0.724380484375 0.24629922187500003 0.7346154484375 0.233250903125 0.7340070203125 0.21106223750000003 0.7203838421875 0.1985070578125 0.6990295953125 0.1978957265625 0.6777617328125001 0.2041331078125 0.6688801296875 0.220327340625 0.669169365625 0.2345722484375
0 0.7886362203124999 0.220051634375 0.8079953468750001 0.22738182812500002 0.8291249453124999 0.2236419234375 0.8419719999999999 0.213292828125 0.846806903125 0.19738647812500001 0.837493175 0.17933725312499998 0.8168239375 0.17228553124999998 0.798365890625 0.1756366375 0.78342915625 0.18911213437500002 0.7799043828125 0.2047399703125 0.7886362203124999 0.220051634375
0 0.0601137671875 0.33255697031250003 0.056588993750000004 0.34818482500000003 0.066820446875 0.360888725 0.0788575546875 0.3692029671875 0.102207803125 0.3652692796875 0.1199667390625 0.35645916875 0.125383559375 0.3432904125 0.124236390625 0.32178855156249997 0.11177695000000001 0.3147085453125 0.09650790000000001 0.3105147734375 0.076856053125 0.3146919015625 0.0647291328125 0.3252811203125 0.0601137671875 0.33255697031250003
0 0.10434026562500001 0.2515548609375 0.11823934843749999 0.2686294375 0.131121115625 0.2744751921875 0.1549131546875 0.26903432656250004 0.17060100312499998 0.2540661453125 0.17057450624999998 0.23461505468750002 0.1624245828125 0.22204098437500003 0.1450737359375 0.2177174578125 0.11964291093749999 0.2236952 0.10809770468749999 0.237022059375 0.10434026562500001 0.2515548609375
0 0.2369118484375 0.20849729843749998 0.2266768796875 0.22154561875 0.2262378484375 0.2388065921875 0.238201784375 0.2499977125 0.2611140984375 0.254190809375 0.277548484375 0.24506783125 0.2843186609375 0.2350449703125 0.2859081921875 0.213533659375 0.283623809375 0.2060076359375 0.2617608578125 0.1997819 0.2496206515625 0.20064562343749998 0.2369118484375 0.20849729843749998
0 0.3494357375 0.190302159375 0.344368040625 0.2051134265625 0.354496490625 0.22699529062499998 0.371768553125 0.2313146625 0.38965014375 0.22810696562500002 0.40755631406250004 0.2157170765625 0.40977093125 0.2003677234375 0.399453 0.18081513124999998 0.378171946875 0.1773269921875 0.3601793921875 0.1828681890625 0.3494357375 0.190302159375
0 0.0314062796875 0.18865848125 0.045378550000000004 0.2028562578125 0.054490326562500004 0.205991953125 0.08264372812500001 0.19779656406249999 0.0979296703125 0.1859636203125 0.09585155625 0.160081571875 0.0764492640625 0.149327015625 0.047510195312499996 0.1549059515625 0.02988006875 0.1718152328125 0.0314062796875 0.18865848125
0 0.1562599359375 0.167270296875 0.1683402453125 0.179008934375 0.193668084375 0.1796297171875 0.2123024171875 0.16680322187500002 0.2135428046875 0.14364934375 0.20296213281250003 0.129302953125 0.1906622640625 0.1261948203125 0.16499868281250002 0.131077509375 0.155302425 0.14343910937499998 0.1562599359375 0.167270296875
0 0.2889575796875 0.16023800625 0.3077938609375 0.1585924484375 0.32286115625 0.1490257875 0.33282007343750003 0.1314580578125 0.3263161546875 0.11052253593750001 0.3054573328125 0.10580014687499999 0.2828361203125 0.10889165625 0.2687871578125 0.123322975 0.27082216406250004 0.1457806265625 0.2889575796875 0.16023800625
0 0.5136709609375 0.2159515125 0.528990503125 0.21013556875 0.54323854375 0.1907823515625 0.539966565625 0.1657263421875 0.52488698125 0.159203246875 0.4972149703125 0.16107932187500001 0.47776597499999995 0.17265264375 0.4798872765625 0.20195903125 0.4919674953125 0.2136976875 0.5136709609375 0.2159515125
0 0.6219320390624999 0.1809225734375 0.639808546875 0.180782825 0.6600286625 0.163668796875 0.6598426140625 0.14024590312500002 0.6484172921875 0.1283680421875 0.6274121765625 0.1293992578125 0.6006412046875 0.14195668125 0.5928801984375001 0.1602017734375 0.60184475625 0.1766083984375 0.6219320390624999 0.1809225734375
0 0.7346754859375 0.15409692656250001 0.7455998328125 0.15314273437499998 0.768113503125 0.1406946546875 0.7678110265625 0.11672423437499999 0.7576959078125001 0.1045678828125 0.7349882625 0.100810684375 0.7101824375 0.112950403125 0.7081706875 0.1356960234375 0.71828575 0.1478523484375 0.7346754859375 0.15409692656250001
0 0.5202353453125 0.11155026718750001 0.5302640281250001 0.11685791406249998 0.550225265625 0.11801316718749999 0.5718819203125001 0.1097285375 0.5782596843750001 0.0946388078125 0.575074259375 0.07643141718749999 0.5538231078125 0.06664210312499999 0.536209596875 0.0675247015625 0.5213459796875 0.0781233734375 0.51616209375 0.092387125 0.5202353453125 0.11155026718750001
0 0.64928205625 0.08412054218750001 0.6661518515625 0.0837094703125 0.6841165703125001 0.077288490625 0.6974240734375 0.0561477125 0.6875716640625 0.0387852421875 0.6650535468750001 0.032698765625 0.64266518125 0.0368852875 0.6298531859375001 0.0539149484375 0.6383655312500001 0.0778570828125 0.64928205625 0.08412054218750001
0 0.74310534375 0.0327037453125 0.7481395796875 0.049945885937500004 0.7687012546875 0.06255610625 0.7967136874999999 0.0562165 0.810107534375 0.041924446875 0.8078398609375 0.0183717453125 0.7914501265625 0.0121271484375 0.7742157890625 0.0083510890625 0.7604595203125 0.0112750734375 0.7502977515625 0.021446609375 0.74310534375 0.0327037453125
0 0.46073861093749996 0.11544401875000002 0.4470575125 0.0914535390625 0.4159491125 0.08640987343749999 0.394781153125 0.107944925 0.3978340609375 0.1324012421875 0.41300007968749997 0.1381437578125 0.439393471875 0.13808125468750002 0.46073861093749996 0.11544401875000002