0 0.6821565125 0.7148098203125001 0.65849679375 0.7003002140625 0.6348370531249999 0.7109603328125 0.620139359375 0.724581609375 0.620139359375 0.73287280625 0.631252234375 0.7515280203125 0.6415770609375 0.757703703125 0.6706851453125 0.7550813796875 0.6789301859375 0.748862990625 0.685024375 0.7387950937500001 0.6868167828125 0.7263582703125 0.6821565125 0.7148098203125001
0 0.7732106609375 0.719547653125 0.7653240890624999 0.70296524375 0.7517017984375001 0.6964507265625001 0.7370040765625 0.6976351828125 0.713344359375 0.7017807703125001 0.7022314359374999 0.7236932406250001 0.7133512546875 0.743703703125 0.7215893984374999 0.7538969265625 0.7398719390624999 0.754489153125 0.7567205359375 0.748862990625 0.7728521734375 0.733168909375 0.7732106609375 0.719547653125
0 0.8502840765625 0.7003002140625 0.8373787171875 0.6928973468749999 0.826982803125 0.6920090171875 0.8090587546875 0.6937856765625 0.7975873625000001 0.7091836328125 0.79400254375 0.7316883328125 0.804398459375 0.741164003125 0.8202060921875001 0.7493703703125 0.8337938984375001 0.7482707640624999 0.8492086015625 0.7396834234375 0.8585290921875 0.7275427671875 0.8567366812499999 0.7139214703125 0.8502840765625 0.7003002140625
0 0.948507765625 0.7231010328125 0.9431305406250001 0.7020768937499999 0.9248480484374999 0.6928973468749999 0.9011882828125 0.691120646875 0.883981221875 0.6973390562499999 0.8796794671875 0.7162903968750001 0.8836227296875 0.7346494859375 0.8935931890625 0.7460370359375 0.904414609375 0.7482707640624999 0.919470821875 0.7485668671875 0.9330931124999999 0.7459018359375 0.9459984234375 0.7355378359375 0.948507765625 0.7231010328125
0 0.8044536609374999 0.638164440625 0.78760504375 0.6331304734375001 0.766096178125 0.6366838640625 0.754624834375 0.6417177796875 0.749606096875 0.66096524375 0.7528324234375 0.6781399 0.7617383515625 0.6840370359375 0.780793946875 0.6899844765625 0.804095221875 0.6843582703125 0.817358971875 0.6728098203124999 0.8195098265625 0.6559313062500001 0.8044536609374999 0.638164440625
0 0.8743573906250001 0.63283435 0.854640984375 0.6334265859375 0.8367169359375 0.6402372234375 0.8324151328125 0.65918854375 0.8370753796875 0.6772515296875 0.8564964156249999 0.6863703703125 0.8643199640624999 0.6876155500000001 0.8919229953125001 0.6828777140625 0.9059037296874999 0.658004090625 0.8912060125 0.64201390625 0.8743573906250001 0.63283435
0 0.676834459375 0.6337227203125 0.6646461375 0.64793619375 0.662495234375 0.6659991796875 0.667513971875 0.675770953125 0.67934383125 0.68583885 0.706899640625 0.6880370359375 0.7227200046875 0.6769554265625 0.73096506875 0.6577079671875 0.7259463312500001 0.6411255765625 0.704437515625 0.631946009375 0.676834459375 0.6337227203125
0 0.605496790625 0.63579549375 0.57932770625 0.6443828140625001 0.571082640625 0.6606691203125 0.5804031328125 0.6793243328125 0.5897236203125 0.6885039 0.6109318984375001 0.6913703703125 0.6298734921875 0.6899844765625 0.6420618421875 0.6811010328125 0.64923145625 0.6577079671875 0.63274133125 0.6399410999999999 0.605496790625 0.63579549375
0 0.5226877296875 0.63579549375 0.5011788671875 0.64082945 0.48397179062499995 0.6494167703125 0.48468875 0.6668875296875 0.49544316874999994 0.683469940625 0.5149641578125 0.6913703703125 0.5363100234375 0.6849505203125 0.5459889796875 0.6766593234375 0.5520831453125 0.6624458 0.5459889796875 0.645863390625 0.5226877296875 0.63579549375
0 0.9431857421875 0.597892846875 0.9381670046874999 0.581902653125 0.9270541046874999 0.5688736140625 0.908413071875 0.5650241296875 0.8958662546875 0.5691697359375001 0.8829609953125 0.578941509375 0.8725649796875 0.599077303125 0.8843189953125 0.6180370359375 0.9069791578125 0.62572760625 0.9234692859375 0.6242470296875 0.9338652015625 0.620693659375 0.9399594109375 0.6109218765625 0.9431857421875 0.597892846875
0 0.8428111015624999 0.5759803671875 0.8205852984374999 0.5679852734375 0.8033781890625 0.57746094375 0.7929822703125 0.591970559375 0.7929822703125 0.6109218765625 0.8094723984375 0.6198053203125 0.8185931890625 0.6220370359375 0.8316982015625 0.6221742265625 0.8410186890625001 0.619509196875 0.854999428125 0.6055918171875 0.854640984375 0.5863443765625 0.8428111015624999 0.5759803671875
0 0.7492476046875 0.57124254375 0.7209275921875 0.570354190625 0.704437515625 0.582791003125 0.7026451046875 0.6017423328125 0.7101731859375 0.617140290625 0.7177012656249999 0.6239509171875001 0.741361084375 0.626615946875 0.754983278125 0.619509196875 0.7664547171875 0.60707239375 0.77254883125 0.5931550140625 0.7668131609375 0.58367934375 0.7492476046875 0.57124254375
0 0.6348922296875 0.5780531703125 0.6201945125 0.589897746875 0.6151757984375 0.6067762906249999 0.62377930625 0.6218781328125 0.6388355156250001 0.6280965265625 0.6556841125 0.6289848671875 0.6700233390625 0.6248392765624999 0.6829286484375 0.6138830234375 0.687230428125 0.5872327171875 0.6653630921875 0.5747959140625001 0.6348922296875 0.5780531703125
0 0.5721580921875 0.5733153359375 0.555309471875 0.5739075640625 0.54383808125 0.57657259375 0.5291403875 0.5913783234375 0.5294988546875 0.60736850625 0.5381024078125 0.6218781328125 0.5653673828125 0.6280370359375 0.5800446406249999 0.626615946875 0.5954593421875 0.613586909375 0.5972517546875 0.5922666640625 0.5847049359375001 0.5795337359375 0.5721580921875 0.5733153359375
0 0.485405709375 0.5744998 0.462462946875 0.5733153359375 0.4413125765625 0.5830871265625001 0.43450144375 0.5958200437500001 0.44167105624999997 0.6106257640625 0.4560102828125 0.6260237203125001 0.478270609375 0.6303703703125 0.4958016609375 0.628392640625 0.5101408875 0.6103296593749999 0.5097824234375 0.590193859375 0.501537359375 0.579829859375 0.485405709375 0.5744998
0 0.877942209375 0.5078740296875 0.8564333421875 0.5066895765625 0.8410186890625001 0.5126118640625 0.8324151328125 0.5250486703125 0.8306227265624999 0.5395582859375 0.8417356734375 0.5564368234375 0.8484318984374999 0.5637037031250001 0.8736404562500001 0.5629513265625 0.8944323390625 0.55110675 0.89980956875 0.5351165671875 0.8915645046874999 0.519718609375 0.877942209375 0.5078740296875
0 0.789038959375 0.5096507203125 0.77864304375 0.5081701468750001 0.7646623109374999 0.5111312906250001 0.7488891125 0.51853415625 0.738493196875 0.532747659375 0.7427949515625001 0.5463689171875 0.7560587546875001 0.5608785328125 0.7703979796875 0.5650241296875 0.790770609375 0.5620370359375 0.801585778125 0.5576212671875 0.8105478265625001 0.5463689171875 0.813774153125 0.5383738234375001 0.8044536609374999 0.5200147265624999 0.789038959375 0.5096507203125
0 0.7177012656249999 0.5158691265625001 0.6944000406249999 0.5093546 0.673249665625 0.514980790625 0.6610613140625 0.5238642265625 0.660344359375 0.5445922359375001 0.67181575 0.561174646875 0.6822116890625 0.5659124703125 0.698835125 0.5650370359375 0.7080222859374999 0.564431903125 0.71985216875 0.555548459375 0.7245124109375001 0.5395582859375 0.7237954796875 0.5288981671874999 0.7177012656249999 0.5158691265625001
0 0.62879804375 0.5158691265625001 0.6062137734374999 0.50846625625 0.5875727453125 0.514980790625 0.569290234375 0.5259370171875 0.5682147828125 0.5419272 0.5800446406249999 0.5573251531250001 0.5868557859375 0.5635435531249999 0.604062875 0.567689159375 0.6112324874999999 0.56650470625 0.6273641249999999 0.560582409375 0.637043109375 0.549330059375 0.6417033515624999 0.534820453125 0.62879804375 0.5158691265625001
0 0.54706443125 0.5250486703125 0.538460875 0.51764580625 0.52376318125 0.5120196296875 0.5065560921875 0.5126118640625 0.48719811718750006 0.51942250625 0.48002850468749997 0.5283059437500001 0.4796700234375 0.53896605 0.4914998828125 0.5564368234375 0.5029712734375 0.567393046875 0.5181899640625 0.5700370359375 0.53487605625 0.56561635625 0.5441965718749999 0.5576212671875 0.550290734375 0.5487378328125 0.551724678125 0.5380777171875 0.54706443125 0.5250486703125
0 0.505588459375 0.7135946796875 0.4937585765625 0.7002695265625001 0.4726082015625 0.693755009375 0.45755199218750003 0.697604496875 0.4410619109375 0.7094490734375001 0.43962794374999997 0.724550946875 0.4450051734375 0.7420216671875 0.469399640625 0.7553703703125 0.4830041171875 0.7538662640625 0.497343346875 0.74764785 0.5059468984375 0.7381721828125001 0.511682571875 0.7224781234375001 0.505588459375 0.7135946796875
0 0.397327196875 0.69553169375 0.37689380625 0.6961239203125 0.36291306875 0.7005656499999999 0.3496492703125 0.7124102265625 0.3496492703125 0.7322498937499999 0.361837596875 0.75001675625 0.38310931875 0.7563703703125 0.4059307546875 0.74764785 0.419194553125 0.734322696875 0.4217038984375 0.7224781234375001 0.4127418984375 0.7091529703125 0.397327196875 0.69553169375
0 0.301254359375 0.6961239203125 0.2804624515625 0.6996773000000001 0.26576475781250003 0.7094490734375001 0.260387528125 0.7212936671875 0.2636138546875 0.739652759375 0.2768776578125 0.7529779140625 0.2935931890625 0.7590370359375 0.306273096875 0.7594924265625 0.3306497984375 0.74439059375 0.3363854671875 0.7239587000000001 0.32778191093750003 0.7091529703125 0.301254359375 0.6961239203125
0 0.24067109687500002 0.7141869265625 0.22704885468749997 0.7038229265625 0.20912480625000002 0.69878895 0.1958609796875 0.7008617734375 0.1772199765625 0.7168519359375 0.1718427703125 0.7358032734375 0.18438961250000002 0.7556429640625 0.203030596875 0.7594924265625 0.218803765625 0.757123540625 0.23314299218749998 0.7550507171875 0.24748221718750002 0.744686696875 0.24748221718750002 0.725143153125 0.24067109687500002 0.7141869265625
0 0.1367116609375 0.6996773000000001 0.11950457656249999 0.6981967234375 0.0947693953125 0.7094490734375001 0.09190154843750001 0.7230703703125 0.1012220609375 0.74439059375 0.1180706578125 0.7553468203125 0.13875447968750002 0.7550370359375 0.151050890625 0.7514973359375 0.1585789953125 0.7381721828125001 0.16539011718750002 0.7275120796875 0.1528432984375 0.712114103125 0.1367116609375 0.6996773000000001
0 0.319178403125 0.5818237203125001 0.287273596875 0.5779742296875 0.2725758796875 0.579454803125 0.26110448750000004 0.5865615640625 0.2564442421875 0.6058090093749999 0.2636138546875 0.618245803125 0.2843189953125 0.632703703125 0.30555611250000003 0.6324593171874999 0.3198953390625 0.6259447828125 0.33208371406250003 0.6072895765624999 0.3288573875 0.5912993828124999 0.319178403125 0.5818237203125001
0 0.269349553125 0.6401582859375 0.24676528593749997 0.6380854828125 0.22991666562500002 0.6419349671875 0.215218946875 0.6561484703125 0.21987921406250002 0.678060940625 0.22704885468749997 0.688721053125 0.2448028671875 0.6923703703124999 0.26110448750000004 0.69079385625 0.27867006875 0.6851676828125 0.286556640625 0.6712503234375 0.2869151046875 0.6543717796874999 0.269349553125 0.6401582859375
0 0.3388948625 0.6360126765625 0.3213292578125 0.6407505140625 0.30842394687499997 0.6531873265625 0.309857915625 0.6700658500000001 0.3238386484375 0.6899055265625 0.345347515625 0.6940511140625001 0.3647054796875 0.6899055265625 0.37796923437499996 0.6706580765625 0.37653536249999997 0.6573329234374999 0.3621961375 0.6440077703125 0.3388948625 0.6360126765625
0 0.441778846875 0.6360126765625 0.42313786249999996 0.6324593171874999 0.39911960468749996 0.6440077703125 0.390157609375 0.6614785296875 0.40772316093749994 0.683391003125 0.43351254375000003 0.6920370359375 0.445722109375 0.6922744328125 0.46221223437500003 0.678060940625 0.46651398750000006 0.664143559375 0.4607783671875 0.64430389375 0.441778846875 0.6360126765625
0 0.1815217546875 0.6366049031250001 0.1571450765625 0.6369010296875001 0.1399379921875 0.6466727999999999 0.1313344359375 0.6573329234374999 0.1367116609375 0.682206540625 0.1478245640625 0.69079385625 0.1774641578125 0.6940370359375 0.185465040625 0.6910899796875001 0.20052124999999998 0.6727309 0.199445803125 0.6555562328125 0.1901252859375 0.6466727999999999 0.1815217546875 0.6366049031250001
0 0.419194553125 0.58330429375 0.3984026734375 0.5759014328125 0.38047862499999996 0.5726441734375001 0.35932825 0.579454803125 0.35180016875 0.601367290625 0.35568996406250003 0.6230370359374999 0.3819125921875 0.6271292468749999 0.399478096875 0.6283137 0.41417586718750005 0.6179496906249999 0.42134545625 0.603736196875 0.419194553125 0.58330429375
0 0.2385202453125 0.59277995625 0.22704885468749997 0.58123149375 0.20518152031249998 0.5788625765625001 0.182955721875 0.58123149375 0.1743521890625 0.5910032859375 0.175786109375 0.61380409375 0.1922762375 0.6327554203125 0.21163417812500002 0.6342359859375 0.22633191875 0.6330515328125 0.23816175468749998 0.6197263796875 0.2399541609375 0.6061051140625 0.2385202453125 0.59277995625
0 0.1338438265625 0.580047040625 0.11090104375000001 0.577382003125 0.096561803125 0.5838965234375 0.0840149765625 0.59870225 0.085448890625 0.6167652359375 0.096561803125 0.6259447828125 0.1187876171875 0.6345321 0.142447359375 0.6297942765625 0.156069625 0.618245803125 0.1589374875 0.5984061406250001 0.1485415203125 0.5904110499999999 0.1338438265625 0.580047040625
0 0.269460071875 0.5203054734375 0.2395246609375 0.5181859640625001 0.223701678125 0.5266639796875 0.2185698875 0.54432640625 0.222418721875 0.5616356 0.24152903281250002 0.570272903125 0.254920015625 0.5704668265625 0.27288127812499996 0.565521359375 0.2887042625 0.558809596875 0.28656601249999997 0.5337289562499999 0.269460071875 0.5203054734375
0 0.3588386375 0.5203054734375 0.3357456125 0.5139469937500001 0.3088037453125 0.522424959375 0.3011061015625 0.5390276796875 0.3062378625 0.55563035625 0.320417471875 0.567489359375 0.3383115234375 0.5697603328125 0.3601215921875 0.5683473171875 0.373378696875 0.561988859375 0.37765519687500004 0.5347886859375001 0.3588386375 0.5203054734375
0 0.3921952546875 0.4521284296875 0.3686745640625 0.4538946703125 0.34857508125000003 0.4620193859375 0.348147446875 0.4839208234375 0.36611504375 0.50903495 0.38706345937500003 0.5118274828125 0.4097288265625 0.5008767703125 0.4234135890625 0.4786220859375 0.4122947375 0.45954664375 0.3921952546875 0.4521284296875
0 0.32077791875 0.4528349140625 0.29597430625 0.4489491765625 0.2775854390625 0.4521284296875 0.264328278125 0.4613129296875 0.25363708906250004 0.4860403328125 0.2587688515625 0.49840405 0.290112765625 0.50983025 0.31179731875 0.509707996875 0.327192640625 0.5026430203125 0.33317975781250003 0.49133907343749994 0.3361732734375 0.473323359375 0.32077791875 0.4528349140625
0 0.21129987031250003 0.4538946703125 0.19547685937499998 0.4528349140625 0.18393034218749998 0.4546011640625 0.165969109375 0.475089596875 0.17110087499999999 0.49522478281250004 0.191200359375 0.5090015265625001 0.2185698875 0.5111209859375 0.2365311203125 0.499817040625 0.2429458671875 0.4860403328125 0.23524819375 0.466964890625 0.21129987031250003 0.4538946703125
0 0.10524298437499999 0.455307659375 0.091558234375 0.4687311296875 0.08599879375 0.49204554375000004 0.0962623671875 0.50476250625 0.1198291890625 0.51221614375 0.14843550781249998 0.505822259375 0.16040966875 0.4895728328125 0.15442258125 0.465198640625 0.1309019078125 0.45424791718749996 0.10524298437499999 0.455307659375
0 0.137744290625 0.5291367 0.1266254234375 0.547152390625 0.1390272296875 0.564108346875 0.155277875 0.571526559375 0.175377375 0.5708200859375 0.1919832453125 0.5571504859374999 0.199753359375 0.5418536640625 0.18564093125 0.5277236859375 0.17110087499999999 0.5206587093749999 0.16169260937500002 0.5210119703125 0.137744290625 0.5291367
0 0.43496010468749996 0.5139469937500001 0.4045970609375 0.5139469937500001 0.3917675921875 0.5252509640625 0.388346415625 0.5418536640625 0.39561643125 0.5609291062499999 0.41902802031249997 0.572658796875 0.43453244375000005 0.5708200859375 0.464895540625 0.5584563828125 0.46788905625000005 0.5436198859375 0.4580531296875 0.527017190625 0.43496010468749996 0.5139469937500001
0 0.4948309234375 0.453541409375 0.4820014796875 0.4503621796875 0.4601913796875 0.4517751703125 0.4392366046875 0.46166615312500003 0.439664265625 0.4835675765625 0.44607895624999994 0.49805079062499996 0.45420429375 0.504056009375 0.4652066171875 0.5094326 0.486705584375 0.5093547593750001 0.50081806875 0.49734429375 0.5102262734375 0.48710006406249995 0.5076603625 0.47226360312500004 0.4948309234375 0.453541409375
0 0.1701915921875 0.272934103125 0.14838150781249998 0.27540684375 0.131275553125 0.2845913296875 0.1265714359375 0.3040200171875 0.13512440312500001 0.3206227140625 0.1578303265625 0.328104640625 0.1808828140625 0.32627470000000003 0.1954228703125 0.321329209375 0.19499520937499998 0.2983680234375 0.18558694375 0.2799990859375 0.1701915921875 0.272934103125
0 0.12913731875 0.33793190625 0.10604429062500001 0.338638403125 0.0919318796875 0.34358389375 0.08722774531250001 0.3647788328125 0.0987742734375 0.3845607734375 0.1193481609375 0.3909331859375 0.1389732296875 0.38774001406249997 0.15436858125 0.3792620328125 0.15821741875 0.3587736140625 0.14239441875 0.344643646875 0.12913731875 0.33793190625
0 0.22108181093749998 0.3368721640625 0.2031205484375 0.3315734265625 0.1890081203125 0.3361656703125 0.177461609375 0.3481761359375 0.17446806406249998 0.37043080625 0.1890081203125 0.3827945234375 0.207824678125 0.385620540625 0.23006241093750002 0.3810282828125 0.23818774999999998 0.36230609999999996 0.23091770625 0.34499688281249996 0.22108181093749998 0.3368721640625
0 0.162493903125 0.3958647328125 0.139400875 0.4029297203125 0.1265714359375 0.41741295625 0.137262653125 0.441080609375 0.164083678125 0.44819465 0.1800275203125 0.4488520796875 0.194139915625 0.433309159375 0.190718709375 0.414940190625 0.1808828140625 0.3993972328125 0.162493903125 0.3958647328125
0 0.2634189953125 0.391272503125 0.23091770625 0.390212759375 0.21252883906250003 0.40822844687500004 0.21466706093750001 0.4322493828125 0.2270688671875 0.442846859375 0.24682033125 0.44819465 0.25700427812500004 0.44673259375 0.2749655125 0.44178710312499997 0.2809526296875 0.4230649203125 0.2788143796875 0.4018699671875 0.2634189953125 0.391272503125
0 0.7084380078125 0.39187654375 0.69560856875 0.38763755 0.6729431453125 0.3894038 0.663107278125 0.39399602968749997 0.6511331015625 0.4098922328125 0.656692584375 0.4282611796875 0.6720482546875 0.44382050937499995 0.7011679953125001 0.443450890625 0.7105762578125 0.437798903125 0.7204121859375 0.4190767203125 0.721267446875 0.406006496875 0.7084380078125 0.39187654375
0 0.6331718984375 0.40565323593749997 0.6250465000000001 0.3989415203125 0.6130723828125 0.3932895328125 0.5955387828125 0.39187654375 0.578860446875 0.3975285296875 0.56688633125 0.4116584828125 0.5647481375 0.42190269999999996 0.5754393265625 0.4381521640625 0.5926787906250001 0.44700170312500004 0.605374709375 0.44521714062499995 0.6194870765625 0.43956515312500005 0.630178321875 0.4310871640625 0.6374483953125 0.4190767203125 0.6331718984375 0.40565323593749997
0 0.528825553125 0.3922297796875 0.5100090234375 0.3929362765625 0.49119249531250003 0.3968220359375 0.47750773437499994 0.4113052234375 0.48178423437499995 0.4303806671875 0.490764834375 0.441684640625 0.5056128906249999 0.446604053125 0.5283979515625 0.4466301296875 0.5450762296875 0.4385054234375 0.547642140625 0.415190959375 0.5459314921875 0.40106100624999996 0.528825553125 0.3922297796875
0 0.6387312656249999 0.26400042031250004 0.67123255625 0.256228953125 0.67550905625 0.2431587328125 0.67764730625 0.2237300359375 0.6695220281250001 0.21489881406250003 0.6541266171875 0.20712733593750002 0.6321230078125 0.2064240328125 0.6164935609375 0.2138390640625 0.612644721875 0.2163118140625 0.6066576328125 0.2269092796875 0.6066576328125 0.23997948593750001 0.616921221875 0.253402953125 0.6387312656249999 0.26400042031250004
0 0.6917597296875 0.2632939359375 0.6695220281250001 0.26753290625 0.6532713515624999 0.2788368734375 0.6485671890625 0.290847340625 0.6494399843750001 0.302257453125 0.6673837781249999 0.319107259375 0.6994574640625 0.321933240625 0.718701653125 0.3106292796875 0.7242610234375 0.288021359375 0.7118591859375 0.2731848859375 0.6917597296875 0.2632939359375
0 0.6092235484375 0.342774946875 0.6096512093750001 0.3678556328125 0.6353101484375 0.3816323171875 0.663962540625 0.3819855859375 0.6792636609375 0.368664840625 0.6785026296875001 0.35019315624999997 0.672515540625 0.33782944375 0.6613966296875 0.32723197656249997 0.634882428125 0.33076446718749997 0.6092235484375 0.342774946875
0 0.5395168031249999 0.33041122968750003 0.5219832578125 0.3480736828125 0.5181343625 0.3639698734375 0.5271149640624999 0.3752738328125 0.5493863546875 0.38337785625 0.5720180921875 0.38339855312500004 0.5908346203125 0.36326336718749996 0.5848475328125 0.3424216859375 0.56688633125 0.33041122968750003 0.5395168031249999 0.33041122968750003
0 0.6241912375 0.31592801718749997 0.6331718984375 0.2954395734375 0.6306059281249999 0.2777771234375 0.6096512093750001 0.266473159375 0.590273653125 0.26487844374999997 0.57116283125 0.269299153125 0.5634650921875 0.2827226203125 0.5617545078124999 0.305330540625 0.578860446875 0.320873496875 0.610506471875 0.32369949062500003 0.6241912375 0.31592801718749997
0 0.5053049234375 0.269299153125 0.47750773437499994 0.2795433703125 0.4766524109375 0.3021513140625 0.4894819078125 0.31522150937500004 0.5022457015625 0.32412815 0.5249767140625 0.3247592328125 0.5416550531250001 0.30850978281249997 0.5459314921875 0.28872784375 0.5343849796875 0.2731848859375 0.5053049234375 0.269299153125
0 0.455270028125 0.3289982265625 0.43303226562499997 0.3406554359375 0.430894015625 0.360790646875 0.4424405328125 0.3756270828125 0.45702915781250003 0.38337785625 0.48349482187500004 0.3858713 0.5040219359375 0.373154359375 0.5035942734375001 0.34666067031250003 0.48777137968749995 0.331470959375 0.455270028125 0.3289982265625
0 0.2679598984375 0.272831640625 0.24828804375 0.268945896875 0.23289269375 0.27141864375 0.2183526375 0.28448887031250003 0.2166420484375 0.3081565328125 0.2405903703125 0.325465740625 0.2619728109375 0.325465740625 0.27822345625 0.32052025 0.28634879375 0.298972059375 0.28164466093749996 0.285195353125 0.2679598984375 0.272831640625
0 0.3530619640625 0.269299153125 0.32954130312499996 0.2661199171875 0.30944181875 0.2795433703125 0.304310028125 0.2961460671875 0.3107247453125 0.3162812765625 0.32859493125 0.325718746875 0.343226040625 0.32793847343750004 0.36802968125 0.31557475625000003 0.3770102859375 0.2968525734375 0.370167903125 0.2791901328125 0.3530619640625 0.269299153125
0 0.41250512031250003 0.266473159375 0.3949715484375 0.2788368734375 0.3885567984375 0.29967855625 0.3979650921875 0.3180475171875 0.41592632656250006 0.32511249375 0.43297780625 0.32611639375 0.44586170625 0.320873496875 0.45698061718750005 0.3088630296875 0.4556976328125 0.285195353125 0.43859169375 0.26788615937500004 0.41250512031250003 0.266473159375
0 0.3979650921875 0.3289982265625 0.3727338140625 0.3311177140625 0.3552002140625 0.339948940625 0.35263433125 0.3636166265625 0.36033200781249997 0.37774657968750003 0.3714063421875 0.3853661 0.39326093125 0.38657779375 0.4107945328125 0.3841050734375 0.4231963421875 0.373154359375 0.422768709375 0.3477204234375 0.3979650921875 0.3289982265625
0 0.3436537296875 0.39011029375 0.3171394953125 0.3908168140625 0.3038823671875 0.3971752703125 0.2996058953125 0.4183702 0.3047376578125 0.4317936828125 0.320988334375 0.44380414999999995 0.34302574531249996 0.446604053125 0.357766096875 0.4476898828125 0.3676020203125 0.4367391734375 0.375727359375 0.42048970937499996 0.36075966875 0.3925830640625 0.3436537296875 0.39011029375
0 0.3936885921875 0.39399602968749997 0.39069504843749997 0.40847926718750005 0.3928332984375 0.434266403125 0.4118126125 0.44859229687499996 0.4338875890625 0.4476898828125 0.45698061718750005 0.43956515312500005 0.46082945625000005 0.41095198593750004 0.4514211890625 0.39364279375 0.42405163281249997 0.39011029375 0.3936885921875 0.39399602968749997
0 0.3077312015625 0.3328839640625 0.2927635125 0.3265254828125 0.2786511171875 0.33182422031250003 0.25641338281250003 0.3463074328125 0.2598345609375 0.3671491140625 0.273519321875 0.3805725734375 0.2910529234375 0.386931053125 0.30944181875 0.385164803125 0.326547790625 0.376333590625 0.330396596875 0.3508996640625 0.3077312015625 0.3328839640625
0 0.5549623343750001 0.452282603125 0.5365734390625 0.4579345765625 0.525882234375 0.47559702968749995 0.5322969671875 0.49184649374999995 0.5451264390625 0.50456345625 0.554677653125 0.50744435625 0.577200096875 0.5059764703125 0.5930230812499999 0.4960854640625 0.59687191875 0.46923855000000003 0.5789106578125 0.45192934375 0.5549623343750001 0.452282603125
0 0.6575980328125001 0.44980985625000003 0.6430579765625 0.44980985625000003 0.6216755359375 0.45616832656249995 0.6071355078125 0.46570605 0.6114120078124999 0.49113997343750004 0.6238137859374999 0.504916690625 0.6431866328125 0.507842003125 0.6627298265625 0.50279720625 0.6742763109375 0.49396597968749995 0.6824016484375 0.4741840640625 0.6764145609375001 0.4600540859375 0.6575980328125001 0.44980985625000003
0 0.7811170921875 0.26600622343749997 0.7563134765624999 0.26635947656250003 0.737496946875 0.275190703125 0.733220446875 0.3045103703125 0.7523797734375 0.3173681171875 0.7781235765625001 0.31899357031250003 0.7926636046875 0.3112220859375 0.8042101171875 0.29921164375 0.79651244375 0.27766344374999996 0.7811170921875 0.26600622343749997
0 0.8255925562499999 0.322526059375 0.8020718671875 0.323232553125 0.7892423984375 0.33100405 0.7794065046875 0.35219897968749997 0.7853935609375 0.3688016765625 0.8110650765624999 0.3786060671875 0.829013734375 0.37763289375000003 0.8452643796875 0.3638561859375 0.8478302624999999 0.345134003125 0.8358561453125001 0.328178046875 0.8255925562499999 0.322526059375
0 0.86878506875 0.38540437656250004 0.85510030625 0.3846978796875 0.832007278125 0.39458885 0.8260201890625 0.41401752968750005 0.8332902343749999 0.43026701718749993 0.8466610765624999 0.43865107343750004 0.873061540625 0.440511209375 0.891022803125 0.42956049687500003 0.896154596875 0.4108383265625 0.886318640625 0.394235603125 0.86878506875 0.38540437656250004
0 0.73578633125 0.446869690625 0.7131209359375 0.4521684171875 0.7002914953125 0.465591896875 0.699863834375 0.48113484062499995 0.7075615359375 0.49526479375 0.7182527578125 0.5012700406249999 0.7379489640625 0.5046608140625 0.75331993125 0.5019765359374999 0.7661493703125 0.49420506406250003 0.7704258703125 0.47265689999999994 0.7614452375 0.45605417656249997 0.73578633125 0.446869690625
0 0.829013734375 0.44369044999999996 0.81190779375 0.4454567 0.79223594375 0.4521684171875 0.782827678125 0.4740698671875 0.7926636046875 0.48961280625 0.80549304375 0.49738430312500004 0.8226097265625001 0.5014796203125 0.8422708343749999 0.49985702656250003 0.8546726453125 0.4881998171875 0.8602321015625 0.4677113828125 0.85082380625 0.45570091718750005 0.829013734375 0.44369044999999996
0 0.8067759999999999 0.4016538265625 0.785821221875 0.3885836171875 0.7601623140625 0.38681736718750004 0.7434840046875 0.39988757656249996 0.7404904640625001 0.41401752968750005 0.7447669593749999 0.4285007671875 0.757671071875 0.4378557734375 0.767004665625 0.44086449375000003 0.783682971875 0.44121770312499997 0.8016442375 0.43167998281250003 0.8080589843749999 0.417903290625 0.8067759999999999 0.4016538265625
0 0.9367812265625 0.45040219062500003 0.920530553125 0.4454567 0.8978651859375001 0.44121770312499997 0.8790486296875001 0.4479294703125 0.8700679953125 0.45993991406249995 0.8679297734375 0.48042834687499997 0.8790486296875001 0.49561807656249995 0.8947637859375 0.5038655140625 0.9145434640625 0.5062155296874999 0.935925903125 0.49561807656249995 0.9427682546874999 0.4839608234375 0.943195915625 0.465591896875 0.9367812265625 0.45040219062500003
0 0.9397747421875 0.34654699375 0.9303664765624999 0.3338300296875 0.9179646375000001 0.32570531406250003 0.8944440078125 0.32075980937500004 0.8751997906250001 0.32923779999999997 0.8666468187499999 0.34548724062499997 0.8683574078125 0.35926395625 0.8726365406250001 0.369062490625 0.8880292578125 0.377986140625 0.8995757734375 0.380458896875 0.921385875 0.37657314999999997 0.9376364921875 0.3677419234375 0.9397747421875 0.34654699375
0 0.7498987265625 0.33171053281249996 0.737496946875 0.326411796875 0.7191080234375 0.32570531406250003 0.70328506875 0.334536540625 0.6951597015625001 0.3507859765625 0.6972979515625 0.3688016765625 0.712265640625 0.377986140625 0.7355438265625 0.38298020625 0.7443392984375 0.3801056359375 0.7571687703125 0.37410040312500004 0.7644387828125 0.3560847171875 0.7610176375 0.34442749687499996 0.7498987265625 0.33171053281249996
0 0.8884134390625 0.30082615 0.8858476453125 0.2715064640625 0.8648928109374999 0.26267523593750003 0.85163570625 0.26373501718750003 0.834635403125 0.266469040625 0.82212793125 0.2760987203125 0.8234108546875 0.2990599 0.83367444375 0.314956103125 0.8580503984375 0.3199015703125 0.8807157625 0.3114236265625 0.8884134390625 0.30082615
0 0.8802881609375 0.192378696875 0.892262334375 0.176129246875 0.8905516890625 0.15846680625 0.8683139843750001 0.140804353125 0.8465038828125 0.14151085937500002 0.82645794375 0.1443907828125 0.8208449765625 0.15776029687499998 0.8131472984375 0.174363009375 0.8268320609375 0.196264446875 0.854629221875 0.1976774359375 0.8802881609375 0.192378696875
0 0.896538834375 0.1997969328125 0.8708798953124999 0.2075684171875 0.861471571875 0.2340620734375 0.8666033953125 0.24465955 0.8755839999999999 0.257729746875 0.8962068671875001 0.258118409375 0.9247636296874999 0.255610259375 0.929895390625 0.24183354375000002 0.9333165687499999 0.219578896875 0.91749355625 0.2082749 0.896538834375 0.1997969328125
0 0.8379509437499999 0.21145414062499998 0.8152855484374999 0.20297617343750002 0.7934754468749999 0.20686192343749998 0.7733759640625 0.2262906 0.7785077578124999 0.2450127828125 0.789418859375 0.256925459375 0.8075878703124999 0.261262246875 0.8246938109374999 0.2602025171875 0.8422273828125 0.25101802968750003 0.8465038828125 0.227703590625 0.8379509437499999 0.21145414062499998
0 0.7280452015625001 0.20191642031249998 0.70281395625 0.210394409375 0.695116278125 0.229823090625 0.6968268953125001 0.25384400937499996 0.7172647984375 0.26129959999999997 0.741302334375 0.260555753125 0.7554147296875 0.2496050640625 0.761829446875 0.22911659375 0.7502829640625001 0.21004114999999998 0.7280452015625001 0.20191642031249998
0 0.932596 0.107672140625 0.9308854109375 0.0991941796875 0.9120688828124999 0.084710953125 0.900949971875 0.0801187171875 0.8898311203124999 0.0794122203125 0.8714422546874999 0.08294470937500001 0.8649401046875 0.0899128671875 0.8586127546875 0.10908512968749999 0.8650275046875 0.12851382656250002 0.882988765625 0.139111290625 0.90650945625 0.13593205 0.9201941609375 0.123921596875 0.932596 0.107672140625
0 0.8299603031249999 0.085770709375 0.8175585234374999 0.0801187171875 0.7953207578125 0.0783524734375 0.77821481875 0.0907161859375 0.7713725234375 0.11226437656249999 0.77821481875 0.12992681718750002 0.7918239921875 0.1380284 0.8128543625000001 0.139464540625 0.828677375 0.13345930625 0.8419345359375001 0.11791636406249999 0.8419345359375001 0.10060715625000001 0.8299603031249999 0.085770709375
0 0.7906167140625 0.1472360234375 0.7718001296875 0.14158405000000002 0.7461411890625 0.1458230203125 0.73331175 0.162778990625 0.7337393515625 0.17690894375 0.7401541015624999 0.1896259296875 0.752128334375 0.1981038734375 0.7662406453124999 0.1995168640625 0.7850572296875 0.19845714375 0.7991696578124999 0.1857401703125 0.8038737578124999 0.1641919703125 0.7906167140625 0.1472360234375
0 0.696533959375 0.1451165359375 0.66274968125 0.1451165359375 0.65376908125 0.1521815140625 0.6435054921875001 0.1776154265625 0.6585794953125 0.19568750937499998 0.672157946875 0.1995168640625 0.696533959375 0.19704411718749998 0.7127845765624999 0.1864466640625 0.71577820625 0.1648984640625 0.696533959375 0.1451165359375
0 0.6067277296875 0.149355509375 0.5827793796875 0.149002259375 0.5678116890625 0.15642049687499998 0.5558375125 0.1829141765625 0.5639628515624999 0.1928051328125 0.5806411578125 0.204462353125 0.59261530625 0.20375587031250003 0.6161359953125001 0.19704411718749998 0.624261303125 0.1790284296875 0.6234060078125 0.157480253125 0.6067277296875 0.149355509375
0 0.7581153671874999 0.1108513796875 0.7427200125 0.0871837 0.7162057500000001 0.0832979765625 0.6956786375 0.089303196875 0.6879221484375 0.10820472031249999 0.6909745328125 0.12180209687500002 0.7067974875 0.13593205 0.7307458953125 0.141230790625 0.7508452937500001 0.13699180625000001 0.7581153671874999 0.1108513796875
0 0.638801359375 0.08612395625 0.620840125 0.0871837 0.60630006875 0.0984876703125 0.6045894796875 0.1143838640625 0.612714790625 0.1309865828125 0.636933278125 0.138823696875 0.654624375 0.13699180625000001 0.6631773421875 0.12992681718750002 0.6717303421875 0.1126176234375 0.6610390921875 0.092129196875 0.638801359375 0.08612395625
0 0.5601140124999999 0.2087013359375 0.54343570625 0.20976107968750002 0.52205329375 0.220711803125 0.5194873828125 0.24720548281250002 0.543008071875 0.2609821765625 0.57508170625 0.2627484265625 0.5921876734375 0.2482652140625 0.5870558796875 0.22424430312500002 0.5733711171875 0.21329356718749998 0.5601140124999999 0.2087013359375
0 0.47629487499999995 0.2087013359375 0.45234655312500005 0.2087013359375 0.4348129515625 0.22671705000000003 0.4348129515625 0.2450859734375 0.44764244687500004 0.25921595000000003 0.46087737500000003 0.26607139062499996 0.479288415625 0.2631016859375 0.4925455484375 0.2578029359375 0.5040920328125 0.238020996875 0.49211788749999996 0.217179303125 0.47629487499999995 0.2087013359375
0 0.38734395625 0.2069351 0.35655325000000004 0.2136468265625 0.3454343828125 0.2351950171875 0.35355970625 0.256389946875 0.366389178125 0.26204195625 0.3829509921875 0.26487844374999997 0.40188401249999994 0.2609821765625 0.412147584375 0.24402624374999998 0.4211281859375 0.2341352640625 0.40829872968750003 0.21541307656250003 0.38734395625 0.2069351
0 0.5173491328125001 0.1458230203125 0.4874137546875 0.149355509375 0.47629487499999995 0.16454522968750002 0.4758672421875 0.182560953125 0.4857031375 0.19669089374999998 0.513309321875 0.204435790625 0.5301786046875 0.1991636171875 0.5374486484375 0.19421813593749998 0.541297484375 0.17478943281249998 0.5288956781249999 0.1521815140625 0.5173491328125001 0.1458230203125
0 0.5622522625 0.08824344375 0.545146321875 0.08859670625 0.5280403546875 0.0917759359375 0.5186320890625 0.10413964687499999 0.5216256328125 0.1292203328125 0.5344551046875 0.1440567828125 0.557120471875 0.1458230203125 0.5797858671875 0.13875804375 0.5891941296875001 0.1129708703125 0.572943484375 0.0953084234375 0.5622522625 0.08824344375
0 0.43657266093749997 0.14956775625000002 0.41091372187499997 0.14956775625000002 0.39338012031249997 0.159458740625 0.3903866046875 0.18241990624999999 0.40022253281250003 0.1976096140625 0.415179803125 0.20602638281250002 0.43614499999999995 0.20573435624999997 0.4532509390625 0.2007888671875 0.459238028125 0.1806536671875 0.4523956734375 0.1615782234375 0.43657266093749997 0.14956775625000002
0 0.31340981874999996 0.21209281406249997 0.2886062015625 0.21315257031249998 0.2667961296875 0.22304355 0.2603814109375 0.24777095624999998 0.2774873515625 0.26472691406250004 0.2950209515625 0.26861265 0.311271596875 0.26578669375 0.32966049218750004 0.25660218281249997 0.32623928593749996 0.2339942859375 0.31340981874999996 0.21209281406249997
0 0.22317595625000003 0.2135058296875 0.19195762031250002 0.2135058296875 0.1718581375 0.22586952968750001 0.17057518124999999 0.2449449734375 0.1799834765625 0.2590749265625 0.199198653125 0.26607139062499996 0.22274835468749998 0.2664931640625 0.2364330609375 0.2629606640625 0.24370310156250002 0.24635799062500002 0.2432754390625 0.2276357796875 0.22317595625000003 0.2135058296875
0 0.134225053125 0.21209281406249997 0.11498086249999999 0.21103310625 0.09402606875 0.2149188203125 0.0854731015625 0.226222790625 0.0833348515625 0.2467112265625 0.10129610156249999 0.263667159375 0.12415843124999999 0.2676619859375 0.139356846875 0.267906153125 0.15517983125 0.25448269687499997 0.15261394687500002 0.2357605140625 0.146626859375 0.21915779062500002 0.134225053125 0.21209281406249997
0 0.26316143593749997 0.1532583328125 0.24733841875 0.1546713234375 0.2327983625 0.158557059375 0.21996892343750002 0.1649155671875 0.2191136015625 0.180105259375 0.2216795125 0.19529494375 0.2386428703125 0.20602638281250002 0.258029640625 0.2073054359375 0.2845438421875 0.20589242031250002 0.2943797703125 0.1882299671875 0.2845438421875 0.16208955 0.26316143593749997 0.1532583328125
0 0.34911879375 0.15149208281249998 0.3345787375 0.1472531140625 0.30849219375 0.1564375734375 0.3059262828125 0.183284503125 0.3166175046875 0.200240459375 0.3295569875 0.2064240328125 0.3435593671875 0.2090716859375 0.3696459671875 0.19953394062500002 0.3760606609375 0.1755130296875 0.3696459671875 0.16597529687499998 0.34911879375 0.15149208281249998
0 0.3888901578125 0.0910865140625 0.36494180625 0.09285276406250001 0.34911879375 0.10592297343749998 0.3508294109375 0.1292374140625 0.3598616890625 0.14081194375 0.3897454234375 0.14478035312499998 0.4132661125 0.1412478671875 0.423102040625 0.116167190625 0.4042855125 0.099564490625 0.3888901578125 0.0910865140625
0 0.47570278593750004 0.0893202640625 0.4568863140625 0.0893202640625 0.43978037499999995 0.09567875625 0.43293796406249996 0.11298794999999999 0.4350762140625 0.13029714375 0.44876091875 0.1423076234375 0.47099868125000005 0.1437206359375 0.49537469375 0.1412478671875 0.49965119375 0.11863994687499999 0.4958022984375 0.097798240625 0.47570278593750004 0.0893202640625
0 0.303360403125 0.08614102343749999 0.27812912500000003 0.086847540625 0.263589096875 0.10168397656249999 0.265727346875 0.1218191765625 0.274707946875 0.1387751328125 0.2877076328125 0.14677667656249999 0.3072092375 0.14442710625 0.331585221875 0.13453615000000002 0.33799994375 0.1218191765625 0.32901931093750003 0.098151490625 0.303360403125 0.08614102343749999
0 0.2186859953125 0.0907332640625 0.1896058515625 0.09249950312500001 0.17720404375 0.10556972656250001 0.17677638281250002 0.12641140625 0.181908178125 0.138421909375 0.20842240781250002 0.14654659375 0.225528346875 0.14442710625 0.24177899531249997 0.12994389374999998 0.241351334375 0.11157495937499999 0.23408131875 0.0988579828125 0.2186859953125 0.0907332640625
0 0.1703616609375 0.15255185 0.14897922187499998 0.1553778203125 0.1314456484375 0.16102980625000002 0.12845210468749999 0.18151825 0.1361497828125 0.19529494375 0.151117471875 0.2076586703125 0.163091678125 0.2101314171875 0.1883228953125 0.20483266718749998 0.20029707187499998 0.1769260203125 0.19088883437499998 0.1596168265625 0.1703616609375 0.15255185
0 0.12802444375 0.091439759375 0.10963554843750001 0.09214626718749999 0.0929572578125 0.098151490625 0.083976640625 0.1038034734375 0.08525958125000001 0.11546069375000001 0.08654252031250001 0.127471159375 0.093384903125 0.13806863593750002 0.1106896734375 0.1475719765625 0.1310179875 0.1440738734375 0.1464133390625 0.13453615000000002 0.1536833546875 0.1182866859375 0.13999862031250002 0.097091746875 0.12802444375 0.091439759375