0 1 0.19710821875 0.9954820625 0.19399431250000002 0.9824109453125001 0.19520879062500002 0.9681772671875001 0.2067353234375 0.96272893125 0.2276964296875 0.9660749953125001 0.24222352187500001 0.9768270296875 0.251054096875 0.99257460625 0.25539507499999997 1 0.2502475875 1 0.19710821875
0 0.875131421875 0.1916022703125 0.8717130375 0.202451575 0.8769083328124999 0.219521684375 0.8883360109374999 0.2267448359375 0.9009603734375 0.23142280781250002 0.9145384875 0.2200976078125 0.9232214624999999 0.20623154999999999 0.9245988703125001 0.1910315484375 0.9174137874999999 0.1812610578125 0.9099395703125 0.17142381874999998 0.895231053125 0.1704968625 0.8833706609374999 0.17833912968750001 0.875131421875 0.1916022703125
0 0.9130436156249999 0.23844462656249998 0.9097969000000001 0.2525077 0.9159198249999999 0.2655597890625 0.931724625 0.27097202343750004 0.944815821875 0.26835145625 0.9535730812500001 0.259440090625 0.9589410953125 0.2441033484375 0.9582775265624999 0.224552653125 0.9507460906249999 0.2136441546875 0.9354221703125001 0.2101063484375 0.9242946453125 0.21741244843750002 0.91576929375 0.22531930781249998 0.9130436156249999 0.23844462656249998
0 0.9982758421875 0.29797508281249996 0.9994243609375 0.27849005781249997 0.9937622328125 0.2687184875 0.9839548921875 0.2597533296875 0.9704430578125001 0.25628119531250004 0.961746040625 0.2609742859375 0.9522187734375 0.2679444703125 0.9483566546875 0.27939669375 0.9486367281250001 0.2953320359375 0.951619378125 0.30483768125 0.9598264609375 0.314138753125 0.9724709031250001 0.317410634375 0.9860259171875001 0.31278105625 0.9982758421875 0.29797508281249996
0 0.9348858921875 0.3390640875 0.9332795953125 0.3499790640625 0.9352201671874999 0.361360215625 0.9425969999999999 0.372938384375 0.9571880546875 0.37701235781250003 0.964920296875 0.373859940625 0.9704740187500001 0.3709099359375 0.9770899 0.3646783328125 0.9821657625 0.35456436875 0.9831706984374999 0.3502115140625 0.98344276875 0.3463948265625 0.982332446875 0.33273657968750003 0.9730461453125001 0.3228336671875 0.9542325765624999 0.319900940625 0.9475996343749999 0.3222491046875 0.9417939234375 0.3276097046875 0.9348858921875 0.3390640875
0 0.910050853125 0.28042819375 0.9004633453125 0.2916166515625 0.8975860812500001 0.30012211093749996 0.8953071593749999 0.30735497968750003 0.897577025 0.315990703125 0.9012523796874999 0.3277723609375 0.9055090171875 0.3343979921875 0.9164959796875 0.3369345328125 0.9247864031249999 0.335321709375 0.9318831609375 0.330964534375 0.94121868125 0.32218667343749996 0.9455787390625 0.3164923171875 0.9469129671875001 0.3093940296875 0.9444142140625 0.29647328125 0.93984416875 0.2869167171875 0.9319504953125 0.280546578125 0.9237775359375 0.279012384375 0.910050853125 0.28042819375
0 0.8591839515625 0.2672739171875 0.8601025281249999 0.27912448749999996 0.866497521875 0.2883598875 0.8768088421875 0.2925038515625 0.887257703125 0.2920947078125 0.8954537609375001 0.28693328125 0.9013367750000001 0.28123784375 0.9046979359374999 0.269317284375 0.905585409375 0.26811144531250003 0.9052280328125001 0.2525109390625 0.8990649453125 0.2422710328125 0.8839930140625001 0.23632263125000003 0.873503990625 0.23954395781249999 0.8647266515625001 0.2498614140625 0.8591839515625 0.2672739171875
0 0.8255605515625 0.2044929796875 0.8226832890625 0.21299843749999997 0.8202698421875001 0.21949488593750002 0.8195309343750001 0.2306101140625 0.8240937640625001 0.2411859359375 0.83415309375 0.24774049531250003 0.8434052734374999 0.2498765296875 0.8557264625000001 0.24531478281250002 0.8623222609375001 0.24048927031249998 0.8678017 0.232584571875 0.8681571109374999 0.21785398749999998 0.8671923359375 0.2193946609375 0.8670638500000001 0.20807917968749998 0.8613816406250001 0.19971370156249998 0.8571822250000001 0.19415932656249998 0.8473517859375 0.191889790625 0.834896071875 0.195715115625 0.8255605515625 0.2044929796875
0 0.7880489140625 0.16514941562500002 0.7826638390625 0.17660271875 0.781693025 0.188722453125 0.7880880203125 0.197957853125 0.79346101875 0.207662671875 0.8075139734375 0.2087909609375 0.8157471734374999 0.20610688281249998 0.8249853109374999 0.199069946875 0.8294427499999999 0.19163466406250002 0.8294859328124999 0.1835329515625 0.8298724468750001 0.181858775 0.8324234374999999 0.17080921875 0.8270504390625 0.16110439999999998 0.8201916265625 0.153878009375 0.8077590125 0.1510077140625 0.7962851328125 0.1571758046875 0.7880489140625 0.16514941562500002
0 0.738971909375 0.22470814374999998 0.7519827859375 0.22771194062500003 0.7635510265625001 0.22509245312499998 0.7719789953125 0.2189265203125 0.7775558171875 0.2092808953125 0.7786982984375 0.2003749296875 0.7783007609375 0.1875866046875 0.7737178515625 0.178416875 0.77034566875 0.1758749359375 0.7701539203125 0.174067259375 0.7586087781249999 0.169991125 0.7445899453125 0.1766297140625 0.73694905 0.18862026406250001 0.7330869296875 0.2000724890625 0.73304073125 0.21346373125 0.738971909375 0.22470814374999998
0 0.698650340625 0.1434520828125 0.6956756937499999 0.15369846874999998 0.692970096875 0.16541769687500002 0.697899359375 0.1757254328125 0.707205740625 0.1842222546875 0.7211241703125 0.18461412187499998 0.732483603125 0.17630351875 0.7407569656249999 0.1708072546875 0.74207413125 0.159825528125 0.7426724734375 0.1585529390625 0.74277589375 0.146232953125 0.7366128078124999 0.135993046875 0.730409559375 0.128565321875 0.7155665156250001 0.12690194375 0.7043616890625 0.13454287812500001 0.698650340625 0.1434520828125
0 0.7713625375000001 0.2519362921875 0.7761743375 0.2653910453125 0.7905535625 0.269063434375 0.8005586890625 0.269257209375 0.8107415203125001 0.2620856921875 0.815316425 0.2515033921875 0.81509055625 0.24192883593749998 0.816633590625 0.2405216640625 0.8147331796874999 0.226328328125 0.8083954062500001 0.2181641828125 0.7905466140625 0.2136907828125 0.7772977890625 0.2222705515625 0.7705614265625 0.236938703125 0.7713625375000001 0.2519362921875
0 0.8109322140625 0.2995139890625 0.8112785671875 0.300651996875 0.81640259375 0.30747788125 0.83136008125 0.311283771875 0.8428339609375 0.3051156796875 0.850683665625 0.2988162453125 0.85712788125 0.289370871875 0.8559974765625 0.277118715625 0.8525309296874999 0.2710281734375 0.8530318890625 0.27149650937500003 0.8498574906249999 0.26018318749999997 0.8382350453124999 0.2564418890625 0.8208269671874999 0.2566551 0.8120666890624999 0.27085599375 0.8070078859375001 0.284853396875 0.8109322140625 0.2995139890625
0 0.754717378125 0.3002903640625 0.7585443203125 0.3166918828125 0.7610832359375 0.326800446875 0.774689434375 0.33382118437499997 0.788708265625 0.327182596875 0.798312834375 0.31987757656250004 0.8037752125000001 0.3080894375 0.8040131593750001 0.296505871875 0.8006038343749999 0.2914865859375 0.8012021765625 0.290213996875 0.79532821875 0.280040840625 0.7909169781250001 0.2740848796875 0.7776169703125 0.27101433125 0.765332921875 0.2780534265625 0.7590232343750001 0.2882352203125 0.754717378125 0.3002903640625
0 0.7170852578125 0.2693833484375 0.721782609375 0.280695590625 0.7292196843750001 0.288055484375 0.743773596875 0.2896521109375 0.75275974375 0.285025771875 0.7598966640625 0.2778564140625 0.7666500875 0.26707169999999997 0.7665958859375 0.2607109140625 0.7656773109375 0.24886034375000002 0.7651191296875 0.24732075 0.75820309375 0.239023103125 0.7504568109374999 0.2330025515625 0.735381859375 0.23234367812499998 0.7252562515625 0.24058645156249997 0.7176524953125 0.2550543515625 0.7170852578125 0.2693833484375
0 0.677976378125 0.2250861703125 0.681342525 0.2382071703125 0.687834903125 0.2457016453125 0.701424040625 0.2488389453125 0.714323490625 0.2444106984375 0.7241027484375 0.23502991718750002 0.728119471875 0.222908025 0.7271808156249999 0.21246354531249997 0.7253918296874999 0.2057022515625 0.7256237375000001 0.20469774843750002 0.7208089203125 0.1965325234375 0.7119633359375 0.19131622343750002 0.6981222093749999 0.1905895203125 0.6859355453125 0.1958876890625 0.67919918125 0.21055583906250003 0.677976378125 0.2250861703125
0 0.6666148375 0.3046380171875 0.676828771875 0.31052290781249997 0.6929628625 0.31318971093750003 0.7057508875 0.3013294234375 0.71238685 0.2936917265625 0.7130685328124999 0.2815052421875 0.709124125 0.2682507390625 0.7084685609375 0.2684520734375 0.703327471875 0.25774275 0.6906830296875001 0.25447086875 0.67537315 0.26010603125 0.6691206828125 0.27135908125 0.6640016390625 0.28957475781249997 0.6666148375 0.3046380171875
0 0.7029017093750001 0.3281808203125 0.7062849140624999 0.3451852578125 0.7158432859375 0.35127148125 0.7277749421874999 0.353673440625 0.7403481203125 0.3467010953125 0.7490853000000001 0.3391958234375 0.75250368125 0.32834651875 0.75063739375 0.32192006093750003 0.7507347765625 0.320179134375 0.7477922859375 0.3078613078125 0.740183546875 0.2972876453125 0.72638258125 0.293748759375 0.7151205296875001 0.3003184375 0.70738225 0.314049915625 0.7029017093750001 0.3281808203125
0 0.73966341875 0.3641771109375 0.7412917609375 0.38218713437499996 0.752699359375 0.390816378125 0.767599625 0.3935510125 0.7783406375 0.3879190875 0.78727258125 0.37693196093750003 0.7914439109375 0.3641403984375 0.7870728312499999 0.3553722546875 0.785627178125 0.3550385 0.78090974375 0.3451323484375 0.7731263171875 0.3366344484375 0.7609055312499999 0.3341657390625 0.7515499296875 0.344349690625 0.742869975 0.352926221875 0.73966341875 0.3641771109375
0 0.79458720625 0.3623973125 0.80335246875 0.37323797812500004 0.8144940374999999 0.3751048484375 0.8279918296875 0.3694040125 0.837771084375 0.36002323125 0.8421140828125001 0.3504454375 0.8417536875 0.3401344609375 0.8378434046875001 0.3346468375 0.8387308765625001 0.333441 0.830197521875 0.321595828125 0.8163192531250001 0.3183917765625 0.8040181437499999 0.321547434375 0.7960108140625 0.3338060671875 0.791644715625 0.350079484375 0.79458720625 0.3623973125
0 0.8439181640625 0.3307590796875 0.8488444078124999 0.346356346875 0.8607931265625 0.3526417421875 0.8759654609374999 0.3515596890625 0.8877114078125 0.341574909375 0.8908004999999999 0.3334710359375 0.8934287937500001 0.32208664374999996 0.8905605874999999 0.31472351249999997 0.8915825843749999 0.31425409375 0.8868079281249999 0.30327668750000003 0.8760930359374999 0.296923459375 0.8598615625000001 0.2959975828125 0.8516624828125 0.30644854062500004 0.8446972296874999 0.3168316671875 0.8439181640625 0.3307590796875
0 0.88188758125 0.3786726921875 0.8894762406250001 0.3906524453125 0.8972225265624999 0.396672996875 0.9099844328125 0.39679786093749997 0.9221911781250001 0.39009360000000004 0.9289245218750001 0.3807149796875 0.9298551749999999 0.371407428125 0.9281294484375 0.35513832968750003 0.9268384 0.35413490625 0.9212334953125 0.3454345921875 0.9113859921874999 0.3392816171875 0.8986441671875 0.3377506625 0.8885356203124999 0.349876875 0.8817621140625 0.36206767968750003 0.88188758125 0.3786726921875
0 0.9196170859375 0.4078387796875 0.9214803578125 0.41955476875000003 0.926177709375 0.4308670109375 0.9362370390624999 0.43742157031250006 0.9509284953125 0.4344650875 0.9603583796875 0.42923583125000003 0.964818840625 0.41651101874999996 0.967332690625 0.4029841125 0.965829815625 0.4015791015625 0.9626554171875 0.39026577812499996 0.953618084375 0.3832418015625 0.9382369421875 0.3786327390625 0.930135246875 0.3873427703125 0.9225345109375 0.3965211375 0.9196170859375 0.4078387796875
0 0.9035411296875001 0.4721949453125 0.9063862359374999 0.4862536984375 0.9116819312500001 0.4962933515625 0.9248845546875 0.5011048265625 0.9372629671875 0.49761433437499997 0.9471195265624999 0.48789871875 0.950961565625 0.4778525875 0.9521642859374999 0.46472834843750005 0.9517406312500001 0.4639251765625 0.9471978812499999 0.4519432640625 0.9403962921875 0.4457881296875 0.9244941109375 0.442116821875 0.9144056421875 0.45283694218750004 0.905513859375 0.46101188593750003 0.9035411296875001 0.4721949453125
0 0.8669370437499999 0.430239453125 0.8711505015625001 0.444966796875 0.879858540625 0.4547362078125 0.8914809859374999 0.45847750468750004 0.9024910484375 0.45431842343750006 0.9119610937499999 0.44627698281250006 0.9163442515625 0.43388700468749997 0.9146556671875 0.42009525625000005 0.91394288125 0.41922533125 0.909205365625 0.4107252734375 0.9021548062500001 0.4016912046875 0.88979949375 0.398486075 0.88196986875 0.4033794171875 0.873501740625 0.41235753124999996 0.8669370437499999 0.430239453125
0 0.8303871609375 0.394644746875 0.8308077984375 0.40073745 0.835488090625 0.408166253125 0.8437925546875 0.4157263984375 0.8568235124999999 0.4173241046875 0.8681628640625 0.4104195921875 0.8786749890625 0.4005026421875 0.8785294406249999 0.385303721875 0.876871959375 0.3845683796875 0.8736403390625 0.37218380156249997 0.868267340625 0.362478984375 0.8533670750000001 0.35974435 0.842740509375 0.3675187859375 0.8318217906250001 0.380516003125 0.8303871609375 0.394644746875
0 0.784909265625 0.4306993484375 0.795990590625 0.43678449218750004 0.8067486640625001 0.43503600625 0.8171232421875001 0.4296721671875 0.8250904125 0.420225715625 0.8283742703125 0.4086399890625 0.825603446875 0.39953593125000003 0.8191311484374999 0.3906353640625 0.8191512296875001 0.38922927343749997 0.8114250265624999 0.3818026296875 0.7952708546875 0.38054191875 0.7848159546875 0.39153012343750004 0.7792762734374999 0.40365309531250004 0.7793244390625 0.42059294375 0.784909265625 0.4306993484375
0 0.8169706031249999 0.4606729265625 0.82218899375 0.471047415625 0.8297033703125001 0.478072475 0.8420586828125 0.4812776046875 0.8546519421875001 0.47289916875 0.863775634375 0.4637197203125 0.866403928125 0.45233532812500005 0.8644633546874999 0.440954175 0.8580683609375 0.43171877500000005 0.8591475796875001 0.4323206125 0.8533679875000001 0.42569606249999997 0.8420918937499999 0.42309277031250003 0.8295016546875 0.42618167656250006 0.8221900484375 0.43542679531250006 0.8174976796875001 0.4491561125 0.8169706031249999 0.4606729265625
0 0.7277637765625 0.4407832734375 0.7333486031249999 0.45088967812499997 0.7432734078125 0.456707815625 0.75800200625 0.45622868125 0.7672030015625 0.44671439843750005 0.773338003125 0.43860836562500005 0.7754653375 0.4267556375 0.771289025 0.414505640625 0.77073084375 0.412966046875 0.7626582875000001 0.40440139531249997 0.748588271875 0.3993896671875 0.7381564703125 0.40368225156250004 0.7314432078124999 0.41165478125000005 0.7262870218749999 0.42739310937499997 0.7277637765625 0.4407832734375
0 0.7636008734375 0.4755080546875 0.7694145890625 0.48989948437499997 0.77615895625 0.4949833625 0.7910019984375001 0.49664674062499997 0.800952921875 0.49047972812499996 0.8081671437500001 0.48297553437499996 0.8118545781250001 0.4735990734375 0.8119007765624999 0.46020782968749996 0.80985678125 0.46114666406250004 0.8062015062500001 0.44795891406250005 0.7940208796875 0.44267802187500005 0.7799679265624999 0.44154973125 0.77074685 0.45247010625 0.765149946875 0.46352182343750004 0.7636008734375 0.4755080546875
0 0.8548627171875 0.5089213765625 0.8603903203125001 0.5179565234375 0.8680994625 0.521499728125 0.8797620687500001 0.5224288453125 0.8899820421875001 0.5177346734375 0.8985646140625001 0.5108990734375001 0.9023293515624999 0.501187775 0.901333471875 0.489672040625 0.898468284375 0.4770193765625 0.8987001921875001 0.4760148734375 0.8907049390624999 0.4671153859375 0.8751491109374999 0.4645820859375 0.8634834843749999 0.4689425 0.853566684375 0.482876390625 0.8529422234374999 0.49613413125 0.8548627171875 0.5089213765625
0 0.8882181203125 0.5346088515625 0.8889620109375 0.54853518125 0.8892712218750001 0.5471958421875 0.8957605796875001 0.559979846875 0.9070738140625 0.5650604859375 0.9186992796875 0.5635122531250001 0.9301159359375 0.55627290625 0.9346707609375 0.547096696875 0.93743358125 0.536448725 0.9366495296874999 0.5253345765625 0.935570309375 0.5247327375 0.9322011453125001 0.5169012671875 0.9248614546875 0.50780045 0.9127179703125 0.5049969046875 0.9035772171875 0.5102929125 0.8930650953124999 0.5202098625 0.8882181203125 0.5346088515625
0 0.841294571875 0.5703296953125 0.8455883484375001 0.579432675 0.8568443609375 0.5834420578125 0.8723259062500001 0.5810206625000001 0.8788845656250001 0.573717803125 0.8837486015625 0.5632022531249999 0.8856811718750001 0.554831378125 0.884453384375 0.5443201484375 0.8757252640625 0.5359568296874999 0.87643805 0.5368267515625 0.8701374187500001 0.5311399546875 0.856450896875 0.5297435828125 0.8459789359375 0.5368483484375 0.8398409140625 0.5502439109374999 0.837367225 0.560958634375 0.841294571875 0.5703296953125
0 0.7995293140624999 0.519070971875 0.8036484078124999 0.5302497125000001 0.80981149375 0.54048961875 0.8233434093750001 0.5425556609375 0.8368211203125 0.53826091875 0.8473904671874999 0.5294152265625 0.849844075 0.5201065953125 0.8497155875000001 0.5087911140625 0.8437071078124999 0.4978815359375 0.8447291046875 0.4974121203125 0.8363101937499999 0.4877094609375 0.8221227140625 0.48584475156250007 0.8122691765625 0.4902708359375 0.8057105171875 0.49757369687499997 0.8019257 0.508691084375 0.7995293140624999 0.519070971875
0 0.710883690625 0.49543138124999997 0.71500278125 0.5066101203125 0.7230924 0.5190582109374999 0.7341767453125 0.519853825 0.7452068875 0.5142886515625 0.7554097984375 0.5057110421875 0.7611813875 0.49258356406250003 0.76068646875 0.481536165625 0.7577007984375 0.477320053125 0.75696793125 0.4778562203125 0.7524251828125 0.4658743078125 0.7399925671875 0.4630040125 0.7294292625 0.46127064375 0.7209812140625 0.46884266874999997 0.71303110625 0.48217255937500003 0.710883690625 0.49543138124999997
0 0.7470842015625 0.535177609375 0.7495658921875 0.5442149171875 0.7539540359375 0.5568665 0.7662691875000001 0.5628838125 0.7781064796875 0.5617371671875 0.790218859375 0.551484303125 0.7979942828125 0.5402301734375 0.7962083140625 0.52817935 0.7935348765625 0.5173343640625 0.7881618765625 0.507629546875 0.7782169921875 0.5032174984375 0.7655695312499999 0.505235146875 0.755712971875 0.5149507625 0.7497124953125 0.5237932171875 0.7470842015625 0.535177609375
0 0.78216533125 0.57713418125 0.7889809624999999 0.5924622859374999 0.7943338796875 0.60357319375 0.8062454546875 0.60738124375 0.8200524609375 0.6003410687499999 0.8306218046874999 0.5914953765625001 0.8347158328125 0.5790386468750001 0.8304451515625001 0.5632400468750001 0.8306770609375 0.5622355421874999 0.8235692796875 0.55213021875 0.8120040562499999 0.5494601765625 0.80144075 0.5477268078125 0.794747565625 0.5542932453125 0.7848709281249999 0.5654149546875 0.78216533125 0.57713418125
0 0.8776095249999999 0.6122184374999999 0.8819806078125 0.6209865812500001 0.890980796875 0.6255332109375 0.9022970515625 0.6253243203125 0.91415744375 0.617482053125 0.9209108687500001 0.6066973390625 0.9246214015625001 0.59062525625 0.9211950140624999 0.58172253125 0.9212723171875 0.5813876953125 0.91370071875 0.57329138125 0.8994560187499999 0.570355415625 0.886828634375 0.570966971875 0.8767973906250001 0.58275835 0.87464695625 0.6013067015625 0.8776095249999999 0.6122184374999999
0 0.8605266687500001 0.65059636875 0.8586884625 0.6625158484375 0.8619401640625 0.6734943359375001 0.8695489046875 0.6840679984375 0.88471821875 0.688275475 0.89559375625 0.683379971875 0.905856909375 0.6705840875 0.9090263234375 0.65685585 0.9060637515625001 0.6459441140625 0.9055226328125 0.648287959375 0.90253998125 0.6387823140625 0.8956811703125 0.6315559234375 0.8852724703125 0.6291528859375 0.8767702187499999 0.630364121875 0.8672429515625 0.6373343078125 0.8605266687500001 0.65059636875
0 0.833241040625 0.595979575 0.8239426625 0.607234784375 0.8217179437500001 0.620828440625 0.8264725203125 0.6332119406250001 0.8299762093749999 0.6417798296874999 0.8411348375 0.6475301390625 0.852239265625 0.6469196609375001 0.8629431343749999 0.6388103890625 0.8711221328125 0.6297655234375 0.872476440625 0.62126114375 0.871403259375 0.6100802453124999 0.8669928640625001 0.6004611375 0.8591714484375 0.5931490359375 0.842401875 0.589277475 0.833241040625 0.595979575
0 0.7357999609375 0.6143946203125 0.74044009375 0.62463560625 0.7570379984375 0.6252934 0.7673724171875 0.6227417421875 0.7779046203125 0.6114187 0.78290318125 0.6016395734375 0.7806935578124999 0.5887855765625 0.7756669125 0.5802187671875 0.7769007390625 0.5801509359375 0.77127575 0.572856715625 0.7573974828125001 0.5696526640624999 0.7424540375 0.57501974375 0.7331355796875 0.5876810453125 0.7312772937500001 0.6010066171874999 0.7357999609375 0.6143946203125
0 0.7036111921875 0.5374849390625001 0.696316646875 0.5506134968749999 0.695594803125 0.5656121640625 0.7005812875 0.5769911578125 0.707248353125 0.582409871875 0.717367921875 0.5847461578125001 0.7297664140625 0.579849575 0.7390818546875 0.5724778046875 0.7447761390625 0.5596851609375 0.743723040625 0.5470981703125 0.73966116875 0.5369906859375 0.7360016625 0.531855 0.7268651390625 0.52909894375 0.71236845 0.5285735734375 0.7036111921875 0.5374849390625001
0 0.65610545 0.5124101015625 0.65827793125 0.5227867484375001 0.6618960640625 0.5334971515625 0.6727655640625 0.539180709375 0.68681851875 0.5403089984375 0.696903965625 0.5348784078125 0.705718446875 0.5270383 0.70925429375 0.513041978125 0.704462575 0.49818113124999996 0.704694484375 0.497176625 0.698800446875 0.48840956249999995 0.6852886125000001 0.48493742656250005 0.6717165375 0.48568356718750005 0.66409571875 0.4962680265625 0.65942645 0.503301721875 0.65610545 0.5124101015625
0 0.6408768046875 0.578372609375 0.6445521609375 0.5901542703125 0.6488459390625 0.5992572484375 0.660179253125 0.6029317953125 0.673327675 0.601382484375 0.6815237328125 0.5962210578125 0.6890672484375 0.5859714328125001 0.6917728453125 0.5742522046875 0.6891937687499999 0.5669558234375 0.6883263765625001 0.5667555703125 0.6846510218749999 0.5549739125 0.671468478125 0.5487563453125001 0.6580138640625 0.5463554671875 0.6499493125 0.5575428453125 0.6441978046875 0.5692642328125 0.6408768046875 0.578372609375
0 0.8434829171875 0.7217827375 0.8437288671875001 0.7299512015625 0.84794534375 0.7393890140625 0.8580217343750001 0.749827015625 0.8715737296875 0.7504869671875001 0.8820828328125 0.745859546875 0.8893372171875 0.7355431718750001 0.8939322031250001 0.7235547812500001 0.8928188609375001 0.7151860640625001 0.8936290296875 0.7143150609375 0.8881415859375 0.7024677296874999 0.87852599375 0.69531025 0.8626238109375001 0.6916389421875 0.8542329875 0.700282221875 0.8460339078124999 0.7107331796875 0.8434829171875 0.7217827375
0 0.8067814484375001 0.6815681703124999 0.8107629968750001 0.6973000203125 0.8186237249999999 0.7054630859375 0.835470603125 0.7089998109375 0.84445675 0.704373471875 0.8545452171875001 0.6936533515625001 0.8579465390625 0.6789206078125 0.855313259375 0.665263440625 0.8560461265624999 0.6647272734375 0.8483972265625 0.65696579375 0.838220434375 0.65355825 0.825421384375 0.6509560375000001 0.8182844656249999 0.6581253968749999 0.812052078125 0.6679723546874999 0.8067814484375001 0.6815681703124999
0 0.788517475 0.6115695734375 0.7782004875 0.6214661765625 0.7699551484375 0.636305953125 0.766774565625 0.650082571875 0.7718541375 0.658696778125 0.7757771421874999 0.662579075 0.7929795046875 0.668783 0.8089077546875 0.662414309375 0.81953295625 0.6470077453124999 0.8189029609375 0.627807559375 0.8121254468749999 0.61925235 0.8018571984375 0.615021365625 0.788517475 0.6115695734375
0 0.7175949703125 0.654355709375 0.7187843453125 0.6728619578124999 0.7248997390625 0.68394775625 0.7419813640624999 0.687891359375 0.7565687609375 0.67898065625 0.765261046875 0.6649882140625001 0.7636639078125 0.648248196875 0.7626736359375 0.6372294078125 0.7540120875 0.632997284375 0.742420984375 0.6303212671875 0.7274290078125001 0.635417815625 0.7175949703125 0.654355709375
0 0.683987778125 0.6343184109375 0.6938450781250001 0.6458960140625 0.70631208125 0.6461697265625 0.7201263109375 0.6378246765625 0.7293047359375 0.62729314375 0.730126640625 0.6125999046875 0.7241139859375 0.59967745625 0.7240112453124999 0.6015141078124999 0.7190947828125 0.5921934109375 0.70408799375 0.5876125953125 0.693529528125 0.592988553125 0.6855712203125 0.603801771875 0.682064421875 0.6189913796875001 0.683987778125 0.6343184109375
0 0.626484478125 0.6482041828125 0.630606590625 0.6595739421875 0.6435173609375 0.6662753765625 0.6586512609375 0.6619557421875 0.668358190625 0.6519182984375 0.6734081328125 0.6411777734374999 0.6735384265625 0.626696940625 0.671974096875 0.6237312640625 0.6714455906250001 0.6232371718749999 0.666000625 0.613422384375 0.6542072296875 0.60883929375 0.6382217984375 0.6084974375 0.6297741671875 0.6214301375 0.6239298765625 0.63421971875 0.626484478125 0.6482041828125
0 0.664373703125 0.6844851328125 0.6708121265625 0.699738325 0.68256315 0.707288234375 0.6960691640625 0.7044531484375 0.7097234718750001 0.691234203125 0.71233318125 0.679930309375 0.7120557062499999 0.6672157109375 0.712910428125 0.6662968109375 0.7066922921875001 0.6570476734375 0.6978496375 0.6494250640625 0.68460946875 0.6497170015625 0.67710129375 0.6557971734375 0.6690614296875 0.6669636421875 0.664373703125 0.6844851328125
0 0.7014230218749999 0.7313623406249999 0.7075987859375 0.743578296875 0.721406646875 0.7463940171875 0.7341394953125 0.7441245796875 0.7453112 0.73330908125 0.7497934546875 0.7194609 0.745749709375 0.7133182828125 0.7472144859375 0.7125402281250001 0.74290808125 0.7033603703125 0.73561175625 0.6946064625 0.718367021875 0.69136935 0.7078869296875 0.7019724468749999 0.7005990453125001 0.714056671875 0.7014230218749999 0.7313623406249999
0 0.7560211421874999 0.7119688828124999 0.7605902078125 0.7241859765625 0.7752316 0.7275662078125 0.78957115 0.7252956312500001 0.8022076328125 0.7137020781250001 0.8048988953125 0.7020449390625 0.8001487265625 0.686437359375 0.79998561875 0.6871438546874999 0.794154065625 0.6776118890625 0.7816690625 0.673241203125 0.7696066390625 0.6767816437499999 0.7578672421875 0.6844894796875 0.75336380625 0.69982106875 0.7560211421874999 0.7119688828124999
0 0.7964331390625 0.7595448234375 0.8038203921875 0.7667695812499999 0.8227661578125 0.7672800640624999 0.8333301750000001 0.758680403125 0.8444409390625 0.7435838343750001 0.8368164640625 0.729129246875 0.837085109375 0.7341586203125 0.8326908015625 0.7160343499999999 0.8145918578125 0.7118558796875 0.8025180203125 0.722866609375 0.7955423671874999 0.73450241875 0.7925180015625 0.7476023859375001 0.7964331390625 0.7595448234375
0 0.8293238374999999 0.8008058359374999 0.8386419593750001 0.8079244437499999 0.8550519812499999 0.8111610703125001 0.8668210203125 0.8055992468750001 0.876542940625 0.7923897515625 0.8745319703125001 0.77426379375 0.8744109968749999 0.774787790625 0.8703748828125001 0.763369353125 0.8594573921875 0.75698535625 0.840932675 0.75877979375 0.831994728125 0.7727222140625 0.8264660453125 0.78634786875 0.8293238374999999 0.8008058359374999
0 0.8104706953124999 0.8494383171875001 0.8185790718750001 0.8617969109375 0.832542903125 0.8694361374999999 0.846511459375 0.868797540625 0.8560181296874999 0.8627134078124999 0.860426615625 0.8560041999999999 0.86357195625 0.8423802359374999 0.8623355109374999 0.8415428515625001 0.8582098453125001 0.8284479546875 0.848412553125 0.8151475140625 0.8329970265625001 0.8137962703125 0.8212232625 0.8276359187500001 0.8153363812500001 0.8345557421875001 0.8104706953124999 0.8494383171875001
0 0.7624668812500001 0.8748347593749999 0.768784575 0.8844049953124999 0.785843278125 0.8883433078125 0.798396378125 0.8827770562499999 0.80628624375 0.8736654375 0.8093783546875001 0.8602720343750001 0.8065533296874999 0.844807190625 0.79978888125 0.841129403125 0.79946365625 0.8413778625000001 0.7894825359375 0.8330023328125 0.7768399765625 0.836154775 0.7678753281249999 0.8440198234375 0.762109421875 0.8504156500000001 0.7603144828125 0.8630520203125001 0.7624668812500001 0.8748347593749999
0 0.775033109375 0.8124897656250001 0.7811961984375 0.8227296703125001 0.7955151828125 0.8306203328124999 0.80970568125 0.8271955125 0.8205842359375 0.8170104796875 0.825622959375 0.80441916875 0.8219676828125 0.79123141875 0.8209256046875 0.7931069265625 0.8185041546875 0.7798513453125 0.806189003125 0.77383403125 0.7937162265625 0.7737759203125 0.7821449640625 0.7816849375 0.773055396875 0.7986312640625 0.775033109375 0.8124897656250001
0 0.7403555546875 0.77274245625 0.7471742078125 0.7827810296875 0.759895953125 0.7857180765625 0.77574393125 0.783028596875 0.7856004890625 0.7733129812499999 0.7899063453124999 0.7612578390625 0.7881976796875 0.7488721796875 0.7873875109374999 0.7497431828125001 0.78039719375 0.7364908406249999 0.7627803078125 0.731012934375 0.75059364375 0.736311103125 0.7414699515625001 0.7454905515625 0.7373156828125 0.76216555625 0.7403555546875 0.77274245625
0 0.7221241796875 0.8306054125 0.72728535 0.83990864375 0.733508678125 0.8459302765625001 0.74333911875 0.8481998125000001 0.7569513546875 0.844641490625 0.768273646875 0.8338535374999999 0.7704009828125 0.8220008078125 0.7702755156250001 0.8053957953124999 0.7700064656250001 0.803922953125 0.7622230390625 0.795425053125 0.7474773796874999 0.79202075 0.7361982671875 0.7947069890625 0.7286176125 0.8024792656249999 0.7248498578125 0.8174800921875001 0.7221241796875 0.8306054125
0 0.7947420125 0.935541015625 0.7987637234375 0.9484606828125001 0.8067388953125001 0.9587662609375001 0.822082896875 0.960897975 0.833768603125 0.95513146875 0.8414265625 0.94702435625 0.8442867640625 0.934635459375 0.8436774 0.9214455484374999 0.8437547015625 0.9211107140625 0.8369762125 0.9082599578125 0.8257603609374999 0.9014383921875 0.803393884375 0.9086185484374999 0.7983551624999999 0.9212098578125 0.796751884375 0.9268353046875 0.7947420125 0.935541015625
0 0.7464511671875 0.93497265 0.7525570328125 0.9441413000000001 0.76066975 0.94989376875 0.772950778125 0.9481442031249999 0.784367434375 0.9409048562500001 0.7892886921875 0.9314605640625 0.7933054171875 0.9193386703125 0.791616834375 0.9055469203125 0.79140500625 0.905145334375 0.78340975 0.8962458484375 0.7648080109375 0.8937147062499999 0.7530450015625 0.8998160468749999 0.7459050640625 0.9122749359375 0.7442786859375 0.9245960015625 0.7464511671875 0.93497265
0 0.7093059609375 0.8953610031249999 0.7199033921875 0.9048612500000001 0.7315459171875001 0.90719645625 0.7450637906249999 0.9000895296874999 0.752086265625 0.8907776609375 0.7572625328125 0.873633240625 0.7521786640625 0.8639951734375 0.744761671875 0.8552291890625 0.728281228125 0.8514243796875001 0.71570805 0.8583967234375001 0.7099967031250001 0.8673059265624999 0.7054388578124999 0.8817716656249999 0.7093059609375 0.8953610031249999
0 0.6717371015625 0.854946184375 0.6752006296874999 0.8663262578125 0.68749871875 0.86846013125 0.6984485406250001 0.8685193234374999 0.7101744078125 0.8599406359374999 0.7153074937499999 0.8508979296874999 0.7178584859375 0.839848371875 0.715571559375 0.8273292124999999 0.7155143359375 0.8262579546875 0.708386475 0.817558721875 0.6964377578125001 0.8112733249999999 0.6839047390624999 0.8154334859375 0.673970878125 0.8254839374999999 0.6667506171875 0.8435671906250001 0.6717371015625 0.854946184375
0 0.686885425 0.794608040625 0.692258421875 0.8043128578125 0.70426738125 0.8063799828124999 0.7146760828125001 0.8087830203124999 0.7234905640625 0.8009429125 0.73207615625 0.7888177796875 0.734936359375 0.77642888125 0.73349674375 0.765516065625 0.733284915625 0.7651144796875 0.7268698390624999 0.7572851703125 0.7135899125 0.7528085296875 0.6983031343749999 0.751748071875 0.69012111875 0.7660824671875 0.6859096265625 0.7816862140625 0.686885425 0.794608040625
0 0.6535428671875 0.9152864875000001 0.6633100453125 0.9270638296874999 0.6780557046875 0.9304681328125 0.6915735781250001 0.9233612062500001 0.7044449453125 0.900587021875 0.698651309375 0.8847895015624999 0.6912343171875001 0.8760235171874999 0.6776451812500001 0.8728862171875 0.6664032109375 0.8780498046874999 0.6583788187499999 0.886425 0.65353184375 0.9008239874999999 0.6535428671875 0.9152864875000001
0 0.641542053125 0.8313990625000001 0.629856346875 0.8371655671875 0.6212737734375 0.8440011703125 0.617583321875 0.8586671625 0.6150323296875 0.8697167203125 0.6219654265625 0.8818978062499999 0.6294798015625 0.8889228640625 0.642897271875 0.8888463953124999 0.656801659375 0.8800652937500001 0.6656964624999999 0.8666008218749999 0.6633364484375 0.8529598406250001 0.6603696640625001 0.8435047593749999 0.6521425015625 0.835609778125 0.641542053125 0.8313990625000001
0 0.5663398749999999 0.8972701828125 0.572156609375 0.90637208125 0.5834327015625 0.908975371875 0.596312071875 0.9059532171875 0.6084043718750001 0.8971064453125001 0.6132312671875 0.88411355 0.6085570125 0.8661056859375 0.608382328125 0.868181446875 0.6022192390625001 0.8579415390625 0.5894974937499999 0.8550044937499999 0.578604896875 0.8560165578125 0.5713876546875001 0.8688102796875 0.5649775625 0.8860225312500001 0.5663398749999999 0.8972701828125
0 0.638650340625 0.8176018125000001 0.6461459234375 0.8248759296875001 0.6625849421875001 0.8245134593750001 0.676403146875 0.81476851875 0.6829243296875 0.8038008968750001 0.681919671875 0.7943295781249999 0.6815672484374999 0.792400340625 0.6753880046875 0.77942453125 0.6637001515625001 0.773030428125 0.645442459375 0.7743589328125 0.6345488375 0.792170565625 0.6314098734375 0.8057669078125 0.638650340625 0.8176018125000001
0 0.6490272187499999 0.7541267703125001 0.656040640625 0.7606834953125 0.670322490625 0.766096809375 0.68345385625 0.7606640578125 0.6946416265625001 0.7491396796875 0.6978883437500001 0.7350765984375001 0.6952149015625 0.7242316093750001 0.694636640625 0.7240981078125001 0.6884534718750001 0.7152642890625 0.6750590953125 0.7086451312500001 0.6605392984375 0.714815384375 0.6498524828125001 0.7268081015625001 0.646182109375 0.7400680078125 0.6490272187499999 0.7541267703125001
0 0.6091111703125 0.7054110421875001 0.6161416546875 0.71585120625 0.6248125546875001 0.7231432734375 0.6368787421875 0.726281653125 0.648275325 0.72044839375 0.6552004218749999 0.71287744375 0.6603736687499999 0.7010225515624999 0.6586850828124999 0.6872307953125001 0.6589169921875 0.6862262890624999 0.6536212953125 0.6761866296875 0.6438310109375001 0.671104909375 0.629374475 0.6677673546875 0.618650521875 0.6772827234375 0.6083472015625 0.6928907953125 0.6091111703125 0.7054110421875001
0 0.6061173531249999 0.783015265625 0.615426759375 0.7862225578125 0.629096225 0.7837354921874999 0.6383544453125001 0.775292459375 0.6446641390625001 0.7651106624999999 0.644189296875 0.7526571671875 0.6414586375 0.740740921875 0.6345225171875 0.7338493609375 0.634946171875 0.7346525328125 0.62338094375 0.7319824890625 0.6106963328125 0.7315227890625 0.5971382953125 0.7414419031249999 0.5932932359375 0.7567775734375 0.59415156875 0.772846425 0.6061173531249999 0.783015265625
0 0.558394778125 0.7324972578125 0.566292653125 0.743137675 0.5792463125 0.7450702171875 0.5926095874999999 0.7386329609375 0.6031789359374999 0.7297872625 0.606039140625 0.71739835625 0.6045222203125 0.706820371875 0.6028446578125 0.707491121875 0.5999995515625 0.6934323609375 0.5846585625 0.6860111140625 0.5688477171875 0.6911779421875 0.559798303125 0.705312090625 0.5565515859375 0.719375171875 0.558394778125 0.7324972578125
0 0.6490938578125001 0.199544946875 0.665611090625 0.2028815765625 0.67871986875 0.197804521875 0.688002265625 0.18612399531249998 0.6896821078125 0.1645848265625 0.6885871078125 0.1657620453125 0.6817159109375 0.152735534375 0.65915515625 0.147050303125 0.646042303125 0.15927651874999998 0.6405089421875 0.17611264531249998 0.642195521875 0.1884188640625 0.6490938578125001 0.199544946875
0 0.61305395625 0.163100728125 0.634341965625 0.16181869531249998 0.6483137234374999 0.15122079375 0.6546788390625 0.1379134109375 0.6496068625 0.122442240625 0.64947524375 0.124795221875 0.6376283890625001 0.11014331718749999 0.62163355625 0.10454392500000001 0.6076848578125 0.1203905640625 0.601892340625 0.1347834859375 0.6049059375 0.1502561140625 0.61305395625 0.163100728125
0 0.5908241984375 0.2165994546875 0.5971770734375 0.2247395625 0.6151800859375001 0.22698918906249999 0.633791003125 0.21412560468750003 0.640887478125 0.1976503546875 0.6361750609375 0.19131899531250002 0.63635688125 0.1923143203125 0.6301899046874999 0.17802036875 0.6165166921874999 0.1677135546875 0.596814859375 0.174605196875 0.5873737015625 0.190539134375 0.5847617015625 0.2018529515625 0.5908241984375 0.2165994546875
0 0.5597599515625 0.1817806296875 0.5806300421875 0.18230880625 0.59749601875 0.1680890234375 0.599330540625 0.14944560625 0.60021658125 0.1491734921875 0.593736165625 0.1362372 0.5795948296875 0.12439229062499998 0.5586161749999999 0.13146583125 0.5499796375 0.15282893749999998 0.5527842749999999 0.1692066734375 0.5597599515625 0.1817806296875
0 0.6313132796875001 0.264080990625 0.652806171875 0.269043015625 0.667246046875 0.25998320937499997 0.6752516234375 0.24848457656249998 0.673692584375 0.2409745390625 0.6741105046875 0.23916432968749998 0.6706789875 0.225501909375 0.6600044734375 0.211120659375 0.6372306796875 0.21348969375000001 0.6240092625 0.2333176296875 0.623219540625 0.24743551875 0.6313132796875001 0.264080990625
0 0.597426646875 0.28962480625000003 0.6122030234375 0.284456071875 0.6197133421875 0.27331977812499997 0.622952221875 0.259290646875 0.6200933015625 0.24671376875 0.612436465625 0.2406559859375 0.6126182859375 0.24165131093749997 0.6029030718749999 0.2355949859375 0.5843776578125001 0.235608121875 0.571442540625 0.255978828125 0.572502240625 0.2710003640625 0.581327334375 0.28447796875 0.597426646875 0.28962480625000003
0 0.6100238421874999 0.3135067421875 0.6183536765625 0.3273466765625 0.6318722109375 0.334757740625 0.6450583296875 0.3311285640625 0.6555904046875 0.32116656718750003 0.6573977859375 0.30442358281250004 0.658883565625 0.30333657812500003 0.65537470625 0.288226284375 0.6465998125 0.2780969859375 0.63018705625 0.274307803125 0.6167105625 0.28454337500000004 0.6090143421875001 0.3018335125 0.6100238421874999 0.3135067421875
0 0.6519987015625001 0.359901278125 0.65936515625 0.3725654546875 0.6736421906250001 0.3749082203125 0.6872462296874999 0.36946883124999996 0.6975734250000001 0.3532627765625 0.697372628125 0.33986955625 0.6970089890625 0.33787890625 0.692950590625 0.3269318046875 0.6855027140625001 0.31996891562499996 0.6703667796875 0.3159978390625 0.653237565625 0.33492358437499997 0.649712384375 0.34840994531249997 0.6519987015625001 0.359901278125
0 0.6881658828125 0.40120773125 0.6952010843750001 0.413095896875 0.7089158765625 0.41590827499999994 0.7223636984375 0.41193435625 0.733513471875 0.400705228125 0.7382022921875 0.3883384015625 0.7365822796875 0.37947008125 0.7292941984375 0.370001040625 0.7293717749999999 0.3696650203125 0.718949428125 0.3605341703125 0.7042462953124999 0.36067898125000003 0.6930390953125001 0.3708330625 0.686626475 0.386695146875 0.685132375 0.39449058593749997 0.6881658828125 0.40120773125
0 0.6439980015625 0.43631376718750003 0.657500215625 0.4387231390625 0.6693622687499999 0.43367525625000003 0.6794088515625 0.42325322656250003 0.6839999453125001 0.41263348437499997 0.6825179640625 0.39919594531249997 0.6732391125 0.386435865625 0.674399725 0.3867038140625 0.6600673515625 0.38127134687500003 0.645961646875 0.3854473109375 0.6348289921875 0.40057361875 0.631398515625 0.41146130625 0.6371753765625 0.424828609375 0.6439980015625 0.43631376718750003
0 0.6700080328125 0.45470619375 0.674239428125 0.4641773984375 0.6798641640625 0.4729084921875 0.69355880625 0.477131940625 0.70543798125 0.4759812375 0.7177685203124999 0.46360899218749996 0.7234628015625 0.45218215468749995 0.72190324375 0.43908063437499995 0.72103278125 0.438879671875 0.7141900078125001 0.4288055796875 0.705100546875 0.4231678171875 0.6910180265625 0.42062447187499996 0.6810691671875 0.4292994140625 0.6730335078125 0.441601421875 0.6700080328125 0.45470619375
0 0.6012890609375 0.389644946875 0.6143630921875001 0.39655655156249997 0.6263974203125 0.394733809375 0.639558115625 0.385384659375 0.64540755 0.37328578125 0.6476774140625 0.36213014062500004 0.643213290625 0.35366699375 0.6351726265625001 0.3408388421875 0.616525221875 0.3368876796875 0.6014483015625001 0.3479180140625 0.5960814453125 0.361897953125 0.5956068984375 0.3798388046875 0.6012890609375 0.389644946875
0 0.557692540625 0.3388779875 0.56285181875 0.3496252 0.577069340625 0.35290757500000003 0.587980328125 0.353302996875 0.5997678343749999 0.34328288906250004 0.6074156125 0.3326609828125 0.6067637890625 0.3222465390625 0.6041211953125 0.3085410515625 0.6034633109375 0.30874309218749996 0.5968703843750001 0.301558121875 0.5857498515625 0.29545144843750004 0.570986265625 0.2998294578125 0.5621778703125 0.31018341718750003 0.55621055625 0.32544044687499996 0.557692540625 0.3388779875
0 0.54144788125 0.3960035140625 0.545098971875 0.40534074374999995 0.548770209375 0.413266909375 0.5682105 0.41775505312499994 0.5798599734375001 0.41230416718749996 0.5892688265625 0.4006731140625 0.59304688125 0.3909274578125 0.5893585203125 0.3791041140625 0.58920336875 0.3797761515625 0.5864831984375 0.366406684375 0.57389174375 0.3613761390625 0.5627681828125 0.3605777109375 0.5500124890625 0.3721439453125 0.544608359375 0.3836377703125 0.54144788125 0.3960035140625
0 0.589741259375 0.45422555937500003 0.6056997015625 0.45790985624999997 0.61756175625 0.45286197499999997 0.6286541062500001 0.4405578 0.6316020046874999 0.427789053125 0.626115296875 0.41448873593749996 0.6245093765624999 0.414825840625 0.6187899421874999 0.4025335859375 0.6038369578125 0.399789275 0.5905986859375 0.409474446875 0.5820169578125001 0.4294368390625 0.5825509046875 0.44300943437500007 0.589741259375 0.45422555937500003
0 0.5152173765625 0.12675203906250002 0.5215991140625 0.13474406562500002 0.5345338921875 0.1387331671875 0.5488161109374999 0.13501035781249998 0.5585807328125 0.1227230234375 0.5636321984375 0.108344696875 0.5563754890625 0.09664060937499999 0.5561842234375 0.09559358125 0.5483779796875 0.0862698109375 0.5261796046875 0.0811449125 0.5177866828125001 0.09124174375 0.514269634375 0.10647575625000001 0.5111922171875001 0.119805515625 0.5152173765625 0.12675203906250002
0 0.46531665625 0.15534651875 0.4816499875 0.1596188015625 0.4946176078125 0.154088184375 0.5043251296875 0.1457991625 0.50849733125 0.1352293375 0.5073782890625 0.12694799375000002 0.5026166171875001 0.11381418593749999 0.502095628125 0.114195340625 0.4972768578125 0.105059846875 0.4704994921875 0.102889303125 0.4619966625 0.11346219843750001 0.45784871718750003 0.12955343125000002 0.45734769531249997 0.142976559375 0.46531665625 0.15534651875
0 0.5381431546875 0.2363506546875 0.545512825 0.2444763640625 0.5608227390625 0.2454412234375 0.57187421875 0.2424249421875 0.58133716875 0.23347420468750002 0.5849494875000001 0.2210313109375 0.5829196421875 0.2089989640625 0.5816371234375 0.20013715312499997 0.5813555015625 0.20135699375 0.5719035484375 0.1910374078125 0.55259243125 0.1865790859375 0.543059990625 0.1942289203125 0.5343199828125 0.2080577109375 0.532650965625 0.22009267656249998 0.5381431546875 0.2363506546875
0 0.5046181703125 0.19734593281249999 0.5231331921875 0.20204874843749998 0.5389405296875001 0.192849584375 0.5463078125 0.16414215468749999 0.53886865625 0.1547155453125 0.5385175453125 0.1546344859375 0.53264619375 0.146426403125 0.5170339359375 0.1419654578125 0.5040111031250001 0.15352062187499999 0.4992064734375 0.16311853125 0.49533324843750004 0.1814971921875 0.5046181703125 0.19734593281249999
0 0.5331384984375 0.309288696875 0.5483545390625 0.3106601703125 0.56034475625 0.303577753125 0.5690359953125 0.29316399375 0.5707988875 0.280722409375 0.5676913203125 0.2701543984375 0.560464296875 0.2582070453125 0.5600888 0.2598335015625 0.54342320625 0.25512937343750003 0.5283424796875 0.26278314375 0.521312921875 0.27400881875 0.5185905734375 0.28580060937499996 0.5229843234375 0.298806990625 0.5331384984375 0.309288696875
0 0.488871709375 0.2639494609375 0.50490456875 0.2697923671875 0.5190709421874999 0.26449721406250004 0.5310404421875 0.2526988734375 0.5325460921875 0.23976961874999997 0.5274501203125 0.22660111249999998 0.52738063125 0.2253002140625 0.518843034375 0.21262200625 0.5005852515625 0.208406865625 0.4892484875 0.2190664296875 0.4810473359375 0.2321630515625 0.4811338765625 0.24460332031249998 0.488871709375 0.2639494609375
0 0.47319840468749996 0.3254304484375 0.4948734265625 0.3308628078125 0.5100029265625 0.31979400625 0.5199840203125 0.305395175 0.5136469640625 0.29279671875 0.5136225796875 0.2945042296875 0.509159340625 0.2801969484375 0.49249374687499997 0.2754928234375 0.4760329578125 0.2811148375 0.4667297046875 0.29738330625 0.46466080937500004 0.31275224375 0.47319840468749996 0.3254304484375
0 0.44388675468749994 0.28739845 0.45655114374999994 0.2886091140625 0.47212563281250003 0.2772147609375 0.47807747031250003 0.26745341875 0.4772887078125 0.254851025 0.47167825937499996 0.240707175 0.4715843859375 0.2411137890625 0.460960840625 0.23266515000000002 0.44431596874999996 0.23267695000000002 0.43213433593749995 0.246996034375 0.42655432812500005 0.2615543640625 0.43321444375 0.2823648390625 0.44388675468749994 0.28739845
0 0.45415441718749994 0.22209975937499998 0.471709978125 0.22615278125 0.48639449375000005 0.2154095328125 0.493472821875 0.2007688265625 0.49231222656250007 0.183369446875 0.484591446875 0.1751626796875 0.48456706406250005 0.176870190625 0.47476399999999996 0.16646954375 0.459874684375 0.16688664687500002 0.45191005000000006 0.175755015625 0.44389298125 0.19446185 0.44514745 0.21145461562499998 0.45415441718749994 0.22209975937499998
0 0.40635946718750005 0.1648105484375 0.41723658124999996 0.1801703046875 0.435449259375 0.18137703125 0.44889269218749994 0.17120383125 0.452529396875 0.1570534234375 0.4519210484375 0.1564846890625 0.45101769375 0.13957298437500001 0.4416840015625 0.12713926874999998 0.4235444765625 0.12081000156249999 0.4116200796875 0.135616759375 0.406366796875 0.15196366562500002 0.40635946718750005 0.1648105484375
0 0.4194189625 0.08902096875 0.423482321875 0.10666221718749999 0.43398760468750003 0.117224984375 0.4479869515625 0.1174589890625 0.461430384375 0.1072857875 0.47169309843749996 0.0916671140625 0.47247214218750005 0.0802832484375 0.46410065781250004 0.0719655453125 0.4587410328125 0.061266596875 0.43851556093750005 0.0591668921875 0.42558660000000004 0.070315440625 0.4194189625 0.08902096875
0 0.39586151406250003 0.141400896875 0.4125624859375 0.1251271828125 0.41688069375000003 0.1064229703125 0.41239307031249994 0.0938232 0.4061218390625 0.0889490859375 0.40726904687500004 0.088785653125 0.3982133109375 0.081555540625 0.37938861562500004 0.086203521875 0.37032187968749997 0.098243734375 0.36619142031249996 0.1161347234375 0.37296979375 0.13483106875 0.39586151406250003 0.141400896875
0 0.33285051875 0.08274021718749999 0.339048596875 0.0927368734375 0.35627743125 0.09500131875 0.3713825484375 0.085640034375 0.3799140890625 0.0679085421875 0.3805053859375 0.0573379078125 0.37566298593749997 0.0510805203125 0.3748668890625 0.05132501406249999 0.3674521125 0.0401908890625 0.35476700625 0.0342643015625 0.34057624531249997 0.041266965625 0.3303623015625 0.053470610937499996 0.3271705828125 0.067295465625 0.33285051875 0.08274021718749999
0 0.33165931406250004 0.15998495 0.34994515000000004 0.1560691359375 0.36238402187499996 0.142237728125 0.36529411875 0.1296327125 0.3604309953125 0.118659396875 0.35979826406250004 0.119798178125 0.3513094375 0.1037049421875 0.33253717968749996 0.0985144546875 0.31752227187500004 0.11389256875 0.31357589531249996 0.13739376875 0.31565084374999997 0.15243453125 0.33165931406250004 0.15998495
0 0.356945378125 0.19623099375 0.3711288046875 0.2020752140625 0.385715778125 0.19816202031250002 0.40143290781249996 0.1829460296875 0.4023545984375 0.1677405234375 0.39971273906250004 0.161562884375 0.3916652296875 0.151567540625 0.3795677515625 0.1414937578125 0.3640420375 0.1494730828125 0.3557019078125 0.15996790156250001 0.35178358125 0.17533815156250002 0.356945378125 0.19623099375
0 0.396578228125 0.239215546875 0.4133133078125 0.24522057031250002 0.42853301562499996 0.2401686 0.440996271875 0.224629675 0.4430615015625 0.21568418125000002 0.43920294374999996 0.2083690765625 0.438337359375 0.20731267031249997 0.4327025265625 0.19487633437500002 0.4201600640625 0.185128103125 0.4055036 0.1877403953125 0.393321965625 0.20205947812499997 0.3898693453125 0.22182010000000002 0.396578228125 0.239215546875
0 0.3727184375 0.288099384375 0.380108825 0.3009410234375 0.393051171875 0.30735528749999996 0.40768325 0.30645050937499996 0.42157166874999996 0.2959517546875 0.4264006828125 0.28464632968750003 0.4254936609375 0.274158065625 0.4245549203125 0.2782241984375 0.42201060156250003 0.2652165078125 0.41616363593749994 0.2553009109375 0.39533348125 0.24620903125 0.38266175625 0.25784525625 0.3755590453125 0.274193471875 0.3727184375 0.288099384375
0 0.3373403578125 0.25551941718750004 0.34595111093750003 0.263075084375 0.3639760421875 0.2650950359375 0.382032690625 0.25256059375 0.3864862109375 0.2428816203125 0.3846197265625 0.2317435640625 0.3842686140625 0.231662503125 0.381115946875 0.21808607656249998 0.3730440578125 0.20979824374999997 0.3567295765625 0.2051751765625 0.341832928125 0.218439165625 0.334073096875 0.23763367500000002 0.3373403578125 0.25551941718750004
0 0.30042252187499996 0.2135899625 0.30969039375 0.2182993359375 0.324085953125 0.2216228140625 0.33855833281250003 0.21340030781250002 0.350156003125 0.196804975 0.347611684375 0.18379728281250002 0.344337090625 0.178758425 0.345390425 0.17900160625 0.3380695234375 0.1674608671875 0.323559371875 0.1598280765625 0.3105853078125 0.1679682078125 0.300489625 0.17805772656250002 0.297249134375 0.1952976078125 0.30042252187499996 0.2135899625
0 0.2611444484375 0.164263034375 0.2659136953125 0.1756429609375 0.27890481093749997 0.178642196875 0.28880908125000004 0.175789346875 0.30517966093750004 0.1641505015625 0.3084652546875 0.149919034375 0.307676490625 0.13731664375 0.30716201718749997 0.1363412953125 0.30131505000000003 0.1264257 0.2861270625 0.116923275 0.271140203125 0.12417043125 0.25980343906250003 0.1348299953125 0.256423971875 0.14946807812500001 0.2611444484375 0.164263034375
0 0.27796496249999997 0.1026186125 0.2849835203125 0.1106632640625 0.29979967812499997 0.115368703125 0.3119532625 0.109180575 0.32448600625 0.0949425484375 0.32762895625 0.084532725 0.32630133125 0.07266249999999999 0.32506025 0.07323254375 0.3186988109375 0.062341603125 0.3078875171875 0.0547061890625 0.29447213437499997 0.056748434375000004 0.277795546875 0.07131462968749999 0.27413445625 0.087172553125 0.27796496249999997 0.1026186125
0 0.24390111874999998 0.0643460578125 0.2568190796875 0.072467834375 0.2697199875 0.069450240625 0.28655994218749997 0.055778329687499996 0.2910171265625 0.0396759171875 0.2828062578125 0.028786284375 0.2826428921875 0.027891996875000002 0.2745015140625 0.018303265625000002 0.25329219687500004 0.01726128125 0.2403632359375 0.02840983125 0.2376408875 0.040201615625 0.23728244531249998 0.052967440624999994 0.24390111874999998 0.0643460578125
0 0.1869125609375 0.07731465 0.192526675 0.08503506093749999 0.20806944375 0.08819510625 0.2185369578125 0.082902578125 0.23099654531249997 0.0737870921875 0.2358255609375 0.06248166875 0.23180730781249997 0.0478488328125 0.22591157343749999 0.0413482640625 0.2274793828125 0.0425667921875 0.22109355625 0.0333833640625 0.2045913296875 0.029573525 0.19107840468749998 0.038445825 0.18147280937500002 0.051218206249999995 0.17912595781250001 0.061383537499999995 0.1869125609375 0.07731465
0 0.2609543125 0.1282431234375 0.27149498437499997 0.117828053125 0.2742173328125 0.1060362625 0.2693993140625 0.0980713640625 0.2698199125 0.09945332500000001 0.2656834015625 0.086934615625 0.25833811875 0.077101390625 0.2383247765625 0.072480946875 0.22574326406249998 0.090133996875 0.22088986406250002 0.1031469375 0.21988786093749998 0.1163627609375 0.2293262515625 0.12907864062500002 0.2437913 0.1337030203125 0.2609543125 0.1282431234375
0 0.20214198906249997 0.096248934375 0.183157596875 0.093579184375 0.172290203125 0.102205684375 0.1605047859375 0.11961424062499999 0.1599134875 0.1301848765625 0.167540396875 0.1387982609375 0.1771313234375 0.15171965 0.1943845453125 0.1522765828125 0.21037963125 0.142264190625 0.2111863765625 0.134546621875 0.2115305046875 0.1356773140625 0.21554270625 0.11990045468749999 0.212671659375 0.10510418749999999 0.20214198906249997 0.096248934375
0 0.20558105312500002 0.182271796875 0.21107690781250002 0.192106334375 0.22811799375000003 0.19518400625000001 0.24427644375000002 0.1860659015625 0.254327025 0.17296796718750002 0.2548281125 0.15638050312500001 0.2541953796875 0.157519284375 0.24593940625 0.1436212359375 0.23229483750000002 0.137044853125 0.21932444062499998 0.1387615453125 0.2079876734375 0.1494211078125 0.201329946875 0.1654437734375 0.20558105312500002 0.182271796875
0 0.2514570859375 0.23826141562499997 0.2705353515625 0.24052455312499998 0.2852893546875 0.23108220625000003 0.2931393953125 0.21790452343750003 0.2950656453125 0.20635723125 0.290084265625 0.1974980421875 0.2905987421875 0.1984733890625 0.2835594625 0.1857128109375 0.26136996875 0.179305103125 0.2496333203125 0.193298634375 0.24164063750000003 0.21029795624999997 0.24245012031250002 0.2276162765625 0.2514570859375 0.23826141562499997
0 0.1577835421875 0.211495746875 0.178335740625 0.21538402343750002 0.19688614843750002 0.199108996875 0.20258441718750003 0.18243653906249999 0.1942101828125 0.17065262187500002 0.190073671875 0.1581339125 0.17586585937500002 0.15399720781249998 0.158209090625 0.16319768437499999 0.148999709375 0.1790595375 0.1452447453125 0.19532407499999999 0.1577835421875 0.211495746875
0 0.3195188390625 0.30982498281250004 0.32795441875 0.3201202296875 0.33620530937500004 0.3269578546875 0.3499971296875 0.328244734375 0.36292380468749996 0.3190869265625 0.3722839828125 0.3083468421875 0.3719578046875 0.2984060296875 0.371729903125 0.2979739703125 0.3680683828125 0.28119204999999997 0.3581390203125 0.2716902671875 0.34227448437499997 0.26802765 0.3272102859375 0.2793480671875 0.31950697968749997 0.29426509843750004 0.3195188390625 0.30982498281250004
0 0.2944875828125 0.23233140156249998 0.2843788890625 0.24631366093749998 0.28217005624999997 0.2643964015625 0.286684865625 0.2760631203125 0.2966574375 0.2825393390625 0.3121709390625 0.2834648171875 0.3180845046875 0.279138428125 0.3315933578125 0.26745893125000003 0.33255466562499997 0.2547798140625 0.32887153750000003 0.2395106765625 0.32470775937499996 0.230581096875 0.3093206328125 0.2262698109375 0.2944875828125 0.23233140156249998
0 0.3047847609375 0.377341009375 0.31098800937500004 0.3847687328125 0.3262547078125 0.38723528281249997 0.339403128125 0.385685971875 0.3507826421875 0.375969275 0.3558384265625 0.367261403125 0.357172653125 0.3601631171875 0.3559016859375 0.3577535984375 0.35113004999999997 0.3414866609375 0.33609827812500004 0.33272607656250003 0.3202703796875 0.3340094640625 0.30703861875 0.346472671875 0.3022890265625 0.3591307328125 0.3047847609375 0.377341009375
0 0.26883729375 0.2995635640625 0.26399031875 0.3139625515625 0.2643878546875 0.3267508765625 0.27201365625 0.3412079765625 0.288551321875 0.3460840421875 0.30168268125000003 0.3406512921875 0.31167376406249997 0.331672096875 0.31484317812499996 0.317943859375 0.31434222031250003 0.317475521875 0.3147919953125 0.3062935421875 0.3062988 0.29163618750000003 0.28386106093749996 0.28857211875 0.26883729375 0.2995635640625
0 0.19107928125 0.249870346875 0.1990373921875 0.2562924859375 0.2165599140625 0.2582217875 0.22851768906249997 0.24863859375000003 0.23930188125 0.23490495625 0.2387698203125 0.2213802125 0.2345533453125 0.211942396875 0.230236465625 0.209535040625 0.2300818609375 0.21020471093749998 0.2250552140625 0.2016379 0.2094993859375 0.19910460000000002 0.198102809375 0.20493785625 0.188841575 0.21867041406249998 0.1841461859375 0.2376892609375 0.19107928125 0.249870346875
0 0.2326117890625 0.2980132734375 0.25376677812500004 0.3024544171875 0.2693144125 0.291429153125 0.277503621875 0.2791479328125 0.27504158749999996 0.2666220328125 0.272507696875 0.252750928125 0.25404168125000004 0.2449447515625 0.24261386875 0.2480637453125 0.22999599218750003 0.2579939171875 0.22383768437499998 0.274729840625 0.229153828125 0.291457628125 0.2326117890625 0.2980132734375
0 0.2226652515625 0.29305971249999996 0.219042159375 0.27893715 0.21077104375000003 0.2650701140625 0.1987898125 0.2623040296875 0.18312747499999998 0.2622310546875 0.170502015625 0.285445584375 0.167492821875 0.2984798359375 0.1724244734375 0.31024728281249997 0.17803562343749998 0.3190715140625 0.1997730390625 0.3209899 0.21292290937499997 0.3120682890625 0.2226652515625 0.29305971249999996
0 0.17196698125 0.2211247421875 0.15267397031250002 0.220213559375 0.1379495421875 0.23098600625 0.13234844375000002 0.24696483125 0.1350764765625 0.2599950140625 0.1415322578125 0.27344294687500004 0.1658363578125 0.27418241718749997 0.17765624687499998 0.2627394046875 0.1802771578125 0.25138699062500003 0.17922075312500002 0.2360855140625 0.17196698125 0.2211247421875
0 0.1256882953125 0.3371013609375 0.14168848437499998 0.3390238125 0.1557082015625 0.33296024218750003 0.16641745937500002 0.3163892484375 0.16540769375 0.304198628125 0.1596994765625 0.2957948578125 0.1484015328125 0.2834433765625 0.12760581875000002 0.28572823125 0.1192224671875 0.298850375 0.114056290625 0.3162582171875 0.1148252765625 0.326178896875 0.1256882953125 0.3371013609375
0 0.10684272343750001 0.40050966718750003 0.129255840625 0.4061270125 0.1474672359375 0.393502375 0.154204178125 0.380885871875 0.1501927984375 0.36844514375 0.1467600578125 0.3601238390625 0.14025384531250001 0.350207228125 0.1235527390625 0.3463514734375 0.10762061249999999 0.3524163984375 0.09981589375 0.3696579578125 0.099660809375 0.38689409375 0.10684272343750001 0.40050966718750003
0 0.1558543796875 0.37373805781249997 0.16981608125 0.3844901640625 0.184849353125 0.383975034375 0.1994514953125 0.37538870625 0.20408188593749998 0.3636144796875 0.20427602656250002 0.3627735609375 0.2047223265625 0.3442760453125 0.1949989359375 0.330073728125 0.1728518140625 0.3249606609375 0.1608377875 0.33724459218749997 0.152813709375 0.35709273124999996 0.1558543796875 0.37373805781249997
0 0.21075776875000002 0.3545762625 0.2191395578125 0.3618015921875 0.238743265625 0.365269415625 0.25376707187499997 0.3542779453125 0.2622181625 0.34141635312499996 0.259450353125 0.3270227265625 0.25871748125 0.3275588984375 0.25421488281250004 0.3127647640625 0.2429216984375 0.30627801718750003 0.2242998296875 0.30515296406250003 0.21229884375000002 0.32283791562499997 0.20772090625 0.33870978906250004 0.21075776875000002 0.3545762625
0 0.289924990625 0.43774612812499997 0.30113782968749997 0.44985723125000004 0.3182567875 0.44957726875 0.33453447187499996 0.43711189531250005 0.3416141734375 0.428871275 0.3412336984375 0.4199663828125 0.341946484375 0.4208363046875 0.33594101875 0.4046371875 0.325440965625 0.393396009375 0.302828521875 0.392407696875 0.2907532734375 0.4051379203125 0.28557700625 0.42228235156249994 0.289924990625 0.43774612812499997
0 0.2740839484375 0.49580830000000004 0.279514171875 0.5065843812499999 0.286083859375 0.5137440265625 0.3050520484375 0.516007084375 0.3174164265625 0.503343615625 0.325191853125 0.49208947812500003 0.32616266875 0.479969734375 0.3213849875 0.47428185312500004 0.3218287234375 0.47367893437499997 0.3158774609375 0.46384060624999995 0.30163576718749996 0.455615103125 0.290685940625 0.45555591250000005 0.281965815625 0.4669446328125 0.2746311078125 0.48288538281250004 0.2740839484375 0.49580830000000004
0 0.23291096718749998 0.453856015625 0.24121241875 0.4667057 0.2635527921875 0.47151069999999995 0.2815652609375 0.45944583281250007 0.2864122390625 0.445046834375 0.2827910828125 0.43962595625 0.2794450171875 0.42509885468749997 0.27104618125 0.413990096875 0.255991296875 0.41192513281250004 0.2406783890625 0.42284983593750003 0.23265097343750002 0.4365145703125 0.23291096718749998 0.453856015625
0 0.25713378124999997 0.40301916249999997 0.2795514578125 0.4074893265625 0.29320688281249996 0.39582928281249996 0.3029319453125 0.380087703125 0.29868134375 0.36288299999999996 0.298180384375 0.3624146625 0.2905314765625 0.35465317500000004 0.273069184375 0.348505596875 0.255597834375 0.3582266203125 0.2494397296875 0.373028284375 0.248314309375 0.385817696875 0.25713378124999997 0.40301916249999997
0 0.20690127343750003 0.42669028124999997 0.22444388750000002 0.42721349062499997 0.2414544375 0.4142119484375 0.246321496875 0.39840685625 0.241838984375 0.38220665781249996 0.23864148593749998 0.3775889515625 0.226712840625 0.3698974578125 0.2098057109375 0.3705790078125 0.196513696875 0.3872605 0.1934988875 0.400319078125 0.197729409375 0.41892987656249997 0.20690127343750003 0.42669028124999997
0 0.1472248328125 0.4464176859375 0.16451545625 0.449351496875 0.183896278125 0.43795521718749997 0.1945088078125 0.421007796875 0.18252897968749998 0.40166597812499993 0.1836082 0.40226781875000006 0.1750918984375 0.39430608125 0.15701118593750002 0.3908371828125 0.1426028109375 0.4044394859375 0.138545921875 0.419373575 0.1403489546875 0.43530784999999994 0.1472248328125 0.4464176859375
0 0.18500554687499998 0.48723411875 0.2082133140625 0.4922393734375 0.2293690796875 0.47843141562499997 0.23338580625 0.4663095140625 0.227743753125 0.45513184687499997 0.22745462343749998 0.45506509531250006 0.2219872578125 0.4418116625 0.203832259375 0.433388065625 0.18910062968750002 0.43915673593750004 0.1808814671875 0.45101379374999995 0.177497203125 0.46962998906250003 0.18500554687499998 0.48723411875
0 0.1250630734375 0.5001991484375 0.13062782343749998 0.5117116515625 0.1551095765625 0.5138368890625 0.171387259375 0.5013715125 0.17947491875 0.4834885 0.1716573671875 0.46722371249999994 0.16308384375 0.4581907140625 0.14847269999999999 0.45552283281249994 0.13816934218750002 0.4578559015625 0.12901457656249998 0.467253946875 0.12398989375 0.4890182390625 0.1250630734375 0.5001991484375
0 0.10878946249999999 0.47175434374999997 0.1271854265625 0.46330483125 0.13715945937500001 0.45044218750000004 0.1359547671875 0.43323532656249997 0.1333014078125 0.4209842390625 0.1343806265625 0.421586078125 0.1220855484375 0.41416266874999996 0.103117359375 0.41189961249999996 0.0879188984375 0.4249668265625 0.0822557109375 0.45081589843750003 0.0909607375 0.46587484687499997 0.10878946249999999 0.47175434374999997
0 0.06644879375 0.5166449515625 0.0720878265625 0.5331121546875 0.088221928125 0.5357789609375 0.10503469218749999 0.531548803125 0.11923124062499998 0.5175449109375 0.11715614062499999 0.5054273296875 0.115816928125 0.487484046875 0.10635593437499999 0.4796568875 0.0891626921875 0.4749821515625 0.07610560625 0.4853696046875 0.06885121875 0.49568598750000004 0.06644879375 0.5166449515625
0 0.07043125624999999 0.5983285703125001 0.0893422203125 0.5995203703125 0.1044834625 0.5853819 0.108617653125 0.570112978125 0.10193654218749999 0.5555212843749999 0.09463700781249999 0.543608275 0.0751477796875 0.542282971875 0.0613006046875 0.5521353343750001 0.050227275 0.565802228125 0.0545350984375 0.584078190625 0.057615137500000004 0.591842915625 0.07043125624999999 0.5983285703125001
0 0.2629950671875 0.5715431921875 0.284814384375 0.57728594375 0.30294128593749997 0.5673635953125 0.31120060625 0.5526943625 0.3082952578125 0.5428538828125 0.306926909375 0.54218529375 0.3025217046875 0.525650271875 0.2790649859375 0.5177660890625 0.2666433921875 0.5293582921875 0.25809494375 0.5439607734374999 0.256892221875 0.5570850125 0.2629950671875 0.5715431921875
0 0.22323062500000002 0.5274473468750001 0.2499450828125 0.5357309578125 0.2647399625 0.5204544875 0.2700878953125 0.5065238375 0.268954471875 0.4995612109375 0.26385354375 0.48603970468749996 0.2547589890625 0.4779444703125 0.23430500156249998 0.47815984062499994 0.22145673437500002 0.49423840312499995 0.21691595156250001 0.51258758125 0.22323062500000002 0.5274473468750001
0 0.1789725125 0.5542611484375 0.195378671875 0.5531112640625 0.2146651140625 0.5381663890625 0.21498338281249998 0.5209584578124999 0.20845688125 0.5056971046875 0.1914955609375 0.5000178671875 0.1764948921875 0.504313690625 0.1663632453125 0.5231355234375 0.16442765625 0.53679593125 0.1685096078125 0.5454973234375 0.1789725125 0.5542611484375
0 0.12141439218750001 0.5780044 0.13741395625 0.5799347828125 0.15338241875 0.5688087562499999 0.1648422546875 0.5534676953125001 0.1616307140625 0.539677025 0.1549465890625 0.5303748734375 0.1546574578125 0.530308121875 0.14403995 0.522213965625 0.128443959375 0.5224928484375 0.1158677625 0.5347547234375 0.1075311390625 0.549758790625 0.11259190625 0.5660924796875 0.12141439218750001 0.5780044
0 0.2119595171875 0.5498856171875001 0.20385178437499998 0.569174709375 0.205597590625 0.5840377140624999 0.21607755625 0.596684978125 0.23107520468749998 0.5976786859375001 0.243745765625 0.5889654140625 0.2518304 0.5763719453125 0.254724725 0.571749925 0.2552518015625 0.5602331109375001 0.2440419890625 0.5428324828125 0.2279852015625 0.5398308468749999 0.2119595171875 0.5498856171875001
0 0.243647328125 0.6263269625000001 0.2534345890625 0.6366982109375 0.2720935515625 0.6403006078125 0.2864988953125 0.6319878453125 0.2956456890625 0.6161127750000001 0.2919904140625 0.6029250234375 0.2908138109375 0.6040641109375 0.2879486234375 0.5914114484375 0.2786422421875 0.582914628125 0.2666905046875 0.5819187625 0.254598203125 0.5907655328125 0.2442376671875 0.60530234375 0.243647328125 0.6263269625000001
0 0.25863985 0.7038514421875 0.274107353125 0.6922570765625 0.28227230937500003 0.6740392421875 0.27798155156250004 0.6596467328125 0.263279071875 0.6481407156250001 0.24955540781250002 0.6442669953125 0.24141355312499999 0.655789209375 0.2311303203125 0.6699911843749999 0.22827011718749998 0.68238008125 0.2396144546875 0.700517128125 0.25863985 0.7038514421875
0 0.1942621671875 0.651604409375 0.200734465625 0.660504975 0.2140344734375 0.6635755234375 0.2297710265625 0.6534540015625 0.24009140156250003 0.6417293749999999 0.2400803796875 0.627266875 0.23484190625 0.618298478125 0.2222205625 0.6083309765625 0.21011422031250002 0.6080047796875 0.19705714531250001 0.618392225 0.19099340625 0.6367424828125 0.1942621671875 0.651604409375
0 0.14534595 0.5983420734375 0.149908778125 0.6089178937499999 0.1576149015625 0.617750628125 0.1729187421875 0.6226945265625 0.1874586140625 0.615118184375 0.197876371875 0.60165263125 0.20173849062500002 0.5902004062499999 0.19917647656249998 0.5867874640624999 0.1938838 0.57145828125 0.18322612968750002 0.5661763093750001 0.168460390625 0.564178096875 0.1557898265625 0.5728913671875 0.14731868125 0.5871590140625 0.14534595 0.5983420734375
0 0.14135534375 0.5984788156249999 0.13179999375 0.587103059375 0.10914740468749999 0.588926934375 0.0960873109375 0.6046039109375 0.0935704421875 0.6234203468749999 0.10352936875 0.6370053640625 0.12321140156249999 0.6429225781250001 0.13869489375 0.6324274203125 0.146066740625 0.618964025 0.14135534375 0.5984788156249999
0 0.0839779484375 0.6095672453125001 0.06693932500000001 0.604222840625 0.046267470312499996 0.6146156859375 0.0387952203125 0.6351095359375 0.040830157812500004 0.65003929375 0.0494408140625 0.6615496281250001 0.06566926875 0.6677650359375 0.075909321875 0.661664775 0.0856112765625 0.6526188281249999 0.0911911171875 0.6376836734375 0.090447228125 0.623757340625 0.0839779484375 0.6095672453125001
0 0.028126385937499998 0.7169373984375 0.0333076359375 0.7248345375 0.047764164062499996 0.728172090625 0.0623411765625 0.7230730953125 0.075824928125 0.7081992921875 0.0787624328125 0.6954755578125 0.0754103296875 0.691527528125 0.0692703421875 0.674592 0.0501877234375 0.67018643125 0.0367873140625 0.6741463390625 0.028645457812500004 0.685668553125 0.023217203125 0.7052235687499999 0.028126385937499998 0.7169373984375
0 0.018640190625 0.787047109375 0.0378974953125 0.78937691875 0.05480763281249999 0.783405840625 0.0636452140625 0.7688701124999999 0.0648880953125 0.7529336890625 0.059958832812499994 0.7426259515625 0.0508070578125 0.7334594625 0.035540359375000004 0.7309929109375 0.025975949999999998 0.7354857499999999 0.014264124999999999 0.75323740625 0.0122682953125 0.7711160875 0.018640190625 0.787047109375
0 0.0692993375 0.75888965 0.079126759375 0.7664487171875 0.092157715625 0.7680464234375 0.10887610625 0.7602676671874999 0.11753899999999999 0.7478077 0.11673486875000001 0.738099640625 0.11389278124999999 0.7187513578125 0.1004984109375 0.7121322046875 0.08106641875000001 0.711878159375 0.06842998125000001 0.72835830625 0.064759609375 0.74161820625 0.0692993375 0.75888965
0 0.07841909999999999 0.6890480203125 0.08327105781250001 0.69969059375 0.09687725625 0.7067113328125 0.110546715625 0.704224265625 0.12397022656250001 0.6935687359375 0.1313591328125 0.68398878125 0.131096121875 0.671936878125 0.1256086796875 0.6600895484375 0.11678619531250001 0.648177625 0.10151949687499999 0.6457110765625 0.0889262375 0.6540895124999999 0.078619903125 0.6749871078125 0.07841909999999999 0.6890480203125
0 0.10550588593750002 0.78805681875 0.10887203281249999 0.8011778171874999 0.1229018859375 0.8090017296875001 0.1414092640625 0.8079842671874999 0.15488999375 0.7983999921875 0.15416316562500001 0.7883571 0.1566197921875 0.7737589390624999 0.14920582031250001 0.7597034234375 0.132533628125 0.7540909359375 0.1167227921875 0.7592577625 0.10840625 0.7728557390625 0.10550588593750002 0.78805681875
0 0.17445363281249998 0.7031076578125 0.1778770015625 0.7172999156250001 0.19032667812499998 0.7240536484375 0.208813971875 0.724442278125 0.22096651562499997 0.7113772296875001 0.22614278125 0.6942328109375 0.2233147359375 0.6840574953125 0.22215821406249997 0.6837904921875 0.220063034375 0.6730790078125 0.20560650468750002 0.6697414562499999 0.19463962343750002 0.665798825 0.1838584515625 0.67424293125 0.17866512343750002 0.6875039109375 0.17445363281249998 0.7031076578125
0 0.163189475 0.780918578125 0.17212942343749998 0.7896834828125 0.18788001875 0.7887349312499999 0.201707103125 0.7802886640625 0.20651391718749998 0.768701859375 0.20978071250000002 0.7532326953124999 0.2029851625 0.7364985 0.183556190625 0.730954921875 0.16712693125 0.7388004296874999 0.1616012921875 0.760096371875 0.163189475 0.780918578125
0 0.1437746875 0.6829756375 0.17016589375 0.6834256187500001 0.1833263890625 0.6607181859375 0.18212170156250002 0.6435113343750001 0.17146705 0.6329398328125 0.15172585 0.6340251265625 0.1379730484375 0.6474260875 0.13612880624999998 0.669924628125 0.1437746875 0.6829756375
0 0.1222112890625 0.735484471875 0.1461087234375 0.7480552671875 0.1658760453125 0.7349848203125 0.1740751234375 0.7245338640625001 0.1729818609375 0.7147590546875 0.1664553609375 0.699497703125 0.1528692421875 0.6910708734375001 0.1318169125 0.6925588328125001 0.1238467234375 0.7072948140624999 0.11882808281249999 0.718480034375 0.1222112890625 0.735484471875
0 0.606061278125 0.8478954078125 0.62166330625 0.837037465625 0.6277069640625 0.8200932999999999 0.6257894921875 0.8020165234375 0.606188853125 0.793259178125 0.583183875 0.80452410625 0.5788147578125 0.826087053125 0.586168490625 0.8443608421875 0.606061278125 0.8478954078125
0 0.5734778484375 0.8544802031250001 0.5744717625 0.8356648484375 0.5678709765625001 0.8154488000000001 0.5506777484375001 0.810774065625 0.5320298078125 0.82163416875 0.52815863125 0.8489549843749999 0.5371327015625 0.8654867656249999 0.5551561796875 0.8678844031249999 0.5734778484375 0.8544802031250001
0 0.5205889984375001 0.8711897593750001 0.5235094421875 0.8545825890625001 0.5056697046874999 0.8342405953125 0.48382426875 0.8404829984375001 0.4752125578125 0.8645932828125 0.4827008140625 0.8836034921874999 0.5020324031250001 0.890887996875 0.5205889984375001 0.8711897593750001
0 0.46415734999999997 0.8465229875 0.4822872703125 0.8313111078125001 0.4873490921875 0.8120241765625 0.47598467343750006 0.795293221875 0.45908057500000005 0.7906852390625 0.44216741718749997 0.801945846875 0.43536779374999995 0.8261218046875 0.44561283124999995 0.8450631015625 0.46415734999999997 0.8465229875
0 0.43061623750000005 0.8084487749999999 0.44479571250000005 0.790561453125 0.446562653125 0.7683977484375 0.433443371875 0.7526723765625001 0.41104277187499993 0.75208565625 0.3985408578125 0.769302225 0.39687130000000004 0.7897250046875001 0.40619172499999995 0.80739479375 0.43061623750000005 0.8084487749999999
0 0.41811024999999996 0.8665754953125001 0.430148346875 0.8513679359375 0.431720521875 0.83268608125 0.4220336640625 0.8152843781250001 0.40181158593750005 0.8144952421875 0.38462334062500003 0.83486206875 0.384554040625 0.8549489343750001 0.39526289531250003 0.871881221875 0.41811024999999996 0.8665754953125001
0 0.39328925312499996 0.8171125703125 0.395826203125 0.79689004375 0.3865630015625 0.7802915109375 0.36875437031249997 0.7730059265625 0.348466009375 0.7870141281249999 0.3448297609375 0.8080409062499999 0.353588984375 0.8294606328125 0.3731183578125 0.827973753125 0.39328925312499996 0.8171125703125
0 0.3404606453125 0.829603853125 0.3413973359375 0.8097172421875 0.3356207625 0.7978031578125 0.3156135296875 0.79212608125 0.2969826515625 0.8068696203125001 0.2913596296875 0.8299064906250001 0.30376310625 0.8500514671875001 0.326089421875 0.8456834953125 0.3404606453125 0.829603853125
0 0.2763710375 0.8130441921875 0.297701475 0.797160484375 0.29833499375 0.7680341515625 0.28962695312500003 0.7582647421875001 0.2746895453125 0.7530527609375001 0.26028419999999997 0.761365525 0.252190509375 0.7898275859375 0.2598534546875 0.806762034375 0.2763710375 0.8130441921875
0 0.2481069390625 0.765238621875 0.2634455578125 0.7443975296875001 0.25768329218749997 0.7215875703125 0.23922147656249998 0.71035895625 0.21738024375 0.72679614375 0.21305394843749997 0.7455353875 0.2179635296875 0.7611821203125 0.2354123609375 0.76811315625 0.2481069390625 0.765238621875
0 0.215367228125 0.8303747609375 0.23188449375000003 0.8263956015625 0.2468379609375 0.8146171484375 0.24679647968750001 0.7817714687499999 0.23020985 0.7753579296875001 0.213925496875 0.7783282515625001 0.20055295625 0.801806190625 0.2019755828125 0.819490584375 0.215367228125 0.8303747609375
0 0.542689684375 0.789056065625 0.5522459203125 0.803305203125 0.5730986796875001 0.8017437859375001 0.5898377828125 0.7822309046875 0.588360721875 0.7581582859375 0.581607428125 0.751640321875 0.5658493921875001 0.7483564984375 0.552911434375 0.756704034375 0.5431847640624999 0.7696891906250001 0.542689684375 0.789056065625
0 0.4938244921875 0.8192164156249999 0.5091540125 0.8270059515625 0.526988059375 0.8226223875 0.537781465625 0.806341478125 0.537017234375 0.788454884375 0.52624201875 0.7728617125 0.5191781796875 0.767688865625 0.503646990625 0.774020896875 0.491364390625 0.7874785765625 0.49063943125 0.8025419453125 0.4938244921875 0.8192164156249999
0 0.45696470937500006 0.77882838125 0.46836404531250003 0.78641896875 0.48482383906250004 0.7813639343750001 0.4986762984375 0.765080853125 0.49640270624999994 0.7457831859375 0.490138428125 0.730523040625 0.47246268750000003 0.728921696875 0.4575293875 0.7392879953125 0.45103417500000004 0.7554986125 0.4510654140625 0.7686113437500001 0.45696470937500006 0.77882838125
0 0.50938600625 0.7597609125 0.5219871890625 0.76479534375 0.537342940625 0.760548028125 0.549683009375 0.7481662250000001 0.5520554625 0.7299411828125 0.5410876703125 0.712532534375 0.52716970625 0.7079025078125001 0.5158016078125 0.7134246484375 0.50596 0.72425805 0.5031217296875 0.74450076875 0.50938600625 0.7597609125
0 0.4148236890625 0.73084541875 0.4262199921875 0.743748353125 0.4406844421875 0.7407120796875 0.4566441515625 0.7298743390625 0.4627915171875 0.712520803125 0.457999296875 0.6961836984375 0.44617447656250003 0.687786471875 0.4319630984375 0.6884017515624999 0.41792109687499995 0.6975570125 0.412023778125 0.7178019015625 0.4148236890625 0.73084541875
0 0.40617786406249995 0.7497473593749999 0.408472678125 0.731858596875 0.40193819218750004 0.7151192546875 0.3912920203125 0.710890375 0.371813509375 0.71312326875 0.3588896515625 0.73068334375 0.360987803125 0.752065725 0.3722288359375 0.76564121875 0.39106912031249996 0.7621983718750001 0.40617786406249995 0.7497473593749999
0 0.3068444078125 0.7693188 0.3143276640625 0.7859229796875 0.33868209375 0.78906621875 0.3538715046875 0.77096658125 0.35378583125 0.7514656265624999 0.3483150484375 0.7367428781250001 0.34901074374999996 0.7390287140625 0.33563623125 0.732044728125 0.32169506718749996 0.7341392046874999 0.3082307890625 0.7487408875 0.3068444078125 0.7693188
0 0.270945521875 0.7075462156250001 0.267391390625 0.7269152578125 0.2754352375 0.7450656734375001 0.29468083906250003 0.74384161875 0.313159175 0.7300433187500001 0.3166729703125 0.7134985875 0.315825034375 0.70657296875 0.3081088703125 0.6909776296875 0.2943260109375 0.6870871968750001 0.27658673437500003 0.6950346703125 0.270945521875 0.7075462156250001
0 0.3313814 0.7239783609375 0.346909559375 0.722958678125 0.3634873234375 0.7147430484374999 0.37089703281249997 0.6905968859375 0.365777134375 0.67170470625 0.3469429125 0.664522859375 0.33489625625 0.67165935625 0.324298453125 0.6844433953125 0.32194313750000003 0.7065686296875 0.3313814 0.7239783609375
0 0.48433351093750004 0.555986471875 0.50282986875 0.540506503125 0.5086245578125 0.5206834 0.49890055625 0.5008043421874999 0.48303551093749997 0.49961038125 0.4689965984375 0.5076550656250001 0.45950043125000006 0.527681659375 0.464366434375 0.5474972046875 0.48433351093750004 0.555986471875
0 0.5234624765625 0.5988775671875 0.5430179749999999 0.5854055328125 0.54638215625 0.5681954390625 0.543305140625 0.5551411859375001 0.5331544640625 0.5397484875 0.5115610109375 0.5435802921875 0.5013952390624999 0.55463525 0.4979306546875 0.5788758046875 0.505112721875 0.5939358296874999 0.5234624765625 0.5988775671875
0 0.5389399546875 0.63736633125 0.5567887515625001 0.641839734375 0.5747610515625 0.632587053125 0.584892703125 0.6137652171875 0.5795829625 0.594552590625 0.5699874484375 0.5859890156249999 0.5549325734375 0.583924053125 0.5402953171875 0.5932413234375 0.5344403859375 0.617282703125 0.5389399546875 0.63736633125
0 0.5251128656249999 0.6458126015625 0.5318492328125 0.631144446875 0.5293705578125001 0.6168176046875 0.5179258140624999 0.6057110140625 0.49508147343750003 0.6057272109375 0.48261971875 0.6201316 0.47929570000000005 0.6345295109375 0.489520659375 0.65487690625 0.510781803125 0.6590800640625 0.5251128656249999 0.6458126015625
0 0.47248701562499995 0.6745740687499999 0.46433912031249996 0.6966753484375 0.47390851562499997 0.7172240765625 0.492913834375 0.7219644828125 0.5069929109375 0.7111076171875 0.5153094546875 0.6975096390625 0.51364095 0.6823117937500001 0.5052822796875 0.6683908578125 0.4897093859375 0.6619741171875 0.47248701562499995 0.6745740687499999
0 0.546538584375 0.6994292203125 0.561485053125 0.688772609375 0.5689342046875 0.674974375 0.564586221875 0.6595106078125 0.5558811984375 0.6444516671875 0.5350979140625001 0.6474124671875 0.5210559796875 0.66074668125 0.51921475625 0.6779556953125 0.5253918843750001 0.6973685781250001 0.546538584375 0.6994292203125
0 0.57458833125 0.6649939171875 0.5807483984374999 0.6805233562499999 0.6001030921875 0.6811122359375 0.6157051250000001 0.670254290625 0.621345209375 0.65110085625 0.61659365 0.6334278234374999 0.60971475625 0.6276075249999999 0.59647196875 0.62560823125 0.5848063406249999 0.6299686453125 0.571897828125 0.6502654890625 0.57458833125 0.6649939171875
0 0.6121282046875 0.6211110718749999 0.6323964875 0.6085089625 0.6352828109375 0.5841349046875 0.627754390625 0.567936875 0.6098082109375 0.5652044 0.5924513124999999 0.577067928125 0.5882940249999999 0.5990324703125001 0.594067578125 0.6162360859375 0.6121282046875 0.6211110718749999
0 0.627912015625 0.5619776734374999 0.6476190984375 0.5531254999999999 0.6561304109375 0.53604566875 0.650222328125 0.51810563125 0.6413998421875 0.5061937046875 0.6231645328125001 0.5033944796875 0.6060164453125 0.5209491265625 0.6036340984375 0.5405019890625 0.61064148125 0.557637775 0.627912015625 0.5619776734374999
0 0.5564585484375 0.5786334390625 0.575389584375 0.57841915 0.5926490984375 0.568296546875 0.598544190625 0.5414429828125 0.58648404375 0.5277255390625 0.578273940625 0.5237139953125001 0.5663593421875001 0.5251954765625 0.5539377484375 0.5367876828125 0.5493939453125 0.5604263984375 0.5564585484375 0.5786334390625
0 0.5568953359375 0.5226578546875 0.56390376875 0.5041730140625 0.5533495187499999 0.48657104999999995 0.530373671875 0.48056129375 0.5162714953124999 0.49811378125 0.5118451562499999 0.518605478125 0.5225740937500001 0.53413168125 0.543526025 0.5396741781250001 0.5568953359375 0.5226578546875
0 0.5711661593749999 0.51360866875 0.59148260625 0.51794640625 0.60795203125 0.507288715625 0.614055934375 0.486126271875 0.60641306875 0.46778572812499997 0.597913834375 0.463707434375 0.584378896875 0.46693092187499996 0.570128153125 0.47457401718750003 0.56394695 0.496071296875 0.5711661593749999 0.51360866875
0 0.6217449953124999 0.49107556875 0.6351192875 0.499100815625 0.651720221875 0.49446907656250005 0.6658364390625 0.48608955781249996 0.6657139890625 0.46419501093750004 0.6583602546875 0.44592121875 0.6584375578125 0.44558638437500003 0.6357879828125 0.4421207265625 0.6213394578125 0.45853520625 0.619420928125 0.47607905781250004 0.6217449953124999 0.49107556875
0 0.542385653125 0.47733888437500005 0.5617433640625 0.4726382359375 0.5739531312499999 0.46064444375 0.5773775546875 0.43921607187499995 0.5678824421875001 0.4236220390625 0.552172003125 0.4217584109375 0.53942715625 0.4255169859375 0.52613515 0.44219847031250004 0.5304198718750001 0.4671700484375 0.542385653125 0.47733888437500005
0 0.4619407671875 0.6767241390625001 0.47708502187499996 0.6572961421875 0.475537 0.633661746875 0.46189365625 0.624163659375 0.45495452187499996 0.622561634375 0.4397791609375 0.6289332187500001 0.42879416406250004 0.656727775 0.441967653125 0.678813940625 0.4619407671875 0.6767241390625001
0 0.42291613281249996 0.68746478125 0.426320475 0.6674425 0.42174058125 0.6529832375 0.4125857875 0.6491062765625 0.395893509375 0.644899878125 0.37793827343749997 0.6580359984374999 0.3751493328125 0.680669128125 0.38439245624999996 0.69867375625 0.40494081406250004 0.7020069921875 0.42291613281249996 0.68746478125
0 0.3971936171875 0.6300347093750001 0.41334477343750003 0.6365849531250001 0.43345845 0.6246525125 0.4417408703125 0.6032876546875 0.43253488906250004 0.587760375 0.4257533765625 0.58019914375 0.4127796390625 0.57967269375 0.39596386250000004 0.5891923796875 0.3903980625 0.6133005093749999 0.3971936171875 0.6300347093750001
0 0.3409496296875 0.6480857703125 0.3514125359375 0.6568495999999999 0.3718866109375 0.6552281359375 0.386644346875 0.6374743140625 0.38495878437500003 0.6183930265625001 0.37704385 0.6038691765624999 0.3750972390625 0.6030670828125 0.361256109375 0.602340378125 0.3427055484375 0.6114595578124999 0.3359661625 0.6314172421875 0.3409496296875 0.6480857703125
0 0.285084521875 0.66490236875 0.291365284375 0.6768095187500001 0.3033273875 0.6802923703125 0.3140136453125 0.67446590625 0.32962886406249997 0.6661714765625 0.3324598109375 0.64446844375 0.3283099421875 0.6287261609375 0.3213353015625 0.6238706234375 0.30629695625000003 0.622922884375 0.2923969171875 0.6305315171875 0.284227471875 0.6470355671875 0.285084521875 0.66490236875
0 0.32135891875 0.6170248578125 0.340363434375 0.610234090625 0.3493437734375 0.5888689859375 0.3434438375 0.56587145 0.32304646406250004 0.5611623453125001 0.3075687875 0.5702097078125 0.2986295109375 0.588699571875 0.30021533125 0.6074558015625 0.32135891875 0.6170248578125
0 0.3427007109375 0.5556033515625 0.35810243750000004 0.5414901890625 0.36160365 0.5195813078125 0.3616241796875 0.518143684375 0.35028000625 0.5025434203125 0.3292708703125 0.4991354390625 0.3159764171875 0.5162592390625 0.3116468703125 0.5390586578125001 0.31652859375000003 0.550282225 0.3427007109375 0.5556033515625
0 0.5084792609375001 0.492274059375 0.5235011468749999 0.4730931296875 0.519649015625 0.4438925375 0.4958724734375 0.437459584375 0.4821185375 0.44938357343749996 0.4750897703125 0.47276913125000003 0.483641615625 0.4922020921875 0.5084792609375001 0.492274059375
0 0.447726934375 0.5136373515625 0.465142309375 0.5035023828125 0.4730481609375 0.4798474578125 0.45975094375000003 0.45979080000000006 0.4364874796875 0.45819484062500004 0.4285091109375 0.47333964218749996 0.4217946546875 0.4883043890625 0.42722500781250006 0.5089041078125 0.447726934375 0.5136373515625
0 0.49454252500000007 0.59852670625 0.491973090625 0.5814186046875001 0.4854319421875 0.5638654171875 0.46191194218750004 0.5598509593750001 0.445806128125 0.580197209375 0.4455602953125 0.6042050203125 0.4607957 0.6176313328124999 0.4817690953125 0.60973335625 0.49454252500000007 0.59852670625
0 0.4111715109375 0.5731448828125 0.42509735 0.5763599171875 0.43879755468750004 0.568198359375 0.4521646625 0.556185059375 0.455014871875 0.53325036875 0.4408365328125 0.5205399546875 0.43247941562500003 0.5214416875000001 0.41875638281249994 0.5244075828125 0.40623949374999996 0.5380327296875 0.4054308890625 0.553889096875 0.4111715109375 0.5731448828125
0 0.402995784375 0.527374921875 0.415305828125 0.514645728125 0.4142071515625 0.496461615625 0.4019401328125 0.47900206718750005 0.3788835171875 0.4765101546875 0.36749620781250003 0.49936131875 0.36864053750000003 0.5279367625 0.38893561875 0.5335659625 0.402995784375 0.527374921875
0 0.39827182968749997 0.579603846875 0.403105878125 0.5604301390625 0.3941134703125 0.5446703046875 0.37118714218750004 0.539849196875 0.354518559375 0.5520439968749999 0.3511015359375 0.5739041234375 0.3604001796875 0.59539690625 0.3840773359375 0.595200959375 0.39827182968749997 0.579603846875
0 0.52863475625 0.4261491796875 0.5383981921875 0.4015075546875 0.528479009375 0.3827026296875 0.50882729375 0.37958123593750004 0.49357573749999994 0.394462453125 0.491548878125 0.42089021249999997 0.5093121 0.433956403125 0.52863475625 0.4261491796875
0 0.5567686187499999 0.3448794984375 0.5443256562500001 0.3193578078125 0.5216021375000001 0.32071763125 0.5034587562499999 0.341065321875 0.5078548703125 0.366144815625 0.52830306875 0.3746404875 0.54747260625 0.3639667859375 0.5567686187499999 0.3448794984375
0 0.500995371875 0.364089321875 0.49628495 0.34743064375 0.48416700312499994 0.3399144515625 0.4597121484375 0.34700866874999997 0.45196345468750004 0.36645318437499996 0.4578840609375 0.386694234375 0.47583130156250003 0.393668809375 0.49492428593750004 0.381561871875 0.500995371875 0.364089321875
0 0.46206806718750004 0.331509528125 0.4598129453125 0.305980615625 0.4451403140625 0.30070575625 0.42370757187499997 0.3000043046875 0.4119106078125 0.317570496875 0.414786271875 0.3404115484375 0.4324998015625 0.3501632890625 0.451098490625 0.345491903125 0.46206806718750004 0.331509528125
0 0.4504617921875 0.3764872921875 0.43981864374999996 0.360818209375 0.409979090625 0.357704040625 0.40442915937499996 0.365859821875 0.40311151875 0.3698023078125 0.39838089375 0.3885280375 0.4062356453125 0.40921562343750006 0.42635074375000004 0.41385955937499996 0.43930415624999997 0.40363817187500006 0.450426846875 0.39252227031250003 0.4504617921875 0.3764872921875
0 0.38338564062499997 0.3679785640625 0.40386274218749996 0.36106756406249996 0.412608984375 0.33769368437499997 0.40377663124999996 0.3209762453125 0.390936253125 0.311529215625 0.3705565328125 0.316699284375 0.3588216015625 0.3411465796875 0.3658058859375 0.36497800156250004 0.37569355312499997 0.3683187953125 0.38338564062499997 0.3679785640625
0 0.43965563124999996 0.43951473906249994 0.4515611796875 0.4539018578125 0.467852903125 0.450609459375 0.48316581249999996 0.43968475781249994 0.48433441093749996 0.4187936234375 0.47736417031249995 0.40413518125000003 0.4669384 0.3978486984375 0.45467744374999997 0.39819217500000004 0.446094865625 0.40502777968750003 0.4360234515625 0.41963135156250003 0.43965563124999996 0.43951473906249994
0 0.39385444999999997 0.46773572812499997 0.405476903125 0.47147703124999996 0.4210187 0.464837359375 0.4296243796875 0.45130612187499997 0.43011733281250003 0.43202241875 0.41632239687499994 0.417904459375 0.400975365625 0.4210622796875 0.3889031390625 0.4285029671875 0.3833604328125 0.44591548281250004 0.38587926875 0.4574301453125 0.39385444999999997 0.46773572812499997
0 0.363030459375 0.43240454375 0.379110346875 0.4287105609375 0.39296053125 0.41356867187499996 0.3927407 0.39341505625 0.3829765390625 0.3763481859375 0.3673233265625 0.3755558109375 0.35322719375 0.3825292359375 0.34450405625 0.3992074765625 0.3450331 0.418021753125 0.363030459375 0.43240454375
0 0.346932275 0.49220337187499996 0.36703448125000004 0.48127618125 0.377387290625 0.46330796406249997 0.3709871453125 0.43728059531249996 0.3535438859375 0.43445104843750004 0.330102675 0.4464037 0.3258688078125 0.46698213749999995 0.332896203125 0.4835739140625 0.346932275 0.49220337187499996