0 0.2663917375 0.88562565625 0.28449164531250004 0.8756502718749999 0.2940269625 0.8667591124999999 0.2946293265625 0.8447745578125 0.27700089375000003 0.8284161546875 0.2534609203125 0.8220341703124999 0.2293894859375 0.8305206953125 0.2174144984375 0.8609383171875 0.2278883671875 0.877635478125 0.2663917375 0.88562565625
0 0.3172446578125 0.8479984765624999 0.30082264062499997 0.8688559 0.31354124375 0.8941617328125 0.33611920781250004 0.903862565625 0.3674864203125 0.9047946515625 0.380263134375 0.8926871234375 0.3753109078125 0.8616711234375 0.3566373140625 0.8465515874999999 0.3355889609375 0.8429134656249999 0.3172446578125 0.8479984765624999
0 0.465785178125 0.8725578359374999 0.4397949859375 0.8789561828125001 0.42999270312500004 0.9006591796875 0.4298072171875 0.915101103125 0.44579142968749996 0.9262235484374999 0.472109315625 0.9332947859375 0.48595464687499995 0.9266855671875 0.49319321718750003 0.9172217093749999 0.49644417656249995 0.8983122265624999 0.48393097812499997 0.8839237687500001 0.465785178125 0.8725578359374999
0 0.1666016828125 0.7359857515625 0.1548025171875 0.7676545671875 0.16620815 0.7825718015625001 0.18723045625 0.7902279546875 0.20357027187500001 0.7883622109374999 0.2180030625 0.7842171296875 0.230942634375 0.7753698375 0.23592359531249998 0.7593063953125 0.2159108671875 0.7378161999999999 0.19148424375 0.7301161765625 0.1666016828125 0.7359857515625
0 0.0703352921875 0.7385455265624999 0.07701397343750001 0.7587234015625001 0.10080541406250002 0.765057725 0.1166250015625 0.7661848359375 0.13211613125 0.7623920796875 0.143569478125 0.7403044249999999 0.1340532984375 0.7178092765625 0.11479986874999999 0.7069721171875 0.09003775625 0.7084447640625 0.07350480000000001 0.7180059328125 0.0703352921875 0.7385455265624999
0 0.2452603484375 0.766866140625 0.2430650546875 0.79328295 0.2570377078125 0.8096450984375 0.27247947968749997 0.8122878218749999 0.2924332234375 0.8144456953124999 0.314018928125 0.8061443171875 0.3180776578125 0.7761676421875 0.2968499109375 0.757594121875 0.2647772921875 0.7512073265625 0.2452603484375 0.766866140625
0 0.3261083375 0.80070710625 0.3287049140625 0.8118182015625001 0.3366116625 0.8270704249999999 0.35156807031250004 0.8336166140625 0.37346660625 0.8338447046875 0.3889179203125 0.8207942390625 0.392869228125 0.79320546875 0.375857053125 0.7772928140625 0.34800000781249996 0.7735668718750001 0.33144107031250003 0.787146075 0.3261083375 0.80070710625
0 0.44300271562500004 0.795643915625 0.43064285625 0.8002088015625001 0.41573238281249997 0.8150038937499999 0.4184398640625 0.8374112390624999 0.4277636875 0.846980025 0.44078683593749995 0.8538494203125 0.45817482500000006 0.8541599265625001 0.4699253921875 0.84421126875 0.4761768109375 0.8308792781250001 0.47198379375000005 0.8105162546875 0.4604577765625 0.7999959515625 0.44300271562500004 0.795643915625
0 0.5154585296875001 0.8181361218750001 0.49910500312500006 0.8426326734374999 0.5007438625 0.8595417359375 0.51406385 0.87030729375 0.5299693828125001 0.8793044171875 0.553366475 0.8754791671875 0.5649671015625 0.860261284375 0.559353590625 0.8318975578125001 0.5356011828125 0.819536203125 0.5154585296875001 0.8181361218750001
0 0.591726059375 0.8488227984375 0.581138603125 0.863890840625 0.589951046875 0.8813811218750001 0.6020055046875 0.8917805765625 0.628483884375 0.8990374328125 0.6420033734375 0.8859077828125 0.6461860203125 0.86521834375 0.635725146875 0.846512153125 0.6114874 0.8380543140625001 0.591726059375 0.8488227984375
0 0.2404573140625 0.6843737437499999 0.2177119359375 0.7012398796875 0.21514827812499998 0.7134790734374999 0.223797821875 0.727709146875 0.23673971875 0.7345666203125 0.27485345 0.7440607921875 0.2877766171875 0.723538359375 0.2855284859375 0.701245559375 0.273894953125 0.6931131374999999 0.2597627609375 0.6871748828124999 0.2404573140625 0.6843737437499999
0 0.138808834375 0.6654691328125 0.13446324375000002 0.6828983453124999 0.13484460468749998 0.6950669203125 0.1437645046875 0.71016931875 0.15908576875 0.717208921875 0.17056939843750002 0.7200721125 0.186439315625 0.7184010484375001 0.20213666562500002 0.7050030671874999 0.20557664843749998 0.68533583125 0.1902129421875 0.67063906875 0.18434893593749999 0.6667623109374999 0.16155762812500002 0.662287159375 0.138808834375 0.6654691328125
0 0.06878325156250001 0.637143640625 0.055208303125000004 0.6446251796875 0.0430278421875 0.6641254421875 0.050840156250000004 0.6797565578125 0.056515215625000004 0.684391115625 0.07625391875000001 0.69132478125 0.09805802500000001 0.6919317421875 0.112835090625 0.68354259375 0.11266871406250001 0.66659820625 0.10990920468750001 0.6522268984374999 0.0893722390625 0.64066725 0.06878325156250001 0.637143640625
0 0.3130890703125 0.708117184375 0.3035277765625 0.7210263718750001 0.29626320625 0.734508203125 0.30612779843750004 0.74582161875 0.3249853640625 0.757021765625 0.3548182453125 0.7579615109375 0.36775791406249997 0.7491142328125 0.3720350421875 0.728045909375 0.3520093890625 0.70856475625 0.330866603125 0.7053055171875 0.3130890703125 0.708117184375
0 0.40791586718749995 0.7289430015625 0.38588379375000004 0.7351208375 0.3851445140625 0.7498271515625 0.38674092031249996 0.7590790796875 0.39072852812500003 0.768524746875 0.4026847625 0.7777535015625 0.42377527031250006 0.7807887234375 0.4405396078125 0.7781269078124999 0.45296445468749996 0.7635169609375 0.4519998703125 0.7419466265625 0.430814540625 0.731030225 0.40791586718749995 0.7289430015625
0 0.4890177390625 0.751981128125 0.47457961875 0.7648817296875 0.47226032812499996 0.7820112671875 0.47962627968750005 0.795518840625 0.5014858515625 0.8017739421875 0.52442358125 0.7978341671875 0.5342977484375 0.7934544375 0.5357373187500001 0.7700688078125 0.5258597015625 0.7607643984375 0.5094438343750001 0.75224451875 0.4890177390625 0.751981128125
0 0.5681323765624999 0.7692919046875 0.5560854125 0.782386253125 0.55209165625 0.8023178921874999 0.5693612609375001 0.8211118859375001 0.5934490640625001 0.8243005125 0.6122527078125 0.8193299765625 0.6270002671875 0.8012746734375 0.6170117390625001 0.780674009375 0.5948133078125 0.7699074609375 0.5681323765624999 0.7692919046875
0 0.6894396046875 0.8606664640625 0.6763902203125001 0.8708870843750001 0.67013705625 0.8850478703125001 0.6759777234375 0.9006199140625 0.684713925 0.91081844375 0.693650625 0.91960759375 0.7187467062499999 0.9225119171875 0.7278877828125 0.9154874203125001 0.73491751875 0.9060116546874999 0.733823865625 0.8823195531250001 0.71293925625 0.867808834375 0.6894396046875 0.8606664640625
0 0.805374303125 0.888609803125 0.78801384375 0.8849229812500001 0.7715052421874999 0.8856191250000001 0.7593180734375 0.89862121875 0.7534752453125 0.9173757359374999 0.759121090625 0.929049409375 0.7626994453125 0.9339343 0.7897520234375001 0.9450277281250001 0.8061853171875001 0.9446336125 0.81778039375 0.9324463375 0.825012540625 0.914359065625 0.8162529078125 0.896455146875 0.805374303125 0.888609803125
0 0.7895400625 0.8304443265625 0.7732442703125 0.820927503125 0.76175281875 0.8170999140624999 0.7469348250000001 0.817255134375 0.7363187078125 0.8255159140625 0.730571928125 0.8407654046875 0.7307149625 0.852671178125 0.7365217921875 0.8621393218750001 0.74307133125 0.8701885796875001 0.7589567484375 0.8751117078125 0.7769300343750001 0.87478075 0.7864372828125 0.8678475859375 0.7927243125000001 0.8597907046875 0.794970384375 0.8414226671874999 0.7895400625 0.8304443265625
0 0.6683906078125 0.7922180265625001 0.65502691875 0.79433991875 0.6371447890625 0.8145840874999999 0.6443540984375 0.8340263421874999 0.6599721859375001 0.8462615093749999 0.67438514375 0.8512440265624999 0.683406859375 0.8521044296875001 0.70260575625 0.8437379 0.7093004296875 0.8293663812500001 0.7082406406249999 0.8117781796875001 0.69072681875 0.79778706875 0.6683906078125 0.7922180265625001
0 0.44448271406249995 0.7166337921875 0.458133075 0.728498890625 0.4833329203125 0.7351848390625 0.5004958796875 0.73100239375 0.508891240625 0.7149634359375 0.508656153125 0.694355025 0.49916948281250006 0.68123875625 0.47939524218749996 0.6745684234375 0.4669519484375 0.6754953171875 0.44987049843750004 0.6813098578125001 0.4430440421875 0.6969341171875 0.44448271406249995 0.7166337921875
0 0.41782689531250006 0.6217445796875001 0.42300031718750003 0.6480165421875 0.43876094375 0.661213690625 0.46645675937500003 0.6603822578125 0.49040945 0.6382297046875001 0.47822998906249997 0.612628565625 0.4527593375 0.6050691984375 0.43294460625 0.6061728859375 0.41782689531250006 0.6217445796875001
0 0.521069196875 0.626936021875 0.5047869859375 0.6373821234375 0.498110559375 0.6582819625 0.5054854734374999 0.6718059265625 0.52588643125 0.684271384375 0.5436441000000001 0.6833346171875 0.5563156453125 0.675614678125 0.5625486171875 0.6662894546875 0.5600400328124999 0.6410848296875 0.5470257453125 0.6305871437499999 0.521069196875 0.626936021875
0 0.53149143125 0.7105248703125 0.520457284375 0.721473578125 0.5326628062500001 0.743051890625 0.5456771015624999 0.7535495515624999 0.5593939406249999 0.7570344140625 0.5815067234375 0.7548270703125 0.5968266375 0.73648524375 0.591653253125 0.710213275 0.5710098515625 0.6970075671875 0.548719453125 0.6962851953125 0.53149143125 0.7105248703125
0 0.3805853609375 0.6535587859375 0.3592442234375 0.6627435703125 0.3545706125 0.687366246875 0.3665444109375 0.70203684375 0.378763615625 0.7101838890625001 0.4082191203125 0.711218696875 0.4234054109375 0.699290515625 0.4241976671875 0.676520671875 0.4184602953125 0.6662255781249999 0.39815616249999997 0.6575367296875 0.3805853609375 0.6535587859375
0 0.6153823218750001 0.7306353203125 0.6118991828125 0.7563607171875 0.6201122875 0.7684818953125 0.6407001765625 0.776032671875 0.672932190625 0.7780249765625 0.68054139375 0.7553429859375 0.676979378125 0.73632271875 0.6652632265625 0.72453695 0.639887153125 0.71659824375 0.6153823218750001 0.7306353203125
0 0.710281315625 0.743819953125 0.6989112937499999 0.763952496875 0.7007022890625 0.78615763125 0.7173844390624999 0.7955187031250001 0.7509944828124999 0.8019203625 0.76872495 0.795461771875 0.7758872718750001 0.7706537 0.7574062546875 0.7507342968749999 0.729919884375 0.7414635359374999 0.710281315625 0.743819953125
0 0.8181260234375 0.7638587453125 0.7977177484375 0.771261428125 0.7862106890625 0.784106940625 0.7895184546875 0.8139430796875 0.7952003765625 0.8185832796874999 0.8269334328125 0.8264952203125 0.8379285375000001 0.8215807703125 0.8505315328125 0.81021735 0.8537178859375001 0.7876414390625001 0.8434074734375001 0.772176809375 0.8181260234375 0.7638587453125
0 0.47636699531250004 0.5730791953125001 0.47246305624999996 0.592655615625 0.4786864171875 0.599042509375 0.49444814218750005 0.6120242640625 0.5261376453125 0.6124851703124999 0.54230878125 0.5907291359375 0.5341607640625 0.5685507656250001 0.517278128125 0.557894465625 0.49268822500000004 0.5565987531250001 0.47636699531250004 0.5730791953125001
0 0.31178963125000003 0.635600240625 0.2859962125 0.6352132625 0.27223217499999997 0.6551518062499999 0.277728359375 0.6742513921875 0.2913242734375 0.6906507234375 0.3107760421875 0.6925645265625 0.3349450375 0.6877112703125 0.338307553125 0.6663881015625 0.338170409375 0.6591010171875 0.3268456859375 0.6437864125 0.31178963125000003 0.635600240625
0 0.1917297140625 0.6096952953125 0.1837846890625 0.6415610515625 0.19602935625 0.6571050546875 0.21015258281250002 0.6670733328125 0.2187961015625 0.6696313515625001 0.24017973593750003 0.6681129796875 0.256093140625 0.6434721062500001 0.2519766265625 0.6247165375 0.23371431718750002 0.6137162109375 0.2112738265625 0.607718246875 0.1917297140625 0.6096952953125
0 0.2580881625 0.5629792124999999 0.246284365625 0.5789742234374999 0.244800515625 0.59472176875 0.261278809375 0.6109183671875 0.27493294687500003 0.6153515031250001 0.3018836109375 0.6145952593749999 0.31039950156249996 0.5941540515625 0.3045380484375 0.5745604703125 0.289954915625 0.564477496875 0.278930309375 0.5597140765625 0.2580881625 0.5629792124999999
0 0.324685940625 0.60738655 0.334132053125 0.628276821875 0.3486793453125 0.6369136203125 0.3748739296875 0.6392408109375001 0.39736308125 0.62349230625 0.3918373953125 0.594714915625 0.36539147656250004 0.5812712671875 0.3360819703125 0.5832311234375 0.324685940625 0.60738655
0 0.3220655234375 0.5140577359375 0.30271413125 0.5289768031250001 0.3033015484375 0.55209065625 0.31581066875 0.561588371875 0.33542940312499997 0.5701744515625 0.354999459375 0.564174521875 0.36749135 0.5415011453125 0.359979475 0.520690190625 0.33921541875 0.5118866984375 0.3220655234375 0.5140577359375
0 0.21945929375 0.5102337171875 0.22419880937499997 0.532368128125 0.2338176625 0.5408104328125 0.24990113125 0.54683516875 0.261189446875 0.5470626109375 0.2764772890625 0.54016444375 0.28293847968749997 0.524046178125 0.272585478125 0.500915103125 0.250076478125 0.4912736125 0.2250137203125 0.4918746875 0.21945929375 0.5102337171875
0 0.4128687109375 0.5906910453124999 0.43701170312500004 0.5898606546875 0.44980390468750003 0.5777384999999999 0.458737271875 0.5497455765625 0.4327772078125 0.53239373125 0.40015385156249994 0.533930284375 0.38878383125 0.5540628203125 0.39317115 0.57369179375 0.4128687109375 0.5906910453124999
0 0.5625834265625 0.589740128125 0.5563114062500001 0.6050996734375 0.563187303125 0.6245432484375 0.5786217171875 0.6312120546875 0.5882015968750001 0.6326781359375 0.6207268484374999 0.6308307375 0.6290241671875 0.6014704265625 0.6187823109374999 0.5896492875 0.5992218312500001 0.57993708125 0.582544825 0.5802113328125 0.5625834265625 0.589740128125
0 0.6682752984375 0.60078046875 0.6454078453125 0.6180463734375 0.6409754203125 0.63386458125 0.6477828046874999 0.64966464375 0.6614156343750001 0.6563754312500001 0.684088834375 0.6627461203125 0.696450584375 0.6601871421875 0.714138515625 0.6460621468750001 0.7142687234375 0.6259477640625 0.7000083859374999 0.6086924171875 0.6682752984375 0.60078046875
0 0.7488392625 0.6224790625 0.7320971953125001 0.6328105265625 0.7247457093749999 0.6583772906250001 0.7324173203125001 0.6687517203125 0.7468243250000001 0.6775819640625 0.778475834375 0.68386183125 0.7928368765625 0.6713249609374999 0.8007298281249999 0.6475049375 0.7869979453125 0.63400778125 0.7709274859375 0.6259715921875 0.7488392625 0.6224790625
0 0.8265232609375 0.64789190625 0.8103356453125 0.6579586734375 0.812113603125 0.6821752437499999 0.826021640625 0.6969251515625 0.8394594421875 0.7025810671875 0.86561205625 0.7007520921875 0.877686603125 0.6856304578125 0.8816851734375 0.665674696875 0.8709148546875 0.650095371875 0.85207200625 0.6433826390624999 0.8265232609375 0.64789190625
0 0.7033915984375 0.6695735296875001 0.6823342421875 0.677620259375 0.6710979140625 0.6913391437499999 0.67317263125 0.7124061968750001 0.6806681343750001 0.7215279265625 0.6995939296875 0.7280351078125 0.716269553125 0.729598459375 0.72938800625 0.7240046390625 0.7361754453125 0.7144147078125 0.7420135906249999 0.6949176046875001 0.724250203125 0.6779976578125 0.7033915984375 0.6695735296875001
0 0.7976449703124999 0.6971029 0.7788446203125 0.6980565671875001 0.763602825 0.704329771875 0.75747746875 0.7112642296875 0.7572101796874999 0.7240915609374999 0.7634803625 0.7362528890625 0.7878932734374999 0.75188854375 0.7994853453124999 0.75437585 0.81697109375 0.7430209921875 0.8257317734375 0.727476096875 0.8150135468749999 0.703850996875 0.7976449703124999 0.6971029
0 0.14660667031250002 0.6490479062500001 0.17053496562499998 0.635981075 0.17161945625 0.6084952859375 0.15234720468750002 0.5908069609375 0.11627072499999999 0.5875580328125001 0.1036823796875 0.5994870078125001 0.09981500625 0.622710321875 0.11382251562500001 0.6436495203125 0.14660667031250002 0.6490479062500001
0 0.0180598890625 0.6054986015625 0.0389875265625 0.6218189375 0.061176415625 0.6253686859375 0.07883596875 0.6188995265624999 0.0857143953125 0.6021443921875 0.0806362578125 0.5743116484375 0.057660929687499994 0.5662041359375001 0.0386400796875 0.5634442953125001 0.0200367875 0.5802178953125 0.0180598890625 0.6054986015625
0 0.084429378125 0.5205380046875 0.073651328125 0.5329184109375 0.0775835203125 0.55570725 0.0971790640625 0.5677302609375 0.12523147343750002 0.5737800734375 0.13837254999999998 0.5625367765625 0.1472472375 0.5500783546875 0.1357690234375 0.530562821875 0.12159156874999999 0.5218732421875 0.105019734375 0.5189309796875 0.084429378125 0.5205380046875
0 0.198621878125 0.5406825390625001 0.1832344515625 0.5368460234375 0.17012605625 0.5450767390625 0.1582438890625 0.5599574484375001 0.165090515625 0.5806973203125 0.1803752203125 0.5933315765625 0.20423971093749999 0.5971991015625 0.21423471562500002 0.5937433875 0.23038898593749998 0.577152196875 0.22804249687499997 0.561499521875 0.21452940156250003 0.5482174 0.198621878125 0.5406825390625001
0 0.1610158234375 0.467863575 0.142476546875 0.47474022656250003 0.1339903703125 0.49720842187500003 0.14508063124999998 0.5180246734375 0.17314296875 0.5271926296875 0.1842292703125 0.5232159609375 0.1972027296875 0.5078143125000001 0.1998601625 0.489444065625 0.1869729484375 0.4775075453125 0.1610158234375 0.467863575
0 0.049503659374999995 0.46781665937500005 0.052835565625000004 0.48530110937500004 0.071779565625 0.499937315625 0.0912530046875 0.502809996875 0.1054945453125 0.5016026140625 0.1165774125 0.48414352968749996 0.1135247390625 0.46553914531249996 0.0956848640625 0.4484026 0.0767570859375 0.44526944999999996 0.0564878390625 0.45330083437499996 0.049503659374999995 0.46781665937500005
0 0.0859411421875 0.3751489453125 0.1095166390625 0.38856078437499997 0.1403684671875 0.384357490625 0.15000062812499998 0.3669331984375 0.1473740359375 0.3418397 0.1272849328125 0.332720315625 0.106280503125 0.3282763640625 0.0921994546875 0.3326959046875 0.0829942890625 0.354191809375 0.0859411421875 0.3751489453125
0 0.1938002921875 0.3512870453125 0.1729050453125 0.3579727828125 0.1655486171875 0.37398188593750004 0.164980728125 0.3916835625 0.17643923125 0.4030954875 0.1962500546875 0.4070137046875 0.21330009687499998 0.4061100390625 0.225689471875 0.39690702187500004 0.23417568593750002 0.3744388171875 0.221034865625 0.3596634484375 0.1938002921875 0.3512870453125
0 0.277655803125 0.4641865296875 0.2801628453125 0.4830514015625 0.2967637046875 0.49551730000000005 0.31450393125 0.4977768765625 0.337238196875 0.48935154843750006 0.3481862 0.4647214953125 0.3301601984375 0.4483315890625 0.311630325 0.43974641875 0.2873007328125 0.44478283281250003 0.277655803125 0.4641865296875
0 0.20828675156249998 0.42428940156249995 0.199742515625 0.427710328125 0.19093528437500001 0.4437542078125 0.1919915203125 0.462653884375 0.20526384375 0.47111775937499994 0.22693052812499998 0.4781741515625 0.2458860703125 0.47014352812500004 0.25770078125 0.4516773734375 0.2555147953125 0.43923682656249996 0.2396457609375 0.42576380468749997 0.22381854375 0.41983504531250004 0.20828675156249998 0.42428940156249995
0 0.110919653125 0.40992598593749996 0.10401575 0.426047915625 0.117583525 0.44489491562500005 0.1289524859375 0.45328076250000005 0.1484450859375 0.4568201125 0.16406355781249998 0.4493463828125 0.18070886875 0.426929865625 0.17181451718750002 0.41440285 0.15167337812499998 0.4026402953125 0.1292983953125 0.39983720625 0.110919653125 0.40992598593749996
0 0.248083040625 0.40422763125000005 0.2652841875 0.421997915625 0.2810963625 0.4300821484375 0.30470921875 0.423897315625 0.315872428125 0.4080443171875 0.309410896875 0.3838318515625 0.2779426265625 0.371227690625 0.2556897109375 0.377574934375 0.248083040625 0.40422763125000005
0 0.13754199375 0.2961736640625 0.139888503125 0.311826384375 0.154534759375 0.33213178593750003 0.169427721875 0.337964834375 0.1959433828125 0.335715365625 0.20782558281250002 0.3208346484375 0.20807238906249997 0.29670864375 0.18194188125 0.285831878125 0.16145745625000002 0.28508623593750004 0.13754199375 0.2961736640625
0 0.22800178437500002 0.313176578125 0.221190984375 0.32892520468750003 0.2225520859375 0.3427461328125 0.23498671093749998 0.3545698296875 0.2586934140625 0.363792115625 0.2805487703125 0.3607750125 0.2915258234375 0.345668646875 0.29156085625 0.3262480125 0.2771297578125 0.31471960781249997 0.25053391875000003 0.3057094421875 0.22800178437500002 0.313176578125
0 0.311240046875 0.3533595359375 0.31620887343750004 0.370062578125 0.3274847953125 0.378821725 0.349111634375 0.384996846875 0.35948247968749997 0.3796623359375 0.378910684375 0.36150837812500003 0.3707191671875 0.3384505703125 0.34974030156249997 0.330047828125 0.3180218140625 0.3280872828125 0.311240046875 0.3533595359375
0 0.340401003125 0.40028189375 0.3334552734375 0.4088595609375 0.32793474843750003 0.42136125 0.33645672968749996 0.4353815109375 0.34878673125000004 0.4491910328125 0.3788542125 0.4542792578125 0.3947838984375 0.44437289062499996 0.40664989843750005 0.4179891578125 0.3823809296875 0.3996461765625 0.355399928125 0.3941086171875 0.340401003125 0.40028189375
0 0.3037086515625 0.2563176671875 0.285702275 0.264913240625 0.2826597421875 0.286756115625 0.2901707359375 0.3029034328125 0.3032824953125 0.3081551390625 0.32357917187499996 0.31390933906249996 0.341468528125 0.30538396562500003 0.3508086015625 0.2910589859375 0.34593281249999996 0.27398263906250003 0.3345638515625 0.26559679531249997 0.3203735953125 0.258886628125 0.3037086515625 0.2563176671875
0 0.23103071874999997 0.23740399375000001 0.20560976874999998 0.24296134375 0.1987989953125 0.25870999375000003 0.1990560078125 0.27503125 0.204275071875 0.28109072031250004 0.219820578125 0.2898248359375 0.2416396109375 0.29318236875000003 0.2539359375 0.2843526828125 0.2639822 0.2729793984375 0.26027795781249996 0.256988171875 0.24937437812500002 0.2467357796875 0.23103071874999997 0.23740399375000001
0 0.118969559375 0.22413513593749998 0.11788503125000001 0.2516209265625 0.1325824625 0.26400879375 0.1480577109375 0.2697005671875 0.1755734671875 0.261246059375 0.17957576718749999 0.2451937078125 0.1772677046875 0.2236028515625 0.1547577 0.2136287796875 0.1368025765625 0.21430679062500002 0.118969559375 0.22413513593749998
0 0.361574890625 0.4813397046875 0.365959725 0.5042414156249999 0.3819218484375 0.5173410890625 0.3987600375 0.5211428484375 0.420640684375 0.5162888203125 0.42852654375 0.48851622499999997 0.416582959375 0.4708672140625 0.399304965625 0.46497326406250006 0.3763458671875 0.46836881718749995 0.361574890625 0.4813397046875
0 0.389029096875 0.357730709375 0.3898607921875 0.383315146875 0.40293415625 0.3945050578125 0.4136900375 0.39956590468750003 0.4349608359375 0.4048693109375 0.44608565625 0.3949544875 0.4575408921875 0.376002165625 0.44614290468749995 0.3580926828125 0.4383270875 0.34702408125 0.41339714687500007 0.346756109375 0.389029096875 0.357730709375
0 0.4258743390625 0.4220331203125 0.418357409375 0.43483009531250005 0.419413715625 0.45372973437499997 0.4271107984375 0.46913041250000004 0.447916334375 0.476300409375 0.46151369999999997 0.4741725359375 0.47517313281250007 0.46723561562500004 0.48914487656250005 0.45168633593749996 0.4841341625 0.42743903124999993 0.4693050671875 0.4213626265625 0.448871959375 0.412699428125 0.4258743390625 0.4220331203125
0 0.4457183234375 0.521748346875 0.45179127656249995 0.5359510578125 0.4769548921875 0.5445294265625 0.5058173218750001 0.5371292375000001 0.5135426843750001 0.506144503125 0.500097015625 0.4964478203125 0.4735814625 0.48904371874999997 0.4521277546875 0.497969321875 0.4457183234375 0.521748346875
0 0.5391147453125 0.519261084375 0.5271265796875 0.5364944609375 0.5330937796875 0.553049921875 0.5572966578125 0.5627754546875 0.5757286359375 0.5632834828125 0.594001446875 0.5555473578125001 0.5946205875 0.5299281203125 0.5812679937499999 0.519858140625 0.5584660765625 0.5129834515625 0.5391147453125 0.519261084375
0 0.66540461875 0.5333019515624999 0.6397428921875 0.534041071875 0.6203403421875 0.5482362703125 0.61798779375 0.5615278265625 0.627042634375 0.5772670328125 0.64627765625 0.585407265625 0.6627155671875 0.584575203125 0.6793130265625 0.5835587015625 0.6886240921875 0.5597101046875 0.678304596875 0.54325908125 0.66540461875 0.5333019515624999
0 0.702188440625 0.565074665625 0.695778978125 0.588853684375 0.7085730828125001 0.6011635125 0.7316286640625 0.61087706875 0.75912626875 0.606630528125 0.7715669296875001 0.5895099453125 0.7701383468749999 0.572103553125 0.7518458828125001 0.5548541796875 0.7264087984375001 0.5489085046875 0.702188440625 0.565074665625
0 0.7939257171875 0.58081000625 0.7843482078124999 0.6037991640625 0.797543678125 0.6241394015624999 0.8192542953125 0.631535059375 0.8377895734375 0.6327101921875 0.851540703125 0.6157939234375001 0.85130929375 0.595513865625 0.8413236812499999 0.5835077734375 0.818001703125 0.5729347390624999 0.8042930281249999 0.5758610578125001 0.7939257171875 0.58081000625
0 0.8035698671875 0.505497234375 0.7822733515625 0.504152584375 0.7649731359375 0.5156998296874999 0.7583356593749999 0.532681234375 0.76757665 0.5476738375 0.77162215 0.5532766765625 0.7994846890625 0.56237018125 0.8196736796874999 0.5527327453125 0.8266997 0.5457611203125 0.827533984375 0.5289189234375 0.818187084375 0.5162790328125 0.8035698671875 0.505497234375
0 0.6683796765625 0.5078735828125 0.679058646875 0.524810759375 0.6970171984375 0.537615196875 0.7242942421875 0.5392447265625 0.73659935625 0.5292443437500001 0.7416383265625 0.5071062000000001 0.7316783124999999 0.49114130781250004 0.7074383937500001 0.48232199531250003 0.681552121875 0.48974592031249997 0.6683796765625 0.5078735828125
0 0.5978518765625 0.4649119375 0.5886851046875 0.4804696703125 0.5960774203125 0.5009490953125 0.6072473734375 0.512060915625 0.6266149046875 0.5172863109375 0.649227321875 0.51142523125 0.660483578125 0.4951989296875 0.656432653125 0.47674215625 0.6406310703125 0.4668546046875 0.6210902109374999 0.4603964578125 0.5978518765625 0.4649119375
0 0.5230552734375 0.43714332968749997 0.5094687578125 0.4492200046875 0.5039353484375 0.46370104375 0.5051103203125 0.47826861093749995 0.5133332046875 0.48753894062500003 0.551327396875 0.49534287812500005 0.5613607625 0.48594896875 0.5722029796875 0.46367167656249997 0.5538430937500001 0.4428368390625 0.5373643421875001 0.43952125468750003 0.5230552734375 0.43714332968749997
0 0.558759890625 0.41154850468750004 0.5630771859375 0.43086470937500004 0.5811416796875 0.4413164375 0.591631121875 0.4455178390625 0.6174661765625 0.4460114796875 0.629361140625 0.4291513734375 0.627158953125 0.4052077953125 0.599776621875 0.39163981875 0.568658425 0.394983659375 0.558759890625 0.41154850468750004
0 0.64482888125 0.43459397656250004 0.6495988203125 0.45402304843749997 0.67113595 0.4661881640625 0.6971060625 0.4678505265625 0.7178245265625 0.44644955625 0.706278840625 0.4233485359375 0.6789767906249999 0.41138663906249995 0.6553533500000001 0.4193747515625 0.64482888125 0.43459397656250004
0 0.7533335609375 0.4370631703125 0.7426869875000001 0.44313206562499996 0.729925275 0.453828296875 0.73397616875 0.4722850515625 0.746584184375 0.485341509375 0.7675285015625 0.49379237187499997 0.7890038625 0.486798040625 0.8015247406249999 0.47128353125 0.7987000421875 0.4594767953125 0.7918952703125 0.44628117187500005 0.77174126875 0.4364980140625 0.7533335609375 0.4370631703125
0 0.8813063640625 0.5272583734375 0.86107554375 0.5293515703125 0.8459578875 0.53985693125 0.8421545640625 0.553183284375 0.8469629031249999 0.566674159375 0.8647634999999999 0.578740128125 0.8835828296875 0.5817522796875 0.8967714734375001 0.5751276468750001 0.9102777968750001 0.56144494375 0.9067597093750001 0.5447070953125001 0.8956025390625 0.5316158703125 0.8813063640625 0.5272583734375
0 0.851833778125 0.45844989687500004 0.837964540625 0.45816404374999997 0.8179488703125 0.46903426875000004 0.813269409375 0.4916585609375 0.8306669515625 0.507302775 0.847600865625 0.510131296875 0.8653827 0.5082205140625 0.8808854343749999 0.49424251406249997 0.88001534375 0.47459624843750003 0.87182721875 0.4650208953125 0.851833778125 0.45844989687500004
0 0.5116836265625 0.42688265156250005 0.5326659078125 0.42090773437499995 0.5440284953125001 0.40376418125 0.5445804578125 0.3873358078125 0.5302542156250001 0.3745842015625 0.5022643984374999 0.3675277875 0.47581960937499995 0.37408967656250003 0.47199810781249996 0.39652409375 0.48355059375 0.4188938015625 0.5116836265625 0.42688265156250005
0 0.36435200624999997 0.3181518578125 0.37532841875 0.326248153125 0.40033780781250006 0.334919871875 0.4143834828125 0.3303370921875 0.4321779453125 0.3209329828125 0.4294404453125 0.2963759578125 0.4131473921875 0.28354343125 0.3806483 0.278851140625 0.36086111875000004 0.2895091703125 0.36435200624999997 0.3181518578125
0 0.17031459843750002 0.19376439375 0.17844745312500002 0.2108963859375 0.19822299999999998 0.21923762343750003 0.2141004359375 0.22226260468749998 0.22663207500000002 0.21901230468750002 0.23845212500000001 0.20003383125 0.2338175984375 0.1759783203125 0.20735282187499998 0.1684054953125 0.179567009375 0.1756074453125 0.17031459843750002 0.19376439375
0 0.2578647609375 0.1956165328125 0.2554670984375 0.22181660937499997 0.2630753625 0.23394542187499998 0.2793945203125 0.24018767031250002 0.2995658953125 0.24158185468750001 0.31822511875 0.2330788046875 0.32350191562499997 0.20954555468749997 0.308581275 0.19120840781249998 0.2817577515625 0.187443928125 0.2578647609375 0.1956165328125
0 0.3690833203125 0.20678046249999998 0.349982378125 0.2146861296875 0.3392231234375 0.22467162968749999 0.340308034375 0.2463804390625 0.35508327031250003 0.2590589953125 0.3736119 0.2644287015625 0.39449556406249997 0.2564802984375 0.40672588593750003 0.2429636703125 0.403515134375 0.22267379062499998 0.3895451703125 0.21236940468749999 0.3690833203125 0.20678046249999998
0 0.23145048125 0.1286136875 0.22663116875 0.1503120875 0.23734738593750002 0.164190309375 0.24789318906250002 0.172001290625 0.2760622890625 0.172381325 0.291171865625 0.161531553125 0.2944057125 0.1438229375 0.27537929375000003 0.1230004109375 0.252235509375 0.118691715625 0.23145048125 0.1286136875
0 0.1426380921875 0.11524048281249999 0.1506093234375 0.140127921875 0.167229725 0.15401654843749998 0.178220415625 0.1529844953125 0.20280115625 0.148755703125 0.21341037031250001 0.1275264046875 0.20617668125000002 0.10915690468749999 0.18329316874999999 0.099066296875 0.160216509375 0.10159560000000001 0.1426380921875 0.11524048281249999
0 0.3093620171875 0.17386261249999999 0.3217465484375 0.188156796875 0.34148293125 0.19369041250000002 0.3689647734375 0.1906721765625 0.37836315468750004 0.16719205937499998 0.3702302609375 0.15006005625000002 0.3365360328125 0.1406846578125 0.315210675 0.148035734375 0.3093620171875 0.17386261249999999
0 0.427456246875 0.2759046765625 0.44544918906250003 0.28428867812499997 0.474448365625 0.28662615625 0.4907819328125 0.26830631875 0.488044434375 0.2437493125 0.4648334515625 0.2326026265625 0.4310605984375 0.2353884484375 0.42000966406250007 0.256020365625 0.427456246875 0.2759046765625
0 0.456903021875 0.3046848609375 0.4440535625 0.32779176250000003 0.45331444374999996 0.3427688265625 0.4703687921875 0.353619865625 0.5087128062499999 0.3551195109375 0.5177051015624999 0.34274451093749997 0.5160798140625 0.3184648609375 0.49157512499999995 0.30066151875 0.4783427390625 0.296875096875 0.456903021875 0.3046848609375
0 0.3941829640625 0.184291696875 0.40274184843749994 0.20445333593749998 0.421642703125 0.21861275937500002 0.45212161875 0.217252309375 0.4645607703125 0.1886835390625 0.4442091078125 0.1660688921875 0.4231754078125 0.1627735125 0.40229177343750006 0.170721953125 0.3941829640625 0.184291696875
0 0.285807015625 0.0953918265625 0.292468765625 0.116054925 0.3120985703125 0.129719378125 0.321241084375 0.12831133749999998 0.3422231375 0.1226132625 0.35626766875000004 0.10418943124999999 0.3510611796875 0.082427478125 0.33084386875 0.07348886875 0.29742984687499996 0.072466325 0.285807015625 0.0953918265625
0 0.204204146875 0.06968639374999999 0.205975253125 0.08864285 0.2191289296875 0.10459051562499999 0.22334900625 0.1066171609375 0.24852009375 0.10753346562499999 0.2710206859375 0.0907307203125 0.26360551249999997 0.06598190937500001 0.24150680000000002 0.055112503125000004 0.2162057625 0.057087221875000004 0.204204146875 0.06968639374999999
0 0.5350705734375001 0.32758485937500004 0.533374871875 0.3486003515625 0.541590675 0.37013816718750003 0.56318605625 0.3784072328125 0.587878171875 0.3787555109375 0.600893396875 0.36446014843749996 0.6016226953125 0.33784413281250003 0.5866548468749999 0.3268036984375 0.558734778125 0.32032969218749996 0.5350705734375001 0.32758485937500004
0 0.63178293125 0.342440534375 0.61575843125 0.35696003125 0.617186453125 0.37729267499999997 0.6387642671875 0.3950571 0.6596997499999999 0.4010477453125 0.680926546875 0.3917231859375 0.6938745625 0.370589784375 0.6834028578125 0.3533618640625 0.6555143203125 0.342023365625 0.63178293125 0.342440534375
0 0.5036197703124999 0.26419865625 0.507157878125 0.2855446015625 0.5178740828125 0.299422871875 0.544231675 0.30786441249999996 0.561381046875 0.30734691718749996 0.576735053125 0.293147446875 0.5755515328125 0.26946513906249997 0.5600433078125 0.25585384375000003 0.530683671875 0.24804641562500002 0.5036197703124999 0.26419865625
0 0.61886125625 0.27344223125 0.6008882296875 0.2791929296875 0.5923220125 0.29459755312499997 0.5913440609375 0.3079962875 0.60194583125 0.32233320781249997 0.6125064375 0.329823496875 0.6385350125 0.3319431640625 0.657667453125 0.3191729640625 0.6630271515625 0.30004547187499997 0.654208053125 0.2856657734375 0.6393388390625 0.27659890625 0.61886125625 0.27344223125
0 0.6968000515624999 0.29725962968749997 0.6845854625000001 0.3083439703125 0.6760034640625 0.326180821875 0.6854720015625 0.3436280578125 0.704124909375 0.353168915625 0.7346912828125001 0.3466601546875 0.7477379359375 0.3275003109375 0.7394392843750001 0.30155675 0.7128759437500001 0.292010390625 0.6968000515624999 0.29725962968749997
0 0.17588293906250002 0 0.1744319140625 0.0025112171875 0.18143678125 0.0217981484375 0.19750113593750002 0.03554811875 0.22568139375000001 0.0362401953125 0.2414805421875 0.0245081765625 0.24585897031249998 0.016909342187500002 0.2389217703125 0 0.17588293906250002 0
0 0.2533842984375 0.024632418750000003 0.2551396734375 0.046021146875 0.2751125125 0.058309446875000004 0.304160559375 0.0626285484375 0.32795490781250003 0.0524824046875 0.3349001015625 0.029365114062499996 0.30887288125 0.0058226078125 0.2675589640625 0.0033176234375 0.2533842984375 0.024632418750000003
0 0.36715567031249996 0.10610732187500001 0.36766868750000004 0.1301097046875 0.3819345953125 0.14633464375 0.40717268593749995 0.15408891875 0.425603171875 0.1465033046875 0.4396319328125 0.13051171875 0.4326270265625 0.111224778125 0.4186570625 0.1009204046875 0.394645525 0.0929847140625 0.36715567031249996 0.10610732187500001
0 0.4717994984375 0.11758092812500001 0.4555619734375 0.1305856484375 0.45285273125 0.1532973828125 0.47272912656250005 0.1682754484375 0.49896291093749995 0.1721024390625 0.515397684375 0.1630447890625 0.5228674828125001 0.1449306375 0.5120684203125 0.12664665 0.4912949484375 0.11756935312500001 0.4717994984375 0.11758092812500001
0 0.47947581093749997 0.20524803125000002 0.4810182078125 0.22512194375 0.48877231875 0.2319276140625 0.5033292328125001 0.2400764453125 0.529924725 0.2421880609375 0.5473216890625 0.2221639078125 0.5404626343750001 0.1975537953125 0.5115762140625 0.18547924843750002 0.48447665781250004 0.1899289234375 0.47947581093749997 0.20524803125000002
0 0.341790671875 0.049110778125 0.347324440625 0.0719287984375 0.35965758124999997 0.07695272343750001 0.38522309843749997 0.08576310000000001 0.40878869843750004 0.07653441875 0.4123142640625 0.0481794015625 0.393142025 0.03268006875 0.36610540625 0.027400779687499998 0.34620390156249997 0.038517499999999996 0.341790671875 0.049110778125
0 0.450307359375 0.0474202171875 0.43164813124999996 0.0559232671875 0.42576380468749997 0.07004763124999999 0.4301182703125 0.0857503359375 0.439509246875 0.09783644531249999 0.44823733906249996 0.10128826718749999 0.4783542859375 0.103136496875 0.48911350000000003 0.093150984375 0.49502935312499996 0.07416215625 0.48766560937500003 0.058683621875 0.4668921265625 0.0496063546875 0.450307359375 0.0474202171875
0 0.7254757890625 0.175872396875 0.7082246875 0.190573334375 0.7068564109375 0.2126449421875 0.7146776765625 0.22628862187499998 0.73456739375 0.234656009375 0.74770136875 0.23598406718749998 0.7621089171875 0.23031881250000003 0.7743549953125 0.214369984375 0.7652715031249999 0.1892052390625 0.7526267421874999 0.1806929609375 0.7254757890625 0.175872396875
0 0.6648603671875 0.22945926249999998 0.651336296875 0.236319259375 0.6481853 0.25843360312499997 0.6582152390625 0.275064178125 0.6734725453125 0.28249793749999996 0.6983855703125 0.2821563078125 0.714066921875 0.26901293437499996 0.7129662796875 0.249736428125 0.7042615359375 0.234897990625 0.6837010390625 0.22733550624999999 0.6648603671875 0.22945926249999998
0 0.769755115625 0.13331674375 0.7589801406250001 0.1457344859375 0.755320259375 0.1604134671875 0.7633702328124999 0.173139690625 0.7806313968749999 0.185808840625 0.8053903890624999 0.1870271515625 0.8195178046875 0.1730090734375 0.824045403125 0.161957078125 0.8139483359374999 0.138488540625 0.7929461109375 0.1303287140625 0.769755115625 0.13331674375
0 0.56525301875 0.21436903906250002 0.5617589046875 0.2378595453125 0.578919746875 0.25431909531249997 0.6046827968749999 0.2626043546875 0.61967765625 0.25668541718750004 0.6341639015625 0.23885896718750002 0.62974231875 0.21631826406250002 0.6055492921875001 0.2020032703125 0.5773690015625 0.20131116875 0.56525301875 0.21436903906250002
0 0.7777996140625001 0.319009659375 0.7622168625 0.334126575 0.7640037296875 0.3506508015625 0.7702552546875 0.3658520125 0.788476921875 0.37331864375 0.8191418968749999 0.36878343125 0.8257124578124999 0.35190673437500003 0.8233851859374999 0.33281159531250004 0.8038697906250001 0.318688434375 0.7777996140625001 0.319009659375
0 0.7307239812499999 0.36330429375 0.707288475 0.369642015625 0.7033998515625 0.38523843125 0.7032896656250001 0.4022641328125 0.71403736875 0.41127787031249996 0.730459228125 0.4190161671875 0.7541090390625 0.4163965375 0.76362593125 0.409024690625 0.7694630499999999 0.4021970515625 0.7734187859375 0.3934386546875 0.7596418953125 0.3705143390625 0.7307239812499999 0.36330429375
0 0.8576355171875001 0.342325625 0.8437053515624999 0.3602907578125 0.8445772546875 0.38048471093749997 0.8570874484375001 0.3908043921875 0.8755580281249999 0.396004834375 0.9009892374999999 0.39113915781249997 0.9094054703125 0.3644907828125 0.902467709375 0.352041834375 0.87927253125 0.3384628796875 0.8576355171875001 0.342325625
0 0.8763910171875 0.41543336093749994 0.8707197140625 0.4310725203125 0.8676159218749999 0.44589015156249995 0.8782334875 0.4577948703125 0.9065952906250001 0.4648662625 0.9290643968750001 0.45292801406249994 0.938790125 0.43050399375000004 0.9220868046874999 0.412209575 0.8973890593749999 0.40702619687499997 0.8763910171875 0.41543336093749994
0 0.7823133671875 0.40659419999999996 0.786537696875 0.425187865625 0.8120559625 0.4412949609375 0.8345723875 0.44113517187499995 0.8491141390625 0.4300707859375 0.8545882046875001 0.410484528125 0.8454260015624999 0.397481025 0.8198919625000001 0.38380617968749997 0.801165634375 0.3854711796875 0.7823133671875 0.40659419999999996
0 0.6274354046874999 0.16984683125 0.6179541765625001 0.18892119062499999 0.63621145 0.208090253125 0.6468648875 0.2133377921875 0.6810908890625 0.210509759375 0.6952183 0.1964916984375 0.6837130765625 0.1668252390625 0.6620403921875 0.158985471875 0.6410896046875 0.16009588749999998 0.6274354046874999 0.16984683125
0 0.7273752234375 0.27126038124999996 0.7310434640625 0.289715365625 0.7651857093750001 0.303719175 0.78935250625 0.2998683359375 0.8036414984375 0.2780948484375 0.7909611015625 0.257880096875 0.7676357578124999 0.24719208125 0.739096665625 0.250308375 0.7273752234375 0.27126038124999996
0 0.8161876593749999 0.284633565625 0.8137228828125 0.3039956265625 0.8284744609375 0.321692734375 0.857920234375 0.3257344328125 0.882172065625 0.313753425 0.881706265625 0.2824543015625 0.8599663765625 0.26777654375000004 0.8314430125 0.268460584375 0.8161876593749999 0.284633565625
0 0.5354362671875 0.16688546875000002 0.5442239765625 0.18612966250000001 0.5838336234375 0.194331484375 0.602726090625 0.18366270468749998 0.604946384375 0.167650378125 0.5957170031250001 0.1478087828125 0.5596839546875 0.1383374828125 0.5356923953125 0.1445365703125 0.5354362671875 0.16688546875000002
0 0.9035761578124999 0.294241146875 0.891854759375 0.315193128125 0.8935114890625 0.3346083296875 0.9151834125 0.34166627968749996 0.9474545609374999 0.348057846875 0.9622524562500001 0.3337197078125 0.9606429203125 0.30700777343749996 0.946558546875 0.2971621109375 0.9180981203125 0.28811716718749997 0.9035761578124999 0.294241146875
0 0.7887639375 0.23589395156249998 0.8084765812500001 0.25396420000000003 0.8317347390625001 0.25781414687500004 0.8413660015625 0.2499835859375 0.8521252125000001 0.23999809062500002 0.8493719859375 0.2178733390625 0.8283183765625 0.2004432296875 0.810834390625 0.1994946265625 0.785568946875 0.21317184218750002 0.7887639375 0.23589395156249998
0 0.8690846296875 0.2359435875 0.87206664375 0.25715088124999996 0.8815562218749999 0.2712105375 0.9008287968750001 0.27665810625 0.9270904124999999 0.2757421875 0.9359682890625001 0.263825909375 0.9384488296875 0.24203161718750002 0.9148433812500001 0.222990803125 0.885649471875 0.2239949203125 0.8690846296875 0.2359435875
0 0.671423009375 0.137937596875 0.6803250109375 0.156723075 0.7058904890625 0.1655334421875 0.7385668984375 0.160038021875 0.74740915 0.136419240625 0.7389016953125 0.1255278828125 0.7155921453125 0.112407646875 0.685353165625 0.1199724796875 0.671423009375 0.137937596875
0 0.86885076875 0.1515937765625 0.8418498484375 0.1580170234375 0.8345930703125 0.177645984375 0.8417280734375 0.19404197031249998 0.8669189890625001 0.20909298281250002 0.891206446875 0.2088144734375 0.9021471906249999 0.20520827343749998 0.9092424203125 0.1933347671875 0.9063747796875001 0.1716687359375 0.8919945468750001 0.1559024875 0.86885076875 0.1515937765625
0 0.9485722624999999 0.17536845 0.9328237453125 0.1816738265625 0.9246006015624999 0.19570229374999998 0.9274996921875 0.21250382499999998 0.9395725968749999 0.22330968750000002 0.9502779265625 0.22755799375 0.9788594390625001 0.2292071234375 0.989946040625 0.220277703125 0.994422265625 0.1999554578125 0.9866167406249999 0.1838795390625 0.96783900625 0.176274315625 0.9485722624999999 0.17536845
0 0.5866019125 0.1275084625 0.6113528984375 0.14524839375 0.6420990015625 0.14183267500000002 0.6530040765625 0.126523959375 0.6471272015625 0.1050820921875 0.6268426953125 0.0893054578125 0.5942647828125 0.096774365625 0.5866019125 0.1275084625
0 0.513648296875 0.09080421562499999 0.5154352078125 0.1073284328125 0.5318111421875 0.1245667453125 0.5473098703125 0.12763525 0.57194583125 0.11995643593750001 0.581214046875 0.099367253125 0.569287 0.083238190625 0.5459774515625 0.0701179546875 0.5252238796875 0.075175428125 0.513648296875 0.09080421562499999
0 0.6448870078125 0.655488771875 0.6174012140625 0.6477141140625 0.596744678125 0.6484011984375 0.5807538546875 0.666227428125 0.58182103125 0.6858488359375 0.5939525609375 0.699933759375 0.6184276265624999 0.7087126828125 0.6345146796875001 0.706053071875 0.646300203125 0.6976241078125 0.652701425 0.6853948671875 0.654160996875 0.6660961875 0.6448870078125 0.655488771875