0 0.1542566359375 0.10632897187499998 0.16737355625 0.102655378125 0.17772811093750002 0.0863129171875 0.18021280625 0.0707655484375 0.1746998140625 0.0570543984375 0.16276280468749998 0.046429518749999996 0.146696896875 0.04833191875 0.137194575 0.0577334828125 0.1340604453125 0.059814596875 0.132242834375 0.0722733875 0.13018425625000002 0.08435031093749999 0.136633228125 0.0974718328125 0.1542566359375 0.10632897187499998
0 0.19630505625 0.1460149921875 0.21223139062500002 0.13352715312500002 0.2184879203125 0.11773835156250001 0.2151304671875 0.1028827609375 0.2089650796875 0.089796059375 0.198798628125 0.08819549843749999 0.18944032187499998 0.08704644375000001 0.1763219234375 0.0977653953125 0.170534121875 0.1097367046875 0.171750728125 0.1232726 0.1822536359375 0.1432328625 0.19630505625 0.1460149921875
0 0.22472392812500003 0.064605690625 0.215531628125 0.08320451875 0.22743628437500002 0.112848365625 0.2463086515625 0.11622243437499999 0.2630578265625 0.1017219671875 0.2661258703125 0.0767347484375 0.25726716562499996 0.05979458125 0.236196646875 0.0579120015625 0.22472392812500003 0.064605690625
0 0.24701539375 0.1268775140625 0.23141821562499998 0.1249624203125 0.2217322296875 0.131170940625 0.211392371875 0.1450492671875 0.2122401703125 0.1592444328125 0.22115470781250002 0.18041877343749999 0.2431185921875 0.182058771875 0.256010715625 0.168493825 0.25984281249999996 0.15135050781249998 0.24701539375 0.1268775140625
0 0.1724545140625 0.1480183890625 0.1689133984375 0.1299697578125 0.151517746875 0.11691325781249999 0.14007442187500002 0.11867868749999999 0.132714428125 0.12235459062500001 0.1248416125 0.13724038593750001 0.12485187187499999 0.1559123109375 0.13444819531250002 0.1715339375 0.1547384859375 0.175082103125 0.167545384375 0.162211246875 0.1724545140625 0.1480183890625
0 0.21362574374999999 0.17843750625000002 0.20743243906250003 0.163233715625 0.1956085703125 0.1540318375 0.1795852734375 0.15558719375000002 0.16916019375 0.1701596109375 0.1627890484375 0.1915707640625 0.17539166875 0.2061524109375 0.1867762046875 0.2142435140625 0.200319240625 0.20709947187500002 0.21172291250000003 0.19159038125 0.21362574374999999 0.17843750625000002
0 0.136374503125 0.1816342078125 0.1296669015625 0.1846856640625 0.11805165 0.194884621875 0.11573592031249999 0.2160891703125 0.12776989218749998 0.23764652968750002 0.1463586734375 0.2409857765625 0.16255537656250002 0.2239515359375 0.16644330000000002 0.21104239374999997 0.15452394687499998 0.1838626796875 0.136374503125 0.1816342078125
0 0.15835594687500001 0.23470876718749997 0.1554172203125 0.251609496875 0.16869866718749998 0.274729134375 0.186848115625 0.27695760625 0.2017679421875 0.26328935468750003 0.20489181875 0.24253631250000002 0.1950133875 0.2198345125 0.17463787343749998 0.2169804390625 0.15835594687500001 0.23470876718749997
0 0.23374410937499998 0.1904192015625 0.223264678125 0.19371208906249998 0.2079907375 0.205575475 0.2061290375 0.2254266640625 0.2154829078125 0.2477117796875 0.2361846171875 0.2502536296875 0.25083556093750004 0.23408642500000001 0.2534907046875 0.21715087500000002 0.2512529 0.204898696875 0.23374410937499998 0.1904192015625
0 0.28455594375 0.09308874375000001 0.273140534375 0.0969712609375 0.26048938593750004 0.110918071875 0.258527765625 0.13392747968750002 0.2694567921875 0.1504172953125 0.28930774531250003 0.1528546859375 0.3028654796875 0.1432465125 0.30710899999999997 0.1250968828125 0.2959698734375 0.0962515828125 0.28455594375 0.09308874375000001
0 0.33919534218749997 0.0677404359375 0.321811428125 0.066310515625 0.3098831984375 0.0814029171875 0.3071281328125 0.1014966890625 0.3135491890625 0.1125011234375 0.320778390625 0.12395705937499998 0.3358084 0.12580251250000002 0.33966545312499996 0.1248669921875 0.34962180468750004 0.1141120703125 0.3564028890625 0.0987399515625 0.3527060265625 0.079615365625 0.33919534218749997 0.0677404359375
0 0.3178558375 0.1313483046875 0.307034034375 0.1444628984375 0.3050180671875 0.15619277812500001 0.3031710640625 0.1735798328125 0.3139590359375 0.1865295625 0.33441977343749996 0.18868955 0.34650375312500004 0.1746730953125 0.34927351406249996 0.1521151953125 0.33991816406250003 0.13687543124999998 0.333666075 0.131528175 0.3178558375 0.1313483046875
0 0.2813658859375 0.15892508593750002 0.2680079921875 0.162216815625 0.25420780625 0.17848848281250002 0.252687 0.19556331093749998 0.26209817968750004 0.215037246875 0.2766594609375 0.22070019218749998 0.2905713046875 0.21289688125 0.2998767421875 0.1957210546875 0.2972157765625 0.172848615625 0.2813658859375 0.15892508593750002
0 0.340695340625 0.2172899546875 0.332800528125 0.201877246875 0.3274697203125 0.19840449375 0.31146111875 0.1974957125 0.2967396515625 0.21189287499999998 0.2944944453125 0.2348674640625 0.30508257968749997 0.2541336390625 0.32469255937499997 0.2561891625 0.3388615546875 0.2392582328125 0.340695340625 0.2172899546875
0 0.3673774875 0.1007920140625 0.3505283890625 0.11845070625000001 0.3476601875 0.1371214796875 0.3591975125 0.16037924374999998 0.380722065625 0.16090846406249998 0.39557136718749997 0.14547016875000002 0.3950806421875 0.1189891578125 0.38262055625 0.10090224375000001 0.3673774875 0.1007920140625
0 0.37813892656250003 0.17256870625 0.356784821875 0.1706513046875 0.3438647828125 0.1820991609375 0.338657371875 0.19872133125 0.3517536796875 0.2256932828125 0.374114290625 0.2287910953125 0.39235487343750003 0.20214406718750003 0.3851139375 0.1790615546875 0.37813892656250003 0.17256870625
0 0.38384870625 0.2620435203125 0.37506200624999997 0.23982804375 0.3707950109375 0.23472452187499998 0.354347078125 0.23270496875000002 0.3359096078125 0.251577740625 0.3327725171875 0.267749559375 0.3489456453125 0.2954515765625 0.360203828125 0.2975384578125 0.381931178125 0.27766052812500003 0.38384870625 0.2620435203125
0 0.3104692140625 0.26184056875 0.30089636875000003 0.269472090625 0.2887844734375 0.2813714515625 0.2856047703125 0.2978903171875 0.29895674687499996 0.32277999999999996 0.3188077046875 0.325217390625 0.335827246875 0.306170521875 0.3375596296875 0.294405825 0.3257828078125 0.2637208421875 0.3104692140625 0.26184056875
0 0.262634475 0.22708050625 0.24670666093750002 0.24661369843749997 0.244023603125 0.2614321640625 0.258183721875 0.28677335 0.2750283796875 0.2902507171875 0.29428868750000003 0.2693653203125 0.2962914375 0.2530542234375 0.2820460953125 0.2284071265625 0.262634475 0.22708050625
0 0.19968144999999998 0.2732491921875 0.197026303125 0.2901847421875 0.2101093921875 0.3125754703125 0.2288260078125 0.3148735828125 0.245178459375 0.2989152953125 0.2467977046875 0.2857275984375 0.2367782234375 0.2594857109375 0.21583553906250003 0.25656199687500003 0.19968144999999998 0.2732491921875
0 0.111614321875 0.26137907656250003 0.1095395625 0.2829654875 0.12272257187499999 0.30219799375 0.1378657203125 0.3054664484375 0.1541755625 0.2898552046875 0.158078184375 0.27448193593750003 0.1493487953125 0.24945527812499999 0.1252440625 0.24649558906250002 0.111614321875 0.26137907656250003
0 0.169533246875 0.28434308124999996 0.15176286875 0.300127265625 0.1495191453125 0.316056503125 0.16145319375 0.34077208593749997 0.1790354703125 0.3429309171875 0.194778140625 0.3272500390625 0.19798575937500001 0.31284826093749996 0.19087265625 0.28872461562499996 0.169533246875 0.28434308124999996
0 0.1223948984375 0.309555571875 0.1128940546875 0.311911784375 0.1044834640625 0.32179967187499997 0.10208251093750001 0.3436983078125 0.11444267968749999 0.3649434421875 0.1299120234375 0.367899671875 0.14816435 0.3528792125 0.1512309125 0.33493735 0.1417212953125 0.3115762796875 0.1223948984375 0.309555571875
0 0.19152199375 0.370180271875 0.1831173203125 0.351886746875 0.17985683125000002 0.347963640625 0.1612533546875 0.34708852968750004 0.1449435109375 0.3626997703125 0.1415933640625 0.38060681406249997 0.15633535 0.4035535078125 0.1724144734375 0.4062323296875 0.1888947640625 0.389232909375 0.19152199375 0.370180271875
0 0.1137888046875 0.37261324687499997 0.1070385921875 0.3760117453125 0.09699701875 0.387460759375 0.0952337609375 0.411199075 0.10810527031249999 0.428279675 0.126864496875 0.43023074218749996 0.141799025 0.4140983578125 0.1439722234375 0.396399078125 0.1336397625 0.3750506375 0.1137888046875 0.37261324687499997
0 0.15341279531250002 0.410944753125 0.135188384375 0.4280822984375 0.133441303125 0.44231112968749997 0.14692111562500001 0.4661596765625 0.1647443625 0.46870037187499997 0.1809689828125 0.4537832203125 0.18207984531250002 0.430669353125 0.1756881828125 0.41473665625 0.15341279531250002 0.410944753125
0 0.20606571406250002 0.3244086578125 0.1920245546875 0.34029845625 0.19115614375 0.3567488359375 0.20242458437500002 0.377507646875 0.22264434843749997 0.3792857703125 0.23652975937499998 0.362320015625 0.23781107031249998 0.3378179671875 0.229632671875 0.3223704390625 0.2108308328125 0.32076641875 0.20606571406250002 0.3244086578125
0 0.26561276093749997 0.2919128421875 0.253587571875 0.296072759375 0.24278046406249998 0.306723225 0.23887636250000002 0.32914184999999996 0.25059883437499997 0.34854730156249997 0.27232174531250003 0.349805434375 0.28453355937499997 0.3347478484375 0.2873312390625 0.31430703125 0.27767908750000003 0.294451228125 0.26561276093749997 0.2919128421875
0 0.2974521203125 0.3303453421875 0.28101444375 0.34699771875 0.27742331875000004 0.364522896875 0.289896625 0.38719103125 0.30937877343750003 0.39028769375 0.3257033125 0.37221231875 0.32946488125 0.3532989609375 0.319047196875 0.332644609375 0.2974521203125 0.3303453421875
0 0.2547659078125 0.3568090421875 0.24347833125 0.35965042343750003 0.2316206296875 0.3765128734375 0.230822746875 0.3947332953125 0.2446008375 0.41615253281250003 0.2647074640625 0.41650765468750006 0.2793451890625 0.39575922812500003 0.2796596484375 0.383820428125 0.2696254703125 0.3600426765625 0.2547659078125 0.3568090421875
0 0.3220210453125 0.418613 0.3130065921875 0.4005968796875 0.3083707890625 0.39615263437500003 0.2927736078125 0.3942375421875 0.273627915625 0.4095005828125 0.2714268046875 0.425082771875 0.28323301875 0.45083949062500006 0.30024812343749996 0.4529286828125 0.319052921875 0.4404419984375 0.3220210453125 0.418613
0 0.2485989453125 0.41875709843750003 0.23916862968750002 0.42288335000000005 0.224730746875 0.4373153328125 0.22162157031250002 0.45560424218750006 0.23612258437500003 0.478169071875 0.2525705171875 0.480188625 0.2711637375 0.46239180781250006 0.2740451578125 0.44830225468749996 0.26341589375 0.4223377734375 0.2485989453125 0.41875709843750003
0 0.1832024484375 0.419182059375 0.195775671875 0.43869197031249996 0.21209577343750002 0.44175265937499997 0.22951204062500002 0.42416360781250007 0.23165732499999997 0.4043472421875 0.22163636250000002 0.38515070625000003 0.19899216875 0.38201807187500003 0.1868508796875 0.3988457015625 0.1832024484375 0.419182059375
0 0.0892975140625 0.45485706718749996 0.0876620890625 0.47755425156250003 0.0972451953125 0.488594659375 0.1028022796875 0.4949134078125 0.1187403546875 0.4940521453125 0.133760103125 0.47722567031249996 0.1358054671875 0.4605675265625 0.12378619375 0.43654603124999997 0.108061178125 0.435672075 0.09780802499999999 0.4418109546875 0.0892975140625 0.45485706718749996
0 0.21168269999999997 0.44980372031250004 0.193533275 0.44757525156250005 0.18756330000000002 0.4493081671875 0.17587605625 0.4647824171875 0.1742700296875 0.48255131249999994 0.1869563796875 0.5034842 0.20312070937499999 0.5054689296875 0.22260727187499998 0.48742955312499997 0.22443957343749998 0.472506646875 0.21168269999999997 0.44980372031250004
0 0.142169125 0.4743825046875 0.128000146875 0.49131341562499997 0.12604000937499998 0.5072774515625 0.1369822375 0.5283484640625 0.15820848125 0.5313069953125 0.1717955921875 0.516770571875 0.176209553125 0.49723278593750003 0.1653804625 0.47758477499999996 0.142169125 0.4743825046875
0 0.105169353125 0.49907843906249993 0.0955979984375 0.4996646046875 0.091470584375 0.5051465203125 0.0810176 0.51760183125 0.080006659375 0.537557453125 0.0927224015625 0.5535620796875 0.112076690625 0.5576998671875 0.125663803125 0.5431634453124999 0.12992201406249998 0.52254970625 0.1186388890625 0.5042550515625 0.105169353125 0.49907843906249993
0 0.18105545 0.5140324984375 0.17112702500000002 0.52690449375 0.1681309875 0.5466163796875 0.17869119375 0.56376544375 0.201207525 0.5679392062499999 0.21391596875 0.5511812390624999 0.21540885625 0.5319893437500001 0.206068215625 0.5142854703124999 0.1861467578125 0.5100780421875 0.18105545 0.5140324984375
0 0.21720150781249997 0.5033227953125 0.2156248765625 0.5161634328125 0.23079148124999999 0.542685 0.249224490625 0.5449482890625 0.2624148796875 0.5289540500000001 0.2648026140625 0.502474225 0.257829090625 0.4889360390625 0.22996725625 0.48375365 0.21720150781249997 0.5033227953125
0 0.2576982 0.5720571796875 0.2534767828125 0.55251593125 0.230280140625 0.5468495328125 0.21662250312500003 0.559615915625 0.212808065625 0.5602043906249999 0.20866447500000002 0.575195778125 0.2135382859375 0.5941125796875 0.224241021875 0.6077563796875001 0.240959303125 0.6052295359375 0.25485791562500004 0.5928450171875 0.2576982 0.5720571796875
0 0.20167329843749998 0.5782124125 0.1767604484375 0.5748012234375001 0.1701939078125 0.58139275625 0.1625914703125 0.591732134375 0.1609854453125 0.609501034375 0.173388209375 0.6303990984375 0.1912819640625 0.6347098359375 0.20430190625 0.6201037703125001 0.2098781171875 0.6028223515625 0.20167329843749998 0.5782124125
0 0.12166274375 0.5546495734375 0.11902229843750001 0.5691209749999999 0.130389165625 0.5937668859375 0.1533595296875 0.5965872921875001 0.16527305 0.5839590359375 0.1676313890625 0.5624074703125 0.160192096875 0.5385960796875 0.1365267265625 0.536747165625 0.12166274375 0.5546495734375
0 0.075319375 0.575732321875 0.0716283328125 0.5964157 0.0844131234375 0.621235715625 0.10199537968750001 0.6233945453125 0.120390215625 0.6048688421875 0.1226912453125 0.5861284515625 0.1122309625 0.56582116875 0.08694930625 0.5630692484375001 0.075319375 0.575732321875
0 0.1447534515625 0.6596448921875 0.158212728125 0.6461496015625 0.16048584375 0.625292125 0.15610719687500002 0.6117202703125 0.15667436562499998 0.611789909375 0.1415753265625 0.6011290734375 0.13008940468750002 0.603241540625 0.11397794375 0.6195816734374999 0.111776834375 0.6351638453125 0.12712858437500002 0.65783310625 0.1447534515625 0.6596448921875
0 0.1160981734375 0.6515468734375001 0.10181023593750001 0.6272468499999999 0.088878475 0.627068134375 0.07698113281249999 0.63018691875 0.07017361875 0.6363965874999999 0.06693809218749999 0.6486812625 0.066664765625 0.6673183453125 0.0830950234375 0.6858927140625 0.095005584375 0.6873551484375 0.11259227812499999 0.6683779421875 0.1160981734375 0.6515468734375001
0 0.125184625 0.6642876703125 0.10823710625 0.678059209375 0.10366739843749999 0.696521040625 0.1154030703125 0.7205076859374999 0.1370686515625 0.7245769921874999 0.1527554734375 0.7046619578125 0.15492866875 0.6869626984375 0.1459568359375 0.6685995578124999 0.125184625 0.6642876703125
0 0.3437245515625 0.307491915625 0.3304915578125 0.3238331921875 0.32732655624999996 0.3378879015625 0.341473434375 0.35864783437500003 0.35901306875 0.36115370625 0.372231365625 0.3472765578125 0.3770009125 0.3224983 0.36598668437500004 0.3067026 0.3477241296875 0.3030511359375 0.3437245515625 0.307491915625
0 0.3601738421875 0.3704554109375 0.3386214125 0.36780910625 0.322098540625 0.385155540625 0.3196285421875 0.39823875625 0.330428234375 0.42281501875 0.350959465625 0.4267450421875 0.365397325 0.412313084375 0.3678276671875 0.3854862296875 0.3601738421875 0.3704554109375
0 0.361416784375 0.46114299843750006 0.3585706796875 0.442122903125 0.3543610015625 0.43420822187499997 0.3315890078125 0.43211672500000003 0.315307109375 0.449845025 0.312255246875 0.46532272968750005 0.3249415890625 0.48625560625 0.342310778125 0.49014965468750005 0.359371425 0.477801115625 0.361416784375 0.46114299843750006
0 0.3231386828125 0.49625024375000004 0.309622103125 0.512556703125 0.30705070624999997 0.535843478125 0.3213401171875 0.5530981484375 0.3394895328125 0.5553266156250001 0.3545239546875 0.536036040625 0.3520334390625 0.5117754640625 0.343273190625 0.4987224515625 0.3231386828125 0.49625024375000004
0 0.28117407656250004 0.462915546875 0.266708303125 0.47523041875 0.2665907265625 0.4949434484375 0.27855415156249996 0.5147307328124999 0.2981787984375 0.5143221265625 0.31050373124999997 0.5006875625 0.3137833484375 0.4810105078125 0.3033509859375 0.46282031874999996 0.2831885640625 0.458231028125 0.28117407656250004 0.462915546875
0 0.30730341875 0.5478518953125 0.303959190625 0.53757754375 0.295241553125 0.5241774859375 0.2731498671875 0.5235786265625 0.260413515625 0.5382195015625 0.2576452375 0.553732028125 0.2702316609375 0.5778231203125 0.28849421406250003 0.581474584375 0.302251765625 0.565549990625 0.30730341875 0.5478518953125
0 0.317255315625 0.558233015625 0.29949818437500003 0.5785983890625 0.297126628125 0.59556873125 0.31086208593750003 0.6173349734375 0.329578671875 0.61963308125 0.346570271875 0.5984691609375 0.3479632390625 0.5824354921875 0.3384389390625 0.561538590625 0.317255315625 0.558233015625
0 0.3645493375 0.5340965171875001 0.3499557265625 0.547452521875 0.3463646109375 0.564977671875 0.35681019062499997 0.587749075 0.3760366359375 0.5929279953125 0.3957362484375 0.5731534046875 0.397922659375 0.56003536875 0.3903834515625 0.5393822046875 0.3645493375 0.5340965171875001
0 0.3829102359375 0.60962439375 0.3726468390625 0.5970913703125 0.353476221875 0.5961466203125 0.3424986875 0.608185240625 0.33884878125 0.63556690625 0.3549954484375 0.654106446875 0.3711171609375 0.6564382203125 0.3845206015625 0.6387087671875 0.386851025 0.615040128125 0.3829102359375 0.60962439375
0 0.3421180453125 0.6652072421875 0.3331535171875 0.6796066875 0.3318163796875 0.699874525 0.34634676249999996 0.717511059375 0.3659141 0.7199136265625 0.3789913453125 0.7024963984375 0.381292375 0.683756015625 0.372887715625 0.665462521875 0.345181646875 0.6613560921875 0.3421180453125 0.6652072421875
0 0.34050471875 0.6502135531250001 0.3314770609375 0.6276162484375 0.32691179375 0.6249420484375 0.30925902031249997 0.6210131796875 0.2931754828125 0.6394703875000001 0.290407203125 0.6549829125 0.3002856171875 0.6776846734374999 0.32325596874999996 0.680505078125 0.33922636875 0.6606248765625 0.34050471875 0.6502135531250001
0 0.2680320296875 0.58635994375 0.2549841796875 0.598848915625 0.2495637203125 0.6172062796875 0.26049124687499997 0.640741409375 0.279561940625 0.6448443765625 0.29760265625 0.624513825 0.2994349578125 0.6095909265625 0.2909450765625 0.591991521875 0.2680320296875 0.58635994375
0 0.22579992031249999 0.6114702421875 0.2158303671875 0.617643934375 0.20292504843749998 0.626627646875 0.200496184375 0.646409159375 0.214274253125 0.667828359375 0.23107627343749998 0.67165276875 0.245273159375 0.656838946875 0.249275696875 0.6383074843750001 0.24210529531249997 0.6169950515625 0.22579992031249999 0.6114702421875
0 0.170237853125 0.6419893515624999 0.15574268593750001 0.65923248125 0.15622019375 0.6811322343749999 0.1679867359375 0.6931452703125001 0.1889719984375 0.6957219359375 0.199667428125 0.6766031515625001 0.20151442656250002 0.6592161265625001 0.19140825781249998 0.6407137125 0.1727768984375 0.6377215171875 0.170237853125 0.6419893515624999
0 0.1908116 0.71356161875 0.18029253437499998 0.703110859375 0.1630790953125 0.7002927624999999 0.1495772125 0.7141350906249999 0.14582886718750002 0.73762963125 0.1583168484375 0.7578335984375 0.1801675609375 0.7580505953125 0.1932448046875 0.7406333671875001 0.1930361859375 0.7212325609375 0.1908116 0.71356161875
0 0.215775921875 0.6743537125 0.20129545000000001 0.6891327125 0.195253471875 0.6961409265625 0.1934358671875 0.7085996953125 0.2066041546875 0.7302962984375 0.2222718359375 0.733981428125 0.24004218437499997 0.71819726875 0.24187596562499997 0.69622903125 0.23222382968750002 0.6763732609375 0.215775921875 0.6743537125
0 0.244902871875 0.6645435562500001 0.24305587499999998 0.681930584375 0.25398339999999997 0.7054657125 0.27204759375 0.70838826875 0.2870805359375 0.6961430359375 0.2893110390625 0.6756326140625 0.28501909687500004 0.6543213359375 0.2577949734375 0.650978634375 0.244902871875 0.6645435562500001
0 0.28502195937499997 0.708219940625 0.2837142140625 0.7235595203125 0.29617428281249997 0.7416464031250001 0.3162235671875 0.7448126984375001 0.328746859375 0.7319070437499999 0.3327934890625 0.7059831953125 0.3222185921875 0.691298265625 0.296043584375 0.6887889328125001 0.28502195937499997 0.708219940625
0 0.23684926874999998 0.7301348953125 0.23342859843750002 0.74627186875 0.246710025 0.7693914687500001 0.26400868593750004 0.7715154765625 0.282077315625 0.7533020078125 0.284988128125 0.7342842234375 0.27293947812499997 0.715191025 0.25053629375 0.712440259375 0.23684926874999998 0.7301348953125
0 0.2755078203125 0.7739842218749999 0.2766392015625 0.788214184375 0.2908007765625 0.8065099859375 0.30984355625000004 0.8084958703125 0.321616015625 0.7923275390625 0.3239170453125 0.77358715625 0.317951509375 0.75418404375 0.2925141171875 0.750356171875 0.2755078203125 0.7739842218749999
0 0.340531059375 0.727365265625 0.3271849265625 0.742283546875 0.32603145312500004 0.7657444203125 0.33757024062499996 0.7819568046875001 0.3559180171875 0.7849141796875 0.37024273750000003 0.7690592265625 0.372756825 0.748583625 0.36083601249999997 0.728449296875 0.342616071875 0.7244507890625 0.340531059375 0.727365265625
0 0.362026084375 0.8008120328125001 0.3492530390625 0.7876185859375 0.3345918609375 0.7851138671875 0.32025244218750004 0.80343295 0.3177515734375 0.8284897656249999 0.3333310703125 0.8469596656249999 0.34739716249999997 0.8472776609375 0.3622743578125 0.8339564749999999 0.36585225625 0.8118501124999999 0.362026084375 0.8008120328125001
0 0.27040467968750004 0.8343014109375 0.2668282609375 0.8493624328125 0.2811735 0.8708512718750001 0.2982164921875 0.8750575453125 0.3142280234375 0.8618756390625 0.316671584375 0.8396299968750001 0.3087209578125 0.8199831453125 0.284531040625 0.81771755 0.27040467968750004 0.8343014109375
0 0.2290366390625 0.79610809375 0.22701919375 0.8148832953125 0.236982828125 0.8368909718750001 0.2571026390625 0.8418273062500001 0.2766611984375 0.8185126359374999 0.2786624671875 0.8092469046874999 0.2672250796875 0.7828309625000001 0.2425532171875 0.7798016375 0.2290366390625 0.79610809375
0 0.18921435312499998 0.7570477453125 0.18716899375 0.7737058625000001 0.1971326296875 0.7957135359375 0.2195211171875 0.8009284296875 0.2353210703125 0.782436403125 0.237876290625 0.7686590984375 0.22533247968749998 0.7442209625 0.2061339484375 0.7411591265624999 0.18921435312499998 0.7570477453125
0 0.144288928125 0.7783045859375 0.14001602500000002 0.8013824421875 0.15231886249999999 0.8254387140624999 0.1694191640625 0.8268338140625 0.184410975 0.8078902843750001 0.18832828906250001 0.7900529093750001 0.17576977968750002 0.7680789015625 0.1567696109375 0.765745975 0.144288928125 0.7783045859375
0 0.222273959375 0.813912640625 0.22191467031249998 0.8142565390625001 0.21688215312499998 0.80835448125 0.195982115625 0.8050837281250001 0.18223925937500002 0.8185441921875001 0.1790301671875 0.8399912875 0.190426421875 0.8597089328124999 0.212134603125 0.8634311890624999 0.2260479046875 0.8485825484375 0.2285766890625 0.8256428171874999 0.222273959375 0.813912640625
0 0.0978560171875 0.7532281515625 0.099767625 0.7657925328124999 0.11109335312499999 0.7837401374999999 0.1270446171875 0.7874600875 0.14142516875 0.7758393015625 0.1463372484375 0.747555784375 0.13881125625 0.731483834375 0.1145787296875 0.7295652828125 0.0978560171875 0.7532281515625
0 0.061510232812499996 0.702264996875 0.057917634375000006 0.7268354890625 0.066959990625 0.7469686640625001 0.08793055625 0.7520094578125 0.10465178906249999 0.7353919296875 0.10630042656250001 0.7172759984375 0.0993709984375 0.6963454296875 0.07515316718750001 0.6919627484374999 0.061510232812499996 0.702264996875
0 0.0891633359375 0.7560358625 0.06972383125 0.7525921624999999 0.053712300000000004 0.76577406875 0.050063873437499996 0.7861103921875 0.059970199999999994 0.8109292390625 0.07688535625000001 0.8161766437500001 0.094244284375 0.8013987968749999 0.0984466640625 0.7765508999999999 0.0891633359375 0.7560358625
0 0.09320690781249999 0.812191984375 0.0931877734375 0.8357921375 0.105719846875 0.8486037203125001 0.12240872656249999 0.8510051328125 0.137230090625 0.8334497781250001 0.1388228984375 0.8110996765625 0.13006265 0.7980466625 0.10815610625000001 0.793595496875 0.09320690781249999 0.812191984375
0 0.3558952265625 0.8524210468750001 0.3642494765625 0.8808181421875 0.391597340625 0.885786115625 0.401904225 0.8741710203125 0.4073842296875 0.8563279859374999 0.401944571875 0.8363391437500001 0.3875596296875 0.8249124265625 0.371227125 0.829347359375 0.3558952265625 0.8524210468750001
0 0.3658546359375 0.7980962171875 0.37605738125 0.8194749328125001 0.399436290625 0.8219429828125 0.41410333125000004 0.8016052968749999 0.415370940625 0.78324504375 0.4012630328125 0.7642044718750001 0.3831659953125 0.7615799156249999 0.36623073906250003 0.7816390984375 0.3658546359375 0.7980962171875
0 0.4072298234375 0.8200822703125 0.40981699843749997 0.8445511046874999 0.420572115625 0.8587522921874999 0.437665165625 0.8588384546875 0.45276871874999997 0.84298208125 0.45374588437499996 0.81895089375 0.444384265625 0.8041157703125 0.4238410484375 0.799983303125 0.4072298234375 0.8200822703125
0 0.3887686265625 0.6998773109374999 0.37373055312500003 0.712521571875 0.3722043984375 0.7276299234375 0.38358909531249996 0.7527764375 0.4045369265625 0.7589711828125 0.4184249453125 0.7449781578125 0.42278848125 0.7201552062500001 0.411774815625 0.702702115625 0.3887686265625 0.6998773109374999
0 0.45209394375 0.7386466828125 0.43845275156249996 0.7345566406249999 0.43360739375 0.7391944578125 0.4221991421875 0.7490642453125 0.4154398046875 0.7639325625 0.4198099953125 0.784595128125 0.43267215625000005 0.795029834375 0.44735092343750005 0.7960271203125 0.4601543640625 0.7774732109375 0.463755671875 0.7561793453125001 0.45209394375 0.7386466828125
0 0.47287395156249995 0.695310928125 0.45845880625 0.673414996875 0.46114843125 0.6729402015625 0.4453364046875 0.6677785734375 0.4230873796875 0.685575228125 0.42118850312499995 0.7010403359375 0.43035367343750003 0.7255118078125 0.4530190375 0.7311124 0.46753832187500005 0.720014521875 0.47287395156249995 0.695310928125
0 0.47232485 0.7640743375 0.49665905625000006 0.7694773203125 0.5155905703125 0.7331599484375 0.5030877140625 0.7090837 0.4838238296875 0.7079259484375 0.47363111562500004 0.7159323890625 0.46200962343749996 0.7382541015624999 0.47232485 0.7640743375
0 0.5023908515625 0.7870869140625001 0.4877473640625 0.772408296875 0.47060562812500006 0.772718671875 0.4556145546875 0.793016571875 0.454476221875 0.813002775 0.467612034375 0.8319239906250001 0.48593572656250006 0.8353814125 0.5025788484375 0.8177014796875 0.5039119390625 0.796129109375 0.5023908515625 0.7870869140625001
0 0.46063100468749996 0.8994951375 0.47647661875 0.89902561875 0.49358984218749996 0.880195846875 0.495424925 0.8598926703125 0.4778013671875 0.8400179140624999 0.4661362578125 0.83858561875 0.4510645984375 0.856861025 0.4472685375 0.87974105625 0.46063100468749996 0.8994951375
0 0.5082821296875 0.8167916749999999 0.4970182546875 0.8335220203124999 0.4973708 0.8520812031249999 0.5103773421875 0.8693764671875 0.5265788812500001 0.871365765625 0.5429785609375 0.8556685359375 0.5454952937499999 0.8298137875 0.5312732140625 0.8143818703125 0.512852146875 0.8117175296875001 0.5082821296875 0.8167916749999999
0 0.50443410625 0.7784823640625 0.5149440890625 0.8027164390625 0.53436914375 0.807919171875 0.5493266343750001 0.793252421875 0.5520700171875 0.7682305406250001 0.5434219437500001 0.750262871875 0.5230080015625 0.7477563546875 0.507466246875 0.7671815984375 0.50443410625 0.7784823640625
0 0.5124359187499999 0.7106340328125 0.523075175 0.7364940546875001 0.5400053640625 0.7405854203125 0.5565662109375 0.7289331734375 0.560053346875 0.7112479640625 0.5563648046874999 0.6850338218750001 0.5310098156249999 0.6799080234375 0.515872671875 0.7013955468749999 0.5124359187499999 0.7106340328125
0 0.603629571875 0.7447748171875 0.5935074140625 0.7254185953125 0.591548125 0.719945271875 0.5755732390625 0.718788840625 0.5576020953125 0.733890596875 0.5529481125 0.7530426171875 0.5600885109375 0.775252878125 0.5844714093750001 0.780259321875 0.5992341390625 0.7671787359375 0.603629571875 0.7447748171875
0 0.5561967609375 0.7908758125 0.545354296875 0.8068528609375001 0.5434554203124999 0.82231796875 0.5625530640624999 0.8435812828125 0.5789006734375 0.84438095625 0.5955437953125 0.826701021875 0.5963580984375 0.8066750328125 0.584891128125 0.7875562046875 0.564477184375 0.7850496875 0.5561967609375 0.7908758125
0 0.55785208125 0.8550796578125001 0.5456832875 0.8604283484374999 0.539298359375 0.8668897296875 0.5337528687499999 0.8879448812499999 0.5479732578125 0.911426978125 0.5634612578125 0.9165488203125 0.5824212828124999 0.8987508453125 0.584158990625 0.8792407531249999 0.5743776546875 0.8571087437499999 0.55785208125 0.8550796578125001
0 0.6091211953125 0.8259529999999999 0.5920415578125 0.8391516234375 0.5859000765625 0.843630296875 0.584098578125 0.8583023234375 0.5930857875 0.8815443859375 0.6119433640625 0.8886900375 0.632991953125 0.8779913359375 0.635589271875 0.8541590796874999 0.626456 0.8321066421875001 0.6091211953125 0.8259529999999999
0 0.6169769406250001 0.759294290625 0.6040946015624999 0.767775525 0.5972395765625 0.7753867421875 0.5943031249999999 0.7939446078125 0.609268953125 0.8167131937500001 0.62615045 0.8212010984375 0.6410273546874999 0.8045118546875001 0.6450181703125 0.780045659375 0.6316070140625001 0.7606881171875 0.6169769406250001 0.759294290625
0 0.5785836234375 0.6567679484375 0.564873571875 0.6719903828125 0.5611748859375 0.6940773328125001 0.5753314828125 0.7127213625000001 0.5937525515625001 0.71538570625 0.6075280875 0.69695115625 0.610059921875 0.6763310125 0.594526615625 0.6555053453124999 0.5831855359375 0.6541128359374999 0.5785836234375 0.6567679484375
0 0.6123594859375 0.7008546531250001 0.604147271875 0.7114714328125 0.6030937171875 0.7317740890625 0.61690118125 0.7482650328125 0.6342850671875 0.749694953125 0.6474886671875 0.7382819328125 0.65184679375 0.7145099874999999 0.6408898734374999 0.695903115625 0.6187702734375 0.6931871703125 0.6123594859375 0.7008546531250001
0 0.6616693765624999 0.73297758125 0.6489756375 0.7472714125000001 0.64607804375 0.7708704140625 0.6584955 0.789304340625 0.67943815 0.7922280515625 0.6896501546875 0.77939088125 0.69335736875 0.74919804375 0.68079738125 0.734269378125 0.6616693765624999 0.73297758125
0 0.69510296875 0.7420145781249999 0.7079024484375 0.76437045 0.72328654375 0.7680207593749999 0.74385160625 0.7458865 0.745031515625 0.7315880515625001 0.735464603125 0.71103819375 0.715997184375 0.7054774109374999 0.7000135671875001 0.7207764015625 0.69510296875 0.7420145781249999
0 0.693194221875 0.7833488 0.6856476171875 0.7979223453125 0.686338184375 0.8180868765625 0.7023437984374999 0.8330863374999999 0.7162820562500001 0.8344454640625001 0.7305788625 0.8164734250000001 0.732838759375 0.7910347468750001 0.719187046875 0.77561975625 0.70217196875 0.7735305671875 0.693194221875 0.7833488
0 0.6993507234375 0.838707528125 0.6840341953125 0.8509179421875 0.6790134171875 0.8566424390625 0.6771664187499999 0.8740294640625 0.6941197484375 0.9000658500000001 0.7083695046875 0.90357688125 0.7266938046875 0.8832811484375 0.7265424921875 0.8610691703125 0.7166493843749999 0.8408315375000001 0.6993507234375 0.838707528125
0 0.64635423125 0.806131940625 0.6364963375 0.820773971875 0.6357968953124999 0.8428814890625 0.651830425 0.859998034375 0.6656834593750001 0.8620512484375 0.68122774375 0.8456414859375 0.683771225 0.8202376265625 0.6728701328125 0.8058649234375 0.6529486828125 0.801657496875 0.64635423125 0.806131940625
0 0.6427101484375 0.8733215265625001 0.6293919296875 0.8903568921874999 0.6273024781250001 0.9144073953125 0.64676841875 0.9270135203125 0.6680240453125 0.9250437937499999 0.6786900828125 0.9108532671875 0.6783683234375 0.8900294671875001 0.6651853390625 0.8707969921875 0.6491062375000001 0.8681181734375001 0.6427101484375 0.8733215265625001
0 0.7188474375 0.9073293421875 0.72474096875 0.93200775625 0.746660728125 0.9410401343749999 0.7648704109375 0.9263667468750001 0.7695121234375 0.9026296234375 0.760328715625 0.8789563671874999 0.7424202734375001 0.8771097640625 0.73056406875 0.8869268421875001 0.7188474375 0.9073293421875
0 0.776979421875 0.8605687984375001 0.7704393203125 0.8763227562499999 0.7697839703125 0.8910378874999999 0.786043775 0.9110004249999999 0.8043915515625001 0.9139578 0.81995053125 0.895083909375 0.8202532515625001 0.8715185765625 0.807140790625 0.8540561421874999 0.7837590171875 0.8522420500000001 0.776979421875 0.8605687984375001
0 0.7276077843750001 0.8523930671875 0.7376008140625 0.869472484375 0.7589827984374999 0.8735069671875 0.7738452953125 0.8626499109375001 0.7783165609375 0.8403009609375 0.76747425625 0.81607174375 0.74790691875 0.8136691765625 0.732901890625 0.82803149375 0.7276077843750001 0.8523930671875
0 0.8025609234375001 0.7858567812499999 0.786365725 0.7958456515625 0.7784370953125 0.8064972499999999 0.7769442078125001 0.8256891359375 0.7904960015625 0.8442623421875 0.8109567046875 0.846422325 0.8251815078125 0.8337255890625 0.8296527734374999 0.811376640625 0.8191645796874999 0.7889522828125 0.8025609234375001 0.7858567812499999
0 0.8698042109375 0.8360340828125 0.8519119453125 0.8246780078124999 0.838157353125 0.8265119171875 0.8204134390625001 0.851458503125 0.826691953125 0.865968178125 0.8386847718749999 0.8808272046875001 0.8545228984375 0.8831241593750001 0.8715277171875 0.8665414515625001 0.8740991140625001 0.8432546765625 0.8698042109375 0.8360340828125
0 0.8928612671874999 0.8311150578125 0.87821035 0.8472822343749999 0.877312546875 0.8686608453125 0.88716304375 0.889245521875 0.9052272359375 0.8921680796875 0.9239893921875 0.8800284578124999 0.9259804015625 0.8520908296874999 0.9133645828124999 0.8329279953125001 0.8928612671874999 0.8311150578125
0 0.9154039296875001 0.9124405328125 0.8998229515625 0.9010159734375 0.8844520734374999 0.9019468749999999 0.8709354953125 0.9182533328125 0.869244246875 0.936716309375 0.8849089687499999 0.9544921234375 0.90427794375 0.95616578125 0.9190140859374999 0.9393045156250001 0.92087578125 0.9194533625 0.9154039296875001 0.9124405328125
0 0.8261335640624999 0.8916157765625 0.8169838921875 0.9098675281249999 0.8146828625 0.928607909375 0.8281215187500001 0.9457581203125001 0.8440022562499999 0.9477080296875 0.8623250765625 0.9344576375000001 0.8651374468749999 0.9115527265625 0.8555984484374999 0.893119953125 0.8312953953125 0.8894313609375001 0.8261335640624999 0.8916157765625
0 0.8785498609375001 0.7835619359375 0.86930914375 0.762699853125 0.8472042406250001 0.7575197796875 0.8339154171875001 0.7696268875000001 0.8364397640625001 0.76782318125 0.8284126921875 0.77458765625 0.8263379390625 0.79617403125 0.841973265625 0.8188781015625001 0.8590735671875 0.8202732015624999 0.8779209437500001 0.8074394937499999 0.8785498609375001 0.7835619359375
0 0.8066869531249999 0.719430921875 0.7907900375 0.726990484375 0.78647748125 0.7363247015625001 0.7846157859375 0.7561758546874999 0.7944236703125 0.7771075765625 0.8137353390625 0.7815924078125 0.8300877640625 0.76563415 0.8335510484374999 0.74915013125 0.8278411828125 0.7276647546875 0.8066869531249999 0.719430921875
0 0.750647378125 0.728050278125 0.76007471875 0.738014715625 0.779543615625 0.73653015625 0.7916995796874999 0.717238428125 0.793702328125 0.70092735625 0.78016523125 0.67989001875 0.7622141765625 0.6783904609375 0.747450121875 0.6931346406250001 0.7427804953125 0.71475468125 0.750647378125 0.728050278125
0 0.7500478562499999 0.7469995796875 0.7358494906249999 0.7688587421874999 0.7356187765625 0.787148775 0.748673928125 0.8074223828125 0.7653201984375 0.8101708390625 0.7835592734375 0.79056919375 0.77975075625 0.7629763031250001 0.769261084375 0.7475972859375 0.7500478562499999 0.7469995796875
0 0.676345346875 0.6650288843750001 0.6629154703125 0.6735959125 0.6538951125 0.6837611890625 0.6520775078125001 0.69621995625 0.6619691375000001 0.72350293125 0.68736391875 0.727677846875 0.7020295328125 0.7090465406249999 0.7045142265625 0.6934991953125 0.692835865625 0.6667013890625 0.676345346875 0.6650288843750001
0 0.7218247234375 0.6392604703125 0.7111601671875001 0.64640565625 0.70450840625 0.653691275 0.7005910921875 0.6715286484375 0.713248040625 0.6973897828125 0.7330563531250001 0.7001742125 0.749139890625 0.68171700625 0.7510721124999999 0.6636358921875 0.7391659953125 0.6410374359375 0.7218247234375 0.6392604703125
0 0.7750328890625 0.6091568921875 0.7606097265625 0.6211247203125 0.7514483171874999 0.6277499171875001 0.749317734375 0.645102121875 0.7636203609375001 0.6669380031250001 0.7843925656249999 0.6712498921875001 0.798915646875 0.6561238453125 0.800365921875 0.6372790046875 0.79116781875 0.616069878125 0.7750328890625 0.6091568921875
0 0.841691353125 0.6758193640625 0.839581384375 0.6625260749999999 0.83895690625 0.6652676093750001 0.8259149734375001 0.6495752140625 0.8093245343750001 0.651060925 0.7968996828125 0.6678537046875 0.7936053656250001 0.6899948890625 0.8080505265625 0.7083255109375 0.8273342796875 0.7106932578125 0.8401984671875 0.6950112500000001 0.841691353125 0.6758193640625
0 0.8425318484375 0.657251928125 0.8531478765625 0.678635153125 0.8733808249999999 0.684994484375 0.8916478171875 0.667509925 0.8941619046874999 0.647034321875 0.8807100312499999 0.6253028984375 0.8625327 0.620957346875 0.8474424484374999 0.6360137515625001 0.8425318484375 0.657251928125
0 0.853513725 0.6920665671874999 0.8348779265624999 0.710210396875 0.8324769765625 0.732108996875 0.8469500515625 0.7525567015625 0.8674959781249999 0.754022596875 0.88045860625 0.7422277125 0.884123209375 0.7123819203124999 0.869153490625 0.6936346140625 0.853513725 0.6920665671874999
0 0.706292171875 0.606354265625 0.71600015625 0.63044425625 0.7370133796875 0.6351380171875001 0.75441495625 0.62001309375 0.7586584765625 0.6018634578125 0.7515585875 0.582321021875 0.732587771875 0.5750598203124999 0.7132157921875 0.5874768718750001 0.706292171875 0.606354265625
0 0.6585014046875 0.632191221875 0.6655998140625 0.658779009375 0.690271728125 0.661808340625 0.705163653125 0.646022990625 0.708656334375 0.6246106703125001 0.69925985 0.6026725890625 0.6786007406250001 0.59978369375 0.6631269515625 0.6179635328125 0.6585014046875 0.632191221875
0 0.6736300546875 0.501944940625 0.6805021875 0.5256867328125 0.7023808625 0.5280208187500001 0.7192299671875 0.510362121875 0.723217815625 0.494294753125 0.7160194859375 0.47086518593750004 0.6920704921875 0.46898144999999997 0.6786111921875 0.4824767625 0.6736300546875 0.501944940625
0 0.7597106484375 0.5206166765625 0.7511634375 0.5058284140625 0.7340631 0.5044333078125 0.7221363453125 0.5124803640625 0.7132540625 0.5402764624999999 0.726592828125 0.5605849359375 0.749109196875 0.5647587078125 0.7621144671875 0.5526167515625 0.764713784375 0.531447015625 0.7597106484375 0.5206166765625
0 0.676401203125 0.5403311000000001 0.666912096875 0.5543138921875 0.6660715984375 0.5728813703125 0.6804741765625 0.5915590765625 0.699446475 0.5917749203125 0.7135581671875 0.57765515625 0.7145411968750001 0.5555824125 0.703456415625 0.538016634375 0.682471109375 0.5354399625 0.676401203125 0.5403311000000001
0 0.7798260640625 0.5466890921875 0.765289734375 0.5572339484375 0.759900134375 0.563617728125 0.7578547703125 0.5802758796874999 0.7695625515625 0.6021454765625001 0.7878956703125 0.6075669921875 0.804872609375 0.588867159375 0.8074014 0.5659273796875001 0.79813126875 0.5499935203125 0.7798260640625 0.5466890921875
0 0.8480319140624999 0.60543931875 0.8357995734375001 0.5831530359375 0.818259903125 0.580647159375 0.797807934375 0.604204465625 0.8017031625 0.6240579703125 0.8132419750000001 0.6402703890625 0.83675163125 0.6410433515625 0.8497862953125 0.623973128125 0.8505827 0.6127980515625 0.8480319140624999 0.60543931875
0 0.8513394515625 0.587879309375 0.8631603703125 0.6111719046874999 0.8834359734375001 0.6171842078124999 0.898639396875 0.6035507671875 0.9003042156250001 0.575925303125 0.8916585625 0.5572499046875 0.872871409375 0.5531817484375 0.856518953125 0.5691400421874999 0.8513394515625 0.587879309375
0 0.8319146999999999 0.5139820375 0.816201415625 0.5247346546875 0.8092366609375 0.5369137375 0.8083814703125001 0.5579453484375 0.82339383125 0.5763456484375 0.840976115625 0.57850448125 0.8563367671875 0.5589016421874999 0.85842474375 0.5418964453124999 0.8472415203124999 0.5204435328125 0.8319146999999999 0.5139820375
0 0.8780744828125 0.48970620625 0.8631546484375001 0.5033744671875 0.8581044625 0.51402724375 0.8581441156249999 0.5277709109375001 0.8712419078125 0.5476975171875 0.8879161234374999 0.5525630703125 0.9030343265624999 0.5396237203124999 0.9099858609375 0.5228634140625 0.9006187703125 0.49599706406250005 0.8780744828125 0.48970620625
0 0.7883337187499999 0.47974425781249996 0.7720385656250001 0.49289137031249997 0.7693011546874999 0.49643030625 0.766036225 0.5136432671875 0.7773605015625 0.5386362703125 0.7974524390625 0.541455525 0.81370645625 0.5216101 0.81643213125 0.506444584375 0.804327628125 0.4831171703125 0.7883337187499999 0.47974425781249996
0 0.8149481171874999 0.4833643703125 0.825733134375 0.5104048203125 0.8514262531250001 0.51215043125 0.8630709015625 0.49702319843750004 0.8661800828124999 0.47873428125000006 0.8573081531250001 0.4572128828125 0.8353163406249999 0.45345579531249997 0.823886228125 0.4598024484375 0.8149481171874999 0.4833643703125
0 0.7730260312499999 0.4496825578125 0.78562718125 0.47130956562500004 0.8066550984375 0.47353919375000003 0.8221715015625 0.45501230625 0.8228841593749999 0.437485965625 0.815585909375 0.417214621875 0.7901484640625 0.413386740625 0.7755122109375 0.427089821875 0.7730260312499999 0.4496825578125
0 0.730629303125 0.4479996609375 0.7247694953125 0.465246290625 0.724907590625 0.48287709375 0.73714140625 0.49811801562499997 0.7573185687499999 0.500243184375 0.7711334609375 0.48150737499999996 0.7713509578125 0.45863608125 0.759174446875 0.4405839796875 0.7410955218749999 0.44012555000000003 0.730629303125 0.4479996609375
0 0.38138203593750003 0.661925903125 0.3876575921875 0.6905262609375 0.40957883125 0.6925132984375 0.4264558125 0.6769717234375 0.42986326718749995 0.6562535359375 0.42062255156250006 0.635391453125 0.4005732671875 0.632225159375 0.38700085781250004 0.644297446875 0.38138203593750003 0.661925903125
0 0.44908685000000004 0.6075338515625 0.43765676249999996 0.6138804890625 0.43138702812499996 0.625088053125 0.42944010937500005 0.64563329375 0.441701815625 0.66299126875 0.46000697968750004 0.6662956906249999 0.47613312968750005 0.6474914390625 0.47697362343750005 0.6289240015625001 0.46902299531249997 0.6092771499999999 0.44908685000000004 0.6075338515625
0 0.41273810624999996 0.57066138125 0.3982738125 0.5759309109374999 0.390217346875 0.58762364375 0.38842765625000003 0.602199496875 0.4000928 0.6244160890625 0.4161998140625 0.6292119921875 0.43348821718749997 0.6126641046875 0.4388660640625 0.5946537843749999 0.42986632187499996 0.574173565625 0.41273810624999996 0.57066138125
0 0.45892718437499996 0.5414573468749999 0.4472414265625 0.5498862484375 0.4389013765625 0.5615441609375 0.43851491249999996 0.578758240625 0.4488194421875 0.5979895609375 0.468670365625 0.6004269484375 0.48275411406249996 0.58419013125 0.48627470468749995 0.564894940625 0.4740423921875 0.5426087078124999 0.45892718437499996 0.5414573468749999
0 0.5246673281249999 0.5921546375 0.5148858765625 0.580385340625 0.4952333140625 0.5786768609374999 0.4824543515625 0.59366478125 0.47986973749999995 0.61237034375 0.49069882343750004 0.63201835 0.5085925703124999 0.63632908125 0.5269726984374999 0.6202675171875 0.5299408171875 0.5984385578125 0.5246673281249999 0.5921546375
0 0.5481564171875 0.5555838046875 0.5350527375 0.56383860625 0.5289387515625 0.576122121875 0.5290210171874999 0.5895187171875 0.5414663859375 0.6100697296875001 0.5603960296875 0.6106326171875 0.573147078125 0.5935276109375 0.575816915625 0.5741279609375 0.5671991984375 0.5575696859375 0.5481564171875 0.5555838046875
0 0.5395077296874999 0.6189884171875 0.529920203125 0.6290840531249999 0.52128335 0.6361259328125 0.5194084375 0.6513958734374999 0.5290605734375 0.67125164375 0.5514343640625 0.678930665625 0.5648657203125 0.663318296875 0.5684730140625 0.6362836749999999 0.558025953125 0.620557615625 0.5395077296874999 0.6189884171875
0 0.5773861499999999 0.5965140359375 0.567811840625 0.6111908859375 0.5724578953125 0.634307025 0.5837704078125 0.647673415625 0.60167885 0.6495200203125 0.6146150421875001 0.6285627109374999 0.6153423984375 0.608572278125 0.60330696875 0.5940602953125 0.581882371875 0.59037285625 0.5773861499999999 0.5965140359375
0 0.656979328125 0.6492645421875001 0.6457667375 0.632739934375 0.626937015625 0.6290188296875 0.6117615390625 0.6447693234375 0.612776821875 0.6716669734375 0.6224583531250001 0.6865944859375 0.6421961375 0.6876088765625 0.657386309375 0.669394253125 0.6594169734374999 0.655200265625 0.656979328125 0.6492645421875001
0 0.6362101796874999 0.562872684375 0.6245802515625 0.5755357546875 0.6169205078125 0.588686303125 0.619101003125 0.603749634375 0.631149653125 0.6228428296875 0.6480089796875 0.623856065625 0.6647728234375 0.6068914953125 0.6668181828125 0.5902333765625001 0.6577479125 0.56798311875 0.6362101796874999 0.562872684375
0 0.60591801875 0.5845171578125 0.6203984890625 0.5697381578125 0.6228258734375001 0.557001984375 0.6201781296875 0.538710796875 0.6035480375 0.5264528703125 0.5898786671875 0.5275926937500001 0.577184928125 0.541886525 0.575267403125 0.557503509375 0.5862375421875 0.5806915953125 0.60591801875 0.5845171578125
0 0.66921775 0.5073908328125001 0.6530122953124999 0.49870780625 0.6420230203124999 0.4991198734375 0.6331025828125 0.506126934375 0.625245959375 0.5115032328125 0.6239808265625 0.52649576875 0.6351346296875 0.552876890625 0.653921740625 0.5569450390624999 0.671295365625 0.5397030625 0.6726178078125 0.521899353125 0.66921775 0.5073908328125001
0 0.59426323125 0.5129831734375 0.6166517171875 0.5181980671875 0.626467 0.5039030828125 0.6318316296875001 0.4813115484375 0.6191732015625 0.46249575781249996 0.6032219375000001 0.4587758078125 0.59047236875 0.46883547031250006 0.5838911328124999 0.477891128125 0.5847800609375 0.4987845703125 0.59426323125 0.5129831734375
0 0.5455777203125 0.546108 0.5637697484374999 0.5479894234375 0.5691725515625 0.5461868703125 0.5775978265624999 0.5338348703125 0.5819133421875 0.51040996875 0.571410453125 0.490449740625 0.5513890828125 0.48940052968750003 0.5345547109375001 0.5045950609375 0.532268378125 0.520871315625 0.5455777203125 0.546108
0 0.5024214671875 0.51544519375 0.4914997625 0.5317179859375 0.48728712500000004 0.5378939859375 0.4858956375 0.5468823125 0.49734772187500004 0.570834125 0.5174396171875 0.5736533765625 0.52931051875 0.5613721703125 0.5339948421875 0.5372880015625 0.5267245203125 0.5191337859375 0.5024214671875 0.51544519375
0 0.443647446875 0.51351279375 0.45385205468749995 0.53590233125 0.476212628125 0.5390001421874999 0.48771472187500003 0.5273782015624999 0.49214337343750003 0.5053762984375 0.48375341250000004 0.484618675 0.46108133906250004 0.4793689625 0.447040203125 0.4952587359375 0.443647446875 0.51351279375
0 0.40629802187499997 0.5152678328125 0.395859740625 0.525259009375 0.395346921875 0.5364688796875 0.4070399796875 0.5608025578125 0.42578447812500003 0.56521775 0.44159765 0.5513069359375 0.44503449687499996 0.5256604921875 0.4331695125 0.5097603312500001 0.4116170828125 0.5071140265625 0.40629802187499997 0.5152678328125
0 0.3546444890625 0.5022323296875 0.3664227703125 0.52587191875 0.3854655515625 0.5278578015625001 0.4004705796875 0.5134954828125 0.40289944375 0.49371397031250003 0.395416065625 0.47729497500000007 0.3757223703125 0.46888819843749996 0.3643281140625 0.47759744687500005 0.3569440390625 0.49053728750000003 0.3546444890625 0.5022323296875
0 0.4113454984375 0.45071671718750006 0.4028070828125 0.461645728125 0.403923765625 0.47833982500000005 0.4162560046875 0.49746784843749997 0.43511365 0.5033060421875 0.44732544843750005 0.488248471875 0.45310150312499997 0.464650615625 0.439308728125 0.44569553749999996 0.42246408906250005 0.442218171875 0.4113454984375 0.45071671718750006
0 0.4509077890625 0.44500606718749997 0.4634369109375 0.4719083421875 0.4801537140625 0.47642684218750003 0.49552755625 0.46140525 0.49880865625000004 0.43468283906250005 0.4915662453125 0.41864570156249997 0.47001380625 0.4159993953125 0.4571363953125 0.42710019531250004 0.4509077890625 0.44500606718749997
0 0.539392053125 0.4956777921875 0.5415226375 0.47832557812500004 0.5331326703125 0.4575679453125 0.5119490359375 0.4542623703125 0.49555547187500004 0.463522334375 0.4896809765625 0.4832330640625 0.5038557765625 0.5061100921875 0.5254508296875 0.5084093546874999 0.539392053125 0.4956777921875
0 0.553433196875 0.4797880109375 0.5725891234375 0.4831968921875 0.580588284375 0.4743153265625 0.5877513890625 0.462865175 0.5873444078125 0.44273545312499996 0.577975853125 0.4229144921875 0.5586068671875 0.4212408359375 0.5422397343750001 0.43966322812499997 0.5412434890625 0.4571547234375 0.553433196875 0.4797880109375
0 0.518840390625 0.386414634375 0.505295890625 0.4006040171875 0.499537490625 0.4076470546875 0.49889535937499996 0.4269434046875 0.51230610625 0.4419765390625 0.5331782406250001 0.44313021093750005 0.54395741875 0.4303626734375 0.5474221828125 0.406833303125 0.5386913234375 0.3888520234375 0.518840390625 0.386414634375
0 0.4749626765625 0.3475608796875 0.4598430234375 0.3675455515625 0.456720634375 0.381253225 0.46387781875 0.39798445 0.4785228265625 0.40999864375 0.4900513609375 0.40753913124999996 0.5035958609375 0.393349753125 0.50542964375 0.37138150468750003 0.49837237500000003 0.3514920578125 0.4749626765625 0.3475608796875
0 0.38105341875 0.4043718796875 0.3685874265625 0.41446636875 0.36265858125 0.42289758125 0.36006075000000004 0.43702193906250003 0.3717964234375 0.4610085828125 0.39278169531249996 0.46358525000000006 0.409091515625 0.447974028125 0.4108532921875 0.43128108125000003 0.4039811703125 0.4075393296875 0.38105341875 0.4043718796875
0 0.45763895468750004 0.3972184140625 0.4480147296875 0.379479721875 0.4318077890625 0.377842034375 0.419597465625 0.38585425624999997 0.41175405468750004 0.395811775 0.4103478703125 0.40726423437500003 0.4145986828125 0.421877221875 0.42676195312500004 0.4353480796875 0.4421460578125 0.438998390625 0.45580517187499997 0.41918666250000003 0.45763895468750004 0.3972184140625
0 0.3864122296875 0.34197239687500003 0.3726546703125 0.357896996875 0.369576371875 0.3642122796875 0.3681275734375 0.3760117859375 0.3806860890625 0.397985803125 0.39833887031250004 0.401914675 0.4143092765625 0.3820344640625 0.41686745625 0.35416646093750004 0.3981817359375 0.339894746875 0.3864122296875 0.34197239687500003
0 0.3776828484375 0.316945771875 0.39012970625 0.33045145 0.40731523750000004 0.3311524625 0.42044831875 0.31796939687500003 0.42399830468750005 0.2937459390625 0.4133249640625 0.2751738734375 0.394580453125 0.27075868125 0.379518109375 0.2879321765625 0.375359821875 0.3053877 0.3776828484375 0.316945771875
0 0.458667553125 0.36070797187500003 0.46686803593750004 0.3384646265625 0.4586206 0.3142017328125 0.4331685 0.31283798906250004 0.41772412656249996 0.3260895390625 0.41655743593750005 0.3449692109375 0.42713085937499995 0.3666994890625 0.450951978125 0.3696243546875 0.458667553125 0.36070797187500003
0 0.46833744531250004 0.2960196109375 0.4642922953125 0.31489812968750003 0.4752198265625 0.33843326875 0.49498553437500004 0.34156474531250003 0.4983180265625 0.34021254375 0.5114805015624999 0.3221012171875 0.5141224265625 0.30058447187500004 0.5023573546875 0.2815260859375 0.4876109484375 0.27971545625 0.481995084375 0.283253228125 0.46833744531250004 0.2960196109375
0 0.5085711671875 0.33407366875 0.504186603125 0.34868319375 0.506878440625 0.3595819984375 0.52010404375 0.3784674359375 0.5339570874999999 0.380520653125 0.5420972984375 0.37517917500000003 0.553528871875 0.3617871890625 0.5546793875 0.352416990625 0.5531645000000001 0.341310421875 0.5458236484375 0.3213861546875 0.5259727171875 0.3189487671875 0.5085711671875 0.33407366875
0 0.5576870640625 0.41232098749999996 0.5820327390625 0.4156625359375 0.5963016390625 0.3955734046875 0.59753885625 0.37846377656249997 0.5835903328125001 0.35843274531249997 0.5668441375 0.3588425046875 0.5514423765625 0.3717470109375 0.5471841687500001 0.39236075000000004 0.5522431234375 0.407425240625 0.5576870640625 0.41232098749999996
0 0.6095757703125 0.38593042187500004 0.632290465625 0.3908330921875 0.6421336703125 0.378655184375 0.6451429234375 0.363524515625 0.6423967359375 0.3413461953125 0.6265468624999999 0.32742268124999996 0.6138266812500001 0.332554090625 0.596823334375 0.342091459375 0.5944370796875 0.36152593906249997 0.6095757703125 0.38593042187500004
0 0.6700718484375 0.42541555000000003 0.682637759375 0.4121628453125 0.6875777546874999 0.38599640156250004 0.6731751984375001 0.367318721875 0.6515933656249999 0.36960067812499997 0.6405438171875 0.386914609375 0.64015735625 0.4041286984375 0.6506191171875 0.41739063749999994 0.6700718484375 0.42541555000000003
0 0.6793639609375 0.47164785 0.6807290125 0.4534970875 0.669573725 0.434161296875 0.646319775 0.4313060703125 0.631995046875 0.4471610328125 0.62952356875 0.46728960312499995 0.642890228125 0.4897151234375 0.66672604375 0.490175859375 0.6793639609375 0.47164785
0 0.64055111875 0.4196772046875 0.628389328125 0.399161 0.6077449484375 0.39380798125 0.6000014593749999 0.400607278125 0.59081065 0.4121607375 0.5886110203125 0.420697565625 0.59164226875 0.43586536093749995 0.604117040625 0.4514881234375 0.6235433359375 0.45035060781249997 0.6377975359375 0.4327256078125 0.64055111875 0.4196772046875
0 0.694595271875 0.460131521875 0.717537721875 0.4608348390625 0.727311878125 0.43984154531249997 0.7288620734375 0.417838478125 0.715280878125 0.4041935234375 0.6988608765625 0.40429105625000006 0.683968978125 0.420076378125 0.6811139953125 0.443328346875 0.694595271875 0.460131521875
0 0.7417056515625 0.432801971875 0.7628040625 0.43680163437499997 0.7700229953125 0.429585653125 0.7763074296875 0.41591395468750003 0.7797428 0.3973128453125 0.768020340625 0.3779074140625 0.75741456875 0.375196084375 0.74625484375 0.376996328125 0.733333340625 0.39548951875 0.7316141765624999 0.41183541718749994 0.7417056515625 0.432801971875
0 0.7075665703125 0.3380750515625 0.6923617015625 0.358753803125 0.6887015375 0.367463571875 0.690103284375 0.377147140625 0.699089809375 0.393046146875 0.7175081125 0.3977735625 0.73238530625 0.3844523765625 0.7376794109375 0.3600908046875 0.7279846625 0.340582078125 0.7075665703125 0.3380750515625
0 0.6921443015625 0.3136357609375 0.678676253125 0.3014138078125 0.6649363562499999 0.3007835890625 0.6493494609375 0.31754039375 0.6431928640625 0.3301709546875 0.647160090625 0.344749115625 0.65729565 0.358323271875 0.6762532078125 0.3610032421875 0.6932154140625 0.34476757812500003 0.6965229468749999 0.327207609375 0.6921443015625 0.3136357609375
0 0.6179377515625 0.26859217343749997 0.60483259375 0.28389231875 0.603241265625 0.299197078125 0.61487849375 0.3192965875 0.6383160953125 0.3253448484375 0.6531242421875 0.30320828125 0.655126990625 0.286897209375 0.6463961359375 0.2689159390625 0.6315380765625 0.25863696875 0.6179377515625 0.26859217343749997
0 0.571381346875 0.291410134375 0.55904171875 0.3075088265625 0.555268415625 0.3147956 0.55366386875 0.325519146875 0.5658961812500001 0.34780537968749997 0.5831522312499999 0.35027643125 0.59624269375 0.337440415625 0.6040023578125 0.3211316515625 0.5946058921875 0.2991936171875 0.571381346875 0.291410134375
0 0.423051896875 0.2756635015625 0.4315123859375 0.2981911640625 0.4490652375 0.30527825000000003 0.4656160234375 0.2900488984375 0.4732493328125 0.2677359265625 0.46684446093750004 0.247222040625 0.444455975 0.24200714687499997 0.42840183125 0.255536096875 0.423051896875 0.2756635015625
0 0.391419734375 0.2636772078125 0.415283453125 0.266255028125 0.4263462109375 0.25352231718749996 0.4327584796875 0.23880949375 0.42860758906249996 0.22103829687499998 0.4190818078125 0.2071867359375 0.40064880937499997 0.2049234484375 0.38693386875 0.22050099687500002 0.381385571875 0.23989949375 0.391419734375 0.2636772078125
0 0.43622915781250005 0.18709876718750001 0.43870063437500006 0.166970209375 0.43582513437500003 0.1528783734375 0.4277304953125 0.14378212343750002 0.4081631578125 0.14137955625 0.3947891109375 0.1541807546875 0.3895523125 0.1757311546875 0.3990207859375 0.1923938859375 0.409469325 0.20107460625 0.422330553125 0.1994832796875 0.43622915781250005 0.18709876718750001
0 0.4732523875 0.185655953125 0.4609318921875 0.17815449375 0.44395794843749997 0.1827636015625 0.43066764375 0.20191605156249998 0.438333209375 0.2285734234375 0.4502422828125 0.2370811984375 0.46744250468750004 0.23531808125000003 0.4788329390625 0.21522780625000001 0.480963521875 0.19787559999999998 0.4732523875 0.185655953125
0 0.406349990625 0.1327023 0.43241186093749995 0.1337886390625 0.4426238640625 0.12095146875 0.44350401406250006 0.11612767187499999 0.4435510625 0.0946446015625 0.43466445781249996 0.0755873796875 0.420485228125 0.07384638906249999 0.401991959375 0.08848495625 0.3970534453125 0.10760605000000001 0.406349990625 0.1327023
0 0.48392138124999995 0.1573747453125 0.4867895796875 0.138704003125 0.478527453125 0.116905246875 0.459215784375 0.112420415625 0.44361567187500006 0.124596009375 0.439626353125 0.147708684375 0.44753436874999997 0.1677025796875 0.46861807187500004 0.17416637031249999 0.48392138124999995 0.1573747453125
0 0.52494853125 0.19834441249999998 0.5285132124999999 0.1716568359375 0.519739746875 0.1540226109375 0.5031081734375 0.1488100265625 0.485352521875 0.1621300578125 0.477904359375 0.1805907265625 0.4886335234375 0.203396946875 0.5133333 0.20854335625 0.52494853125 0.19834441249999998
0 0.5214528953124999 0.233847371875 0.5072487078125001 0.21589861406250002 0.4850997140625 0.218110925 0.47332725625 0.2342792578125 0.47303923281250004 0.2553804625 0.48359943124999993 0.27252951875 0.503492965625 0.2746198625 0.5181585796875 0.25598855625 0.5214528953124999 0.233847371875
0 0.5052344140625 0.08460455781250001 0.4912785015625 0.0998002421875 0.48585952031249996 0.11111226406250001 0.4888349390625 0.12204588593750001 0.4984444640625 0.14224869843750002 0.5172741875 0.14596980312500002 0.5340806437500001 0.1286581859375 0.53804056875 0.11047376874999999 0.530388221875 0.0883976078125 0.5052344140625 0.08460455781250001
0 0.57704149375 0.1445014015625 0.57169895625 0.12940209687499998 0.5655321015625 0.1233607609375 0.5452976734375 0.12404677187499999 0.534149690625 0.13747356875 0.529806259375 0.1587813859375 0.54216640625 0.180026484375 0.555452271875 0.1820100609375 0.5730374765625 0.17007820625 0.57704149375 0.1445014015625
0 0.6024481078125 0.09231358437500001 0.5815583296875 0.10771472499999998 0.5782801906249999 0.1203464390625 0.5791279859375 0.1345415828125 0.5906094640624999 0.1535651390625 0.6086736562499999 0.15648769375 0.62353763125 0.138585296875 0.6280794234375 0.1180063875 0.6212484375 0.10096294531250001 0.6024481078125 0.09231358437500001
0 0.6137810421875 0.21101305625000003 0.62008165 0.18783189375 0.6129964734375 0.16582537343749998 0.592238965625 0.15904935781250001 0.5770502734375 0.170218640625 0.5708069734375 0.190588628125 0.5805149390625 0.214678565625 0.6068177828125 0.21614676875 0.6137810421875 0.21101305625000003
0 0.5540915609375 0.24701407656250002 0.5691538984375 0.22984058593749998 0.5725040421875 0.211933571875 0.563433775 0.1896833140625 0.5415551468750001 0.18734923125 0.528876103125 0.1991789359375 0.52165569375 0.2134402546875 0.5238788015625 0.228156540625 0.5321277109375 0.245374084375 0.5540915609375 0.24701407656250002
0 0.5545337578125 0.302023453125 0.5627195390625 0.282244246875 0.5525722390625 0.25704353593749996 0.5322819812499999 0.253495378125 0.516511421875 0.267059146875 0.5121973859375 0.2834387046875 0.525052696875 0.310028746875 0.5397843984375 0.31430350625000003 0.5545337578125 0.302023453125
0 0.5989199281250001 0.2828140578125 0.6116709765625 0.26570905312500004 0.612341025 0.2485297921875 0.6039510625 0.22777217031250002 0.581661015625 0.2264444015625 0.5665854609375 0.239036678125 0.5632338375 0.263989034375 0.5719940859375 0.277042046875 0.58171970625 0.284577175 0.5989199281250001 0.2828140578125
0 0.6583552171875 0.241849959375 0.660954528125 0.22068026875000002 0.6535989843750001 0.203220140625 0.63206125 0.19810970781249998 0.6152827078125 0.2175384078125 0.6147684109375 0.2357936203125 0.624109046875 0.2534974859375 0.6475334312500001 0.254964534375 0.6583552171875 0.241849959375
0 0.668712809375 0.1434275578125 0.6560955125000001 0.1313100640625 0.635180778125 0.1305034390625 0.61874165 0.1542011265625 0.619235334375 0.166591409375 0.6311987578125 0.18637869375 0.65249551875 0.1911072640625 0.6666777078125 0.17875757187500002 0.670057246875 0.1559223 0.668712809375 0.1434275578125
0 0.68080406875 0.162173709375 0.703207253125 0.16492447500000001 0.710681853125 0.15562623281250001 0.71915121875 0.1358818453125 0.714419940625 0.11345979531249999 0.6964277531249999 0.10526193749999999 0.6767737125 0.11059880156249999 0.66985010625 0.129476153125 0.6727682171875 0.143220946875 0.68080406875 0.162173709375
0 0.7022021328125 0.22468800937500003 0.7096782109374999 0.20834442343749998 0.71256110625 0.1872095546875 0.70000111875 0.1722808859375 0.6815960343749999 0.17213468437499999 0.6686054921875 0.1818124828125 0.6621227000000001 0.194755265625 0.6658606890625001 0.22057811875 0.6871427531250001 0.227770815625 0.7022021328125 0.22468800937500003
0 0.7025518046875 0.2476288953125 0.6831284796875 0.234675725 0.667742903125 0.23807075625000002 0.6544672984375 0.25475907656249996 0.6579790125 0.2777359359375 0.6723110343750001 0.2946435625 0.691794628125 0.290694875 0.7040505140625 0.2682449296875 0.7025518046875 0.2476288953125
0 0.741658471875 0.31830623281250003 0.74951805625 0.29883925 0.733189203125 0.27006133125 0.7192788609375 0.2708192875 0.6967860140625 0.2898986359375 0.6945849046875 0.3054808015625 0.7088581375 0.332244940625 0.725760078125 0.33291113437500003 0.741658471875 0.31830623281250003
0 0.748411534375 0.36880634218749997 0.7717080859375 0.37131452343750004 0.7782746234375 0.36472299218750004 0.786955565625 0.350288728125 0.7868189515624999 0.325612621875 0.778299675 0.312941471875 0.7584487531249999 0.3105040859375 0.742351996875 0.32438008125 0.7383347625 0.34537567187499996 0.748411534375 0.36880634218749997
0 0.792743259375 0.406306725 0.81518905625 0.4087104453125 0.8281237671874999 0.394798478125 0.8314033859375 0.3751214234375 0.8244592609374999 0.356654984375 0.809714340625 0.3477990109375 0.7964696078125 0.3525137328125 0.7817334671875 0.369375 0.7796881078125 0.3860331171875 0.792743259375 0.406306725
0 0.8220362187499999 0.41624441875 0.82557880625 0.427247678125 0.8370602859374999 0.44627123593749995 0.8563866515624999 0.44829193749999996 0.86981800625 0.43267956874999997 0.872814040625 0.4129676953125 0.8662387234375 0.3938419875 0.8511249953125001 0.385645284375 0.840971778125 0.3886259390625 0.8265618328125001 0.40517498124999995 0.8220362187499999 0.41624441875
0 0.9145596703125 0.47621898125 0.9185210765624999 0.4509892203125 0.9090261671875 0.42516406093750003 0.8859705921875 0.42303774375 0.866469340625 0.4435412421875 0.8647075671875 0.46023417968749997 0.8753662062500001 0.48127036093750003 0.8995987328125 0.4831889125 0.9145596703125 0.47621898125
0 0.8753590015625001 0.38051849375 0.876715178125 0.404639790625 0.8902963671874999 0.418284740625 0.9121044671874999 0.41884878125 0.923635953125 0.4022985859375 0.9251024062500001 0.3739442734375 0.914796396875 0.36175829375 0.8889755015624999 0.36105381875 0.8753590015625001 0.38051849375
0 0.835353053125 0.33826510781249997 0.8322850140625 0.3632522828125 0.8477939843750001 0.3799521453125 0.8664400437499999 0.3804802109375 0.8802122921875 0.362091490625 0.8782463359375001 0.3382475984375 0.8700532546874999 0.325264225 0.8486991843749999 0.323346828125 0.835353053125 0.33826510781249997
0 0.89228155625 0.350539190625 0.9146421281249999 0.3536370015625 0.9310224671875 0.33979582656249996 0.9325726640625 0.31779276875 0.9220271625 0.2981795828125 0.9032547484375 0.29164730625 0.8899100953125 0.2995202453125 0.8815979593750001 0.3132952421875 0.880714853125 0.3322097234375 0.89228155625 0.350539190625
0 0.9347459546874999 0.23210423125 0.91254113125 0.23008237343750002 0.8952953406249999 0.24628321718750001 0.892312525 0.2705763046875 0.904759375 0.284081975 0.9224826734375 0.2897808859375 0.9357288859375 0.27802082031249997 0.9440131062500001 0.2621287390625 0.9443995703124999 0.24491465781250002 0.9347459546874999 0.23210423125
0 0.83524139375 0.3297967703125 0.8409880515625 0.31112718125 0.831676809375 0.28849505937500003 0.8110045250000001 0.28102495625 0.7919293921875 0.29805801249999997 0.7889186609375 0.320234015625 0.8023000078125 0.3401953984375 0.8234410203125 0.3438480171875 0.83524139375 0.3297967703125
0 0.8850465453125 0.2992753515625 0.8877193406250001 0.26578501875 0.8575330171875001 0.256089909375 0.8447540531250001 0.2710778296875 0.8415626171874999 0.2759701125 0.8417609781250001 0.27669902031250004 0.8403665328125 0.29977803125 0.8479792249999999 0.3081105515625 0.8581441812499999 0.3167564515625 0.8753164859375 0.31287625 0.8850465453125 0.2992753515625
0 0.79530015 0.24950550312500003 0.8082553812500001 0.272937328125 0.8295242281249999 0.2755488140625 0.8439620874999999 0.2611168546875 0.849454553125 0.23748419062499998 0.8409778875 0.22446599687500002 0.812761959375 0.21747875468750003 0.801996003125 0.2348274984375 0.79530015 0.24950550312500003
0 0.7695086484375 0.24387277031250001 0.7557951875 0.2524049796875 0.7488451453125 0.2621199046875 0.7464162796875 0.2819014203125 0.756635584375 0.3018268296875 0.777209428125 0.305409809375 0.7943420796875 0.2877859671875 0.797252890625 0.26876818125 0.7894021828125 0.2459631140625 0.7695086484375 0.24387277031250001
0 0.747456615625 0.2570175484375 0.7546211953124999 0.2385220609375 0.7502014171875 0.21825191562500001 0.7307354796875 0.2056457890625 0.7078326921875 0.21868610781250003 0.7054890515625 0.2377735328125 0.7152249312500001 0.26398055625 0.738082146875 0.265377965625 0.747456615625 0.2570175484375
0 0.734904121875 0.1388728875 0.7147651749999999 0.15753670625 0.7126772046875 0.1745418671875 0.722668753125 0.198666625 0.740251 0.200825453125 0.7577377640625 0.185006475 0.7638106171875 0.16602466093749998 0.7532092859375 0.1421773078125 0.734904121875 0.1388728875
0 0.7984784656249999 0.17204271875 0.8090460609375001 0.1539650671875 0.8131485187499999 0.1322753875 0.799313140625 0.1136673609375 0.782935759375 0.11341785156249999 0.768966628125 0.1240323234375 0.7623559984375 0.138016240625 0.7657971875 0.159223059375 0.7814486921875 0.172417659375 0.7984784656249999 0.17204271875
0 0.8012745625000001 0.226636565625 0.803250875 0.2011630671875 0.794165909375 0.18137693593749998 0.7752083515625 0.1786969640625 0.7585444265625 0.1925033203125 0.7548254734375 0.21106960312499998 0.7643776890625 0.23408358749999997 0.78981508125 0.2379114609375 0.8012745625000001 0.226636565625
0 0.8541286187500001 0.194728125 0.8570247328124999 0.17817446875 0.849329771875 0.15644535312500002 0.830486834375 0.1481430359375 0.8078382375000001 0.16614643125 0.8035521156250001 0.184643075 0.8183366890625001 0.207242684375 0.8433494453125 0.20749565625000002 0.8541286187500001 0.194728125
0 0.8913266343749999 0.23875039843749998 0.8990304703125 0.21820746406249997 0.8870112156250001 0.19418601093750001 0.8633179421875001 0.1902200140625 0.8496309171875 0.207914646875 0.8462381609375 0.22616870625000002 0.8577196390624999 0.24519226249999998 0.88053424375 0.24693671562500003 0.8913266343749999 0.23875039843749998
0 0.9100755734374999 0.2220295640625 0.9308051640624999 0.22668849687499998 0.9473691687500001 0.216040359375 0.952904246875 0.19206064843749998 0.9450667562499999 0.17383679375 0.927287628125 0.163903715625 0.9107956296875 0.169276553125 0.89800196875 0.18672860156249999 0.8970630328125001 0.20140891249999998 0.9100755734374999 0.2220295640625
0 0.9021602546875 0.1692730921875 0.9068019671875 0.14553596562499999 0.8967663265624999 0.12880359218749998 0.881567375 0.121300978125 0.8627626093749999 0.1337876421875 0.8552027859375 0.14377997343749999 0.858006278125 0.1631471109375 0.8622570890624999 0.1777600921875 0.8798951640625001 0.18415309062500002 0.895238128125 0.181105103125 0.9021602546875 0.1692730921875
0 0.5203952375 0.680893846875 0.5206238062499999 0.6665265578125 0.5154065343750001 0.6527423890625 0.508827265625 0.64379806875 0.4894143203125 0.641414459375 0.480337425 0.6465587984375001 0.47279747812500006 0.6600283625000001 0.4696563546875 0.6793580312499999 0.4734873484375 0.6898425765625 0.4780773328125 0.69990616875 0.49231887968750004 0.705298365625 0.504471159375 0.7042869281249999 0.5151493375 0.6965227406250001 0.5203952375 0.680893846875