0 0.7544688093749999 0.9371929859374999 0.7640814984375 0.9222736875 0.762433596875 0.895678440625 0.7459547265625 0.8801104796875 0.724781834375 0.8759105375 0.7127223500000001 0.8895161375 0.7083279625000001 0.9125437265624999 0.7135462640625 0.926165684375 0.7209617749999999 0.9365443453125 0.7357927453124999 0.944003975 0.7544688093749999 0.9371929859374999
0 0.8486730546875 0.8765428468750001 0.85636320625 0.8580558796875 0.8536167203125 0.837298621875 0.8398843203125 0.8227036625 0.8253279875 0.8178386734374999 0.8186962578125 0.820050553125 0.8063772671875 0.8301632906249999 0.80143360625 0.8544882296875 0.804729365625 0.870704840625 0.8170885234374999 0.8846511593749999 0.8385110734375001 0.8849754796875 0.8486730546875 0.8765428468750001
0 0.768475846875 0.8087573562499999 0.775067409375 0.794162396875 0.7734195109375 0.768864465625 0.756666003125 0.752647846875 0.73899256875 0.75287253125 0.7267293687499999 0.761404821875 0.7176659937500001 0.7802161015625 0.721236415625 0.8025950406250001 0.7341448640625 0.8178386734374999 0.7544688093749999 0.81751433125 0.768475846875 0.8087573562499999
0 0.6896519015625 0.8509205640624999 0.68663079375 0.8243253156250001 0.6778420374999999 0.8090816875 0.6643842921875 0.801946378125 0.6497120796875 0.8065419265625 0.6317011906250001 0.8262713046875 0.6336237296875 0.8577315484374999 0.64570823125 0.869407515625 0.66960259375 0.8729751703125 0.68223640625 0.8655155203125 0.6896519015625 0.8509205640624999
0 0.8565143046875001 0.7583836953125 0.8655776984375001 0.7421670687499999 0.862556553125 0.7217341265624999 0.852669228125 0.7087608359375001 0.8304227484375 0.698382196875 0.820549834375 0.699203134375 0.8032326031249999 0.7197881640625 0.8026832890625 0.7434643921874999 0.812295959375 0.7609783421875 0.8268523296874999 0.7664920078125 0.8438804921875 0.7674649890625 0.8565143046875001 0.7583836953125
0 0.7796128765625 0.6841115671875 0.7787889078125 0.658164975 0.7631339875 0.6403266953125 0.7454800796875001 0.6396921671875 0.73100018125 0.6497323421875 0.7252325875000001 0.6701652734375 0.7312748375 0.6980578625 0.7477537265625 0.7077878328125 0.767528375 0.6974092 0.7796128765625 0.6841115671875
0 0.8598100671875001 0.6377320328125 0.86667625 0.6150287671875 0.8614579656249999 0.5923255015625 0.8471762515625001 0.58486586875 0.8353664468750001 0.5851901890625 0.8202409046874999 0.5878482578125 0.8106481328124999 0.6033528078125 0.8111973718750001 0.6202180875 0.8142185140624999 0.642272690625 0.830972021875 0.6500566734375 0.8493734281249999 0.6516783265625 0.8598100671875001 0.6377320328125
0 0.6790917234375 0.7522213890625 0.688704409375 0.7398967375 0.6928241234375 0.7152474843750001 0.6834860921875 0.694165890625 0.672500178125 0.6860575671875 0.6558906578125 0.6897105859375 0.64146495625 0.701625515625 0.6384438515624999 0.712652821875 0.6378945390624999 0.7337344359375 0.646408621875 0.7463833859375 0.6604156765625 0.7525457125 0.6790917234375 0.7522213890625
0 0.688704409375 0.6312453890625 0.698042421875 0.6124341234374999 0.694472003125 0.58648753125 0.682936796875 0.5744872187500001 0.6620692406249999 0.5743396359374999 0.6453100515625 0.5874605203125001 0.6433874953125 0.6101637890625 0.64723256875 0.6309210546874999 0.657943828125 0.634488709375 0.6755213015625 0.6370833703125001 0.688704409375 0.6312453890625
0 0.60603536875 0.675678934375 0.6115283265625 0.6503810031249999 0.60411285 0.6312453890625 0.5851621296875 0.622164090625 0.5684637453125 0.6250882515625 0.560169178125 0.644218690625 0.5552255171875 0.66659761875 0.5642889109375 0.6837872468749999 0.577472 0.6876792218750001 0.59559875 0.68281424375 0.60603536875 0.675678934375
0 0.6046709531250001 0.8900245921875 0.59478363125 0.867969959375 0.5783047421874999 0.8618076578125 0.5604315875 0.8616717203125001 0.547269559375 0.8864569156250001 0.548642765625 0.9068898578125 0.560177990625 0.9257011531250001 0.5835230609375001 0.9286201234375 0.5972554609375 0.9140251640624999 0.6046709531250001 0.8900245921875
0 0.519255446875 0.8449423703125 0.522551246875 0.817374109375 0.5104667453125 0.7995358296874999 0.49481178750000004 0.7953195125 0.47980111093750005 0.796684284375 0.4689948859375 0.8138064546875 0.46844557499999995 0.8368340578125 0.47393855 0.8501316796875 0.48794560625 0.8595373265624999 0.5090935015625 0.8588886656250001 0.519255446875 0.8449423703125
0 0.43576249218749996 0.90007886875 0.439607565625 0.8764026140625001 0.4324666921875 0.8582400031249999 0.41983289843750005 0.8514290140625 0.4039033234375 0.8494830406249999 0.393300984375 0.8569254468749999 0.3844033265625 0.8754296328125 0.3852272578125 0.8903489125 0.391818821875 0.902997884375 0.4096709359375 0.911430515625 0.422579384375 0.909808846875 0.43576249218749996 0.90007886875
0 0.27317090781250003 0.8825649203125 0.27729063125 0.8575913421875001 0.262459640625 0.8371583890625001 0.24817794843750002 0.8355367234375001 0.232966815625 0.8404960359375 0.2215370953125 0.8543480296875 0.22181174218750002 0.8828892625 0.233346959375 0.8965112359375 0.25614273593750003 0.8991058875 0.26603006093750003 0.8961868953125001 0.27317090781250003 0.8825649203125
0 0.35913570156249996 0.8261310843749999 0.355290646875 0.8011574953125 0.3418328828125 0.7875355421875 0.3267272546875 0.7859138765625 0.31421515 0.78865213125 0.3055793625 0.8095901375000001 0.3064033109375 0.8306717421875 0.3168399328125 0.8455910328125 0.3390864125 0.8462397156250001 0.3500723265625 0.8436450359375 0.35913570156249996 0.8261310843749999
0 0.5846216859375 0.8037521562500001 0.5967061874999999 0.8005088328125 0.6046709531250001 0.7911031859375 0.6109878609375 0.771643246875 0.6027484375000001 0.7476426468749999 0.590938553125 0.741156003125 0.5749512515624999 0.7389988078124999 0.561276615625 0.750561640625 0.5541357421875001 0.7628862734374999 0.5546850515624999 0.7862382078125 0.5631991359375 0.7982385046875 0.5722625296875 0.8034278140625 0.5846216859375 0.8037521562500001
0 0.424776559375 0.7927248515625 0.4368610796875 0.7846165375 0.4440019171875 0.7706702437499999 0.4461990921875 0.754453625 0.44015684374999997 0.7460209859375 0.43136812343750003 0.7359666796875 0.4176357234375 0.7304530296875 0.4016420671875 0.7335223375 0.39044559687499997 0.7486156578125 0.3898962828125 0.7677512515625 0.39264275312499997 0.7800758796875 0.399783609375 0.7888328546875 0.40994557187499997 0.7972655125 0.424776559375 0.7927248515625
0 0.2832794796875 0.6350456765625 0.27098538125 0.6149076250000001 0.2529797625 0.60843741875 0.22934404062499997 0.6270841046875 0.2333098921875 0.6556520578125 0.24600058749999998 0.673448509375 0.2701921875 0.6720434984375 0.2820896921875 0.6575253671875 0.2832794796875 0.6350456765625
0 0.1988070609375 0.7038897640624999 0.19523780625 0.6776634359375 0.1829437078125 0.6631452875 0.16510101875 0.6590477890625001 0.150027234375 0.6706385234375001 0.14606138125 0.691244915625 0.1484408765625 0.7104463156249999 0.164700828125 0.7249644796875 0.1837368703125 0.7235594875 0.1988070609375 0.7038897640624999
0 0.28050335937500004 0.753064090625 0.27574442499999996 0.7301160578125 0.258691228125 0.7207495203125001 0.239597215625 0.7228379453125 0.2265679203125 0.7465075046874999 0.2321201015625 0.7778854109375 0.24758691718749998 0.7881886140625001 0.26265707968749996 0.7858469703125001 0.27891703125 0.7750754578125 0.28050335937500004 0.753064090625
0 0.1928582828125 0.812073315625 0.19087535625000002 0.7909986 0.18453003750000002 0.7821003531249999 0.161131571875 0.770860515625 0.14681153281249998 0.779247421875 0.1413023625 0.7970868249999999 0.1444750515625 0.8219081640624999 0.1619247390625 0.841109578125 0.1785812859375 0.8392362765625 0.18928905468749999 0.8303380515625 0.1928582828125 0.812073315625
0 0.1056098 0.8345529921875 0.0790386765625 0.8247181124999999 0.0635718890625 0.8289330578125 0.052467549999999995 0.850944425 0.060795825000000005 0.882322396875 0.07983184374999999 0.887942265625 0.10045424375 0.8809173703125 0.110765415625 0.8621842953125001 0.1056098 0.8345529921875
0 0.1151278375 0.7488491484375001 0.111161984375 0.7216861703124999 0.0941088671875 0.7104463156249999 0.06830057187500001 0.717038840625 0.06119239375 0.7366726578125 0.060795825000000005 0.7572790359375 0.07269335625 0.7689872 0.089746446875 0.7755437859375001 0.10521323125 0.7685188734375 0.1151278375 0.7488491484375001
0 0.36457918437500003 0.6860933234375 0.3479226375 0.668765221875 0.3252455359375 0.6701188078125 0.30866081562500003 0.6940548843750001 0.31302326406250003 0.7193445453125 0.3308695453125 0.736204315625 0.348715828125 0.7315210328124999 0.35942359687500003 0.7132562984375 0.36457918437500003 0.6860933234375
0 0.4474652703125 0.632235715625 0.4359643109375 0.618654225 0.407325175 0.6142365234375 0.39352983125 0.6350456765625 0.395116159375 0.6603353265624999 0.41335903749999997 0.6800050625 0.438740428125 0.6790684109375 0.44706867343749995 0.659867003125 0.4474652703125 0.632235715625
0 0.12147318437500002 0.6383239781250001 0.12067999062500001 0.6163125921875 0.0992644515625 0.6013261203125 0.0785605265625 0.6026383125 0.065158246875 0.6172492578125001 0.0643650828125 0.6476905234375 0.0782455109375 0.663613621875 0.09966105 0.6678285640625 0.11274831406250001 0.6542470765624999 0.12147318437500002 0.6383239781250001
0 0.371307846875 0.4792137203125 0.36773864375 0.45813899999999996 0.35782406718750004 0.4450258625 0.338182 0.44026337031249996 0.31935532968749997 0.45673404375000004 0.3169758609375 0.47734041875 0.322528046875 0.496073490625 0.33759820937499996 0.510591625 0.3613932671875 0.500756759375 0.371307846875 0.4792137203125
0 0.4454690890625 0.558360978125 0.45221100625000005 0.5419695453125 0.4494349421875 0.521363153125 0.436744246875 0.506845021875 0.4189233875 0.5035263343749999 0.402638015625 0.513401625 0.3966892375 0.5316663562499999 0.399465353125 0.551804425 0.4097765265625 0.5658542140625 0.43515791718749997 0.5691325046875 0.4454690890625 0.558360978125
0 0.5343039562499999 0.4792137203125 0.5231995390625 0.45767067656249993 0.508129375 0.4553290328125 0.4938656671875 0.45555192031249997 0.48036846093749996 0.472657134375 0.48274803750000006 0.500756759375 0.4946455421875 0.5148065671875 0.515664428125 0.516679884375 0.5295449109375 0.5063767125 0.5343039562499999 0.4792137203125
0 0.44031350468749997 0.4506457640625 0.4569700515625 0.4328493421875 0.4534007421875 0.40990132343749996 0.44229643125000007 0.396319825 0.4224920671875 0.3933433375 0.40898333593749997 0.3991297921875 0.401844821875 0.4131796 0.401844821875 0.4394059265625 0.4101731234375 0.450177440625 0.4288125421875 0.4553290328125 0.44031350468749997 0.4506457640625
0 0.5343039562499999 0.392104884375 0.54104581875 0.3626002875 0.5291483171875 0.342930553125 0.5164576734375 0.33684229062500004 0.508129375 0.33684229062500004 0.4902969875 0.3490592625 0.4851275046875 0.36728355625 0.4902830921875 0.39678815312500004 0.4982147421875 0.40521805468750005 0.52161320625 0.40568637812499997 0.5343039562499999 0.392104884375
0 0.284852553125 0.5260464218750001 0.27969696875 0.5049717046875 0.26740284375 0.49841513437499996 0.2535224125 0.49747846874999996 0.241827640625 0.5019447593749999 0.2364692953125 0.5218314796875 0.23845219687500002 0.5485261640625 0.249159965625 0.558360978125 0.27097209843750003 0.5574243265625001 0.28405936249999997 0.5485261640625 0.284852553125 0.5260464218750001
0 0.18530994843749998 0.4403425921875 0.15751757187499998 0.445535284375 0.1512037140625 0.47406212343750004 0.1662739046875 0.499820109375 0.18689627656250002 0.49935181875 0.20434601562500002 0.48342867968750003 0.20394939375 0.4506457640625 0.18530994843749998 0.4403425921875
0 0.2864388859375 0.3949148515625 0.2701789328125 0.381333359375 0.2538719359375 0.3827995125 0.23686586406250001 0.397256490625 0.23726246093749997 0.43097604062499995 0.2602643296875 0.44970913125 0.283266225 0.4394059265625 0.2951637296875 0.421141159375 0.2864388859375 0.3949148515625
0 0.3613932671875 0.39069990468750004 0.3740839625 0.37805507656250004 0.3740839625 0.34480385468749997 0.3613932671875 0.33122238125000003 0.343535021875 0.330080375 0.326890440625 0.3405889203125 0.32411443125 0.3635369375 0.32808022812500004 0.38367500312499997 0.33759820937499996 0.3949148515625 0.34989235937499996 0.39678815312500004 0.3613932671875 0.39069990468750004
0 0.11947700312500001 0.5363496109375 0.12423599375000001 0.5138699156250001 0.114717984375 0.49701017500000005 0.10321707656250001 0.49185856406250006 0.08837439687500001 0.49034654843750003 0.0766459265625 0.49654181875000003 0.0722835046875 0.515274909375 0.074266403125 0.5335396578125 0.0865605296875 0.5503994328124999 0.10559654843749999 0.5503994328124999 0.11947700312500001 0.5363496109375
0 0.2003801625 0.5644492546875 0.1861031109375 0.5532094140625 0.1758070578125 0.55097355625 0.1555661359375 0.561170959375 0.1519968796875 0.5827139890625 0.15992855625 0.6075353375 0.1872928734375 0.6140919234375 0.203552825 0.5939538578125 0.2003801625 0.5644492546875
0 0.3669454515625 0.592548865625 0.36218640625 0.563512603125 0.34989235937499996 0.5536777234375 0.328814215625 0.5567726625 0.3169758609375 0.576625775 0.3153895328125 0.6028520546875 0.32887336562499997 0.6178385265624999 0.3455299140625 0.6211168515625001 0.3562376828125 0.6122185921875001 0.3669454515625 0.592548865625
0 0.5335107109375 0.597232153125 0.5239927296875 0.5738157921875 0.512095171875 0.56632255625 0.49341958124999996 0.562044578125 0.4756094703125 0.5859923125 0.4767992578125 0.6065986875 0.491869421875 0.6304833890625 0.5140780984375 0.6276734078125 0.5243893265625 0.6201801703125 0.5335107109375 0.597232153125
0 0.21069133906249998 0.3513604546875 0.21069133906249998 0.336373975 0.20434601562500002 0.325602446875 0.18967236875 0.31623590468749996 0.169115784375 0.32111812031250003 0.158342228125 0.341993909375 0.1654807390625 0.371966825 0.17936119374999998 0.38320666875 0.19720747656249998 0.3799283859375 0.20751865 0.371030175 0.21069133906249998 0.3513604546875
0 0.1263812828125 0.3855103046875 0.1050444921875 0.37388109531249997 0.0858803421875 0.3738585859375 0.07659545 0.39713953125 0.077963196875 0.4233052875 0.09574384375 0.43881092656250004 0.11844836249999999 0.4326732953125 0.128022565625 0.4145833671875 0.1263812828125 0.3855103046875
0 0.131031596875 0.3008754078125 0.131031596875 0.2772939203125 0.1198161078125 0.2604961484375 0.1050444921875 0.258880978125 0.0840341875 0.2611313125 0.07604835625 0.27923212343750003 0.07686900625000001 0.3034596796875 0.08972578125 0.3170271015625 0.1124303015625 0.32348777812499996 0.1228251390625 0.31444282968750004 0.131031596875 0.3008754078125
0 0.27546516875 0.3302715015625 0.2869542515625 0.3215495921875 0.2951606953125 0.30216754843750004 0.29461358125000003 0.2805242578125 0.2864071015625 0.27277144375 0.271088409375 0.2676029015625 0.25726495625 0.2698585859375 0.2453748609375 0.2821394296875 0.24373355624999998 0.2963529265625 0.24318648281250002 0.30895125156250003 0.2470161265625 0.3176731671875 0.2579580609375 0.3276872296875 0.27546516875 0.3302715015625
0 0.3512381078125 0.27600178125 0.3608123328125 0.2743866140625 0.36956585 0.2692180734375 0.37613098749999996 0.255327625 0.3774987328125 0.24402141406250002 0.3772252125 0.23174613125 0.3660097234375 0.2175581046875 0.35835035937500004 0.215296884375 0.3443418796875 0.216404040625 0.33564582187499997 0.22011690156250002 0.32935424062499996 0.23497646875 0.327165825 0.2469287234375 0.326345190625 0.255004575 0.33701356875 0.2692180734375 0.3512381078125 0.27600178125
0 0.2092664546875 0.2631058953125 0.2161051484375 0.25018453749999997 0.21829356562500002 0.2246648515625 0.20954001249999998 0.2136817046875 0.1972303140625 0.2033446140625 0.18095726406249998 0.20583676718750002 0.169328384375 0.222726646875 0.1646780671875 0.24404689531249998 0.16522514531250002 0.255999153125 0.1816380640625 0.268274440625 0.1983245015625 0.2702126625 0.2092664546875 0.2631058953125
0 0.3023284953125 0.1895932984375 0.29658395312499997 0.1637506 0.28153881875 0.1511522546875 0.26157265 0.154222221875 0.24843944375000002 0.1721494734375 0.2511749359375 0.20639106875 0.2596549328125 0.21155961875 0.277162021875 0.21446692343749998 0.296310434375 0.21220568437499998 0.3023284953125 0.1895932984375
0 0.2161607203125 0.1511522546875 0.224367178125 0.1340314625 0.21889621250000002 0.10915783593749999 0.20959556250000003 0.09526738125 0.192649571875 0.0898585859375 0.178684584375 0.0981746765625 0.16801620625 0.118525821875 0.1726665234375 0.13952302968750002 0.181693615625 0.15212136406250001 0.1992007234375 0.15987418125 0.2161607203125 0.1511522546875
0 0.13491683125 0.2021916546875 0.142576196875 0.17893318593750002 0.136011040625 0.15632079999999998 0.122607159375 0.1466297859375 0.10126495625000001 0.1436767671875 0.0845839234375 0.16019724062500001 0.0834897328125 0.1782871203125 0.088687153125 0.194761846875 0.10044973906250002 0.20865233437500003 0.1231542546875 0.20994444375 0.13491683125 0.2021916546875
0 0.37098914843749997 0.16019724062500001 0.3797427015625 0.1511522546875 0.383298825 0.1266016734375 0.378101396875 0.103989290625 0.3575852765625 0.0997898515625 0.348649571875 0.100040403125 0.3395310921875 0.11368030468749998 0.3329659171875 0.12498649843750001 0.3359749296875 0.1453376515625 0.3414459140625 0.1576129421875 0.35375559375 0.16019724062500001 0.37098914843749997 0.16019724062500001
0 0.4637220796875 0.197669153125 0.463448559375 0.176994975 0.460165953125 0.167950025 0.4519594765625 0.1618124140625 0.43828205000000003 0.160520246875 0.4224957265625 0.1629494953125 0.410106603125 0.18668599218749998 0.41366268906250003 0.20800624375 0.42351043437499997 0.21802029531249997 0.44375303749999995 0.223511884375 0.45770401875 0.21446692343749998 0.4637220796875 0.197669153125
0 0.8806425812500001 0.1288885015625 0.868814765625 0.11724892656250001 0.84415601875 0.1171466296875 0.82741741875 0.1389761640625 0.8346454765625 0.1754468078125 0.86158661875 0.188638334375 0.87932843125 0.174670840625 0.8858994578124999 0.158375465625 0.8806425812500001 0.1288885015625
0 0.889184971875 0.259251796875 0.8766999484375001 0.23597265156249997 0.8484445624999999 0.2328687203125 0.83676483125 0.2315756875 0.820846390625 0.252268025 0.8261031781250001 0.285634821875 0.841873628125 0.3058101203125 0.868814765625 0.3065861421875 0.883270975 0.2926185671875 0.889184971875 0.259251796875
0 0.7893054953124999 0.3065861421875 0.7649928375 0.2864108140625 0.7406800890625 0.301930246875 0.7373945749999999 0.32676133125 0.7446227234375 0.3492645640625 0.76827835 0.36245603593750003 0.7886484640625 0.3492645640625 0.79653364375 0.3275373015625 0.7893054953124999 0.3065861421875
0 0.7952194031250001 0.217349290625 0.7932481296875 0.19407014218750002 0.7833915874999999 0.17699874531249998 0.7669641109375 0.176222778125 0.7428967171874999 0.182659446875 0.7393658921874999 0.207261665625 0.7498795109375 0.2266609703125 0.7709067453125 0.24373236718750002 0.7886484640625 0.23364471562500003 0.7952194031250001 0.217349290625
0 0.54420696875 0.162255309375 0.5474924375 0.13354432656249998 0.5422356515625 0.10716129062499999 0.5145089484375001 0.10579107343750001 0.502809621875 0.11569701406249999 0.494924396875 0.13044043593750002 0.492296003125 0.15759946875 0.5034667421875 0.1692390296875 0.529093640625 0.174670840625 0.54420696875 0.162255309375
0 0.628533978125 0.21202493125 0.6311191625 0.1914182984375 0.6220710546875 0.172719709375 0.6055906 0.16585081875000002 0.590333434375 0.1714455125 0.5807083265624999 0.18378621875 0.5758611390625 0.2150777671875 0.5832934859375001 0.226907509375 0.5997739656250001 0.23148675624999998 0.6194858953125 0.22957874218750002 0.628533978125 0.21202493125
0 0.711259440625 0.2654495375 0.705442803125 0.2436981125 0.6905780609375001 0.22652590468749997 0.66375658125 0.234592065625 0.65632456875 0.25438301874999997 0.6543856984375 0.2707919921875 0.664726365625 0.2913986515625 0.6824994249999999 0.295977884375 0.6999493265625001 0.287582621875 0.711259440625 0.2654495375
0 0.45768316249999996 0.3348847421875 0.46253037187499996 0.3116068515625 0.4583294515625 0.29176342499999997 0.4434647328125 0.279933684375 0.42574199375 0.27846818125 0.41050380000000003 0.2894737921875 0.40630290156250004 0.2982506875 0.4040408734375 0.32877904375 0.42278338125000003 0.3409903890625 0.4424952859375 0.343661621875 0.45768316249999996 0.3348847421875
0 0.528775375 0.28794738125 0.5394391749999999 0.2784072734375 0.5410549109375 0.2612350796875 0.5391160640625 0.236812403125 0.530714225 0.22574589843749998 0.510069571875 0.2252017015625 0.4929061015625 0.233377978125 0.48708948906250005 0.249023734375 0.4916135234375 0.27192003593749997 0.49969220625000005 0.282604915625 0.509063425 0.2887105890625 0.528775375 0.28794738125
0 0.6005138343749999 0.3524275484375 0.6085925171875 0.349756353125 0.6257192640625 0.3364001640625 0.6305664734375 0.3238072140625 0.625072996875 0.3054902296875 0.6179637359375 0.294423690625 0.6043916640625 0.2818307453125 0.5871275296875 0.2879530515625 0.5733695562500001 0.2974765265625 0.568199234375 0.3207543921875 0.5730464 0.33983461406250004 0.581448240625 0.348993109375 0.5917888828125 0.3509011234375 0.6005138343749999 0.3524275484375
0 0.6855013421875 0.41233942968750004 0.6968114546875 0.4058521421875 0.7003660828125 0.40050967656249997 0.70553640625 0.3867719203125 0.7039206671875 0.373034178125 0.70359755625 0.3695997421875 0.7023049328125001 0.3608228359375 0.6977809234375 0.3482299015625 0.6690209078125 0.3421242328125 0.657642834375 0.34766305468750003 0.6473700640625 0.367310109375 0.64930895625 0.389824796875 0.654802434375 0.40776016718749997 0.6628811171875 0.40966819687499995 0.67192918125 0.41195781406250004 0.6855013421875 0.41233942968750004
0 0.6158764062500001 0.452662290625 0.6178152546875 0.4328188625 0.6119986187500001 0.4099226140625 0.60230424375 0.401145709375 0.5887320828125 0.4003825046875 0.575067234375 0.4077081234375 0.563849821875 0.4194627234375 0.56643499375 0.438924534375 0.5693433109375 0.4538071375 0.5764525265625 0.46716327656249995 0.60230424375 0.46334723593750005 0.6158764062500001 0.452662290625
0 0.7696940546875 0.46143922187499997 0.7784190062499999 0.4522807015625 0.7839124828124999 0.429002821875 0.7745412218750001 0.411449040625 0.7560807421875 0.40427157812500003 0.7383488578125 0.4122122328125 0.7318859109375 0.42709480781250003 0.732532221875 0.4477014546875 0.7380257015625 0.46334723593750005 0.7525672859375 0.46792646875 0.7696940546875 0.46143922187499997
0 0.8643759390625 0.5224958984375 0.870838840625 0.49998124062500005 0.8669611453125 0.4866250734375 0.8524195562499999 0.47136090937499997 0.8359390375 0.46754486562500003 0.8287769296875 0.4678476984375 0.818489178125 0.4835722515625 0.8126724984375 0.5011260328125 0.8197817140625 0.5236406953125 0.8369085046875 0.5343256249999999 0.85435840625 0.5347072140625 0.8643759390625 0.5224958984375
0 0.8567925531249999 0.41526507968750004 0.8668100859375001 0.4099226140625 0.8735961453125001 0.393513625 0.8723035625 0.36756454843749997 0.8548537078124999 0.353063575 0.8494953421875 0.353582509375 0.8312639687500001 0.35955084375 0.822862175 0.3709989671875 0.8215695937499999 0.4000009125 0.8319102796875001 0.412593846875 0.84354359375 0.4160282875 0.8567925531249999 0.41526507968750004
0 0.6932804859374999 0.5011260328125 0.693926796875 0.4786114140625 0.68552498125 0.46754486562500003 0.668398234375 0.456859934375 0.66375658125 0.45925633125000004 0.6473937265624999 0.4786114140625 0.6486863046875 0.5053237046875 0.6561186765625 0.5209694625 0.6654899171875 0.5251671046874999 0.6861712703125 0.5186798687499999 0.6932804859374999 0.5011260328125
0 0.6154022375 0.5294662796875 0.5979523359375001 0.513057290625 0.5797924859375 0.5125399921875 0.5611136375 0.529084665625 0.56143679375 0.5550337640625 0.5775941140625 0.576021996875 0.5982754671875 0.5714427484375 0.6137865015624999 0.5580866 0.6154022375 0.5294662796875
0 0.7769754125 0.535190334375 0.771805046875 0.5283214578125001 0.7608180921875001 0.5199261703125 0.739490446875 0.5241238296875 0.7333506546875 0.5359535421875 0.7317349203125 0.553507353125 0.7320581203125001 0.5725875593749999 0.7411061390625 0.5809828625 0.7653421453125 0.5847989015625 0.77859115 0.5661002984375 0.7769754125 0.535190334375
0 0.525789640625 0.7118168578125 0.5205111078125 0.6875063203125 0.5088982984375 0.67441606875 0.48930885 0.6765112984375 0.47353196249999996 0.688129665625 0.47353196249999996 0.72802378125 0.48725622187499995 0.7398673890625 0.50678685 0.7398673890625 0.525789640625 0.7267770953125 0.525789640625 0.7118168578125
0 0.7138172093749999 0.1645055703125 0.7143450796875 0.12398808750000001 0.7027322703125 0.11775463281250001 0.6852434984375 0.1116473640625 0.6631431109375 0.12398808750000001 0.6583924125 0.1458051859375 0.66419881875 0.170739025 0.6868965625000001 0.180712559375 0.7006208578125 0.1744791046875 0.7138172093749999 0.1645055703125