0 0.115903571875 0.097509896875 0.1228065515625 0.110398359375 0.1407283328125 0.11863505468749999 0.15370905625 0.11450592500000001 0.163486959375 0.0978120515625 0.165427546875 0.0821874375 0.1594394 0.06867704062499999 0.147138859375 0.05847523125 0.13114913125 0.06093716406250001 0.1219807078125 0.0706646265625 0.118921115625 0.072853853125 0.11753941875 0.0853684859375 0.115903571875 0.097509896875
0 0.1588030921875 0.1349578265625 0.1699962046875 0.154539384375 0.184136159375 0.15682943124999998 0.1996169734375 0.14379337812499998 0.2053186703125 0.1277958453125 0.2014448109375 0.11306647656249999 0.194826459375 0.1002029171875 0.1846103421875 0.0989581359375 0.175217634375 0.0981363796875 0.1624813140625 0.10930662656250001 0.15711483125 0.12147263593749999 0.1588030921875 0.1349578265625
0 0.24205208437499998 0.068533996875 0.22092869999999998 0.0673879140625 0.2096965765625 0.07447791875000001 0.201158965625 0.0933862234375 0.214090925 0.1225965453125 0.2330695484375 0.1253099203125 0.2493024625 0.11023374999999999 0.251496596875 0.0851546796875 0.24205208437499998 0.068533996875
0 0.24458994843749998 0.1772108734375 0.24782141875 0.1599442609375 0.23414771874999998 0.1359338453125 0.21849320625000002 0.134564253125 0.2090297953125 0.14110702656250002 0.1991805828125 0.155337753125 0.20052326874999998 0.1694946859375 0.2101713484375 0.19034501406249998 0.2321790875 0.19121748593750001 0.24458994843749998 0.1772108734375
0 0.1436093390625 0.1873294875 0.15595925 0.1740195171875 0.1603700640625 0.159663978125 0.15620121874999998 0.14174992656250002 0.1383604984375 0.129308478125 0.12698575781250002 0.13147219999999998 0.1197585328125 0.13540272343749998 0.112410021875 0.1505542078125 0.11307191406249999 0.16921440000000001 0.1232075796875 0.1844916046875 0.1436093390625 0.1873294875
0 0.1902797171875 0.21773660625 0.20113518125000002 0.20183898125000002 0.20257782500000002 0.1886277109375 0.195857690625 0.17364932500000002 0.1837198828125 0.1648657 0.167760628125 0.1669793125 0.15785046875 0.1819066828125 0.15223044375 0.20352714375 0.16533427812499998 0.21766008281250002 0.17699425468750002 0.22534894218749998 0.1902797171875 0.21773660625
0 0.15656201875 0.22285938125000002 0.14370136718749998 0.196112203125 0.1254852078125 0.1945184953125 0.1188881875 0.1978021828125 0.10763595 0.2084002953125 0.106061659375 0.22967274375 0.118840640625 0.250796990625 0.13753463593749998 0.25348546562499996 0.15312698593750002 0.23589634531249998 0.15656201875 0.22285938125000002
0 0.18542154375 0.23064906093749998 0.1649588359375 0.2285078203125 0.1493055375 0.24679358125 0.1469584265625 0.263786575 0.161038646875 0.2864286125 0.1792548109375 0.288022321875 0.1936885359375 0.2738417015625 0.1960862375 0.25299227968750004 0.18542154375 0.23064906093749998
0 0.2437695796875 0.22592622968749998 0.2411055421875 0.2137596125 0.223102090625 0.1998999859375 0.2127439640625 0.20355659375 0.197893353125 0.2159458078125 0.196725584375 0.235849875 0.20685149531250002 0.2577949703125 0.22762930468749998 0.25961279375 0.2417070953125 0.2429441265625 0.2437695796875 0.22592622968749998
0 0.2941425734375 0.1320570625 0.282003546875 0.103618084375 0.2704861890625 0.1008555125 0.25921323125 0.10513405625000001 0.2470565265625 0.119513890625 0.24589911718750002 0.1425777421875 0.257396971875 0.15867609375 0.277320896875 0.1604192109375 0.2905350515625 0.1503437328125 0.2941425734375 0.1320570625
0 0.3424865921875 0.10399585468749999 0.3381245421875 0.0850119375 0.3242076578125 0.0736157578125 0.30678443125 0.0727933984375 0.29539018437500003 0.0882928953125 0.2933380609375 0.10847057812500001 0.3001392546875 0.11924421562500001 0.30776385781250004 0.1304408796875 0.3228491171875 0.13176066875 0.3266711703125 0.13069110781249998 0.336246115625 0.119595265625 0.3424865921875 0.10399585468749999
0 0.3273428171875 0.1426834125 0.32090791875 0.13755760781249998 0.30510103593750004 0.13792961718750002 0.2947435171875 0.151413896875 0.29313814531250004 0.1632069875 0.2918990671875 0.1806479109375 0.30313240625 0.19321325625000002 0.3236560625 0.1946578578125 0.3352435125 0.18022821875 0.337224328125 0.157587396875 0.3273428171875 0.1426834125
0 0.28937946875 0.20289061406250003 0.2859218890625 0.180124975 0.269595728125 0.16676308125 0.256360853125 0.17051898906250001 0.2431369453125 0.1872623625 0.24221296875 0.204379865625 0.252298046875 0.2235134921875 0.267048090625 0.22866480625 0.280679128125 0.22038073281249998 0.28937946875 0.20289061406250003
0 0.3162904765625 0.2624558265625 0.329859959375 0.24504072031250002 0.330925946875 0.2230218265625 0.322498046875 0.2078940328125 0.317049290625 0.2046094375 0.3010187234375 0.204259903125 0.286808678125 0.219162065625 0.28536664218749996 0.242201015625 0.2966207046875 0.261085934375 0.3162904765625 0.2624558265625
0 0.3818474703125 0.1228828921875 0.36876375 0.105241846875 0.3535261203125 0.105663659375 0.3373035640625 0.12389961875 0.3350887109375 0.1426591171875 0.3474306921875 0.16550006718750002 0.368960603125 0.1652777703125 0.3832620703125 0.1493306453125 0.3818474703125 0.1228828921875
0 0.3820254265625 0.2060822734375 0.3739833328125 0.183266528125 0.36678597343749997 0.1770210578125 0.3453779609375 0.17585007187499999 0.3328653171875 0.1877418578125 0.328241184375 0.2045356390625 0.342270821875 0.23103410468750002 0.36472592187499997 0.23334965625 0.3820254265625 0.2060822734375
0 0.35322318125 0.30254060781250003 0.3742435671875 0.2819165140625 0.37561490000000003 0.2662420984375 0.36605824375 0.24434680625 0.3616157390625 0.239395309375 0.34510734374999996 0.2379510125 0.3273397546875 0.25745574531250004 0.3247689640625 0.27372719375 0.34189902656250004 0.30084790156249996 0.35322318125 0.30254060781250003
0 0.33048345 0.3002001546875 0.3176429125 0.26994486875 0.3022730265625 0.268600178125 0.29297234843750003 0.2765611375 0.2812831140625 0.28887595 0.2786818484375 0.30549572187499996 0.292894328125 0.329904265625 0.31281825625000004 0.3316473828125 0.3291627046875 0.31201814375 0.33048345 0.3002001546875
0 0.2877972484375 0.2603139828125 0.2727004125 0.2361790546875 0.25325431875 0.2355306984375 0.23801790625 0.2556078640625 0.23585363906249998 0.27051094062500003 0.2508895265625 0.2953425078125 0.26784528124999996 0.2982298875 0.28636496718750004 0.2766850375 0.2877972484375 0.2603139828125
0 0.22854474374999997 0.2688185328125 0.20751278125 0.2666274890625 0.19195090625 0.2838682890625 0.18988841875 0.30088618437500003 0.20374496406249998 0.32280668125 0.22253038125 0.3244501921875 0.2383159359375 0.30793093437499997 0.23947395 0.2946947609375 0.22854474374999997 0.2688185328125
0 0.1408185171875 0.2618454546875 0.1166251765625 0.2597288109375 0.103523165625 0.275078903125 0.102203025 0.296724571875 0.116049209375 0.3154852828125 0.1312971984375 0.3182232578125 0.14705228125 0.3020523171875 0.1504160078125 0.2865522140625 0.1408185171875 0.2618454546875
0 0.1916382375 0.3235024140625 0.1836875625 0.2996417078125 0.16220823906249998 0.296007578125 0.14499954843750001 0.3124023234375 0.1433131125 0.3284001609375 0.15610245312499998 0.35268419687499997 0.1737493625 0.3542281 0.1889351875 0.3380073625 0.1916382375 0.3235024140625
0 0.14568277031250002 0.34720976718749996 0.13536365625 0.3241948078125 0.1159785109375 0.3228498140625 0.1065656859375 0.325536165625 0.09850530156250001 0.33571155468749997 0.0968700609375 0.3576806421875 0.10996414375 0.378481471875 0.12552723593749998 0.380896028125 0.14324423749999998 0.365247721875 0.14568277031250002 0.34720976718749996
0 0.16934158593749998 0.41772202031249994 0.185218565625 0.4001578015625 0.1871792671875 0.38102508125 0.1781412796875 0.3630360203125 0.1747458625 0.3592290921875 0.15612317656250002 0.3590037671875 0.1403680921875 0.3751747015625 0.1376449328125 0.39318775625 0.1531787671875 0.41560598437499996 0.16934158593749998 0.41772202031249994
0 0.14057348593750002 0.4088873796875 0.12950226874999998 0.3879125421875 0.109578340625 0.3861694234375 0.102950846875 0.38980143125 0.093314953125 0.4015939171875 0.0923812265625 0.4253793078125 0.105841 0.44200029374999994 0.12465688906250001 0.443295484375 0.13901930625 0.4266517203125 0.14057348593750002 0.4088873796875
0 0.179853909375 0.441806840625 0.172910096875 0.42610691562499997 0.15051594375 0.42309472187499997 0.13290072656250002 0.44085785 0.1316512890625 0.4551389859375 0.1459551921875 0.4785025671875 0.16385624999999998 0.48041969218749997 0.1795503859375 0.46494539687499997 0.179853909375 0.441806840625
0 0.22359819062500003 0.3319143296875 0.204751825 0.3309674609375 0.20011672187500001 0.33477378125 0.18663866093749998 0.35114392968749997 0.1863448890625 0.36761459531249996 0.1983309375 0.387967496875 0.218600440625 0.389038878125 0.23188529687499998 0.371598865625 0.2323107171875 0.3470670265625 0.22359819062500003 0.3319143296875
0 0.2809802 0.3218421828125 0.27064097187499997 0.30233533125 0.25849340625 0.30021960000000003 0.246620721875 0.30479665625 0.2361918921875 0.3158177953125 0.23307256875000001 0.338359015625 0.245465140625 0.3573435375 0.267218725 0.357842784375 0.2788975984375 0.34236818593749996 0.2809802 0.3218421828125
0 0.32444897500000003 0.35933991718749997 0.313316809375 0.33906171875 0.2916546453125 0.33751751093750004 0.27580814062500003 0.354733409375 0.2728308234375 0.372373240625 0.2860876375 0.3945922546875 0.305665990625 0.3970071125 0.3213497625 0.3783730296875 0.32444897500000003 0.35933991718749997
0 0.2757392640625 0.39158096875 0.26488136875 0.36816788906250003 0.24991800625 0.3654548171875 0.2387364671875 0.3686883984375 0.22747448124999997 0.385954403125 0.2273129671875 0.40419157187500004 0.241830184375 0.42511691249999994 0.26193695781250004 0.42477010625 0.27584165625 0.4035234703125 0.2757392640625 0.39158096875
0 0.2987270421875 0.45992859687500004 0.31708460625 0.44679324062500003 0.3192891 0.4248739546875 0.30965138593749997 0.40718340937499997 0.3048633046875 0.402903659375 0.2892087875 0.40153406562500005 0.27060743125000003 0.417455984375 0.268951471875 0.43310550000000003 0.281649390625 0.458434496875 0.2987270421875 0.45992859687500004
0 0.272378578125 0.4562194578125 0.2608496421875 0.43064175000000005 0.2459167546875 0.427580359375 0.2366361890625 0.4320332109375 0.22271077031250003 0.4469602765625 0.2202417625 0.4653465546875 0.23552144218749999 0.48739155937499995 0.25202983749999996 0.48883585781249994 0.26999063125 0.47040098906249994 0.272378578125 0.4562194578125
0 0.1950580234375 0.39259496562499996 0.1835114078125 0.40983606874999995 0.18057492656250002 0.43028736562500003 0.193821378125 0.44934659374999997 0.21023835468750002 0.4518358546875 0.22703016250000002 0.43364969843749995 0.228482559375 0.4137705359375 0.21779775156249997 0.3949354203125 0.1950580234375 0.39259496562499996
0 0.1060549234375 0.44938972968749996 0.0960222609375 0.4558827 0.0879722375 0.469217878125 0.0871299296875 0.4919583109375 0.097092503125 0.502657546875 0.10286672187499998 0.5087785078125 0.11876503125 0.5073615375 0.13318839531249999 0.49002113124999996 0.13465115 0.473301753125 0.1218008609375 0.449714359375 0.1060549234375 0.44938972968749996
0 0.22233755 0.4971180765625 0.2236479328125 0.482140315625 0.2101065109375 0.45989642656249996 0.1918903703125 0.458302721875 0.1859845078125 0.46024293125 0.174844428125 0.47611563281249997 0.1738595046875 0.4939297546875 0.187268675 0.5144071421875 0.203492421875 0.5158265359375 0.22233755 0.4971180765625
0 0.1763102234375 0.5085345953125 0.1648020234375 0.4892764828125 0.14149306875 0.48688622812500004 0.1279236015625 0.504301315625 0.12652179531250002 0.520324034375 0.138192725 0.5410003328124999 0.1595092890625 0.543216275 0.1725808109375 0.5282145234375 0.1763102234375 0.5085345953125
0 0.1309344296875 0.53545150625 0.11901970312500001 0.5175617703125 0.10537771250000001 0.512858390625 0.09583264375 0.5137782359374999 0.09189905937500001 0.51940085625 0.081887128125 0.532213384375 0.08157324375 0.55219213125 0.09483979375 0.567743234375 0.1143267 0.571203046875 0.1273982203125 0.5562012968750001 0.1309344296875 0.53545150625
0 0.2067458265625 0.5245348390625 0.1866896671875 0.5210252234375 0.18173946875 0.5251549546875001 0.1722663203125 0.53836560625 0.1699600421875 0.55817004375 0.181112309375 0.574940115625 0.20376058593750002 0.5783255265625 0.21587644374999998 0.5611342500000001 0.216698634375 0.5419019453125 0.2067458265625 0.5245348390625
0 0.2575904875 0.4973944203125 0.22956476406249998 0.493187553125 0.21748974531249998 0.5131902953125 0.21636220625 0.526078134375 0.2324451609375 0.5520542390625 0.250945928125 0.553672846875 0.2635700921875 0.5372280125 0.2650322390625 0.5106809875 0.2575904875 0.4973944203125
0 0.2447895625 0.6142058234375 0.25824749375 0.60134379375 0.2603605625 0.5804694953125 0.2554597375 0.5610874765625 0.23207947187500003 0.55623408125 0.21887569375 0.56946933125 0.21508411875000003 0.57019056875 0.21146624374999998 0.5853174343750001 0.216997271875 0.60405261875 0.22816964999999997 0.6173145859375 0.2447895625 0.6142058234375
0 0.20867359843750002 0.6303503203124999 0.21364329999999998 0.612884821875 0.2045846046875 0.58857621875 0.1795678828125 0.586036553125 0.1732353828125 0.592853240625 0.165998415625 0.603451640625 0.1650134953125 0.621265765625 0.1781380359375 0.64171825 0.19617133125 0.645401878125 0.20867359843750002 0.6303503203124999
0 0.16174608125 0.5504316921875 0.13803060312499998 0.5494098140625 0.12380045937499999 0.5678200625 0.12166666718750001 0.5823747984375001 0.13388673906249998 0.6066089984375 0.1569415421875 0.6086260328125 0.16840708437500002 0.5955896921875 0.1700118484375 0.5739689515624999 0.16174608125 0.5504316921875
0 0.11476430625 0.5793140171875 0.0894020109375 0.5774460890625 0.0782210984375 0.590507328125 0.07525414531249999 0.611306921875 0.088897353125 0.635665634375 0.10654424062500001 0.6372095375 0.1242813328125 0.6180531499999999 0.12592693125 0.5992438703125 0.11476430625 0.5793140171875
0 0.11673047968750001 0.6486303 0.13286402343749998 0.670749984375 0.150541384375 0.6719455671875 0.1635214828125 0.657988775 0.1650652984375 0.6370646734375 0.1602156671875 0.6236538984375 0.160784921875 0.6237037015625 0.14532302187499999 0.6135763078124999 0.133917821875 0.6160883421875 0.11838643906249999 0.6329808031249999 0.11673047968750001 0.6486303
0 0.10179089687500001 0.7013751171875 0.11870458125000001 0.6817957046875 0.1216209453125 0.6648525359375 0.106493653125 0.6410659578125 0.09356353437500001 0.6413386625 0.0817822828125 0.6448707578125 0.0751956296875 0.6513142234375 0.072390803125 0.6637043328125001 0.0727680671875 0.6823396015625 0.089836553125 0.7003292484375 0.10179089687500001 0.7013751171875
0 0.16166378125 0.698891621875 0.15205655 0.6808527796875 0.131146509375 0.6772684578125 0.114689934375 0.69162306875 0.11076731875000001 0.710233134375 0.12333296406250001 0.7337955968750001 0.14512736406249999 0.7371063078125 0.1601096046875 0.71665594375 0.16166378125 0.698891621875
0 0.3593223390625 0.31149735 0.3409434765625 0.3084854640625 0.337101315625 0.3130631203125 0.324446684375 0.3298562671875 0.3217741125 0.344012871875 0.3366368859375 0.3642664390625 0.3542532890625 0.36615865937500003 0.366979228125 0.351828653125 0.3708811203125 0.3268990359375 0.3593223390625 0.31149735
0 0.3624190921875 0.4170640671875 0.36391171093749997 0.3901687359375 0.3557379796875 0.3754141890625 0.3341063234375 0.3735216640625 0.31819889843750004 0.39143417187499996 0.316187003125 0.40459562031249996 0.32783781562500003 0.4287800078125 0.348493696875 0.43199110625000003 0.3624190921875 0.4170640671875
0 0.342063065625 0.4956589296875 0.3586823625 0.48272250625 0.360145115625 0.46600315312499996 0.356636953125 0.4470939734375 0.3521536203125 0.43933102812499997 0.3293225078125 0.4380355359375 0.3136692359375 0.4563212671875 0.311159396875 0.4718960515625 0.3245685578125 0.49237342812499996 0.342063065625 0.4956589296875
0 0.35253453437500004 0.51693225 0.343324078125 0.504192915625 0.3231155578125 0.5024249000000001 0.3101762984375 0.5191931453125 0.308419165625 0.5425554765625 0.32330205156249997 0.5593009421875 0.3415181828125 0.560894646875 0.35587021406249997 0.5410911281249999 0.35253453437500004 0.51693225
0 0.3021732265625 0.46970592031249997 0.28186292343749997 0.46582308125000005 0.2800131515625 0.470575053125 0.265985971875 0.48338727031250006 0.2665564421875 0.50309239375 0.2792031453125 0.5224501078125 0.298801578125 0.5213568609375 0.3106431625 0.50730046875 0.31323406249999997 0.4875209421875 0.3021732265625 0.46970592031249997
0 0.2914664796875 0.588806396875 0.304659890625 0.5724113734375 0.3090908109375 0.554547759375 0.3053900515625 0.544396378125 0.29621006875 0.5313087249999999 0.274110940625 0.53148121875 0.26189330625 0.5465576671875 0.25966809375 0.5621573546875 0.27308761718749996 0.5857945109375 0.2914664796875 0.588806396875
0 0.3509328140625 0.5876912796875 0.34068502343749996 0.5671395015625 0.3193989421875 0.5645752390625 0.30236336875 0.585547921875 0.3005855140625 0.602590690625 0.3150722359375 0.6238643140625 0.333857621875 0.625507821875 0.3501002609375 0.603763796875 0.3509328140625 0.5876912796875
0 0.400080046875 0.5635612437499999 0.3918246453125 0.5431837765624999 0.3658218015625 0.53880290625 0.3517032 0.5526600859374999 0.3487258890625 0.5702998874999999 0.3599598171875 0.5926928734375 0.37935529218749997 0.5971976453125001 0.3983527796875 0.5767475953125001 0.400080046875 0.5635612437499999
0 0.389431815625 0.6426544421875 0.3909347953125 0.6189188921875 0.3868074 0.6136439874999999 0.376112859375 0.6014767859375 0.35692095 0.60120165625 0.34637024375 0.6136160546875 0.3436781671875 0.64110841875 0.36046201875 0.6590731546875 0.3766552890625 0.66084086875 0.389431815625 0.6426544421875
0 0.3787397078125 0.66979788125 0.35090720468750003 0.66666088125 0.347979871875 0.670616603125 0.3395233375 0.6853201343750001 0.338894353125 0.705622290625 0.354031390625 0.722740978125 0.37367065781250003 0.7244591921875 0.3861320828125 0.7065961828125 0.3877776796875 0.6877869125 0.3787397078125 0.66979788125
0 0.3296631734375 0.686563396875 0.3449300359375 0.6661379468749999 0.34584425625000004 0.6556883515624999 0.3360334640625 0.633419875 0.3313776484375 0.630906628125 0.3135985140625 0.6275962265625 0.29816892031250003 0.646603496875 0.2959437078125 0.662203184375 0.3066083828125 0.6845463640625 0.3296631734375 0.686563396875
0 0.3033818046875 0.6165237859375 0.294282884375 0.5992313953124999 0.27118725781249997 0.5944029015625001 0.2585832140625 0.607339628125 0.25380671875 0.62587498125 0.26554895312500004 0.6490144078125 0.284751221875 0.65244931875 0.30207142187499997 0.6315015390625 0.3033818046875 0.6165237859375
0 0.2542552921875 0.6469733828125 0.2463454671875 0.6259241765625 0.22985721093749997 0.6209717828125 0.22010919062499998 0.627489646875 0.20752525937500002 0.636918275 0.20578823906250002 0.656772503125 0.2203054359375 0.6776978078125 0.2372306890625 0.6809335046875 0.2509019328125 0.66563324375 0.2542552921875 0.6469733828125
0 0.19650708125 0.6513976890625 0.17778264531250002 0.6490575421875 0.17539409374999998 0.6534113890625 0.16150953125 0.6711498890625001 0.1627510390625 0.6930196359374999 0.1749296625 0.70461470625 0.195992065625 0.706457428125 0.20601374374999998 0.6869770265625 0.20725281875 0.66953613125 0.19650708125 0.6513976890625
0 0.20182965468749997 0.75119238125 0.20094408437500003 0.731810675 0.19845314218750001 0.7242220421875001 0.1875757578125 0.714144759375 0.1702744546875 0.7119291203125 0.1572638875 0.7262342234375 0.1543377734375 0.74984526875 0.1675232546875 0.7696011031250001 0.1893682296875 0.7690553890625 0.20182965468749997 0.75119238125
0 0.24888150156250002 0.7051178921875 0.23854228906250002 0.6856110734375 0.2220339203125 0.684166778125 0.20807805 0.6994421359375 0.20228433437499999 0.70665694375 0.20090264218749998 0.7191715546874999 0.214820109375 0.7403953765625 0.23060685468750003 0.7435314671875 0.24781551875000002 0.7271367468750001 0.24888150156250002 0.7051178921875
0 0.29053579375 0.661730053125 0.263211596875 0.6593394953125 0.2508007578125 0.6733460828125 0.249561684375 0.6907869765625 0.2613039171875 0.7139264046875 0.2794591015625 0.7162167484374999 0.294055534375 0.7034543328125 0.295568875 0.6828785609375 0.29053579375 0.661730053125
0 0.3290031046875 0.6973862140625 0.30275646875 0.695791903125 0.29241968906250004 0.7155957234375 0.291648084375 0.7309715984375 0.3047317859375 0.7486126140625 0.324879359375 0.7510772703125 0.33694462187499996 0.7377424203125 0.34008405625 0.7116931390625 0.3290031046875 0.6973862140625
0 0.28058785625 0.7229842343749999 0.25810231875 0.7210170046875 0.2450411640625 0.73917853125 0.24218575000000003 0.755425053125 0.25626595 0.7780670546875 0.2736281984375 0.7795860546875 0.29105018125000004 0.7607530953125 0.2932955078125 0.7416453093750001 0.28058785625 0.7229842343749999
0 0.326933303125 0.760382603125 0.3013778171875 0.7574448140625 0.2852064859375 0.7816519828125 0.286833796875 0.7958337921874999 0.301625259375 0.8136242171875001 0.32072574375 0.8149443062499999 0.3319267671875 0.7983749718750001 0.3335723640625 0.7795657015625 0.326933303125 0.760382603125
0 0.368893553125 0.733166884375 0.350545165625 0.729806678125 0.3485631359375 0.7327921468749999 0.3357457734375 0.7481671125 0.3354117765625 0.7716539499999999 0.34750933906250003 0.7874537609375001 0.36594914843750004 0.7897690078124999 0.3797118140625 0.7734237859374999 0.38150978125 0.7528729171874999 0.368893553125 0.733166884375
0 0.37401316875 0.83855959375 0.3768173875 0.8163418312499999 0.3726083234375 0.8054440062499999 0.3593826140625 0.79270436875 0.34464295312500004 0.79071284375 0.330951596875 0.80952120625 0.329326721875 0.8346500359375 0.34554131875 0.85256496875 0.359609940625 0.852391871875 0.37401316875 0.83855959375
0 0.3200047296875 0.8264637625000001 0.29575048125 0.8250437625 0.28221149375 0.842110525 0.27916287500000003 0.8572871875000001 0.294249325 0.8782622953124999 0.3114287328125 0.8818712124999999 0.32697046875 0.8681385421875 0.32863617968750003 0.845821171875 0.3200047296875 0.8264637625000001
0 0.2772375375 0.790782396875 0.2524749828125 0.788615953125 0.2395357265625 0.8053841984375 0.2381747546875 0.8242183703125001 0.24890037656250003 0.8458649140625001 0.26918020625 0.8500960687499999 0.28791318125 0.8261130187499999 0.2895898609375 0.8167830875 0.2772375375 0.790782396875
0 0.2340229875 0.753657946875 0.2147292953125 0.7512679953125 0.1983745125 0.7677374218749999 0.196911759375 0.784456771875 0.2076373828125 0.8061033140625 0.230194228125 0.8105336843750001 0.24533919375000002 0.7915015125 0.2474120359375 0.7776434234375 0.2340229875 0.753657946875
0 0.1853231109375 0.7792310671875 0.1662530984375 0.77756265625 0.1542183078125 0.7905491875 0.1507534140625 0.8137621078124999 0.1638883078125 0.8373743625 0.18102688125 0.8381718203125 0.1953484390625 0.8187166234375001 0.1986408515625 0.800753403125 0.1853231109375 0.7792310671875
0 0.23838014375 0.8579309921875 0.240106803125 0.8349169812499999 0.2333985359375 0.8234139125000001 0.2330514671875 0.823770140625 0.22781603593750002 0.8180473109375 0.2068145828125 0.8155079515624999 0.1935498625 0.8294398328125 0.1910912171875 0.8509858593749999 0.2031686671875 0.8702937703125 0.224993528125 0.8732561546875001 0.23838014375 0.8579309921875
0 0.147109953125 0.743948125 0.12282523125 0.7428764453125 0.106938528125 0.7671085140625 0.1092874609375 0.779598528125 0.1212326515625 0.7971399375 0.13730402343749998 0.8003009296875 0.15127025624999998 0.78818535 0.1551922625 0.7597476328125 0.147109953125 0.743948125
0 0.10646740625 0.710207571875 0.0821113765625 0.7066727515625 0.06883629531249999 0.7174448546875001 0.06610338437499999 0.742125759375 0.07584286875 0.7619310953125 0.0969765796875 0.76623695625 0.113107684375 0.7490459890625 0.11412307968749999 0.73088355625 0.10646740625 0.710207571875
0 0.1050101265625 0.8153758625 0.108342765625 0.7903964421875 0.09834912812499999 0.7702178859375 0.0788012828125 0.7674547125 0.06325954687499999 0.7811873828125 0.060323070312500005 0.8016386453125 0.071089528125 0.8260966484375001 0.08817751093750001 0.8307505265625 0.1050101265625 0.8153758625
0 0.140689684375 0.8107757281250001 0.11864114218749999 0.8070918015625 0.1043500578125 0.8261986796875 0.10515456875 0.8497851234375 0.11812612656249999 0.8621515390625 0.13488864843749998 0.8639690546875001 0.149088309375 0.8459071375 0.14990014062499998 0.8235150625 0.140689684375 0.8107757281250001
0 0.39896740625 0.8286386109375 0.3827996265625 0.8336408390625 0.368282328125 0.8572355453125 0.37762253281249997 0.8853237843749999 0.40512711718750005 0.8893343046875 0.41502236249999996 0.877366578125 0.419876315625 0.8593431640625001 0.4137423703125 0.839556340625 0.39896740625 0.8286386109375
0 0.392366175 0.765498015625 0.376141290625 0.7861360109375 0.3763397609375 0.8025962312500001 0.3872823984375 0.8236058515625 0.4107332 0.8252564859374999 0.4246815296875 0.8044193171874999 0.4253076046875 0.786026009375 0.4105437828125 0.7674893953125 0.392366175 0.765498015625
0 0.4550316328125 0.805871471875 0.434356709375 0.8024584703125001 0.41845704687499996 0.8231249171874999 0.4218965953125 0.8474885546875001 0.43314077500000003 0.86130574375 0.45022641874999997 0.8607953140625 0.46476739375 0.84442149375 0.4649052875 0.8203708421875 0.4550316328125 0.805871471875
0 0.43051882187499996 0.7227157375 0.41890276093749995 0.70565765 0.395812003125 0.7036374703125 0.38122436875 0.7167988484375 0.3802264171875 0.7319512593749999 0.39248177968750003 0.756685134375 0.41363304375 0.7621450390625 0.42702425312500003 0.747675853125 0.43051882187499996 0.7227157375
0 0.4698623125 0.7786947750000001 0.47271828125 0.757288196875 0.460451775 0.740173203125 0.44667615312500003 0.7365617234374999 0.4419956046875 0.741365815625 0.43093875312499996 0.7516277328125 0.42470243124999996 0.766722890625 0.429791071875 0.7872203515625 0.44300956406249997 0.7971998171875 0.45771419375000005 0.797684215625 0.4698623125 0.7786947750000001
0 0.4611133625 0.7326112250000001 0.4752364921875 0.721013390625 0.47970672812500004 0.6961386359375 0.464536209375 0.6747591234375 0.467207625 0.6741907515625 0.4512250921875 0.6695840984375 0.429610715625 0.6881463921875 0.42825272031250006 0.7036683499999999 0.43826634843749995 0.7278050546875 0.4611133625 0.7326112250000001
0 0.48118310937500003 0.716721109375 0.4703477140625 0.7394348078124999 0.4815577703125 0.7648793203124999 0.5060657140625 0.769429759375 0.5237182390624999 0.7324738109375 0.51038275 0.708848571875 0.49109019531250003 0.7083638265625 0.48118310937500003 0.716721109375
0 0.5136649 0.81741794375 0.5142443140624999 0.795812190625 0.5124085843749999 0.7868285890625 0.49726174062500006 0.7726699640625 0.4801412796875 0.7735783875 0.46586772343750005 0.7943871031249999 0.46542759375 0.814400859375 0.47921574375000003 0.832852115625 0.4976489359375 0.8356679437500001 0.5136649 0.81741794375
0 0.4635486796875 0.85835145625 0.46055343125 0.8813500296875001 0.4745971671875 0.9006257328125 0.4904167421875 0.8996034984374999 0.506862390625 0.880187953125 0.5079877859375 0.8598331015625 0.48968134374999994 0.8405855046875 0.47797335468749996 0.8395611890625 0.4635486796875 0.85835145625
0 0.5422259328125001 0.8130989375000001 0.523723103125 0.81107910625 0.5193329546875 0.8163096515625 0.5086598203125 0.8334229093750001 0.5096598593749999 0.8519584828125 0.523262071875 0.8687892890625 0.53952316875 0.8702119500000001 0.5553650328125 0.8539519421874999 0.5569779140625 0.8280251109375 0.5422259328125001 0.8130989375000001
0 0.5316405578125 0.7468024609375 0.5167862015625 0.7667582703125 0.5141502984375 0.778157971875 0.5254996359375 0.8020104921875 0.54509443125 0.8065321296875 0.559530946875 0.7913523046875001 0.5613994078125 0.7662499234375 0.552129540625 0.7485950140625001 0.5316405578125 0.7468024609375
0 0.537269625 0.6787162015625 0.52289160625 0.7007189140625 0.519779365625 0.7100717125 0.5313146421875 0.7355446765625 0.5483773046875 0.7390426953125 0.5645214046875 0.72681958125 0.5673892109375 0.7090234468750001 0.56278805625 0.682954 0.537269625 0.6787162015625
0 0.5942008609375 0.7771405859375 0.608498090625 0.76355275625 0.6121089625 0.7410090859375 0.6013174484375 0.7220179140625 0.5991683359375 0.716616303125 0.583162821875 0.7160180921875 0.56572966875 0.7317378328124999 0.5617469171875 0.7510406078125 0.56965809375 0.7729881421875 0.5942008609375 0.7771405859375
0 0.59487498125 0.784418375 0.5743859984374999 0.782625821875 0.566313946875 0.78873738125 0.556035678125 0.8050830921875001 0.5546776828125 0.82060505 0.574505771875 0.8411889125 0.59087133125 0.841417575 0.6068872937500001 0.823167575 0.6070022046875 0.8031253656249999 0.59487498125 0.784418375
0 0.5973430343749999 0.8760726234374999 0.5867952609375 0.8542954593750001 0.5702089406249999 0.8528443453125 0.5582342265625 0.8586144609374999 0.5520786859375 0.8652947375 0.5472713890625001 0.8865305984375 0.562302628125 0.9095021046875 0.5779599421875 0.9140803046875 0.5962872781249999 0.8956314750000001 0.5973430343749999 0.8760726234374999
0 0.6478666484375 0.8492113390625 0.6379693203125 0.8274910796875 0.6204303171875 0.8219461625 0.603821709375 0.8357328171875 0.5978402734375 0.8404230968749999 0.59655191875 0.8551490562499999 0.6063447890625 0.8780633124999999 0.6254402578125 0.8845464906249999 0.6461026453125001 0.8731197203125 0.6478666484375 0.8492113390625
0 0.6547032828125 0.7748140015625 0.6406247265625 0.75593629375 0.625954921875 0.7550538984374999 0.6133764203125 0.7639795546875 0.6067912 0.771825371875 0.604504196875 0.7904744140625 0.6202555203125 0.8127068296875001 0.637283359375 0.8166028453124999 0.6515687546875 0.7994045703125 0.6547032828125 0.7748140015625
0 0.5998960906249999 0.652111684375 0.588513321875 0.6511158218750001 0.584006875 0.6539299203125 0.5708364296874999 0.66962155625 0.567910821875 0.691824134375 0.5827094609375 0.7099627484375 0.6012122921875 0.7119825828125 0.6143360796875 0.6930785015625001 0.616146740625 0.6723825609375 0.5998960906249999 0.652111684375
0 0.6476409671875001 0.690866790625 0.6254400578125 0.6889244625 0.619300765625 0.6968110078125 0.6114640734375001 0.707707921875 0.6111197140625 0.7280349796875 0.6254942921875 0.7440340046875 0.6429174921875 0.7448563640625 0.655714740625 0.7329894984374999 0.6592405828125 0.7090799375 0.6476409671875001 0.690866790625
0 0.7019364671874999 0.7422981640625 0.6888631281250001 0.7278169296875 0.6697016921875 0.727193478125 0.6575145328125 0.7419216078125 0.6554422984375 0.76560735625 0.668495525 0.783596690625 0.689527453125 0.7857877328125 0.699285225 0.7726019890625 0.7019364671874999 0.7422981640625
0 0.7230366640625 0.697814046875 0.707596709375 0.7136615374999999 0.703430303125 0.735058153125 0.7170021953125 0.7569537109375 0.7325043140624999 0.7600648999999999 0.7522843734375 0.7372264140625 0.75296455625 0.7228954984375 0.742686290625 0.7026920390625 0.7230366640625 0.697814046875
0 0.7286725140625 0.7678023390625001 0.711594890625 0.766308240625 0.7029652640624999 0.7764338109375 0.695931865625 0.7912618499999999 0.69732574375 0.8113899984374999 0.71384508125 0.8258217328124999 0.72782228125 0.82669359375 0.7414831640624999 0.8082335515624999 0.7428538859375 0.7827314999999999 0.7286725140625 0.7678023390625001
0 0.739005621875 0.8529429984375 0.7284122562500001 0.8330629578125001 0.71105000625 0.8315439578125 0.6961689468750001 0.844281471875 0.6913510078125 0.8501777046875001 0.6901119328124999 0.867618596875 0.7079635921875 0.8930474593750001 0.7223272015625 0.8960590421875001 0.7399320281249999 0.8751361640624999 0.739005621875 0.8529429984375
0 0.68343935625 0.7996455171875 0.66338320625 0.7961359031249999 0.6569489265625 0.8008377640625 0.6476080375 0.8158149109374999 0.6476805640625 0.837933371875 0.664301684375 0.8544799281250001 0.6782179359375 0.856048428125 0.6931800578125 0.8391061734375 0.694835409375 0.8136290234375 0.68343935625 0.7996455171875
0 0.678025340625 0.8648062265625001 0.6618625453125 0.8626901921875 0.6556519468750001 0.868113596875 0.6429363671874999 0.885603384375 0.6416875390625 0.90971215625 0.6615815671874999 0.9216312515625 0.6827555046875 0.9189209140625 0.6929198015625 0.9043667921875 0.6918714984375 0.8835669062499999 0.678025340625 0.8648062265625001
0 0.7554335375 0.8684196937499999 0.74392716875 0.8786445671875001 0.7329297109375 0.89944354375 0.7396809171875 0.9239012421874999 0.7619025484375 0.9321631296874999 0.7795890437499999 0.916863171875 0.7833995140625001 0.8929785140625001 0.7733955171875 0.869640175 0.7554335375 0.8684196937499999
0 0.8193100703124999 0.8431214015625 0.7958792296875 0.8421244265625001 0.7893943625000001 0.8506827078124999 0.7834080515624999 0.8666553140625 0.7832666500000001 0.8813843531250001 0.8002132328125 0.9007672718749999 0.81865304375 0.9030825171875 0.83354385625 0.8836771234375 0.8330239734375 0.8601155796875 0.8193100703124999 0.8431214015625
0 0.758702796875 0.8048262718749999 0.7442081468749999 0.8197035078124999 0.739767471875 0.8442350015625 0.7503504765625 0.8609552624999999 0.7718602375 0.8642410671875 0.786334775 0.8528719312499999 0.79002335 0.8303805515624999 0.7783420640625 0.806544484375 0.758702796875 0.8048262718749999
0 0.8403188453125001 0.7996822421875 0.8290544421874999 0.777637578125 0.81235286875 0.7751234203124999 0.79651614375 0.785671409375 0.788964078125 0.7965932265625 0.7881418874999999 0.8158255203125 0.802333621875 0.8339144624999999 0.82285724375 0.8353590609375001 0.8366302703124999 0.822173621875 0.8403188453125001 0.7996822421875
0 0.8840935046875 0.8533520343750001 0.8858506374999999 0.8299897046875 0.8813063578125 0.8229233984375 0.86302866875 0.8121986734375 0.8493464578125 0.8145114937500001 0.8324839765625001 0.8400621359375 0.839265046875 0.8543438562500001 0.85176913125 0.8687752874999999 0.8676777734375 0.8705181 0.8840935046875 0.8533520343750001
0 0.9380086984375 0.83700984375 0.9247317921875 0.81829896875 0.9041776968749999 0.8172026906250001 0.8900999296875 0.833871328125 0.8899487765625 0.8552682484374999 0.9005116671875 0.875496609375 0.9186668515624999 0.8777869546874999 0.9369939109375001 0.8649999390625001 0.9380086984375 0.83700984375
0 0.934090340625 0.9244135218749999 0.93525810625 0.9045094890625001 0.9295448437499999 0.8976918968750001 0.913574646875 0.8868180656250001 0.8982456203125 0.8882848359375 0.8853063625 0.90505308125 0.8842604921874999 0.9235638359375 0.9005360390625 0.9407821296875 0.919951625 0.9417788 0.934090340625 0.9244135218749999
0 0.8691015156249999 0.8804702671875001 0.8446845375 0.8776320875 0.8396020859375 0.8799953171875 0.8310949640624999 0.89855526875 0.8294493656249999 0.9173645390624999 0.8434783703125 0.9340353015625 0.859417484375 0.9354297921875 0.8772667109375 0.9215480156250001 0.8792779984375001 0.8985589062500001 0.8691015156249999 0.8804702671875001
0 0.870032203125 0.8075466125 0.888420209375 0.7940629593749999 0.8882154265625 0.7701779984375 0.8782522640625 0.7496511203125 0.85598004375 0.745245653125 0.843121846875 0.7578091578125 0.8455817078125 0.755918453125 0.8377956031249999 0.7629589484375 0.8364754671875 0.7846045796875 0.8528936296875 0.8067491546875001 0.870032203125 0.8075466125
0 0.8420430718749999 0.7373575921875 0.83558685625 0.716084575 0.8141581562500001 0.7085940296875 0.79853475 0.71670378125 0.7945505796875 0.72618281875 0.7933828140625 0.7460868515625 0.8039152312500001 0.7666635312500001 0.8233716546875 0.7704716640625 0.8391571828125001 0.7539524359375 0.8420430718749999 0.7373575921875
0 0.7540396828125 0.6843811046875 0.7501274296875 0.706150940625 0.7584535296875 0.7191638890625 0.76822288125 0.728793246875 0.7876281078125 0.7266301375 0.799103396875 0.7069259234375 0.8005356750000001 0.69055489375 0.7862726328125 0.670002809375 0.7682801796875001 0.669130646875 0.7540396828125 0.6843811046875
0 0.7887580796875 0.75305294375 0.777738078125 0.73804938125 0.7585156953125 0.7381225703125 0.7450888515625 0.7604639328125 0.745496590625 0.778750875 0.759251328125 0.7985565140625 0.7759833781250001 0.80072235 0.7935272546875 0.7804961109375 0.7887580796875 0.75305294375
0 0.711142665625 0.6862438765625 0.6985361906249999 0.6598699640625 0.6819973484374999 0.6587739890625001 0.6688746359375 0.6678044937500001 0.6602145375 0.678278384375 0.6588328437500001 0.6907929953124999 0.6696706109375 0.7177141375 0.6951956234375001 0.7210002453125 0.7092020812500001 0.7018684656249999 0.711142665625 0.6862438765625
0 0.7566299765625 0.65477391875 0.7439424375 0.632604746875 0.7265497140625 0.6314340656249999 0.7161410171875 0.6389470875 0.7097475734375001 0.646460409375 0.7064551609375 0.6644236296875 0.720006940625 0.6898272890625 0.7399003609375 0.6919187234375 0.7553299531250001 0.6729114515625 0.7566299765625 0.65477391875
0 0.804973915625 0.6267127578125 0.795041228125 0.6058375609375 0.7786748671875 0.5994918859375 0.7646781625 0.6119557859375 0.75575355 0.618896675 0.754229846875 0.636312665625 0.7692858234375 0.6576360921875 0.79019585625 0.6612204140625 0.8041822 0.645596734375 0.804973915625 0.6267127578125
0 0.8344879640625 0.6991411078125 0.846797021875 0.6830196984375 0.8476192109375 0.663787403125 0.8450465984375001 0.65057585 0.8445181796875 0.65333750625 0.830936534375 0.638109828125 0.814408053125 0.6401736328125 0.8025768281250001 0.657389803125 0.8000572343749999 0.6796324703125001 0.8151333265625 0.6974477968749999 0.8344879640625 0.6991411078125
0 0.8665332046875 0.6082314531249999 0.8519776078125 0.623805328125 0.8478112015624999 0.6452019453125 0.859167025 0.66620165 0.8796095859375 0.6718509874999999 0.8972552468749999 0.6537395703125 0.899053215625 0.6331887015625 0.8848511203125 0.611939978125 0.8665332046875 0.6082314531249999
0 0.8913012328125 0.6988468359375 0.8756863625 0.6806333859375 0.8600014015624999 0.6796121140625 0.8420101640625001 0.6983952703125 0.8403749265625 0.7203643234375 0.8555528000000001 0.7402944687499999 0.8761373703125 0.7410424296875 0.8886804671874999 0.7288023406249999 0.8913012328125 0.6988468359375
0 0.7350656359375 0.5668968999999999 0.7161388046875 0.579982459375 0.7098782140625 0.599089984375 0.7204210140625 0.6228264953125 0.7415852468749999 0.626784046875 0.7584483703125 0.6110610296875 0.7620558921875 0.5927743546875 0.7542783078124999 0.5734916046875 0.7350656359375 0.5668968999999999
0 0.68197434375 0.59348983125 0.667144446875 0.612198625 0.6630182578125 0.626579075 0.6710402421875 0.6529029359375 0.69580285 0.6550693828124999 0.7101348015625 0.6387739296875 0.7128780765625 0.6172527609375 0.7027216875 0.595655975 0.68197434375 0.59348983125
0 0.6908709562500001 0.46229718281250004 0.6778908343750001 0.476253996875 0.6735921625 0.4958841546875 0.681288684375 0.51937165 0.703235490625 0.520940759375 0.7194580515625 0.50270479375 0.7228827265625 0.48650803906249995 0.7148711015625 0.46334396250000004 0.6908709562500001 0.46229718281250004
0 0.7637910921875 0.5434370359375 0.7656500125 0.5221894812500001 0.7602719515625 0.511540346875 0.75121384375 0.4970593859375 0.7340752359375 0.49626192343750003 0.722436584375 0.5047203140625001 0.7145297828125 0.53280946875 0.728569178125 0.5526400546875 0.75121749375 0.5560254718750001 0.7637910921875 0.5434370359375
0 0.7046592375 0.5308929484375 0.6835967890625 0.5290502234375001 0.677701278125 0.53415021875 0.6687059468750001 0.54845565625 0.66851395625 0.5670411578125 0.6835596015625 0.5852048421875 0.702527875 0.58475843125 0.7161382 0.570154778125 0.7163503015625 0.5480611734374999 0.7046592375 0.5308929484375
0 0.8095149718749999 0.5551590656250001 0.799694403125 0.5395584343750001 0.7812850265625 0.5368948609374999 0.7671255625 0.5479406046874999 0.7619620359375 0.5545085890625 0.7604992796875 0.571227975 0.7729631671875 0.5926756546874999 0.791474325 0.5974540515625 0.8077883078125 0.5781731234375 0.8095149718749999 0.5551590656250001
0 0.8538998156250001 0.611690240625 0.8543057296875001 0.600494178125 0.85149968125 0.5932289484375 0.8384970125000001 0.5713831453125 0.820880571875 0.5694909203125 0.8012632 0.593747640625 0.805848934375 0.613453109375 0.8179465218749999 0.629252953125 0.8414688343750001 0.6292049703125 0.8538998156250001 0.611690240625
0 0.8745002828124999 0.5401363265625 0.8587147234374999 0.5566555906249999 0.85419236875 0.5755642062499999 0.8668189859375 0.5984300671875 0.8872920640625 0.6037311 0.902010425 0.589575371875 0.9027101156249999 0.5619086359375001 0.89341796875 0.5435463421875 0.8745002828124999 0.5401363265625
0 0.8596685656249999 0.5293620796875 0.8477434593750001 0.508312525 0.8322004734374999 0.5023898640625 0.8168720203125 0.5136843171875001 0.8103365531250001 0.526099046875 0.8102158765624999 0.5471476921875 0.825861253125 0.565012859375 0.84350816875 0.5665567640625 0.858175334375 0.5464297874999999 0.8596685656249999 0.5293620796875
0 0.9105340296875 0.5085411859375 0.9002350234375 0.48201810937499995 0.8774849218749999 0.4765178671875 0.863051190625 0.490698496875 0.8583758578125 0.5015210328124999 0.8588951343750001 0.51525494375 0.8726803765625 0.53471230625 0.8895142406250001 0.5389929718750001 0.90417165625 0.5255338875 0.9105340296875 0.5085411859375
0 0.8164642828125 0.49539733750000003 0.8035530375000001 0.472506575 0.7874511578125001 0.46969389531249994 0.7716247593750001 0.48340169218750006 0.7690125234375 0.48703400625000004 0.76635030625 0.5043504265625 0.7785399265625 0.5289329921875 0.798718015625 0.53104933125 0.8142695375000001 0.5106487390625001 0.8164642828125 0.49539733750000003
0 0.8334877046875 0.441781778125 0.82228605 0.4485234703125 0.8141756843750001 0.4723829734375 0.825897828125 0.49903055937499996 0.8516362187500001 0.49987842968749996 0.8627458390625 0.4843540203125 0.8652148515625001 0.4659677359375 0.855597240625 0.44476907343749994 0.8334877046875 0.441781778125
0 0.7869489546875 0.40331346874999996 0.772799846875 0.41751899843749996 0.7711036578125 0.4401847375 0.784451903125 0.4613587984375 0.8055448234375 0.46285320468749996 0.8204051953124999 0.4437960875 0.820505759375 0.42625555156250006 0.81250449375 0.4062512625 0.7869489546875 0.40331346874999996
0 0.7569429750000001 0.431575115625 0.7388590640625 0.43174791093750003 0.7286740234375 0.4399824921875 0.723419684375 0.45742311874999997 0.7241730015625001 0.47503836250000003 0.736931265625 0.489843046875 0.7571703046875 0.49126274687500004 0.7703229109375 0.47205621875 0.769742078125 0.4491912671875 0.7569429750000001 0.431575115625
0 0.4052484265625 0.6356145546875 0.392105603125 0.6481531578124999 0.38710542812500004 0.66596696875 0.3943752984375 0.6943308921875 0.41635252968750003 0.695551678125 0.43267683906250004 0.679430571875 0.4353591625 0.6586060875 0.42539599843750003 0.6380792093750001 0.4052484265625 0.6356145546875
0 0.4814870328125 0.6296490734375 0.47285558281249995 0.6102916640625 0.45287074218749995 0.6092451875 0.44166911249999996 0.6159868640624999 0.43579433593749994 0.6274064109374999 0.43456562187500003 0.6480070828125 0.44742564218750003 0.66492655625 0.465834978125 0.6675901234375 0.48129504531249995 0.6482345328125 0.4814870328125 0.6296490734375
0 0.442206675 0.5967296671875 0.43249766562499997 0.5765760109375 0.4152573109375 0.57366373125 0.40098573125000003 0.5794348484375 0.39334224375 0.591401625 0.392062334375 0.6060310578125 0.40449571874999996 0.627827009375 0.4207602953125 0.6320578640625001 0.43746065468750006 0.6149167 0.442206675 0.5967296671875
0 0.488547865625 0.5653344140625001 0.475545228125 0.543488659375 0.46039904531250003 0.5428655124999999 0.449014571875 0.55169710625 0.44108645625 0.56363898125 0.441300990625 0.5808560625 0.45227040625 0.5997160453125 0.47219429999999996 0.6014591593749999 0.4857028125 0.5847407171875 0.488547865625 0.5653344140625001
0 0.53115354375 0.61925291875 0.533358034375 0.597333671875 0.5278684515625 0.5912376218750001 0.517682215625 0.5798168625 0.4979820015625 0.5787952875 0.48573389375 0.5942200578125 0.48380366874999997 0.6130044265625 0.49531186250000003 0.632262534375 0.5133451515624999 0.6359461578125 0.53115354375 0.61925291875
0 0.578357759375 0.57143683125 0.5691674156250001 0.5551893984375 0.550066928125 0.553869309375 0.53725931875 0.5625763953125 0.531577746875 0.5750658015625 0.532127496875 0.588451365625 0.5452825046875 0.608555521875 0.5642202609375 0.60845743125 0.5763665859375 0.590917840625 0.578357759375 0.57143683125
0 0.5731875328125 0.63381098125 0.5621980062499999 0.6184590984375 0.5436362984375 0.6175371328125 0.5344069453125 0.62796121875 0.5260211124999999 0.6353002296875 0.5246802546875 0.6506263031249999 0.5350194671875 0.6701331234375 0.5576476218749999 0.6770266328125001 0.57052593125 0.6609550265624999 0.5731875328125 0.63381098125
0 0.60652669375 0.590397634375 0.5849864593749999 0.58746015 0.5807073 0.5937545046875 0.5716510375 0.608756553125 0.577101003125 0.6316964656249999 0.5888731046875 0.6446599125 0.6068350828125 0.6458803953125 0.6190319953125 0.6244843859375 0.619061253125 0.604480746875 0.60652669375 0.590397634375
0 0.6632022078124999 0.6637983609375 0.6647362718750001 0.64954215 0.6620929578125 0.643695115625 0.650310496875 0.6275718859375 0.63136238125 0.624510196875 0.616745834375 0.6407807125 0.6186992124999999 0.66762654375 0.6288958078125 0.6822070828125 0.648656971875 0.6825320171875 0.6632022078124999 0.6637983609375
0 0.6698656609375 0.5843565390625 0.66002439375 0.5624363828125001 0.6383214296874999 0.5580807171875 0.6271405203125 0.5711419531249999 0.619944390625 0.5845518109375 0.6226492593749999 0.5995298671875 0.6353569125 0.618190940625 0.6522413296875 0.618615178125 0.6684029078125 0.601075890625 0.6698656609375 0.5843565390625
0 0.5772283953125 0.5548416859375 0.5890011046875 0.57763279375 0.6088031015625 0.5807691859374999 0.622758971875 0.5654938281249999 0.6247403921875 0.5526807 0.6214559078125 0.534493059375 0.60440815 0.5228229828125001 0.5907868859375001 0.5244391640625 0.5785997265625 0.53916729375 0.5772283953125 0.5548416859375
0 0.672576634375 0.5337007546875 0.6732769296875001 0.5158617375000001 0.669372603125 0.501480715625 0.6528739875 0.493368540625 0.6419057875 0.494163878125 0.6332353281249999 0.5014779890625001 0.62557111875 0.5071252046875 0.6248299890625 0.522152759375 0.6368976859375 0.5481285484375 0.6558153296875 0.5515385578124999 0.672576634375 0.5337007546875
0 0.583068440625 0.4749768375 0.5846859984375 0.495826528125 0.5946589140625 0.5096855265625 0.617215759375 0.5141158953125 0.626526175 0.49948707031249995 0.6310991046875001 0.4767220765625 0.6177917265625 0.45835951875000003 0.6017203546875 0.45519852656250004 0.589329628125 0.46569701406249997 0.583068440625 0.4749768375
0 0.5346940265625 0.5033863203125 0.5329771203125 0.51973245 0.5471591015625 0.5444892718750001 0.5654057078125 0.5457346578125 0.5707423125 0.5437446484375 0.5787313765625 0.5311061328125 0.5822267453125 0.50754489375 0.5710336515625001 0.48796336875 0.5509878625 0.4876135328125 0.5346940265625 0.5033863203125
0 0.5352754656250001 0.5360788828125 0.5273760000000001 0.5181894578125 0.502959021875 0.515351278125 0.4926118828125 0.5319953171875 0.48861735 0.538314575 0.48754039843749997 0.5473459890625 0.49982141249999995 0.5708835390625 0.5199994593749999 0.572999875 0.5314345203124999 0.5603118609375 0.5352754656250001 0.5360788828125
0 0.46038503437499995 0.480739771875 0.446906996875 0.49710989375 0.44415336562499996 0.5154712375 0.455133140625 0.5374909999999999 0.4775882046875 0.5398065515625 0.488677690625 0.527790275 0.492335790625 0.505647215625 0.483226509375 0.48519504218750004 0.46038503437499995 0.480739771875
0 0.43355085468750004 0.5120867359375 0.4119192 0.5101942109375 0.40688794218749996 0.5185286828125 0.3968047078125 0.5288780656250001 0.39668341875 0.540099003125 0.4092185875 0.5640097765625 0.4281057546875 0.5677681046874999 0.4434238125 0.5533138937500001 0.44596351875 0.5275631296875 0.43355085468750004 0.5120867359375
0 0.363628925 0.48234597343749996 0.356700940625 0.49553563437500003 0.35481094375 0.507303803125 0.3674070578125 0.5305179359375 0.3865075453125 0.5318380265625 0.40100219531250003 0.5169607890625 0.40273921562500004 0.497106559375 0.39468738124999997 0.48095873281249996 0.374712290625 0.473244378125 0.363628925 0.48234597343749996
0 0.4374505015625 0.4478467140625 0.420494765625 0.444959334375 0.4096795421875 0.4538407359375 0.4015277453125 0.4650610765625 0.40322636406249995 0.48170603281249996 0.4162186484375 0.5003920140625 0.43526855624999994 0.5055685296875 0.44694741406249994 0.49009394687499996 0.45189639687499994 0.46630888437499995 0.4374505015625 0.4478467140625
0 0.46710049375 0.41709706874999997 0.4546183390625 0.42864052187499996 0.449018434375 0.4467528609375 0.46247879843749995 0.4732014890625 0.47934311249999995 0.47713382656250003 0.49418334374999995 0.461584846875 0.49652984531250005 0.43476420625 0.48873215937500003 0.41898959375 0.46710049375 0.41709706874999997
0 0.5040666671875 0.5059718046875 0.5257288078125 0.5075160109375 0.5392172140625 0.49430566093749995 0.540740915625 0.4768896625 0.5316316296875 0.4564374796875 0.5103455359375 0.4538732171875 0.49428512812500003 0.4636996671875 0.48910210468750004 0.48360340781250005 0.5040666671875 0.5059718046875
0 0.5401082796875001 0.4382258375 0.5397230859375 0.455741446875 0.552695259375 0.4779355328125 0.571958484375 0.4806738046875 0.579642809375 0.47151848125000007 0.5864019453125 0.4598253171875 0.5852926953125 0.4397220609375 0.5752381062499999 0.42024013125000004 0.555822509375 0.41924346406249996 0.5401082796875001 0.4382258375
0 0.5441418234375 0.4052350484375 0.5347887453125 0.3875694234375 0.514864840625 0.3858263078125 0.5018237937500001 0.40047974374999995 0.4963147015625 0.4077194546875 0.49634639375 0.4270264609375 0.5102736203125 0.4415824078125 0.531173303125 0.44200695156250003 0.5415003328125 0.428871003125 0.5441418234375 0.4052350484375
0 0.500937615625 0.3712703640625 0.49319051406250003 0.351639328125 0.46965787968750006 0.34852753124999997 0.4552448921875 0.3690276984375 0.45260279687500005 0.382835990625 0.4603395328125 0.3993072421875 0.47539490781250004 0.4108030125 0.486830584375 0.4079426578125 0.49987163125 0.393289228125 0.500937615625 0.3712703640625
0 0.4085093421875 0.43443411875000004 0.40081283125 0.41094666249999995 0.37778850468749997 0.408581309375 0.3656823984375 0.41910470625 0.36005141093750004 0.42773769687499996 0.35794809375000003 0.4419441125 0.370513740625 0.46550657500000003 0.391576153125 0.46734929843749995 0.4073312140625 0.45117838125 0.4085093421875 0.43443411875000004
0 0.44005237499999994 0.44105462500000003 0.45301175000000005 0.4207782703125 0.45407773437500004 0.3987594046875 0.4438403 0.3813673984375 0.42758607812499994 0.3802963234375 0.415662815625 0.3887298 0.4081716953125 0.39895498281249997 0.4071660515625 0.410449540625 0.4119242609375 0.42490527499999997 0.4245502484375 0.437943434375 0.44005237499999994 0.44105462500000003
0 0.41182858125 0.35715658281249996 0.3926561671875 0.343545684375 0.380966340625 0.34603281875 0.367772921875 0.36242785 0.3649168984375 0.3688467171875 0.36388078125 0.38068959687500004 0.377198528125 0.4022119421875 0.3949776703125 0.4055223484375 0.4102445390625 0.3850968875 0.41182858125 0.35715658281249996
0 0.37219044375 0.2922661203125 0.36864387656250003 0.30985613125 0.371368859375 0.321326090625 0.3842794765625 0.33438915156250004 0.40147900468750003 0.33448997187499996 0.414144003125 0.3208565984375 0.4168464390625 0.296524003125 0.40553144531249996 0.27833574687499996 0.386644265625 0.2745774171875 0.37219044375 0.2922661203125
0 0.42252312812500004 0.3693237875 0.4464318125 0.3714155265625 0.45383150937499994 0.36223530625 0.46125071562500003 0.33971931875 0.45216154218750004 0.3157590359375 0.42667735156250003 0.3152843875 0.411704859375 0.3290668671875 0.41119777031250004 0.34797575625 0.42252312812500004 0.3693237875
0 0.47993067656250005 0.28028201875000003 0.47444169843750006 0.284013628125 0.4612379203125 0.297248878125 0.45785408437499997 0.31625706875000004 0.46959632500000004 0.33939650625 0.489459278125 0.3418362625 0.49274255 0.3403685828125 0.5052649312499999 0.32180892499999997 0.507154321875 0.300213084375 0.49473128906249997 0.28157690468749996 0.47993067656250005 0.28028201875000003
0 0.5395622015625 0.3198957390625 0.5196382984375 0.3181526234375 0.5027752000000001 0.33387561718750003 0.498903171875 0.3486292609375 0.5019737328125 0.35942748281250003 0.5158503703124999 0.37783985000000003 0.52976663125 0.3794083515625 0.5377154703125 0.3737860375 0.54867270625 0.3600032546875 0.54949550625 0.3505986109375 0.5475939265624999 0.3395516765625 0.5395622015625 0.3198957390625
0 0.5433988703125 0.3907796171875 0.5489804859375 0.4056583765625 0.5545919687499999 0.41036114843749993 0.57903943125 0.4128510109375 0.5925985390624999 0.3922761390625 0.5932378843749999 0.37513375625 0.5785987859375 0.3556017234375 0.5618770921875 0.3565956671875 0.5469350734375 0.3700298265625 0.5433988703125 0.3907796171875
0 0.5912534234375 0.33880856718749996 0.5895468765625 0.3583144875 0.60552805 0.3821757703125 0.6284000078124999 0.386282721875 0.6378122125 0.37376871093749997 0.6402915796875 0.3585422390625 0.636773053125 0.33647326875 0.6204469125000001 0.32311138906250003 0.6079135625000001 0.3286836 0.5912534234375 0.33880856718749996
0 0.6367261156249999 0.3992956796875 0.6476443390625 0.4121844296875 0.667365284375 0.41952556249999995 0.679461028125 0.4058423875 0.68348481875 0.3795194796875 0.6684391953125 0.36135582187500004 0.6469501484375 0.36438958125 0.636511578125 0.382078590625 0.6367261156249999 0.3992956796875
0 0.6424442453125 0.48473459218750004 0.6662816203124999 0.4843631890625 0.678265221875 0.465405409375 0.6789959890625 0.4472180640625 0.6671726875 0.428283365625 0.6438332578125 0.4262414296875 0.6300705843750001 0.44258666093750004 0.628303090625 0.46278922187499993 0.6424442453125 0.48473459218750004
0 0.6217353375 0.446069253125 0.6353657515625 0.42795752499999995 0.6376622734375 0.41482097187500006 0.6247918875 0.39474170625 0.603973265625 0.3901124265625 0.596471784375 0.397177825 0.587689784375 0.40904500156249995 0.5857894265625 0.41765339375000005 0.589348175 0.4327061609375 0.602360575 0.44788404374999996 0.6217353375 0.446069253125
0 0.681067615625 0.41370464062499995 0.6790258546875 0.4370420828125 0.6930853390625 0.45336453125 0.7160383593749999 0.453266740625 0.7250739046875 0.431945121875 0.7258552609375 0.4099013578125 0.7118061359375 0.3967386921875 0.695399540625 0.397409215625 0.681067615625 0.41370464062499995
0 0.7295438375 0.3874099671875 0.728396184375 0.40380590781250003 0.7392132328125001 0.42440750156249996 0.760438378125 0.42766840312500004 0.7674010796874999 0.42020488125 0.77320455 0.4063221875 0.7759886578125 0.3876125171875 0.7635961 0.3686280140625 0.752902165625 0.3662884734375 0.741812065625 0.36847708749999997 0.7295438375 0.3874099671875
0 0.7326518625 0.3518811421875 0.7222821749999999 0.332722640625 0.701789028125 0.3309297234375 0.6873151 0.35212651875 0.68396113125 0.3609587203125 0.685699975 0.3705874703125 0.69523589375 0.386163165625 0.7138079625 0.3902449125 0.7282111890625 0.376412634375 0.7326518625 0.3518811421875
0 0.687680178125 0.338119021875 0.6903728640625 0.3204543171875 0.685523234375 0.30704355 0.67163685 0.29529906875 0.6578833281249999 0.29514874999999996 0.6428907328125 0.31243932343749997 0.6371786859374999 0.3252770515625 0.6416522671875 0.3397078765625 0.6522553828125 0.3529200375 0.6712949234375001 0.3549367671875 0.687680178125 0.338119021875
0 0.6382422375 0.2639475578125 0.6230344984375 0.2541933890625 0.609789890625 0.2646171734375 0.5972266828125 0.2803653609375 0.5961704515624999 0.295716334375 0.6085020546875 0.315397465625 0.6321364609375 0.32062408124999997 0.64616303125 0.297984203125 0.6475953109375 0.281613171875 0.6382422375 0.2639475578125
0 0.5976965875 0.3176109828125 0.58754021875 0.29601424375 0.5640581828125 0.28904602968750004 0.55228790625 0.3055655609375 0.54877120625 0.31297958124999997 0.547541884375 0.32375259375 0.5605445234374999 0.3455983484375 0.5778763 0.34746566875 0.59051081875 0.334180621875 0.5976965875 0.3176109828125
0 0.435485990625 0.2441027671875 0.4199137796875 0.2581837578125 0.41526954062500004 0.2784856109375 0.4245110796875 0.30070428437499996 0.442300575 0.30717446718749997 0.45830978125 0.29137677968750003 0.46515972968749997 0.268811 0.45804283593750006 0.2485331375 0.435485990625 0.2441027671875
0 0.37724837031249997 0.22461721250000002 0.3723804515625 0.2441975234375 0.3832383328125 0.26761056562499996 0.4071774796875 0.269353984375 0.41778913281249996 0.2562429453125 0.4236840234375 0.24131529999999998 0.41891545625 0.2236997921875 0.40891206562500004 0.2101891140625 0.3904113078125 0.20857050781250003 0.37724837031249997 0.22461721250000002
0 0.399092128125 0.20441617812500001 0.411889984375 0.202376971875 0.425347909375 0.1895149484375 0.427115403125 0.1693124 0.42374985781249996 0.1553295015625 0.4153426953125 0.146521290625 0.3957034296875 0.14480307812499998 0.382784284375 0.158063225 0.378302775 0.179783259375 0.388347 0.19610539531249999 0.399092128125 0.20441617812500001
0 0.4689074265625 0.2161400015625 0.470431128125 0.198724009375 0.46229823281250004 0.186780921875 0.4497234453125 0.1797140109375 0.432920696875 0.18491269375 0.42030690000000004 0.2045173 0.428898125 0.230890909375 0.4410968609375 0.23897788125 0.458225071875 0.2366155578125 0.4689074265625 0.2161400015625
0 0.38768999531250004 0.092156071875 0.38342180625 0.11143786874999999 0.39358853437499997 0.1361943859375 0.41967244062500003 0.13637051718749998 0.4294302140625 0.1231847734375 0.43014147812500003 0.11833319843750001 0.42943875 0.0968615734375 0.419892471875 0.078126096875 0.40566111875 0.07688101562500001 0.38768999531250004 0.092156071875
0 0.4359693171875 0.16973603125 0.45726575937499997 0.1754600734375 0.4719737265625 0.1581445984375 0.474188578125 0.13938513125000002 0.46517071874999993 0.1178879984375 0.445714296875 0.1140798671875 0.430548609375 0.12679247968750001 0.42736834218749997 0.1500303015625 0.4359693171875 0.16973603125
0 0.47828915 0.20397431406250002 0.5031534875 0.208255578125 0.5144057046875 0.1976574828125 0.5170368328125 0.1708617578125 0.507653284375 0.1535444640625 0.49084992656250004 0.1489154875 0.47356995468749996 0.16284706875 0.4667705953125 0.181556428125 0.47828915 0.20397431406250002
0 0.49562518437499997 0.2746352546875 0.5096316421875 0.2555034765625 0.5121512328125 0.233260809375 0.497329296875 0.21581870468750003 0.47527100468750005 0.21880265781250002 0.464069984375 0.2353719921875 0.4645185578125 0.2564703953125 0.475670815625 0.273240459375 0.49562518437499997 0.2746352546875
0 0.5244231265625 0.1093834609375 0.51600499375 0.0875878125 0.49073413437499996 0.0846749265625 0.47731704375 0.10034840781250001 0.4722961484375 0.111842659375 0.4756513328125 0.1226657796875 0.48596007031250005 0.14252091875 0.5049081875 0.14558260781250001 0.5211002390624999 0.127695 0.5244231265625 0.1093834609375
0 0.544320803125 0.180268515625 0.5614788796875 0.1677302140625 0.564587840625 0.1420292515625 0.5587215984375 0.1271255984375 0.5523476609375 0.12130316249999999 0.5321494999999999 0.12269492500000001 0.521476896875 0.136502603125 0.5178797453125 0.1579490234375 0.5309738046875 0.1787498171875 0.544320803125 0.180268515625
0 0.614670015625 0.1137691796875 0.607248384375 0.0969745171875 0.5881576484375 0.08898654843750001 0.5678180890625 0.10510735 0.5649827859375 0.117845775 0.5663254671875 0.1320026828125 0.5784638656250001 0.150613953125 0.5966190484375 0.152904296875 0.610849184375 0.134494059375 0.614670015625 0.1137691796875
0 0.5705083171875 0.2120424453125 0.5968463765625 0.21259179687500002 0.6036262296875 0.20721819843749997 0.6091139906249999 0.18383126875 0.6012651124999999 0.16208542343750001 0.5802837703125 0.1560379625 0.5654941328125 0.16773051875 0.5599655390625 0.1883059859375 0.5705083171875 0.2120424453125
0 0.5143770546875001 0.22748878125 0.5232218234375 0.24440795468749998 0.5452295281249999 0.2452804203125 0.5596833453125 0.2275917234375 0.5624065015624999 0.20957869843750002 0.5525652359375 0.18765854375 0.530618478125 0.1860894359375 0.518360009375 0.1983544265625 0.5116417109375 0.212859046875 0.5143770546875001 0.22748878125
0 0.518407534375 0.3092701453125 0.5332794484375001 0.313028171875 0.5475912562499999 0.3002408546875 0.555081765625 0.2801880171875 0.5440611546875 0.25535679375 0.5236594296875 0.2525189171875 0.5083718453125 0.26662480781250003 0.504632075 0.2831449453125 0.518407534375 0.3092701453125
0 0.5641691093750001 0.2746653109375 0.5741517765624999 0.281856428125 0.5912799890625 0.27949410625 0.6034263140625 0.261954515625 0.60349640625 0.24476233593750002 0.5943871234375 0.22431016406249998 0.5720643171875001 0.22376111562499998 0.5574374093750001 0.23687185156249999 0.554958653125 0.2619259765625 0.5641691093750001 0.2746653109375
0 0.6154306296875001 0.24931630624999998 0.63889194375 0.2499649609375 0.6492494453125001 0.2364807 0.6511083609375 0.21523319062500001 0.6431479484375 0.1980404046875 0.6214449828124999 0.19368474062500002 0.6053547140625 0.21368716718749997 0.6054778265625 0.2319492078125 0.6154306296875001 0.24931630624999998
0 0.6553649734375 0.17313629531250002 0.6579455140625 0.150196990625 0.656165834375 0.1377567796875 0.6431333296874999 0.12608700625 0.6222031859375 0.126010784375 0.606601109375 0.1502677546875 0.6075269078125001 0.162633259375 0.620173609375 0.18199097343749998 0.641622421875 0.1859734171875 0.6553649734375 0.17313629531250002
0 0.6568155421874999 0.12377418281250001 0.6602115625 0.1374087640625 0.6689039593749999 0.1560695328125 0.6913894968750001 0.1580367625 0.698535040625 0.148483325 0.7063101765625001 0.1284553890625 0.7007992625 0.10621211718750001 0.682531934375 0.098647171875 0.663076121875 0.1046667 0.6568155421874999 0.12377418281250001
0 0.65600796875 0.2149598796875 0.677528090625 0.2214054625 0.6924707078125001 0.21779896875000002 0.6993718484375 0.201204428125 0.701515390625 0.179981821875 0.6884420515625 0.1655005859375 0.6700430765625 0.1659968 0.657398196875 0.1761220671875 0.6513710515625 0.1892832125 0.65600796875 0.2149598796875
0 0.6843731484375 0.2841288421875 0.6958380765625 0.26126484843750003 0.6936207921875 0.24071367656249998 0.6737572390625 0.22844626093749998 0.6584995203124999 0.23237617500000002 0.6458144156250001 0.249517640625 0.650125871875 0.2723579453125 0.66503923125 0.288755090625 0.6843731484375 0.2841288421875
0 0.702876340625 0.3250580890625 0.7197912328125 0.32513400625 0.7351702390625 0.30998315625 0.742345646875 0.2902537375 0.7250224078125 0.26206321718750003 0.711146990625 0.2633061765625 0.68933370625 0.283158890625 0.687677746875 0.29880838125000003 0.702876340625 0.3250580890625
0 0.7360753156250001 0.31602910156249997 0.7327932640625 0.3371521015625 0.7436816171875 0.3602168234375 0.767051509375 0.3619104390625 0.7733840062499999 0.35509375468750004 0.7815559125 0.34036532343750003 0.7805581984375001 0.3157090171875 0.77160189375 0.30334290468749997 0.751678 0.301599790625 0.7360753156250001 0.31602910156249997
0 0.777003096875 0.3596222171875 0.7755403421875 0.37634156875 0.7892950796875 0.3961472078125 0.8118110906249999 0.3977661171875 0.8242524031249999 0.383411209375 0.8268433046875 0.363631684375 0.819258940625 0.345418840625 0.8042139328125 0.33708285312499997 0.7911418109375 0.3422569375 0.777003096875 0.3596222171875
0 0.8368771687500001 0.3767940421875 0.8230535546875 0.39383590156250003 0.8189170156250001 0.40505653906249994 0.8228414531249999 0.41592946093750005 0.8349798500000001 0.43454073125 0.8543649656250001 0.43588572187499997 0.8672432734375001 0.41981411562500004 0.8695495484375 0.40000969062499997 0.8623107593749999 0.38112510781250003 0.8469201765625 0.373460859375 0.8368771687500001 0.3767940421875
0 0.8744838875 0.4681816796875 0.898768609375 0.46925335781250005 0.9134771859375 0.46176554375 0.9165556734375 0.4364129015625 0.9061652640625001 0.4109348421875 0.883049525 0.40961444843750006 0.8642757156249999 0.430786040625 0.863097590625 0.44753029218749996 0.8744838875 0.4681816796875
0 0.9097191484374999 0.347366321875 0.883889396875 0.3475634125 0.8709604984375 0.36749143906250004 0.8731576703125 0.3915507109375 0.8872067875 0.40471337187499995 0.9090212875000001 0.40451597812499995 0.9199681562500001 0.38757342031249997 0.9204441624999999 0.35918520468750004 0.9097191484374999 0.347366321875
0 0.8637296375 0.312455996875 0.8423216609375 0.3112850140625 0.8295043 0.3266599796875 0.8273101687500001 0.35173900625 0.8433925078125 0.367887440625 0.8620456390625 0.367764446875 0.8751677390625 0.34890628281249997 0.8723708406249999 0.3251455265625 0.8637296375 0.312455996875
0 0.8748495984375 0.30009140156249997 0.8746271359375 0.3190251796875 0.88682648125 0.336939809375 0.90928154375 0.339255359375 0.9251688546875 0.3248509515625 0.9259502124999999 0.302807196875 0.9147266437500001 0.283573990625 0.8957376921875 0.277700840625 0.8826759296875 0.28603470625 0.8748495984375 0.30009140156249997
0 0.9354410390625001 0.246777809375 0.9352265031250001 0.229560728125 0.925131690625 0.2170950109375 0.9028698328125 0.215849321875 0.88619995 0.232642165625 0.8840667671875 0.25702455468749996 0.8969773765625 0.27008760781249996 0.9148887671875 0.2751645125 0.9277164906250001 0.262949325 0.9354410390625001 0.246777809375
0 0.7965387546875 0.3297426296875 0.8177943624999999 0.3326552125 0.8290971671875 0.318200696875 0.8341887640625 0.299341925 0.8240933437500001 0.2770485484375 0.8031729515625001 0.2703044484375 0.7847038828125 0.28799284062499997 0.7824689171875 0.3102604078125 0.7965387546875 0.3297426296875
0 0.8515309015625 0.3043690265625 0.8685573296875001 0.299891884375 0.877806796875 0.285959696875 0.8793091687500001 0.25239648593749997 0.848802878125 0.24376077031249999 0.8365547703124999 0.259185540625 0.8335360156249999 0.264186221875 0.8337596953125 0.2649077625 0.83317154375 0.2880213796875 0.8410704000000001 0.296083146875 0.8515309015625 0.3043690265625
0 0.8027115828125 0.206735625 0.7925576484375 0.2244495265625 0.7863781296875 0.2393522703125 0.800143228125 0.262317690625 0.8214902578125001 0.2641853140625 0.835415653125 0.2492582734375 0.8400800046875 0.2254483203125 0.831154175 0.2127338875 0.8027115828125 0.206735625
0 0.7890019374999999 0.258535065625 0.7803601265625 0.2360178765625 0.760405759375 0.23462308125 0.746998421875 0.24362868437500002 0.740391659375 0.2535802453125 0.7386546390625 0.273434475 0.74956310625 0.29299109843750004 0.770249459375 0.295853878125 0.7867566125 0.27764285312500003 0.7890019374999999 0.258535065625
0 0.7068568625 0.2566130921875 0.7297489234375 0.25721194375 0.73882590625 0.24852945625 0.7453406375 0.22979519375000002 0.7402161359375 0.2096916453125 0.7203221078125 0.19777255 0.6978883734375 0.2116042203125 0.6962123015625 0.23076181093749998 0.7068568625 0.2566130921875
0 0.751994340625 0.1570212515625 0.7405672062499999 0.13355840624999998 0.7221578703125 0.130894840625 0.70268255 0.150250128125 0.701189321875 0.16731780000000002 0.7120167265624999 0.1910791609375 0.7296636046875 0.19262306406250002 0.7465876421875 0.1762034421875 0.751994340625 0.1570212515625
0 0.753742328125 0.1501544625 0.7698447828125 0.16279479531250002 0.786851096875 0.161825753125 0.796781353125 0.14339031093750002 0.800124353125 0.12157067031249999 0.7856479921874999 0.10345682656249999 0.7692718796875 0.10377903125000001 0.7556816984375 0.11487455312499999 0.7495631281249999 0.129080659375 0.753742328125 0.1501544625
0 0.7549362890625 0.225018928125 0.7804917765625 0.22795671718750002 0.7915507890625 0.2162887609375 0.792636884375 0.19076180781250002 0.7828669265625 0.17130479062499998 0.7638273875 0.169288059375 0.74765545 0.18366756875 0.744586715625 0.2023523296875 0.7549362890625 0.225018928125
0 0.807925684375 0.196311234375 0.83293203125 0.19569111875 0.8432590578125 0.182555178125 0.8455756937500001 0.16591053281249998 0.8371270859375001 0.1444632046875 0.8180058796875 0.136823553125 0.7959993890625 0.15560640625 0.7923614015625 0.174241365625 0.807925684375 0.196311234375
0 0.8486090640624999 0.2328632484375 0.87147065 0.23381042187499998 0.8819707703124999 0.2252524421875 0.8889529734374999 0.20445316249999998 0.8761027046875001 0.1808658078125 0.8522854531249999 0.1777291109375 0.8392243 0.195890634375 0.8364706671875 0.21425197968749998 0.8486090640624999 0.2328632484375
0 0.8868265015624999 0.1730293703125 0.886400475 0.18773350625000002 0.9001247375 0.207887465625 0.9210042953125 0.2118201078125 0.9371865953125 0.20060038125 0.9418814203125001 0.17644210625 0.9334127015625 0.158502878125 0.9152977453125001 0.149196334375 0.8990033015625001 0.1551414609375 0.8868265015624999 0.1730293703125
0 0.8686408453125001 0.1710873453125 0.8838680890624999 0.167505753125 0.8903730671875 0.1554393703125 0.8941835375 0.1315547125 0.883570059375 0.11518277031249999 0.868118528125 0.1082151625 0.849760996875 0.1213504953125 0.84255450625 0.131600575 0.8460321953125 0.15085807499999998 0.8507904015625 0.1653138015625 0.8686408453125001 0.1710873453125
0 0.5115979453125 0.7040064421875 0.521998653125 0.6958743203125 0.5266959171875001 0.6800718671875 0.5264229359375 0.6657053546875 0.52072778125 0.6521116625000001 0.51384036875 0.6434024046875 0.4943560609375 0.6416977484374999 0.48546423125000004 0.6471557328124999 0.47839895937500004 0.6608802328125 0.47593434375 0.68030775 0.480128909375 0.6906522078124999 0.4850673125 0.70054948125 0.49948836874999997 0.7054413703125 0.5115979453125 0.7040064421875