0 0.2930225234375 0.691009365625 0.28698958750000003 0.7019037921875 0.28725296718750004 0.7144663515625 0.29207476250000003 0.7252019 0.299500515625 0.7323787546875 0.3280720515625 0.738528915625 0.3390725453125 0.7336575453124999 0.35237608593749997 0.716495703125 0.35338652812500004 0.7082663078125 0.3404584046875 0.6929553640624999 0.31827416249999996 0.67949130625 0.2930225234375 0.691009365625
0 0.20206968125000002 0.684615175 0.2007654828125 0.6981785890625 0.21486424999999998 0.715721640625 0.2309016046875 0.72335919375 0.24912004375 0.7249994625 0.2585390234375 0.7158861953125 0.27201461875 0.6973800531250001 0.2636549875 0.674276590625 0.24067684531250003 0.667278509375 0.226233028125 0.6643116796874999 0.21191835625 0.6691174984375 0.20206968125000002 0.684615175
0 0.1416277796875 0.650343396875 0.1279164328125 0.656118315625 0.1198519109375 0.6688516671875 0.1164128421875 0.6821529921875 0.124184284375 0.6953390359375 0.13843755625 0.7057409484375 0.151790071875 0.7084882953125 0.16847998125000002 0.7022695624999999 0.1799532015625 0.694131465625 0.1791377359375 0.6713576328124999 0.1696283890625 0.6546764406250001 0.1520544640625 0.65072863125 0.1416277796875 0.650343396875
0 0.035545509375 0.6465666156250001 0.027646167187499997 0.666778725 0.028621139062500002 0.6794286375 0.040167203125 0.6912881484375 0.05336316875 0.695593453125 0.068343240625 0.6971344484374999 0.0793562234375 0.6962361703125 0.0906401578125 0.68614859375 0.0967914375 0.6684069140625 0.09483133437499999 0.64907258125 0.078510365625 0.640803509375 0.05481043125 0.6396835671875001 0.035545509375 0.6465666156250001
0 0.18097768125 0.600031015625 0.1638685046875 0.6158305656249999 0.16394635468750002 0.6328453921875 0.1757038359375 0.64592420625 0.198145765625 0.6543481875 0.217784134375 0.6507673703125 0.2273423578125 0.64599955 0.2326377 0.6293461015624999 0.2300020484375 0.609630475 0.2192296890625 0.6032360765625 0.19831419687500002 0.5970879015625 0.18097768125 0.600031015625
0 0.0944028359375 0.5932793359375 0.0778659609375 0.60735913125 0.0887111515625 0.6337511734375 0.1155310375 0.6418176578125 0.12344802031249999 0.641535209375 0.1438356015625 0.63485116875 0.1506624359375 0.6174907625 0.1487022828125 0.5981564453125 0.1317418453125 0.58921218125 0.112244578125 0.5862215328125 0.0944028359375 0.5932793359375
0 0.2810061578125 0.6060478375 0.2585389578125 0.6125377171874999 0.25153674375 0.628384875 0.257374675 0.6484936875 0.2717266078125 0.6614207125 0.2993449125 0.6625971203125001 0.31231356093749996 0.6540459656250001 0.31848576875 0.6449586593750001 0.3185522234375 0.6267681828125 0.30818693750000004 0.611175271875 0.2810061578125 0.6060478375
0 0.351193571875 0.6227209015625 0.3326611265625 0.638345696875 0.33692640156250003 0.6624381500000001 0.34794128125 0.6727407640624999 0.3665727890625 0.6764247265625001 0.38797231875 0.6761642625000001 0.398342040625 0.668189 0.4098665578125 0.650808721875 0.40366775156249995 0.633638990625 0.378740259375 0.6219264703125 0.351193571875 0.6227209015625
0 0.4365775390625 0.6391715 0.4285079109375 0.6548876156250001 0.432824459375 0.669737884375 0.44142082812499994 0.6791468484375 0.4618252015625 0.6881202531249999 0.4821635046875 0.682657721875 0.49485864843750005 0.6675095468750001 0.4976994140625 0.6502563875 0.4816671265625 0.6396360609375 0.46093207343750003 0.6320183562499999 0.4365775390625 0.6391715
0 0.055117603125000005 0.5278930374999999 0.0481875609375 0.5431524125 0.049802003125 0.5564775171874999 0.05465990625 0.566919159375 0.0645452859375 0.5717129875 0.08073206250000001 0.57519216875 0.1041605640625 0.5703205015624999 0.11813757656249999 0.552934546875 0.1102729875 0.5316818859375 0.0986548015625 0.5204101953125 0.0867067296875 0.5147664171875 0.067735509375 0.5163154375000001 0.055117603125000005 0.5278930374999999
0 0.1504844828125 0.5336358578125 0.13747972343749998 0.5424809140625 0.134778278125 0.5615412046875 0.1469587046875 0.5770586703125 0.155884934375 0.580839715625 0.1689089828125 0.582300646875 0.17823376562499998 0.5811971109375 0.1956835984375 0.574389525 0.1979931828125 0.5555794671875 0.18944303125 0.5399110609375 0.173518975 0.5284090015625 0.1504844828125 0.5336358578125
0 0.2439279671875 0.5403358703125 0.2249776765625 0.550539265625 0.21812996562500003 0.559245303125 0.222482553125 0.57380163125 0.232352821875 0.5875437484375 0.24500738281249998 0.5962576546875 0.2688156296875 0.5964958953124999 0.277117603125 0.5906534765625 0.286466109375 0.5762877343749999 0.2869966453125 0.5572592249999999 0.27214515 0.54290548125 0.2439279671875 0.5403358703125
0 0.3267541703125 0.5540857046875 0.303534165625 0.5637648484375 0.304556025 0.5907407625000001 0.3160299078125 0.6031881109375 0.3297570328125 0.6090503125 0.346588303125 0.610221921875 0.36229011718750004 0.60588476875 0.3726699484375 0.591943996875 0.36974562031249997 0.5745796359375 0.3566009484375 0.5610321468749999 0.3267541703125 0.5540857046875
0 0.419444871875 0.5639749953125001 0.4062337171875 0.56861796875 0.3922286671875 0.579726915625 0.3914094359375 0.6011066828125 0.4051213984375 0.6159171828125001 0.419516065625 0.6191163875 0.44732839375 0.61632615625 0.45763609531249994 0.6029731921875 0.4599406046875 0.5871458828125 0.4471568296875 0.570659315625 0.4360957296875 0.5666161390625 0.419444871875 0.5639749953125001
0 0.505406265625 0.5757230859375 0.4887452875 0.5790474624999999 0.4792986265625 0.588329390625 0.47648889843750003 0.608271415625 0.48851991874999995 0.6279472703125 0.505679271875 0.6320467562500001 0.5283033968749999 0.63044535625 0.5444122796875 0.6169096859375001 0.5533328140625 0.60308808125 0.548124203125 0.58962000625 0.528322365625 0.5773434703125 0.505406265625 0.5757230859375
0 0.1239153109375 0.46175576874999996 0.10895106406249999 0.4718519203125 0.09889091875 0.486130284375 0.102279353125 0.5026565984375 0.121472765625 0.5169467796875 0.14640173125 0.5207656984375 0.15393365312500001 0.51436905 0.16702074218750002 0.49897064999999996 0.1670099734375 0.484350746875 0.1599862125 0.4709581328125 0.145408203125 0.46320141562500006 0.1239153109375 0.46175576874999996
0 0.235953878125 0.478794096875 0.222438228125 0.47415120312500003 0.21193936562500001 0.474353796875 0.195376509375 0.48276197187500003 0.1838880796875 0.499848340625 0.186116 0.50817703125 0.19363993125 0.52043770625 0.2038363375 0.5261385984375 0.223693078125 0.5315862250000001 0.23843064218749999 0.5292190406249999 0.25336385625 0.5164340296875001 0.259293559375 0.5034385546875 0.2507073234375 0.488064053125 0.235953878125 0.478794096875
0 0.3059089484375 0.48559346718749996 0.2819874859375 0.48921972968749994 0.2743508578125 0.5014089562499999 0.272340128125 0.51190224375 0.275016921875 0.5283411703125 0.28567600625 0.5386000984375 0.294720940625 0.540320353125 0.3111137796875 0.54321515 0.322009625 0.5397795875 0.335416396875 0.5247187906249999 0.3372308953125 0.504057909375 0.3262160125 0.49375530312500004 0.3059089484375 0.48559346718749996
0 0.3935461515625 0.49545894687500003 0.3702280375 0.5000543078125 0.3551093375 0.5172916125 0.3579665671875 0.53226100625 0.3662020890625 0.5446090546875 0.3814917375 0.552453159375 0.3884635609375 0.5545025406249999 0.4060476125 0.5524848515625 0.41356582187499996 0.547142871875 0.4271840390625 0.5333013906249999 0.42806531718749996 0.51729933125 0.411254309375 0.50419669375 0.3935461515625 0.49545894687500003
0 0.4919557765625 0.5117188703125 0.47494912187500005 0.509034034375 0.4596753234375 0.512827075 0.45023371562500003 0.51912625 0.44402036406249995 0.5314902390625 0.444144478125 0.54224565 0.44911059687500005 0.551805559375 0.4573872828125 0.5608769390624999 0.47341025312499996 0.5672981921875 0.48883772812500004 0.5665286015625 0.501558840625 0.55705205625 0.5154296734375 0.541153203125 0.5163730046875 0.53052886875 0.5103394515625 0.520837890625 0.4919557765625 0.5117188703125
0 0.48178818437500004 0.6995373859375 0.46842255312500003 0.711321515625 0.46129124531250004 0.7193960578125 0.465071540625 0.7356721390625001 0.4724561703125 0.746125684375 0.48593068281249996 0.7540452609375 0.49925045 0.7571961234375 0.52508988125 0.7469198578125 0.5325561750000001 0.73023468125 0.5329733531249999 0.71507061875 0.5180496765625 0.70130469375 0.503574828125 0.6956490093750001 0.48178818437500004 0.6995373859375
0 0.5780781765625 0.706586896875 0.5611183578125 0.7182280640625 0.55059923125 0.7303617 0.5516463828125 0.7424237984375 0.5631873859375001 0.757266078125 0.5847757078125 0.768704815625 0.606663184375 0.7649909312500001 0.6209258953125001 0.7488418828125 0.62334374375 0.729150096875 0.6116223015625 0.7157773578125 0.5982870859375 0.7096649140625 0.5780781765625 0.706586896875
0 0.6733627281250001 0.71888304375 0.6454450656249999 0.72858208125 0.635101275 0.7422289421875 0.6383041703125001 0.7632075406250001 0.6606587203125 0.7811675796875 0.6732996124999999 0.782260875 0.6906289703125 0.7782840281250001 0.705417834375 0.7666746484375 0.7108575234375001 0.7488455921875 0.7069638671875 0.7364339671875 0.6935666078125 0.7249438328125 0.6733627281250001 0.71888304375
0 0.7460768421874999 0.7355680375 0.7312930843750001 0.744194653125 0.7231975046875 0.754239146875 0.7208157468749999 0.773637015625 0.7337850328125 0.785671296875 0.7477647625 0.78947618125 0.7631316671875 0.793749675 0.7821028359375 0.7922006703125 0.7969740046875 0.7740379374999999 0.7939464671875001 0.7545725437499999 0.777393121875 0.736429803125 0.764480775 0.7327559765625 0.7460768421874999 0.7355680375
0 0.8362459015624999 0.742462646875 0.8187188421875 0.7528407953125 0.804389003125 0.7665949265625 0.8098502171874999 0.7780056375 0.8156982796875001 0.7921489125 0.8274716546875001 0.7971607828125 0.84796355 0.7999889812500001 0.8660217875 0.7911677484374999 0.8778711078124999 0.771142328125 0.8766846562499999 0.757273059375 0.8535051640625 0.743090121875 0.8362459015624999 0.742462646875
0 0.6695019765625 0.603250428125 0.6587403453125 0.6114758890624999 0.653589353125 0.626953703125 0.6634133796875 0.646955246875 0.6768518015625 0.655168734375 0.6979008375 0.6579994515625 0.7202136203125 0.646172640625 0.72884545625 0.6347023046875 0.7265656203125 0.6150303859374999 0.71604583125 0.6065785875 0.7016381046875 0.6033178484375 0.6695019765625 0.603250428125
0 0.711850215625 0.6672227859375 0.6926834046875 0.6791896328125 0.6909822203125 0.6959860515625 0.6971139078124999 0.7107608046875 0.7138629 0.718485746875 0.72985088125 0.722037178125 0.7479172984375 0.72057873125 0.7563326375 0.7108718374999999 0.7636286265625001 0.68969064375 0.7507726531250001 0.673791884375 0.7345187531249999 0.6679177625 0.711850215625 0.6672227859375
0 0.6192265609375001 0.6597284250000001 0.603370290625 0.6712067421875 0.6003231796875 0.6842578265625 0.61114239375 0.7049782546875 0.6298508468749999 0.7114520828125 0.6517046093750001 0.7099586671875 0.66799898125 0.6919706953125 0.6714792359375 0.6753927390625 0.6601857843750001 0.6614758671875001 0.6433285093750001 0.6546326359375 0.6192265609375001 0.6597284250000001
0 0.521343059375 0.6480081890625 0.5132323453125001 0.6670009765625 0.51580593125 0.681338871875 0.5304409531250001 0.697456059375 0.542588440625 0.698708403125 0.5692392796875 0.6932697515624999 0.589344359375 0.6736613124999999 0.582578315625 0.6552285859375 0.5601464890625001 0.6408391234375 0.54121140625 0.6420942328125 0.521343059375 0.6480081890625
0 0.79945640625 0.6743994062499999 0.7896900375 0.6833437515624999 0.779356375 0.6910250828125 0.7761958796874999 0.70794066875 0.788902453125 0.7279977921875 0.7964845421875 0.7318979453125001 0.8262984515625 0.7322910968749999 0.8383750515624999 0.7251221125 0.8467435265625 0.7010892171875 0.8395032421874999 0.68946004375 0.823615296875 0.6776640953124999 0.79945640625 0.6743994062499999
0 0.565426003125 0.612548540625 0.5708099609375 0.6275298421875 0.5841351218749999 0.6396078078125 0.60171404375 0.6405728796875 0.628239928125 0.63970690625 0.63474160625 0.6186727296875 0.6299401 0.5960061328124999 0.6097773828124999 0.5866686859375 0.591589978125 0.5877172749999999 0.5700508953125001 0.5925310625 0.565426003125 0.612548540625
0 0.7482236921875 0.6239547546875001 0.7451765359375 0.6370058390625 0.7452955671875 0.6507440124999999 0.7554132984375 0.6654115359375 0.7698571359375 0.6683783640625001 0.7892512203125001 0.669267975 0.80792801875 0.65246755 0.8121299703125 0.630011446875 0.8047814499999999 0.6192639843750001 0.7830100171875001 0.61420408125 0.7610169796874999 0.6138903828125 0.7482236921875 0.6239547546875001
0 0.8536716203125 0.6240735953125001 0.8378204265625 0.6325691531250001 0.8265275921875 0.6392377 0.82695623125 0.6592789859375 0.8390695546875 0.6724015156250001 0.8619755453125 0.6799874203125 0.8850822218750001 0.6741727578125001 0.89723100625 0.6664159578125 0.90085555625 0.648662359375 0.8902066156249999 0.6324379203125 0.876768178125 0.62422444375 0.8536716203125 0.6240735953125001
0 0.7077325578125 0.55948860625 0.702553684375 0.5841217125 0.71744076875 0.5927117828124999 0.7346654499999999 0.5998093140625 0.7479802515625 0.6012487859375 0.7680007390625 0.595004825 0.7739303453125 0.57829370625 0.7709893140624999 0.560137525 0.756317484375 0.5497943671875001 0.7263469031249999 0.5482498687499999 0.7077325578125 0.55948860625
0 0.6171931890625 0.5494394578125 0.6181229453125 0.576958059375 0.6305063328125 0.5848847562499999 0.6519816296875 0.5889452187499999 0.6700190625 0.588871909375 0.6855382296875 0.5788293609374999 0.6926550953125 0.5629758421875 0.6870381921875001 0.54555876875 0.66133035 0.533860609375 0.6376345531250001 0.5373573625 0.6171931890625 0.5494394578125
0 0.578620859375 0.48811496875 0.5894914546875001 0.5118715234375 0.610653321875 0.525502825 0.6317859140625 0.5252840765625 0.6526802265625 0.502546846875 0.6549248921874999 0.48075654375 0.6359653828125 0.4702428765625 0.6128352625 0.46562335 0.5919815453124999 0.470536759375 0.578620859375 0.48811496875
0 0.683634165625 0.47502815312499996 0.6658566515625 0.49348765937500005 0.666632290625 0.5117339046875 0.6711971765625 0.5236832390624999 0.6856167390625 0.532571771875 0.7071247609375 0.535335796875 0.7396275453125 0.527814628125 0.7462278140625 0.516168471875 0.738629828125 0.4903224546875 0.72659079375 0.47959077343749995 0.708726446875 0.47419417968750005 0.683634165625 0.47502815312499996
0 0.7668043531250001 0.4994762578125 0.7568393453125 0.5174714046875 0.7615273203124999 0.531927184375 0.7779770671875 0.5453357953125 0.8054008843749999 0.546567640625 0.8270295140625 0.5353430968749999 0.8345768890624999 0.5159834 0.8192464484374999 0.4934587625 0.80800125 0.4902985109375 0.7921670296875 0.489422028125 0.7668043531250001 0.4994762578125
0 0.84724275625 0.5075733375 0.8383298281249999 0.53103620625 0.848234428125 0.5486237953125 0.8758483015625 0.5584562531249999 0.9001478296875 0.553930246875 0.9118847078125001 0.542558890625 0.90920801875 0.5187407328125 0.8972611828125 0.5037495671875 0.8719226671874999 0.49957068906249996 0.84724275625 0.5075733375
0 0.833224984375 0.56208465 0.823929896875 0.5605874421875 0.8086372171875 0.5658277703125 0.79290796875 0.5781325546875 0.7987559515625 0.5942622953125001 0.8135721390624999 0.60985375 0.8334357234375 0.6130044703124999 0.8504692921875 0.6076220078125 0.86484506875 0.5923038390625 0.8560046390625 0.573067384375 0.833224984375 0.56208465
0 0.5383416375000001 0.531927846875 0.5265556671875 0.5472080890625 0.5277187546875 0.562298815625 0.5563487734375 0.5782706921874999 0.571513546875 0.5819852109375 0.59618011875 0.57319610625 0.60572065625 0.5551488421874999 0.6043483421875 0.5382529593750001 0.592992109375 0.525469728125 0.5628553875 0.5217694046875 0.5383416375000001 0.531927846875
0 0.5239136906249999 0.452925640625 0.510792425 0.45451765625 0.49577695312500003 0.4715367828125 0.4914220578125 0.4859499484375 0.499511678125 0.4972643921875 0.5120552625 0.5109052125 0.5333844937500001 0.5136025375 0.5449600484375 0.5096068687499999 0.5537566734375 0.5046366421874999 0.561888609375 0.4910431375 0.5649821953124999 0.4693570828125 0.5453890218749999 0.45698608125 0.5239136906249999 0.452925640625
0 0.8388808359375 0.31995625156249996 0.8273040875 0.337041690625 0.8240813499999999 0.359779609375 0.8379103234375 0.3664602234375 0.8605679671875001 0.37108591562500004 0.8840164609375 0.3664269140625 0.8945290359375001 0.350990315625 0.89222774375 0.331133159375 0.8763686015625 0.3199324421875 0.8550224375000001 0.3148201515625 0.8388808359375 0.31995625156249996
0 0.8738732203125 0.38938280625 0.856446153125 0.4014791125 0.8577693906249999 0.42228386875 0.8720167828125 0.43257487812499995 0.89110641875 0.43813594375 0.912303553125 0.43431835625000004 0.926174828125 0.41609103437500006 0.9240887703125 0.3944807890625 0.9106842546875 0.3878522921875 0.887849459375 0.38433672812499997 0.8738732203125 0.38938280625
0 0.7859667234375001 0.378945134375 0.77664140625 0.3952393359375 0.7824245203125 0.414812196875 0.803936840625 0.42208032187500005 0.8229575484374999 0.42156853125 0.8388959828125 0.411068959375 0.8386369124999999 0.38861534999999997 0.828640175 0.3752872421875 0.81519259375 0.36900935625 0.7967194578125001 0.3720796703125 0.7859667234375001 0.378945134375
0 0.8173421375000001 0.45326612187500004 0.8117078187500001 0.4710812296875 0.8238208171875 0.4882281640625 0.8397259359374999 0.4895187015625 0.867214025 0.4857263484375 0.8807099125000001 0.46353804218750005 0.869741165625 0.44759924531250006 0.847681275 0.43777258750000003 0.828998928125 0.43903771249999995 0.8173421375000001 0.45326612187500004
0 0.7314959796875 0.429557159375 0.7267906515625 0.4503335421875 0.7304514828124999 0.46964581875 0.7476761328125 0.47674337031249997 0.757605990625 0.47943563906250003 0.7778619609375 0.4765348078125 0.791462834375 0.4675277234375 0.7965125328125 0.4439464203125 0.78045629375 0.42382397968749996 0.7480681140625001 0.42091491249999996 0.7314959796875 0.429557159375
0 0.3062925921875 0.3672802765625 0.2918367734375 0.3797413921875 0.29109280000000004 0.392818421875 0.298573753125 0.41259975000000004 0.3072230828125 0.41935618750000003 0.336080725 0.42327185468749995 0.353218140625 0.40969988749999997 0.3609747953125 0.392145390625 0.3510271328125 0.37490839062500003 0.34182423281249996 0.3691517 0.31954300625 0.3646363953125 0.3062925921875 0.3672802765625
0 0.40077517656249995 0.38030487968750004 0.38820150781249996 0.384455459375 0.3793187234375 0.39012691093749996 0.373438190625 0.4029291640625 0.3791903703125 0.4157360828125 0.3887687171875 0.4254538140625 0.4020870890625 0.43278353750000004 0.414470890625 0.43610204062499996 0.43266034218750005 0.42941942656250004 0.44525215156250003 0.4145940125 0.44437835156250005 0.40416557343750004 0.4342154984375 0.388681665625 0.41835028281250003 0.38103923125 0.40077517656249995 0.38030487968750004
0 0.48452319375 0.38952013124999996 0.4664685046875 0.39620084218749996 0.4630485984375 0.41001699687500004 0.462754065625 0.43347038437499996 0.47831787343750004 0.4435671015625 0.5009362765625001 0.44631801875 0.5162731828125 0.4432447984375 0.52656445 0.4331195421875 0.5331337859375 0.4147074578125 0.5213160859375 0.3986644734375 0.50311336875 0.3925145203125 0.48452319375 0.38952013124999996
0 0.359752003125 0.2371779859375 0.3910639296875 0.2488524375 0.41400291093749997 0.24099193749999998 0.42582590624999994 0.22891934374999998 0.42741876406249996 0.21594656093750003 0.4227678078125 0.20469844375 0.419249009375 0.2017750703125 0.404639728125 0.192510559375 0.38271441875 0.1905270546875 0.3664866578125 0.1963643765625 0.3573456890625 0.20413955 0.3571002375 0.223684015625 0.359752003125 0.2371779859375
0 0.3173617890625 0.24905639218750003 0.30324428124999997 0.262270871875 0.3060070015625 0.28538779375 0.323730140625 0.29895277343750004 0.3559091546875 0.3000566546875 0.3757726734375 0.28551924375 0.37802950625 0.274300546875 0.374824115625 0.2618063109375 0.360072175 0.24860614218750002 0.33851683125 0.24168867500000002 0.3173617890625 0.24905639218750003
0 0.360861521875 0.30885046250000003 0.3485339828125 0.3180138828125 0.3410847640625 0.3295557953125 0.33807827343749997 0.34779704843750003 0.35164195 0.362883240625 0.38012382499999997 0.366024453125 0.4072704609375 0.3554774953125 0.4107515015625 0.33063587656250004 0.3867475890625 0.315587890625 0.360861521875 0.30885046250000003
0 0.4349888734375 0.33325593750000004 0.4265064515625 0.353212625 0.4427288609375 0.375490884375 0.46519442812499995 0.37822845781250003 0.4882874421875 0.372899040625 0.4985787109375 0.3627737984375 0.4966957625 0.34652703281249997 0.481445421875 0.32685943125 0.45427990156250003 0.323523925 0.4349888734375 0.33325593750000004
0 0.4118028546875 0.31154625625 0.443557396875 0.3125980078125 0.462430040625 0.2992555953125 0.46348741875000005 0.2766077234375 0.45748296718750003 0.26234619531250003 0.43905334218750003 0.2556294140625 0.4196258765625 0.2548507125 0.3974497453125 0.26351667968750003 0.39275038906250004 0.28073476406250003 0.399167196875 0.30216495781249997 0.4118028546875 0.31154625625
0 0.4801584734375 0.28470499375 0.48199222500000005 0.3048606484375 0.4965659359375 0.3230215546875 0.5192044250000001 0.325165390625 0.532958525 0.31788065312499997 0.5472852484375 0.306471403125 0.549191515625 0.2839277375 0.5228499796875 0.2703722546875 0.49351312968750005 0.27068505625 0.4801584734375 0.28470499375
0 0.51511988125 0.34736560625 0.5114666375 0.373609696875 0.530290940625 0.3887334734375 0.5568632078125 0.38948396875 0.5722876734375 0.3835688734375 0.58555623125 0.37025019375 0.585887784375 0.35000447968750004 0.5652364359375001 0.335724059375 0.5326759937500001 0.33421744375 0.51511988125 0.34736560625
0 0.742905853125 0.313407296875 0.736557825 0.3265080234375 0.741996534375 0.3488858265625 0.7575233453125 0.355774909375 0.7787464046875 0.3583807734375 0.8046256812499999 0.34411915312499997 0.80581220625 0.3204194375 0.7929733890625 0.305674646875 0.7779941453125 0.301344109375 0.75799536875 0.30280349375000004 0.742905853125 0.313407296875
0 0.6557743015625 0.29665856874999996 0.6468304109375 0.3133554796875 0.653462415625 0.3330325703125 0.676574415625 0.3483269328125 0.6913669828125 0.3479068359375 0.7102541062500001 0.3407175390625 0.7190748734375 0.321514171875 0.71600469375 0.30440982031249997 0.6976909359375 0.28863691406249997 0.6739581421875 0.2889260046875 0.6557743015625 0.29665856874999996
0 0.5892381390625 0.27710009062499996 0.5701502453125 0.292195575 0.565992459375 0.3155304796875 0.575564784375 0.3288064765625 0.5877137015625 0.335580446875 0.6047604265625 0.3366620828125 0.6234487843750001 0.33183869062500004 0.6350255640625 0.31475323125 0.6311985906250001 0.29328513749999996 0.61530246875 0.2788767765625 0.5892381390625 0.27710009062499996
0 0.5952138328125 0.35826761875 0.5916897703124999 0.383459859375 0.60266458125 0.3958403484375 0.6197661421875 0.40043144531249997 0.6416054984375 0.4018921890625 0.653525871875 0.395679084375 0.6628881796874999 0.3825925640625 0.6632257874999999 0.3587885921875 0.6468991359375 0.3478863828125 0.6221142296875 0.342707775 0.5952138328125 0.35826761875
0 0.6685730750000001 0.40998321249999997 0.6512932859375 0.4103528609375 0.6330361984375 0.43622739218750006 0.6391206609375 0.45334596562499996 0.6475487125 0.46541374687500003 0.662311521875 0.46613240781250004 0.684525890625 0.466039059375 0.7021191453125 0.4560985765625 0.7088485671875 0.44340055468750006 0.707186984375 0.42184243749999994 0.6948035734375 0.4139157390625 0.6685730750000001 0.40998321249999997
0 0.5611783953125 0.40035583125 0.5497307953125 0.41638942500000004 0.550063878125 0.44525836874999997 0.57199461875 0.4561368703125 0.593795075 0.45972282187499997 0.6143788078125 0.44781670625 0.61964378125 0.422482371875 0.6184376125 0.40774226875 0.5887744453125 0.400185171875 0.5611783953125 0.40035583125
0 0.686509965625 0.37268049062499997 0.6872304671875 0.39839388750000004 0.7031326796874999 0.4092439671875 0.7211692546874999 0.4132380953125 0.7393470671875 0.40906381875 0.7545657328125001 0.39740816875 0.760501371875 0.37713877500000004 0.740194453125 0.3600534203125 0.726833003125 0.35307431093749997 0.711201978125 0.35756129375 0.686509965625 0.37268049062499997
0 0.42753587031249995 0.44267086562499997 0.40759902812500004 0.45766212343749996 0.40814736093750004 0.48477798125 0.4226469921875 0.49652359687500003 0.4448226671875 0.5007253375 0.45465378125000006 0.4990299109375 0.46893743125 0.4879712578125 0.47728466249999996 0.47262467499999994 0.46882565937500004 0.45379094531249997 0.451262634375 0.4459400578125 0.42753587031249995 0.44267086562499997
0 0.34969331875 0.43097759687500004 0.3297685890625 0.43885230937499997 0.3221041171875 0.45214732343749997 0.32775807968750004 0.4727720171875 0.33814224375 0.48294457968750004 0.356924959375 0.49033348906249996 0.376509909375 0.4897909375 0.39049820625 0.47762830625 0.3978424453125 0.4529051375 0.3845731515625 0.4416665234375 0.3641249953125 0.43274958437500005 0.34969331875 0.43097759687500004
0 0.2225273640625 0.263634403125 0.23252410625 0.2769624859375 0.2460086484375 0.2864480265625 0.2717586546875 0.2879720703125 0.29234213593749997 0.277545096875 0.29167068125 0.2479228 0.2740706625 0.23686424218750002 0.24949497968749998 0.23349082187499998 0.232793725 0.2431849296875 0.2225273640625 0.263634403125
0 0.1875871046875 0.2885282140625 0.173635828125 0.3038985046875 0.1739009265625 0.3227938375 0.1883514828125 0.3384483125 0.2060477546875 0.341601621875 0.2327227734375 0.3349988828125 0.2406885625 0.319249578125 0.23350899531249997 0.2970139390625 0.2217222640625 0.28773685000000004 0.19846299375 0.284169171875 0.1875871046875 0.2885282140625
0 0.1294503578125 0.34794355625 0.1176643546875 0.3632238234375 0.1204762375 0.38243185 0.1369690640625 0.39548986406250003 0.1633994359375 0.3968610015625 0.1776923734375 0.390168934375 0.18688854375 0.3749265640625 0.1833138421875 0.354913059375 0.1615983515625 0.3422814828125 0.1479294921875 0.3413149609375 0.1294503578125 0.34794355625
0 0.272446140625 0.418530590625 0.24585918437499998 0.4245195828125 0.23492212812500002 0.4399040875 0.2365406921875 0.461812809375 0.24832739843749999 0.47108986875000003 0.2632566609375 0.47562738906249996 0.2832192859375 0.474662253125 0.29456267343750003 0.47000470156249996 0.3039250046875 0.456918184375 0.305394740625 0.4414389765625 0.2942968390625 0.42655203750000004 0.272446140625 0.418530590625
0 0.18030109218749998 0.40401348437499995 0.15718988125 0.41327644843750005 0.14638800624999998 0.4240508078125 0.1494091109375 0.44506405156250006 0.160297825 0.45814577031250003 0.1796146375 0.46215235625 0.197102828125 0.4601735640625 0.21078374531250002 0.45402350937499997 0.2224405640625 0.43979512343750005 0.2157715421875 0.41691034374999997 0.1970642765625 0.407851259375 0.18030109218749998 0.40401348437499995
0 0.20749604531250002 0.36500029375 0.2042423125 0.38097228125 0.2089302890625 0.3954280453125 0.22559531718749998 0.4070836 0.24219235156250002 0.408765596875 0.2518230453125 0.4069167828125 0.2657710609375 0.3992041234375 0.2717807421875 0.385350015625 0.2705315234375 0.3709605640625 0.25557038906249996 0.355955203125 0.22988748750000002 0.354581253125 0.20749604531250002 0.36500029375
0 0.0892511734375 0.394613475 0.0725189265625 0.39754164375 0.0643008921875 0.41183637500000003 0.06248675625 0.4301205 0.0678574453125 0.44252473593749997 0.087788996875 0.4556490609375 0.10770763593749999 0.45572709843750003 0.1243107640625 0.44945633125000006 0.137197903125 0.435734871875 0.13757253125 0.41513857187500003 0.1301225421875 0.4021231890625 0.1122642 0.3931682890625 0.0892511734375 0.394613475
0 0.093092434375 0.28262015625000003 0.0822044890625 0.29409575 0.0817437890625 0.3153932828125 0.09679702031250001 0.32613913437500003 0.117971 0.33265390156249997 0.129732803125 0.3316067421875 0.1460983046875 0.3246255078125 0.15153968125 0.31542150625 0.1549164796875 0.3019559484375 0.14840756875 0.28478528281250004 0.130340003125 0.27402520625000004 0.10639198593750002 0.2760674046875 0.093092434375 0.28262015625000003
0 0.28542839999999997 0.2987621 0.2724733078125 0.30250994375 0.2598874671875 0.3137770625 0.25507116406249997 0.324930459375 0.260091428125 0.34369784999999997 0.2720934171875 0.351221840625 0.28047300625 0.3551468828125 0.3041863046875 0.3530269390625 0.32016173124999997 0.3457350375 0.3244796046875 0.32811421093750004 0.3183951109375 0.3109956625 0.303766353125 0.30030192968749997 0.28542839999999997 0.2987621
0 0.1451037140625 0.266431665625 0.16656693281249998 0.2776086296875 0.19136389375 0.27567070625 0.2034882390625 0.2611438078125 0.2075598640625 0.23851012656249998 0.1963191828125 0.2274279484375 0.179778790625 0.2226424875 0.1667496578125 0.219974971875 0.1448747625 0.22618662031249998 0.138754921875 0.2549750703125 0.1451037140625 0.266431665625
0 0.18485798281250002 0.15671247187499998 0.21262014843750002 0.15869763750000002 0.2288720203125 0.13862720312500001 0.22325508125 0.1212101328125 0.2193132859375 0.10725622500000001 0.199767740625 0.1019547828125 0.17820630937499998 0.098595559375 0.15398185 0.113416265625 0.1501314453125 0.13073857656250001 0.16003605625 0.14832619062500002 0.18485798281250002 0.15671247187499998
0 0.12117072343749999 0.15956970937499998 0.10408804218750001 0.16886110781250002 0.1047715609375 0.19136680781249998 0.1081861109375 0.2056662390625 0.13622435 0.2116358875 0.15674086250000002 0.21376341718749997 0.167247384375 0.2018851046875 0.1736324625 0.19199203125 0.1675230328125 0.16454926875 0.14300245625000002 0.1537086734375 0.12117072343749999 0.15956970937499998
0 0.18926348906249998 0.1875050453125 0.19066679687500002 0.21116687656250002 0.20695036875 0.222419709375 0.22379965624999998 0.2255562296875 0.24236175937499999 0.2234660140625 0.254643321875 0.21297186093749998 0.2620185234375 0.1950146390625 0.24443661875 0.1732812703125 0.223262640625 0.1667665015625 0.1997329859375 0.1724190578125 0.18926348906249998 0.1875050453125
0 0.27313457343750003 0.199226734375 0.277004559375 0.22034424531250002 0.289677209375 0.2329331765625 0.313444921875 0.23660091875 0.3346390921875 0.2316916546875 0.339264371875 0.20805825625000002 0.33399183125 0.18783628125000001 0.30998186250000004 0.176346571875 0.2869197015625 0.1817006390625 0.27313457343750003 0.199226734375
0 0.1211722859375 0.049670003125 0.11844124375000001 0.05787630312499999 0.12877033124999998 0.0755160421875 0.140889325 0.0891047171875 0.1638472453125 0.0951267109375 0.18296613125 0.08679716562499999 0.1917008296875 0.0682950484375 0.18775715312500002 0.0484945828125 0.1821526734375 0.040785953125 0.164331378125 0.0350387546875 0.1532093046875 0.034384939062499995 0.1416136203125 0.037587890624999995 0.1211722859375 0.049670003125
0 0.222981021875 0.048646265625000004 0.2092879359375 0.0619128328125 0.2071784734375 0.0790930203125 0.21844260937499999 0.0961357484375 0.2334158265625 0.10402456093750001 0.2544644609375 0.10516208281249999 0.268959528125 0.0987794296875 0.2779033328125 0.08208250781250001 0.2737381015625 0.05986106875 0.258266425 0.0455048234375 0.23597916562500001 0.0445478 0.222981021875 0.048646265625000004
0 0.2545406125 0.11444820468750001 0.23931597500000001 0.1296621375 0.241358946875 0.15162300625 0.25381637343749996 0.16596506093750002 0.2723635546875 0.169310046875 0.286542875 0.169627446875 0.2994610546875 0.1626719875 0.3073778015625 0.1508315546875 0.3095242234375 0.136859034375 0.2988568265625 0.11846593593750002 0.27390574375 0.11113152500000001 0.2545406125 0.11444820468750001
0 0.3270140265625 0.1628519265625 0.34185200937500004 0.17535083906249999 0.365744975 0.18077584375 0.3796888953125 0.17862982968750002 0.396852971875 0.1625295125 0.3897655 0.1360343640625 0.3817128453125 0.1279275859375 0.34818038906250004 0.12381031875 0.3266687765625 0.1410995125 0.3270140265625 0.1628519265625
0 0.4192564984375 0.14499393437500002 0.415781515625 0.16627725937499999 0.4216507 0.1851488875 0.44417811250000006 0.1946770625 0.4559769078125 0.1968375609375 0.47395155468750005 0.18729980625 0.4832217328125 0.1784728046875 0.474565578125 0.1507173203125 0.460613509375 0.14153027499999998 0.43680061718749996 0.138962321875 0.4192564984375 0.14499393437500002
0 0.3146970171875 0.11578415156249999 0.339112671875 0.11344348281250001 0.35653969218750003 0.1013471859375 0.361226428125 0.0882231546875 0.35583127187499997 0.06851724218750001 0.3361890171875 0.0600551578125 0.30939883749999997 0.0606806421875 0.291233871875 0.082295684375 0.2952640390625 0.1091272625 0.3146970171875 0.11578415156249999
0 0.389868215625 0.075543675 0.3767597453125 0.0945764484375 0.3831395328125 0.1127989703125 0.3907677421875 0.12085364375 0.4081037203125 0.12482788125 0.43309679062499995 0.120000675 0.4431849 0.10451193750000001 0.4434243203125 0.08852576250000001 0.43037025 0.07553406406249999 0.41267204687500003 0.0722932953125 0.389868215625 0.075543675
0 0.4471991875 0.21569030156250002 0.4391782328125 0.23890675625000002 0.454391634375 0.25536670625 0.4864414484375 0.2575224140625 0.511465775 0.2467148609375 0.5121477578125 0.2201059546875 0.49225928281250003 0.2066309953125 0.47583444531249997 0.20354657656250003 0.46211650468750004 0.20648894375000001 0.4471991875 0.21569030156250002
0 0.5422905328125001 0.22024799375 0.527865678125 0.23947505468750002 0.536915284375 0.2605167046875 0.5494278453125 0.26739159687499997 0.5673397375 0.2725829078125 0.58131148125 0.2673914984375 0.595767359375 0.2549303671875 0.5980059671875 0.2366983625 0.582798621875 0.21668012656250002 0.5590288078125 0.21376155937500002 0.5422905328125001 0.22024799375
0 0.6257001640625 0.2287099171875 0.6106846765625 0.2457290359375 0.61839293125 0.25664075 0.626513590625 0.274721109375 0.6448306515625 0.280895690625 0.661614696875 0.280098721875 0.675037346875 0.27605236093749996 0.6856851171875 0.25600564375 0.6772751921875 0.23326302031249999 0.6475319500000001 0.22284887968749997 0.6257001640625 0.2287099171875
0 0.513708115625 0.151252603125 0.49864353906250003 0.17218060625 0.5000959234375 0.1919335453125 0.5067090750000001 0.197728159375 0.5228100999999999 0.2050168828125 0.551154378125 0.2006940625 0.5626389640625 0.1878681390625 0.5644100828124999 0.1699345859375 0.55522524375 0.1535030375 0.5259435015625 0.14634867499999998 0.513708115625 0.151252603125
0 0.476919721875 0.0894353578125 0.4586376953125 0.10498569687499999 0.46483316406249997 0.1317272359375 0.48646861093749993 0.14150176718750002 0.509180284375 0.1425109078125 0.5237222359375 0.1293485671875 0.5297500328125 0.10481965 0.521918653125 0.0914015171875 0.505327640625 0.0861612921875 0.48839225781250006 0.083725971875 0.476919721875 0.0894353578125
0 0.58849273125 0.1699022765625 0.579376665625 0.18800166093749998 0.5828652640625 0.20871641875 0.5992409953125 0.215709734375 0.6200143312499999 0.2185546 0.635885859375 0.2120234 0.64749963125 0.1981456125 0.647326690625 0.174990778125 0.6311291906250001 0.1630367109375 0.605661509375 0.1599096734375 0.58849273125 0.1699022765625
0 0.6987325546875 0.279175596875 0.7158650718749999 0.290532690625 0.731650190625 0.2953180375 0.74952665 0.293598075 0.768571496875 0.27885319375 0.7652181046875 0.25352834375 0.744776009375 0.24105311093749998 0.7202864265625 0.23697845312500002 0.7048834703125 0.25715315625 0.6987325546875 0.279175596875
0 0.7880038234375 0.26095279531250004 0.7852976859374999 0.279483334375 0.7904901796875 0.2968482484375 0.8036423781250001 0.3020221640625 0.8270679453125 0.304473521875 0.8469925500000001 0.2998709484375 0.858052725 0.2869929015625 0.85910404375 0.26790329062499996 0.8406611343750001 0.2531822359375 0.8096754953125 0.24937767812499997 0.7880038234375 0.26095279531250004
0 0.8981355750000001 0.2588155828125 0.8849652062500001 0.2643164984375 0.8769993828124999 0.280065825 0.8721709640625 0.298335753125 0.8862400984375001 0.3135874890625 0.9013549843750001 0.3151973640625 0.9245337484375 0.31401853125 0.9444275265625001 0.2993779109375 0.9448021265625 0.2787816046875 0.93769051875 0.2665195484375 0.9173654687499999 0.2601090515625 0.8981355750000001 0.2588155828125
0 0.777330384375 0.184706253125 0.7550311046875 0.19086578437499999 0.7420827765625 0.21561265624999998 0.7496928781250001 0.23434215468750003 0.7758372437500001 0.23897590625 0.795235384375 0.2400690390625 0.8133801343749999 0.2314849046875 0.8177780765625 0.21672114687500002 0.8187802874999999 0.20154043906250002 0.806821384375 0.1936658109375 0.792863259375 0.1880370515625 0.777330384375 0.184706253125
0 0.670089765625 0.1843512265625 0.662560528125 0.1930361125 0.6659999953125 0.21765972968749997 0.6907297906250001 0.2303055390625 0.7049504671875 0.22938408125 0.7185470890625 0.2248235265625 0.7312250312499999 0.2092968890625 0.7319500640625 0.182337365625 0.70717726875 0.1700422171875 0.6922289921875 0.1724776015625 0.670089765625 0.1843512265625
0 0.6231022265624999 0.1283997265625 0.6298082734375 0.154492153125 0.652723140625 0.160864759375 0.682867753125 0.160567840625 0.6932432875 0.15018034375 0.69778246875 0.1272481578125 0.68367025625 0.11234703125 0.6601156640625 0.1076753765625 0.643801859375 0.1142139375 0.6231022265624999 0.1283997265625
0 0.5531824765625 0.1013077625 0.54682230625 0.12152505625000001 0.5483117171874999 0.144485634375 0.5722046796875 0.149910659375 0.5944488875 0.15121828125 0.6094952984375 0.14096507187500001 0.6137270703125 0.1240454859375 0.609045121875 0.10603143125 0.5928415921875 0.09763564531249999 0.5741653765625 0.09534249375 0.5531824765625 0.1013077625
0 0.7186792390625001 0.1219841125 0.70688118125 0.1443809203125 0.7116982796875 0.1577848609375 0.7346871640625 0.1705727765625 0.7537570671875 0.17528148125 0.7676349984375 0.1689238421875 0.77861506875 0.1531887328125 0.7831912437499999 0.1334642046875 0.7705677015625 0.116966375 0.745610596875 0.1131902046875 0.7186792390625001 0.1219841125
0 0.8128234781250001 0.1342553703125 0.8040578421875001 0.1459915640625 0.801394759375 0.164171459375 0.81575921875 0.1805271734375 0.8324793515625 0.1847155515625 0.8597860984375 0.1798826984375 0.8663433546875 0.1685871296875 0.8684588421875 0.14784868125 0.8577423359375 0.13336448125 0.8290942015624999 0.1280674296875 0.8128234781250001 0.1342553703125
0 0.8482893718750001 0.199825165625 0.8368418015625 0.21585876406249999 0.8453257593749999 0.245016684375 0.8697231515625001 0.25335085 0.8819094562500001 0.25235582343749996 0.8982723375000001 0.24190835625 0.9075915953125 0.2291724625 0.9071172781250001 0.20847191562499998 0.8904032015625001 0.20072525312499997 0.8695245421875001 0.195314484375 0.8482893718750001 0.199825165625
0 0.9371596 0.14275980625 0.918993875 0.13981752187500002 0.9064201484375 0.14396809531250002 0.8902544046875001 0.16333730156249998 0.8954899187500001 0.1803516359375 0.9096081593750001 0.1916944890625 0.9293586375 0.197643915625 0.9476925875 0.1903203328125 0.955775475 0.180635725 0.958512559375 0.168871134375 0.9612065953125001 0.15745715625 0.9529817218750001 0.150752840625 0.9371596 0.14275980625