0 0.29697939687499997 0.23690094843749998 0.31931985625000003 0.2296357421875 0.33035285000000003 0.209973121875 0.32760177343749997 0.18258869375 0.3118761375 0.1690276921875 0.2846867171875 0.166658603125 0.27339924843749996 0.1892439265625 0.2793483359375 0.222758575 0.29697939687499997 0.23690094843749998
0 0.3866118078125 0.1802353109375 0.36583945625 0.1803397359375 0.35203740781250004 0.1824799015625 0.34180613125 0.2036746671875 0.3449411703125 0.2391655796875 0.3540316296875 0.2584334203125 0.37489209843750004 0.26402567499999996 0.392269275 0.2561845265625 0.40097143749999997 0.2225016453125 0.3866118078125 0.1802353109375
0 0.0362028765625 0.1294937015625 0.028440823437500002 0.14593864375 0.032604078125000005 0.169888253125 0.0420008375 0.1866723734375 0.058645678125 0.192782240625 0.0751504765625 0.1843528296875 0.0842989796875 0.1627255296875 0.08084704375 0.13461176875 0.068132634375 0.12068109375 0.048673829687499996 0.11654743593750001 0.0362028765625 0.1294937015625
0 0.0904767625 0.1831663765625 0.09385104375 0.200689978125 0.1087092734375 0.2224531125 0.1309303609375 0.2238594296875 0.1453172109375 0.2066011078125 0.1481836828125 0.180157671875 0.1396954921875 0.16081588125 0.1182432171875 0.1504040921875 0.0971540125 0.157885703125 0.0904767625 0.1831663765625
0 0.2042223359375 0.253182253125 0.2114913 0.2327210828125 0.20624315000000001 0.1999356984375 0.1887014984375 0.18509600625 0.178571065625 0.1886569515625 0.159376696875 0.2016133921875 0.1546930421875 0.23317215 0.168492346875 0.2559386015625 0.1883560828125 0.25839181093749997 0.2042223359375 0.253182253125
0 0.257637915625 0.1455189875 0.24461711406250003 0.134071971875 0.22244082187499997 0.13506117812500001 0.2087360453125 0.1604923640625 0.211409428125 0.1772866390625 0.22421204375 0.196914040625 0.2378455375 0.2033936546875 0.25582490468749997 0.195478596875 0.26380522812499996 0.17085324375 0.257637915625 0.1455189875
0 0.15084862968749999 0.10726337500000001 0.14248430625 0.1237822671875 0.14232275156250002 0.1523396796875 0.16197153125 0.1746103859375 0.18253288750000002 0.16615575 0.196405628125 0.1546680828125 0.1944750875 0.1190292875 0.1831728890625 0.1016637296875 0.16351687343750002 0.09592358281249999 0.15084862968749999 0.10726337500000001
0 0.252784228125 0.115946621875 0.2653685296875 0.14375441718749998 0.27960429375 0.150160096875 0.3017763859375 0.1427590171875 0.3086424296875 0.132733534375 0.319031753125 0.1078124484375 0.30604243593749997 0.081685103125 0.2845796578125 0.076166803125 0.2684070640625 0.0838600875 0.252784228125 0.115946621875
0 0.225026209375 0.238397446875 0.22064894375000002 0.2674725140625 0.2307465578125 0.2849859484375 0.24424649999999998 0.290252809375 0.2611444546875 0.288591825 0.273714071875 0.27644877343749996 0.270776246875 0.2425643890625 0.25906907343749996 0.2268792671875 0.23770492499999998 0.22216424375 0.225026209375 0.238397446875
0 0.30902232500000004 0.33000403437500003 0.3234033421875 0.3300971046875 0.34389619531250004 0.305338053125 0.340345634375 0.27642104375 0.318410696875 0.257099621875 0.2979341859375 0.25961382187500004 0.28363545 0.2825688234375 0.286474653125 0.3156499890625 0.30902232500000004 0.33000403437500003
0 0.40219482968750003 0.3071488390625 0.3921958 0.2904386546875 0.3743360796875 0.2893700984375 0.361283759375 0.2926034890625 0.3552297953125 0.308023275 0.35187027656250003 0.33045049843749996 0.3655604484375 0.3573071609375 0.3849584921875 0.36659555625 0.3954547 0.36179020624999997 0.405506190625 0.3540331546875 0.4101793765625 0.32736782343750004 0.40219482968750003 0.3071488390625
0 0.0683803890625 0.4264107015625 0.07356139218749999 0.4437124640625 0.095101825 0.459820925 0.112744009375 0.456925571875 0.1220163375 0.44999332656249996 0.12538640625 0.4226726703125 0.11451019843750002 0.3938397515625 0.089039425 0.38555214531250004 0.0746735515625 0.39302358125 0.0683803890625 0.4264107015625
0 0.2404581453125 0.3889749578125 0.22224583125000003 0.36511964531249996 0.19668027187499998 0.36768498125 0.1835717296875 0.3837293515625 0.1806171453125 0.40447613593750004 0.19190883281249999 0.426735128125 0.208641753125 0.43854173750000003 0.22691698749999997 0.43303633750000003 0.2389935125 0.4168770421875 0.2404581453125 0.3889749578125
0 0.2453453875 0.3092849734375 0.2323602890625 0.3280018984375 0.2311914578125 0.35831378593749996 0.252183753125 0.3828982453125 0.263047775 0.3837552578125 0.281432146875 0.37415967499999997 0.2860067109375 0.346691125 0.2773422921875 0.315956 0.2610038765625 0.307362353125 0.2453453875 0.3092849734375
0 0.29684097187499997 0.3950978421875 0.312348365625 0.4168391515625 0.33632927343749996 0.41797148125000005 0.349886890625 0.405779853125 0.35516062187499997 0.38712170625 0.3486974234375 0.35937768124999997 0.32976323750000003 0.34457992656249997 0.3127029984375 0.34504394375 0.29630166875 0.36581107031250004 0.29684097187499997 0.3950978421875
0 0.38034602500000003 0.3881061375 0.367973659375 0.40185565937499995 0.3654345109375 0.4160285234375 0.376409384375 0.44566465624999996 0.3936564125 0.4517006109375 0.4171832015625 0.4498339640625 0.422081771875 0.43924146249999996 0.41791843125000006 0.41529183437499995 0.40773265625 0.392081725 0.3929051328125 0.3808565484375 0.38034602500000003 0.3881061375
0 0.3433465 0.5149531046875 0.3617550859375 0.508038903125 0.3680912265625 0.4874540109375 0.3711653703125 0.45772359218750003 0.3498327015625 0.43832819375 0.3211324390625 0.4385907140625 0.3100107859375 0.4774628671875 0.317777059375 0.50586225625 0.3433465 0.5149531046875
0 0.1310080578125 0.234449584375 0.116138540625 0.24279821875000002 0.1067090484375 0.262165965625 0.10740490312499999 0.2911614734375 0.1263180671875 0.3157460921875 0.1493021984375 0.3137393515625 0.16268180625 0.29823541875 0.166259596875 0.2676278296875 0.1562710703125 0.2460241609375 0.1310080578125 0.234449584375
0 0.0557037078125 0.3480619125 0.07211976249999999 0.367245609375 0.083344265625 0.3740210109375 0.1014196453125 0.3646960203125 0.1122942390625 0.35089775156249997 0.108546425 0.3203742484375 0.0911336328125 0.29805147656250003 0.0682481296875 0.3008614640625 0.0544635125 0.31804586874999996 0.0557037078125 0.3480619125
0 0.121842096875 0.34401795 0.117464828125 0.373092990625 0.125252084375 0.391705515625 0.137910178125 0.40427201874999996 0.150920109375 0.40159961875 0.1660959765625 0.39076733125 0.1736608140625 0.372715846875 0.1689057984375 0.34394672656249997 0.1430509875 0.3275527015625 0.121842096875 0.34401795
0 0.2022645265625 0.277068078125 0.1833975296875 0.27775396875 0.1712224125 0.29310998125 0.17016271249999998 0.3193316046875 0.1824511328125 0.34472966718750003 0.204954209375 0.35106573281250003 0.21526852812500002 0.34314626875 0.2232174140625 0.3332013109375 0.2236748453125 0.3070536109375 0.2158875546875 0.2884411484375 0.2022645265625 0.277068078125
0 0.0426640015625 0.2518197578125 0.0525434328125 0.27751360625 0.07481620156249999 0.2796709984375 0.0872745703125 0.27189496874999997 0.0968455890625 0.25495140312500003 0.09709525937499999 0.232090671875 0.082584590625 0.21348835 0.0651402734375 0.20584592812500002 0.046439040625 0.222818634375 0.0426640015625 0.2518197578125
0 0.243870040625 0.42672033593750003 0.2499935234375 0.4602660015625 0.2773820375 0.475603978125 0.29896441875 0.4721386265625 0.30484210156249997 0.44532541718749996 0.2996925359375 0.4133432953125 0.2808570171875 0.3993488015625 0.25896828906249997 0.4052978515625 0.243870040625 0.42672033593750003
0 0.2679013328125 0.49796742812500006 0.25629700781250003 0.5279298640625 0.2661764359375 0.5536236875 0.285893284375 0.5678349375 0.3010859671875 0.55912165 0.315363721875 0.5459535375 0.317222903125 0.5212644484375 0.3058325890625 0.49820219843749997 0.2875888734375 0.4890272453125 0.2679013328125 0.49796742812500006
0 0.2930070546875 0.582943721875 0.28295551875 0.59070075 0.2736930453125 0.6048838390625 0.2745387734375 0.631686859375 0.2895320671875 0.6591988765625 0.3162283140625 0.65755170625 0.32930153125 0.6445314875 0.3331752421875 0.6163336078125 0.32409533281249997 0.592172303125 0.30896141875 0.58343084375 0.2930070546875 0.582943721875
0 0.3820267671875 0.5312454578125 0.387820509375 0.54357984375 0.40332064375 0.5497453 0.42253282968750006 0.5474713046875 0.4353101265625 0.532041353125 0.437584828125 0.50077835 0.42449692656250004 0.4738477484375 0.3872769875 0.46944880468749994 0.37558450312499997 0.49371453593750003 0.3820267671875 0.5312454578125
0 0.3185617265625 0.552083753125 0.318322521875 0.570051034375 0.3294064484375 0.5955969890625 0.34222999375 0.6054374859375 0.367438028125 0.5991254453125 0.38122095625 0.5794506593750001 0.3807907890625 0.5460737015625 0.368185471875 0.5280528171875 0.34592316875 0.52100194375 0.3282501953125 0.5264333531250001 0.3185617265625 0.552083753125
0 0.15794141875 0.628065278125 0.16201655937499998 0.6463182046875 0.1698038546875 0.6649307 0.1870508765625 0.6709666296875 0.2053261578125 0.6654612484375 0.21376818281249998 0.659532559375 0.21451753906249998 0.6417656468749999 0.2087486421875 0.6136733375000001 0.1921143578125 0.6026700296875 0.175459090625 0.60145358125 0.162889515625 0.61359663125 0.15794141875 0.628065278125
0 0.2514853875 0.7127920375000001 0.2697711328125 0.7023932 0.2768218796875 0.690112484375 0.279086071875 0.6637429109374999 0.2648575421875 0.642927415625 0.23840377343750002 0.6361236796874999 0.2212238921875 0.6455713453125 0.2175684140625 0.66558883125 0.22302432656249999 0.69508725 0.2371509953125 0.70558309375 0.2514853875 0.7127920375000001
0 0.1975114859375 0.47236508125 0.1936692625 0.4858826140625 0.198829334375 0.5129712750000001 0.2146434625 0.5251840984375 0.2378454875 0.5220418171875 0.2456957046875 0.5112936046875001 0.24736814062499998 0.4801045765625 0.2354742265625 0.457919515625 0.2093802078125 0.45949274687499997 0.1975114859375 0.47236508125
0 0.2622832484375 0.5771587874999999 0.2508138265625 0.5579560515625 0.2316614125 0.5513387187500001 0.20986080000000001 0.56298445 0.21370724531250002 0.5943112312500001 0.2210014046875 0.6089074546875 0.24486271093749998 0.6190234265625 0.2607499359375 0.60402695 0.2622832484375 0.5771587874999999
0 0.1239572640625 0.56537849375 0.1083869359375 0.572997803125 0.0961236234375 0.5826571453125 0.10046320312499998 0.618000190625 0.1075601078125 0.630989896875 0.1315728203125 0.63267526875 0.1427970015625 0.6242172796875 0.15146771718750002 0.6052147109375 0.146702190625 0.5813390484375 0.13599175937500002 0.568793028125 0.1239572640625 0.56537849375
0 0.15627734843750002 0.51493456875 0.147102953125 0.5348143546874999 0.1522420484375 0.5716898859375 0.17730780468750001 0.5816579390625 0.189757825 0.5784985828125 0.19912943593750002 0.5602253125 0.1978682609375 0.53999615625 0.19158134375 0.5236455390625 0.1787577953125 0.5138050203125 0.15627734843750002 0.51493456875
0 0.186054071875 0.43381924375 0.170930625 0.4201843171875 0.15819899375 0.41830204843749996 0.14220934375 0.4302337234375 0.132136878125 0.44777766249999995 0.137701925 0.4731858875 0.1518076234375 0.49346868749999995 0.1816242609375 0.48736155468750003 0.19020681875 0.4626623 0.186054071875 0.43381924375
0 0.08840559375 0.4849462703125 0.07973483125 0.503948803125 0.0864162578125 0.5235124328125 0.0955067140625 0.5427802609375 0.11888531093750002 0.5439865312500001 0.1305320921875 0.5345938296875 0.13419128281249998 0.5192770999999999 0.13733265156250002 0.505030278125 0.1234347203125 0.48146056406250004 0.10618769531250001 0.47542462187499995 0.08840559375 0.4849462703125
0 0.37802520624999997 0.9467550593749999 0.38400574062500004 0.9655894203125 0.40867703750000006 0.9723445046875 0.42729442031250003 0.96900956875 0.43531664687499994 0.95032028125 0.43256560625 0.9229358140624999 0.42346463749999996 0.9085614078124999 0.40722489375000004 0.9007710578125 0.3780000140625 0.9116976640625 0.37802520624999997 0.9467550593749999
0 0.41731834687499997 0.8734403140625 0.4285953046875 0.855748425 0.419733621875 0.8234067265625 0.40892455781250003 0.8100574343750001 0.39534998125 0.8040487015625001 0.374596321875 0.8142724125 0.364622478125 0.8326195703125 0.36668313124999996 0.8543812734375 0.376770328125 0.8767882140625 0.40123385625 0.8868301828125 0.41731834687499997 0.8734403140625
0 0.415732675 0.66203385 0.4059783375 0.6864844453125001 0.40711991562499994 0.7156972968749999 0.4259344484375 0.7394786140625 0.45685692031249997 0.732420384375 0.468834778125 0.7154578484375 0.46080406093750004 0.669968353125 0.4386613625 0.6539338953125 0.415732675 0.66203385
0 0.384849125 0.61895780625 0.3669012484375 0.612192575 0.348002765625 0.627558784375 0.34083242187499996 0.6488231703125 0.3457847765625 0.6791988015625 0.357995546875 0.6940067078125 0.3796660453125 0.69623804375 0.39616605 0.6762741921875 0.40035661093749997 0.6406991640624999 0.384849125 0.61895780625
0 0.35283344375 0.76150005625 0.3578172359375 0.77719531875 0.3736310328125 0.7964530234375 0.39390667968750004 0.79229395 0.407913140625 0.7669675296875 0.403672196875 0.7324278171875 0.38404761718749997 0.71200728125 0.3631556265625 0.7210954328125 0.3518786234375 0.73878726875 0.35283344375 0.76150005625
0 0.12606830468750002 0.6572549828125 0.11078334999999999 0.67217750625 0.1107413953125 0.6917512796875 0.11299930312499999 0.71511950625 0.120511734375 0.7215353375 0.1316376125 0.72750749375 0.146050965625 0.72818895625 0.16428919375 0.709637259375 0.164243021875 0.6843667515625 0.1518454671875 0.6630588984375 0.1409273140625 0.6537998359375 0.12606830468750002 0.6572549828125
0 0.340643603125 0.7369052453125 0.3431155625 0.7072487656249999 0.328921753125 0.6812693203125 0.317993134375 0.6769036921875 0.30079295625 0.677982359375 0.29147311875000004 0.6899442234375 0.28659216875000004 0.7198964906249999 0.2980811109375 0.7437620046875 0.311714646875 0.7502416140625 0.32997938437499996 0.7496297546874999 0.340643603125 0.7369052453125
0 0.3022801140625 0.7978755734375 0.3028509390625 0.81248196875 0.30600699531250003 0.8381859875 0.3282174890625 0.8453338875 0.33820110937500003 0.846463484375 0.3529929671875 0.827524640625 0.354764021875 0.7971388312500001 0.3387634484375 0.77138123125 0.3109508671875 0.778873 0.3022801140625 0.7978755734375
0 0.21659683593749998 0.697507190625 0.19514455625 0.6870954015625 0.17770160937499999 0.7059458828125 0.172678753125 0.7281757734375 0.17704977500000002 0.7488384703125 0.193148975 0.7753993171875 0.215037790625 0.7694502812499999 0.22500107812499998 0.75599653125 0.229684778125 0.7244377984375 0.21659683593749998 0.697507190625
0 0.23908579843750002 0.7860661796875 0.2559068765625 0.803569490625 0.2680171859375 0.8086690828125 0.2923586890625 0.7917555296875001 0.2924321203125 0.7575013546875 0.2722158359375 0.7322614359374999 0.250249409375 0.7276202781250001 0.23465806718749999 0.7450265203125 0.2327988875 0.769715621875 0.23908579843750002 0.7860661796875
0 0.12745751875 0.7581890921875 0.1231893453125 0.78317398125 0.1327623859375 0.811351490625 0.1545546203125 0.8198470046875 0.1670696828125 0.816923371875 0.17583906875 0.7987240718749999 0.1760005796875 0.770166634375 0.160996775 0.7475480765625 0.141231625 0.74589811875 0.12745751875 0.7581890921875
0 0.1993100046875 0.85047134375 0.22005199687500002 0.860450628125 0.238061759375 0.8424517984375001 0.24161861718750002 0.8216311203125001 0.2354408265625 0.8011902078125 0.21891563125000002 0.78609669375 0.1943115296875 0.7948252796874999 0.18521485625 0.82529509375 0.1993100046875 0.85047134375
0 0.2080248546875 0.9513212828125001 0.232842228125 0.9534180343750001 0.2514183578125 0.9313167515625 0.2523689203125 0.9091853125 0.242084478125 0.885171934375 0.22032582656250002 0.8772439437499999 0.2026319125 0.8924621984375 0.195440553125 0.9235134781250001 0.2080248546875 0.9513212828125001
0 0.1987509890625 1 0.20296795781250002 0.9901284921875 0.20358036875000002 0.964912821875 0.192989575 0.9433830984375 0.1806486921875 0.9424522718749999 0.1563614375 0.9438036562500001 0.15068100625 0.9722233749999999 0.158655040625 0.9973357640625 0.1616710296875 1 0.1987509890625 1
0 0.2853143546875 0.98830686875 0.30310412656249996 0.9824225312499999 0.321096878125 0.9610832203124999 0.3150281921875 0.9365522140625 0.2965976125 0.9208773499999999 0.27682198593749996 0.9241207640625 0.262040634375 0.9381661234375 0.2660947921875 0.9662059140625001 0.2853143546875 0.98830686875
0 0.3442907609375 0.861207525 0.3288294859375 0.8647366468750001 0.311441890625 0.877471296875 0.306997440625 0.8910627734375 0.3118615890625 0.9157416843749999 0.333678384375 0.9346120109375 0.354371665625 0.933352153125 0.36552903125 0.924644015625 0.365602459375 0.8903898375000001 0.3539939171875 0.87550799375 0.3442907609375 0.861207525
0 0.299168153125 0.8920240890625 0.3082648546875 0.8615541359375 0.29668779375 0.8319919421874999 0.277140875 0.8221616218750001 0.24957063124999998 0.8320444281249999 0.2402420484375 0.8552298078125 0.2454021328125 0.8823185312499999 0.2598246328125 0.8952240984375001 0.26182865624999996 0.8966088031250001 0.282995590625 0.8997173046875 0.299168153125 0.8920240890625
0 0.14219911406250002 0.9031438984375001 0.1691437875 0.9162649046875 0.1877623546875 0.90081080625 0.1900475765625 0.86465445 0.183464725 0.8458939875 0.1661295875 0.834161378125 0.1463434609375 0.8422983390625 0.1334465171875 0.866711934375 0.14219911406250002 0.9031438984375001