0 0.9398143953125 0.7492795578125 0.94185860625 0.7337144296875 0.9268531281250001 0.7132538281249999 0.8848531187500001 0.7174082953124999 0.8777656875 0.72805006875 0.8798385328125 0.7502267046875 0.8944768734374999 0.7654369671875 0.92565075 0.763257078125 0.9398143953125 0.7492795578125
0 0.85670649375 0.7404805390625 0.84703786875 0.7216759828125 0.801372665625 0.7256809 0.797543828125 0.7381240453125 0.7987017296875 0.7546828015625 0.8148705218750001 0.7693801984374999 0.852516321875 0.762689278125 0.85670649375 0.7404805390625
0 0.7194625171875 0.7638763671875 0.7244945203125 0.7761057499999999 0.727600690625 0.783193790625 0.771735440625 0.779701740625 0.7779191453125 0.7561360609375 0.7666071031249999 0.7362288828125 0.736568296875 0.732241696875 0.7187676984375 0.7464735375 0.7194625171875 0.7638763671875
0 0.7023845875 0.758577021875 0.68910725 0.7404306593750001 0.6516703578125 0.7426426562499999 0.636919446875 0.763154790625 0.6482767546875 0.79117574375 0.6792134812499999 0.79307090625 0.699753109375 0.7806767671875 0.7023845875 0.758577021875
0 0.6242355749999999 0.79082763125 0.6258956234374999 0.7623022640625 0.608139896875 0.7473099890625 0.5759268890625 0.7495625421875001 0.5613848859375 0.7655957531250001 0.5589058359375 0.7824088296875 0.5754417671875001 0.8023565640625 0.60716345 0.800544215625 0.6242355749999999 0.79082763125
0 0.48346721875 0.7787553796875 0.488177346875 0.7938481984375 0.5032505265625 0.8078105156250001 0.53182658125 0.8058122828125001 0.5489946484375 0.790001284375 0.545543775 0.7630508515625001 0.5220898625 0.756168121875 0.49813340625 0.7570316265625 0.48346721875 0.7787553796875
0 0.47085104843750003 0.7999299343749999 0.470884703125 0.7780118468749999 0.45913781875000004 0.7593526171875 0.42022695624999995 0.7628852234375 0.4053065953125 0.780974128125 0.4065209796875 0.7983406265624999 0.42444615625 0.815756134375 0.4504243859375 0.8139395593750001 0.47085104843750003 0.7999299343749999
0 0.39130118125 0.8046809093749999 0.3894542671875 0.785735253125 0.37735726718749996 0.7695355859374999 0.3426029203125 0.772777540625 0.326445740625 0.788112003125 0.32837738125 0.8082692765624999 0.34621783125 0.8244731671875 0.37427432031249996 0.8225112671874999 0.39130118125 0.8046809093749999
0 0.2497761109375 0.796720040625 0.251046978125 0.8148942859374999 0.26710280468750003 0.82797619375 0.2987397625 0.8249522296875 0.31340594843749997 0.8032284765625001 0.3124739796875 0.7899006984375 0.29367912343749997 0.774981084375 0.2614378765625 0.776829765625 0.2497761109375 0.796720040625
0 0.23525113125 0.8204631546875 0.233584884375 0.7966347015624999 0.22341371875 0.785576378125 0.186552871875 0.7885597859375 0.17192614374999998 0.80338138125 0.17325349375000001 0.8223633703125 0.18893096250000002 0.837500971875 0.2179983390625 0.8350625359375 0.23525113125 0.8204631546875
0 0.15875095 0.831494425 0.159654284375 0.80708044375 0.1479638828125 0.78922895625 0.1032813265625 0.792353465625 0.0972782890625 0.81103635 0.09308811875 0.8332450890624999 0.10507215156250001 0.8478292671875 0.137889446875 0.8467519984375 0.15875095 0.831494425
0 0.1934762671875 0.7531728203125 0.18299444375 0.7376719046875 0.14290324375000002 0.7392578125 0.12958684375 0.7653514953125 0.13738611875 0.7798224515625 0.1658662296875 0.7839186328125 0.18876653125 0.775417890625 0.1934762671875 0.7531728203125
0 0.09580353124999999 0.7376811828125 0.13479911875 0.7353601921874999 0.1503520109375 0.71885044375 0.1490246609375 0.6998684578125001 0.13597325625 0.6849530703125 0.09918715624999999 0.6878988453125 0.0877160375 0.7041555734375 0.084632696875 0.719793365625 0.09580353124999999 0.7376811828125
0 0.2649730796875 0.767653928125 0.2683218125 0.74834495625 0.259229234375 0.7303118125 0.2145184359375 0.73303245 0.210367725 0.74833903125 0.2140669671875 0.7639083859375 0.2216685515625 0.7755522390625 0.243168390625 0.7768897515625001 0.2649730796875 0.767653928125
0 0.22545714062500002 0.6953354703125 0.2118014484375 0.6792447984375001 0.1658990953125 0.6873247671875 0.1597378265625 0.6962783906250001 0.1661760984375 0.713685446875 0.1846490796875 0.731468496875 0.21497571249999997 0.7171724453125 0.22545714062500002 0.6953354703125
0 0.3062832875 0.6864367812500001 0.290577578125 0.6708953078125 0.2476231640625 0.6763340546875 0.236159090625 0.6990514343750001 0.2523166640625 0.7210548609375 0.2785208265625 0.7224692625 0.304086653125 0.707288578125 0.3062832875 0.6864367812500001
0 0.3842914875 0.6895047015625 0.3814619265625 0.6714394515625 0.3647905921875 0.6644882875 0.3243210359375 0.6681298890625 0.31884878125 0.6794704125 0.3212887671875 0.70689738125 0.341105728125 0.71403443125 0.3752105203125 0.70150341875 0.3842914875 0.6895047015625
0 0.34597989375 0.7538724421875 0.3425290203125 0.7269220062499999 0.314286059375 0.7187507734375 0.288816175 0.7278370468750001 0.2809437875 0.74218633125 0.2860492984375 0.7629333593750001 0.3146988578125 0.7694527734375 0.33112723437499997 0.7654630609375 0.34597989375 0.7538724421875
0 0.42144094687500006 0.7429138328125 0.41775292343750003 0.7200384515625 0.394214284375 0.71194410625 0.3666379015625 0.7207718328125 0.358274190625 0.735561321875 0.364655978125 0.752160634375 0.3894314375 0.7630094203125 0.40528376718750003 0.7582482953125 0.42144094687500006 0.7429138328125
0 0.45926121562500005 0.678986296875 0.450603478125 0.6597052062500001 0.4274037375 0.6564573265625 0.3997991125 0.66488118125 0.39776611875 0.67314028125 0.39909346874999996 0.69212226875 0.416679746875 0.7046913124999999 0.450056065625 0.6966755546875001 0.45926121562500005 0.678986296875
0 0.4655188203125 0.7012761515625 0.4455552390625 0.7144417015625 0.441562759375 0.7394775453125 0.4573249515625 0.7558267625 0.47925963125 0.755916328125 0.4943947046875 0.7483644296875 0.5009173078125 0.7296452125 0.49915511874999996 0.7119111734375 0.4655188203125 0.7012761515625
0 0.573354975 0.72058853125 0.565750571875 0.6967770625 0.5281678656250001 0.6998248109375 0.514741046875 0.7162930046875 0.5210547796875 0.7448115453125 0.5503793515625001 0.7549325796875 0.5714745828125001 0.740026715625 0.573354975 0.72058853125
0 0.532880853125 0.68228710625 0.533236925 0.66421465 0.5224846624999999 0.649437221875 0.4847559265625 0.6503966296875 0.47058734687500003 0.6639787140625 0.47252655781249997 0.6839892265625 0.492775221875 0.6955843359375 0.5206570859374999 0.6927952234375 0.532880853125 0.68228710625
0 0.603689346875 0.6756568515625 0.6072108843749999 0.6565236234375 0.60305240625 0.6433836671875001 0.578160775 0.6426059953125 0.557801290625 0.6448690906250001 0.5499636453125001 0.6563296281250001 0.54949075 0.6727314171875001 0.563916584375 0.6859928296875 0.5898828468749999 0.68669535625 0.603689346875 0.6756568515625
0 0.65379929375 0.72828914375 0.6551657078125 0.703031084375 0.6428598015625 0.69131034375 0.609172825 0.6948835078125 0.5969179890625 0.70629246875 0.5978104984375 0.7265224031249999 0.6144706125 0.7407795984375001 0.635885728125 0.7409054953124999 0.65379929375 0.72828914375
0 0.7281647328124999 0.7165954546875 0.7326090765625 0.6980215640625 0.714966315625 0.6846447765625 0.6797488875 0.6887308078125 0.6715940859375 0.699041371875 0.67422595625 0.7142795171875 0.6874185671874999 0.731214265625 0.714435928125 0.7293250265625 0.7281647328124999 0.7165954546875
0 0.809397478125 0.70604494375 0.8077200124999999 0.6895225203125 0.7956512546875001 0.6737267250000001 0.7620207625 0.678107634375 0.7513528625 0.6898114718749999 0.75423890625 0.7086844671875 0.7684988875000001 0.7259504234375 0.798870784375 0.71976814375 0.809397478125 0.70604494375
0 0.6881574703125 0.6447172 0.667312596875 0.6303467859375 0.6374320234375 0.6360888625000001 0.6235790328124999 0.6545089749999999 0.6285998187499999 0.6740443875000001 0.6485015062499999 0.6823930515625001 0.6767669015625 0.6759522265625 0.689230646875 0.6600643390625 0.6881574703125 0.6447172
0 0.7372561296875 0.6226149296875 0.7052408125 0.6276945875 0.69988733125 0.6556665296874999 0.713164665625 0.67381289375 0.72381013125 0.6767211125 0.7548710421875 0.6729257343749999 0.763782559375 0.658503784375 0.7606705828125 0.636399815625 0.7372561296875 0.6226149296875
0 0.8462915843750001 0.643805559375 0.8432248734375 0.6298153625 0.82731025625 0.6187528140625 0.7993384921875 0.62192633125 0.7850224203125 0.64119051875 0.792951684375 0.664986865625 0.8220925671874999 0.6710660765625 0.845664859375 0.6572423328125 0.8462915843750001 0.643805559375
0 0.8790640078124999 0.67195240625 0.846229690625 0.6653197750000001 0.8305920734375001 0.6806179046875 0.8290844515625 0.703856603125 0.8455186343750001 0.7148828218750001 0.8655445046875 0.7175409453125 0.8803294625 0.7124486109375 0.890223625 0.697146253125 0.891172225 0.6808460453125 0.8790640078124999 0.67195240625
0 0.9219445203125 0.6206581250000001 0.8994167703124999 0.612087246875 0.8716709375 0.618491740625 0.8662269234375 0.6302361375000001 0.866486903125 0.648886915625 0.8812776671875 0.6588105109375 0.915060584375 0.6491429359375 0.9271742156249999 0.6357146124999999 0.9219445203125 0.6206581250000001
0 0.9714733953125 0.6943056453125 0.9726873859375 0.6743342546875 0.9575294812499999 0.6591603218750001 0.9300884999999999 0.654991478125 0.9068663234375001 0.6663556578125001 0.905793540625 0.6883464078125 0.9178622984375 0.7041422015625 0.94319678125 0.7080525 0.9714733953125 0.6943056453125
0 0.96056135625 0.5830549390625 0.9587991671875 0.5653208984375 0.9412128890625 0.5527518546875 0.9020478531249999 0.5526496125 0.889877740625 0.565270190625 0.8886637500000001 0.5852415796875 0.911406215625 0.604349465625 0.9456127546875001 0.6007399703125 0.96056135625 0.5830549390625
0 0.9094231109375001 0.5237246 0.9017368031249999 0.51086913125 0.8778762906249999 0.5056382234375 0.851056621875 0.5103545656249999 0.8455166640625 0.5281933734375001 0.8584721265624999 0.5492031734375 0.8905609484375001 0.5526411609374999 0.9099767234374999 0.5391080703125 0.9094231109375001 0.5237246
0 0.8349164640625 0.5333989296875 0.8277779609374999 0.520911 0.810180465625 0.5156479859374999 0.77559556875 0.5213131718749999 0.770885834375 0.54355824375 0.7820849109375 0.5618499328125 0.8147892390625 0.5591571765625 0.8318896078125 0.5498444640625 0.8349164640625 0.5333989296875
0 0.8462737718750001 0.5614198796875 0.8217018109374999 0.5684141281249999 0.815252715625 0.5956509890625 0.8319975546875 0.6111198 0.8589019484374999 0.607615075 0.873895815625 0.598043815625 0.8769226734375 0.58159828125 0.871173415625 0.566578125 0.8462737718750001 0.5614198796875
0 0.8052962640624999 0.595129671875 0.8026926359375001 0.5802954 0.7822431421875 0.57157919375 0.7474323140625 0.5740134046875001 0.7376058515625 0.5828174749999999 0.739678696875 0.6049941109375 0.7666171390625001 0.6169091859375 0.7954303421875 0.6108359015625 0.8052962640624999 0.595129671875
0 0.74783310625 0.5573456546875 0.752797015625 0.5387354328125 0.731895659375 0.523557275 0.6956955859375 0.5285237109375001 0.6892124421875 0.5403407703124999 0.6951876312499999 0.5585919031250001 0.710119603125 0.570534859375 0.7357194765624999 0.5707739765625 0.74783310625 0.5573456546875
0 0.719257446875 0.5966817765625 0.7082278171875 0.58081331875 0.6691757468749999 0.5823265640625 0.6579035578125 0.5928551203125 0.6592026671875 0.6114332359375 0.6864800046874999 0.6281947765625 0.7071890828125 0.6182238718749999 0.719257446875 0.5966817765625
0 0.669265884375 0.561216221875 0.6710841624999999 0.5424201171874999 0.6584563828125 0.5335628109375 0.62367379375 0.5364008953125 0.61300589375 0.5481047328125 0.6158636953125 0.5665738546875 0.6307956671875 0.5785168109375001 0.6568868640625001 0.5783157250000001 0.669265884375 0.561216221875
0 0.6431468406249999 0.598351325 0.6248715484375 0.5833953828125 0.5871692640624999 0.5892785578125 0.5767160765625 0.611519403125 0.5902193453125 0.63289674375 0.61633878125 0.633099528125 0.6374827 0.6218806765625 0.6431468406249999 0.598351325
0 0.5955666296875 0.5525709812499999 0.583497871875 0.5367751875 0.545654378125 0.540639003125 0.5350882265625 0.561264359375 0.54259386875 0.579002625 0.574134884375 0.582073071875 0.596442115625 0.565091015625 0.5955666296875 0.5525709812499999
0 0.5595816625000001 0.6054123125 0.5466997078125 0.592920159375 0.5167344078125 0.59745061875 0.50616825625 0.618075975 0.5115109140625 0.6347479500000001 0.5426735734375 0.639874090625 0.5632696859374999 0.628287696875 0.5595816625000001 0.6054123125
0 0.521805478125 0.5654399546875 0.5166605078125001 0.5515950843749999 0.4964369484375 0.5461098546875001 0.464015034375 0.5528413328124999 0.46145125781249996 0.5684427921874999 0.4705720765625 0.5868798078124999 0.501452321875 0.5879672265625 0.515237609375 0.576045396875 0.521805478125 0.5654399546875
0 0.49027646718750006 0.6297392562499999 0.484640175 0.616334590625 0.479060365625 0.6037376671875 0.43964115625 0.6000005765624999 0.424946728125 0.62132045625 0.4364564609375 0.6440547375000001 0.45884300468749994 0.65060625625 0.4821499046875 0.6404536953125 0.49027646718750006 0.6297392562499999
0 0.4429840828125 0.5656756734374999 0.42911947968749997 0.5540639265625 0.39179555312500003 0.5578914109374999 0.384403271875 0.5791065234375 0.3992957828125 0.5979516359375 0.4263696265625 0.596870140625 0.43931347656249997 0.58784808125 0.4429840828125 0.5656756734374999
0 0.3713069953125 0.5934152515625 0.3696860125 0.577700571875 0.3541497515625 0.56458233125 0.32289115 0.5655506046875 0.3065080390625 0.5776540890625 0.308270228125 0.5953881296875 0.326686728125 0.612363434375 0.35514981562500003 0.6087497140625 0.3713069953125 0.5934152515625
0 0.40594296406249997 0.6108797671875 0.3695169578125 0.612615228125 0.35195931406250003 0.637787946875 0.362243446875 0.6504617578125 0.3842233921875 0.6586650984375 0.41001515 0.6467153890625 0.41172046250000005 0.6263037953125 0.40594296406249997 0.6108797671875
0 0.3350113734375 0.641813990625 0.33437303749999997 0.6252189031250001 0.312251884375 0.6149962046875 0.279575796875 0.6180928328124999 0.27159044374999997 0.6308266312499999 0.2735220828125 0.6509839046875 0.2953213609375 0.6640700390625 0.32525841718750004 0.6591357078125 0.3350113734375 0.641813990625
0 0.27953053125 0.6099790609375 0.28587246718750003 0.5961426390625 0.28822733437500003 0.5850201046875 0.2749670234375 0.5745836421875 0.232599875 0.5734877734375 0.2275794828125 0.59129025 0.23067443437500001 0.6056843203125 0.2495087515625 0.613701775 0.267399878125 0.6156974796875 0.27953053125 0.6099790609375
0 0.20888637499999999 0.58529215625 0.194615175 0.5753322265625 0.15414561875 0.578973828125 0.1530051359375 0.6074628640624999 0.1668020359375 0.625572896875 0.19890207499999998 0.6217048546874999 0.2133875953125 0.6048638984375 0.20888637499999999 0.58529215625
0 0.1340973125 0.5909277625 0.11756718749999999 0.585995959375 0.083993178125 0.5911846109375001 0.08037905625 0.6141647609375 0.089567575 0.6261034921874999 0.1053239625 0.6274367796875 0.1264849046875 0.623927828125 0.1344702578125 0.6111940296875 0.1340973125 0.5909277625
0 0.1443365734375 0.632825690625 0.1177316171875 0.6480790390625 0.11956731406250001 0.6743307234375 0.1386952625 0.679080871875 0.16583680625 0.67150109375 0.18213519375 0.658185990625 0.170568978125 0.634643965625 0.1443365734375 0.632825690625
0 0.25864659375 0.6398486906249999 0.2422518703125 0.6219203171875 0.2031038578125 0.6295279765624999 0.19582454062500002 0.6523585765625 0.21359729062500002 0.675060753125 0.2406146515625 0.6731715140625 0.260437025 0.657986603125 0.25864659375 0.6398486906249999
0 0.9350225906249999 0.48662582812500005 0.933073928125 0.45875865468750004 0.9202202156249999 0.44667037187499997 0.883415853125 0.450461525 0.8722566281249999 0.4626055671875 0.8723753999999999 0.4792369859375 0.88695725625 0.49363950624999997 0.9153244015625001 0.49612019687500003 0.9350225906249999 0.48662582812500005
0 0.893394740625 0.4363707828125 0.8953824687499999 0.41999791249999996 0.8779203750000001 0.401738328125 0.842618221875 0.4046127421875 0.8333678078125001 0.4141882265625 0.834440984375 0.42953536562499994 0.84647028125 0.45223331718750004 0.8674505578125 0.4536071609375 0.893394740625 0.4363707828125
0 0.8406308875 0.45832350312500003 0.8115352703125 0.4603580671875 0.8007544015624999 0.4704464171875 0.80256185625 0.49629423125 0.8215373796875 0.506331046875 0.84898958125 0.5031938609375 0.8638252156249999 0.48389334218749996 0.8590868468749999 0.46839665156250004 0.8406308875 0.45832350312500003
0 0.782637734375 0.502557625 0.784286565625 0.4813382875 0.769241628125 0.46777984375 0.7318894578124999 0.47120345468749997 0.72078671875 0.4841552421875 0.7193185546875001 0.5004917828125001 0.7373396718749999 0.511812878125 0.768078709375 0.5108809359375 0.782637734375 0.502557625
0 0.8127662828125001 0.44809657812500003 0.8160020484375 0.42717211875 0.8062657218749999 0.414865846875 0.763085378125 0.4170736171875 0.7564327859375 0.42646744375 0.7558060609374999 0.43990421875 0.7706985734375 0.45874933125000006 0.7978853828125 0.4592833265625 0.8127662828125001 0.44809657812500003
0 0.6782609453124999 0.43599222031249996 0.6795318124999999 0.4541664640625 0.69385949375 0.4649341359375 0.7203572890625 0.4630812296875 0.738282071875 0.44315884843750003 0.7372371375 0.4282155828125 0.7172224843749999 0.41825142968750006 0.6865681734375 0.42039498750000004 0.6782609453124999 0.43599222031249996
0 0.6409996984374999 0.49298126875000003 0.6419881515625 0.5071167921875 0.66118960625 0.520384584375 0.6891331296875001 0.5168071953125 0.703353259375 0.5036374203125 0.70416065 0.48531785000000005 0.68233313125 0.47182784218749996 0.657885353125 0.4731315515625 0.6409996984374999 0.49298126875000003
0 0.6653000703124999 0.43730438125 0.6436984828125001 0.42704535000000005 0.6164439734375 0.433009640625 0.6007781171875 0.4479038984375 0.6015011765625 0.4657106015625 0.6215158296875 0.47567475625 0.64535931875 0.47319576249999995 0.66688159375 0.4599212171875 0.6653000703124999 0.43730438125
0 0.5667019609375 0.49817667343750005 0.56892723125 0.5150666375 0.5861633953125 0.5300952453125001 0.616704740625 0.526336196875 0.6336468765625 0.5072942234375 0.6324777578125 0.4980414984375 0.6145808234375 0.48102986249999996 0.580204834375 0.482216125 0.5667019609375 0.49817667343750005
0 0.5669158875 0.43403790000000003 0.5322745062500001 0.43889534374999994 0.5273105984375 0.457505565625 0.5293099390625 0.47116455156250003 0.5478506203125 0.482449315625 0.5709768546875 0.47717954999999995 0.5890710875 0.45968040156249995 0.58805439375 0.44514100624999997 0.5669158875 0.43403790000000003
0 0.545592090625 0.5248153296875 0.54850598125 0.5067543046874999 0.53750459375 0.49128971874999994 0.4990568140625 0.49397824999999995 0.48409118749999996 0.50395338125 0.48502315781250005 0.517281159375 0.501276671875 0.533190175 0.52938964375 0.5320360171875 0.545592090625 0.5248153296875
0 0.5072564875000001 0.4544435671875 0.486552821875 0.442092515625 0.4647311078125 0.44361843749999996 0.45144835937499994 0.4477940328125 0.45670048906250005 0.4482384625 0.44438916875 0.4588396796875 0.44387540937500003 0.47389194218749997 0.4596093625 0.4898372875 0.489828834375 0.4889416765625 0.5083014218749999 0.4693868359375 0.5072564875000001 0.4544435671875
0 0.41235181093750006 0.515869284375 0.41616401875 0.5330541265625001 0.43317424843749996 0.5448517578125001 0.46530253125 0.5413875874999999 0.4772749515625 0.52593990625 0.47528683125000004 0.5049748875 0.46008946718750005 0.4967031125 0.42995471875 0.49881033906249994 0.41235181093750006 0.515869284375
0 0.4119332078125 0.45015135468749995 0.3783591984375 0.45534000625 0.3693629578125 0.46855034062499995 0.3711533890625 0.4866882515625 0.38646371875 0.496575515625 0.41821364218749996 0.4951670390625 0.4346644546875 0.47656526875000005 0.4314000546875 0.4597479671875 0.4119332078125 0.45015135468749995
0 0.3341517296875 0.5249901890625 0.3357444703125 0.540300996875 0.35448284375 0.554412865625 0.3823416421875 0.5496238609375 0.40205105 0.5328234609375 0.40080842499999997 0.5150530890625 0.3765242890625 0.5037640999999999 0.3473721875 0.5049909203125 0.3341517296875 0.5249901890625
0 0.3525337875 0.48920780312499995 0.35438030781249996 0.4708155703125 0.33991141874999997 0.4580285375 0.30925710624999997 0.4601720953125 0.28836736093750004 0.47502579687499996 0.2894970203125 0.49118068125000003 0.309133315625 0.503200525 0.331994159375 0.5016019390625 0.3525337875 0.48920780312499995
0 0.2653320515625 0.5338609984375 0.2656032484375 0.5452057484374999 0.2775590390625 0.5593860546875 0.2767176015625 0.562285821875 0.307343671875 0.5597383921875 0.3237380015625 0.540328878125 0.3247148421875 0.5244325390625 0.3045025 0.51164128125 0.276474253125 0.51400705625 0.2653320515625 0.5338609984375
0 0.18485602031249998 0.540300125 0.185844471875 0.5544356484375 0.1999632453125 0.56968224375 0.2319503203125 0.564198715625 0.24998806875000001 0.545891821875 0.24894313281249997 0.5309485546875 0.2299676109375 0.5209117390625 0.1998328625 0.523018965625 0.18485602031249998 0.540300125
0 0.272944459375 0.5008609328125 0.276067259375 0.4783209859375 0.2634789375 0.4625615234375 0.23071812500000002 0.46444653437500005 0.22019143125 0.47816973437500004 0.2177688625 0.49579055624999996 0.2263418765625 0.5138600296875 0.249722284375 0.5122251125 0.272944459375 0.5008609328125
0 0.1949815265625 0.5059067859375 0.2006626890625 0.4900873375 0.1853070953125 0.47208629999999996 0.1463962328125 0.47561890625 0.1421890390625 0.49011774375000006 0.1438382625 0.5062362968749999 0.15485086875 0.514394853125 0.1805072234375 0.5154417140625001 0.1949815265625 0.5059067859375
0 0.10810166562500001 0.5476965484375 0.11095946718750001 0.56616566875 0.11790027968750001 0.57582649375 0.1512371390625 0.57471289375 0.168840046875 0.557653946875 0.1692125984375 0.540582325 0.152315334375 0.530400184375 0.118543634375 0.53276173125 0.10810166562500001 0.5476965484375
0 0.1263989984375 0.51070254375 0.125410546875 0.4965670203125 0.112133209375 0.4784206578125 0.07945712187500001 0.4815172859375 0.0647739125 0.4955311375 0.06921865 0.5142951375 0.084376553125 0.52946906875 0.10258955624999999 0.5286013390625001 0.1263989984375 0.51070254375
0 0.7232812171874999 0.325700509375 0.7047405343750001 0.3144157453125 0.680490446875 0.3185465578125 0.6732505890625 0.3344750015625 0.6727933140625 0.3503350078125 0.677768834375 0.36175664531249996 0.7090274359375 0.360788371875 0.7252693390625 0.3466655265625 0.7232812171874999 0.325700509375
0 0.712461284375 0.38002890625 0.7130431390624999 0.39581624843749996 0.7265576234375 0.4098875609375 0.752535853125 0.4080709859375 0.77036469375 0.3942430171875 0.771776375 0.3770987328125 0.750524903125 0.3643801375 0.7251509625 0.367371996875 0.712461284375 0.38002890625
0 0.8464524703125 0.3698476375 0.8262966125 0.357864121875 0.7988161703125 0.36059743593750004 0.7887808 0.3738804328125 0.7902888156250001 0.387979625 0.8047859484375 0.40117052812500004 0.8311425359375001 0.3972982609375 0.8473561984375 0.38277154375 0.8464524703125 0.3698476375
0 0.923805703125 0.3859484578125 0.9216198890625 0.3621563375 0.9055358234374999 0.34867055625 0.8697705906250001 0.35238904375 0.866404834375 0.363988115625 0.8672973453124999 0.3842180515625 0.8822293171875 0.3961610078125 0.9035314640625 0.394671415625 0.923805703125 0.3859484578125
0 0.8035823875 0.3391601109375 0.806750453125 0.3247339359375 0.7868882265625 0.3094831140625 0.7495925406249999 0.31371446875000003 0.7389528796875 0.32582218125 0.739071653125 0.34245359999999997 0.7571210125000001 0.3541785671875 0.7856405828125 0.351372590625 0.8035823875 0.3391601109375
0 0.8149222796875 0.3221332703125 0.8174411828125001 0.335755928125 0.8324578796875001 0.3489105 0.8718035828125 0.3441299453125 0.8821890703124999 0.3283873859375 0.8782356546875001 0.3091831828125 0.85521658125 0.30105250625 0.8257990890625001 0.30595050625 0.8149222796875 0.3221332703125
0 0.6410944609375 0.3748731875 0.632843715625 0.39127816718749997 0.6349277796874999 0.40614877031249996 0.6534402218750001 0.41702966249999995 0.67734019375 0.4153584140625 0.695264975 0.39543603125 0.694361246875 0.382512125 0.6731380171875 0.370197403125 0.6478488 0.374400878125 0.6410944609375 0.3748731875
0 0.6493846640625 0.351566053125 0.6500396312500001 0.33853315156249997 0.6333230328125 0.3234682140625 0.6016295921875 0.3256844359375 0.5876353953125 0.3420851859375 0.5889909859375 0.361471046875 0.608051234375 0.3727194796875 0.630883834375 0.370717021875 0.6493846640625 0.351566053125
0 0.5536045046875 0.40047173281250004 0.5561798921875 0.4149021359375 0.5743139765625 0.42783871875 0.6034095921875 0.4258041546875 0.617782146875 0.40734770937500003 0.6157545671875 0.39328485 0.597270365625 0.3828078296875 0.5644813125 0.384288971875 0.5536045046875 0.40047173281250004
0 0.5573141749999999 0.33405928125 0.526168540625 0.3366430421875 0.5098419109375001 0.349554271875 0.5110562953125 0.366920771875 0.5255251859375 0.37970780312499997 0.557653465625 0.376243634375 0.5729409671875 0.3634050671875 0.5755612250000001 0.348611353125 0.5701678890624999 0.34614756406249997 0.5573141749999999 0.33405928125
0 0.5431342921875 0.415002678125 0.5443935484375 0.40314506093749997 0.526090015625 0.3877852453125 0.48816179843749996 0.3904374453125 0.4775221390625 0.40254515625 0.4770931046875 0.4188090328125 0.500451075 0.43178617499999994 0.5253901765625 0.4300422640625 0.5431342921875 0.415002678125
0 0.49756463906250004 0.3755752921875 0.49670037031250003 0.355749228125 0.48020970468749996 0.343915265625 0.44744889218750006 0.3458002796875 0.43452206562500006 0.362532240625 0.4343301828125 0.374721065625 0.452001184375 0.388501725 0.47956635 0.386980028125 0.49756463906250004 0.3755752921875
0 0.418596625 0.396113609375 0.406776628125 0.4062746234375 0.40436527812499995 0.41658941406250005 0.4054102125 0.43153268125000005 0.41272938124999997 0.4391378140625 0.4238944125 0.4420097 0.450053309375 0.43531033125 0.46279946875 0.4234611640625 0.4615850859375 0.40609466562499996 0.44495321250000003 0.3922413421875 0.418596625 0.396113609375
0 0.4073751109375 0.392433978125 0.41874324375 0.3758110109375 0.41126584375 0.3584766171875 0.403540075 0.3525233046875 0.396475078125 0.3485530203125 0.385564221875 0.3493159828125 0.3715924609375 0.351104678125 0.362539734375 0.36350726718750004 0.360664971875 0.38149562656249997 0.372016475 0.39450064687499997 0.39117266562499997 0.3996546671875 0.4073751109375 0.392433978125
0 0.32643058593749996 0.4220391390625 0.329034215625 0.4368734109375 0.34107473125 0.452265334375 0.37574435156249997 0.44781176250000004 0.39097536875 0.434165453125 0.38984570937499996 0.41801056875000003 0.3680746734375 0.40532830468750003 0.342587765625 0.40670467656250003 0.32643058593749996 0.4220391390625
0 0.344377803125 0.3875047 0.3456765171875 0.3687449265625 0.3181055453125 0.35525069375 0.2994012203125 0.3565586265625 0.290879278125 0.3616188546875 0.2831310734375 0.3702776015625 0.2827020390625 0.3865414796875 0.28287148906250004 0.38896471093749996 0.29684905625 0.40219194687500004 0.3197946234375 0.40180497812500005 0.344377803125 0.3875047
0 0.30980451875 0.42320174687499995 0.2979616921875 0.4106369296875 0.267335621875 0.4131843609375 0.25380450625 0.42874103750000003 0.2533472296875 0.4446010421875 0.264292134375 0.4592578828125 0.285972640625 0.4557126 0.2973465796875 0.4541055640625 0.3123799046875 0.43763214687499996 0.3136674015625 0.42617840312500005 0.30980451875 0.42320174687499995
0 0.24394901562500002 0.3624654578125 0.2122555734375 0.3646816796875 0.20132228125 0.3800566984375 0.20385820781250003 0.40138925625 0.2233250546875 0.41098586875 0.24817943125 0.408030340625 0.2613998921875 0.3880310703125 0.26142232656250003 0.3734190125 0.24394901562500002 0.3624654578125
0 0.13293744375 0.3876795609375 0.1342365515625 0.4062576765625 0.1358969921875 0.4150702 0.149592146875 0.4242587140625 0.148327084375 0.4211004015625 0.1759204921875 0.41998257499999997 0.1919082234375 0.4022248796875 0.18836140625 0.38136885781249996 0.1688098359375 0.37056062968750003 0.1419901671875 0.37527697187500003 0.13293744375 0.3876795609375
0 0.1138771953125 0.376431128125 0.07644030156250001 0.3786431234375 0.05751585 0.3917360109375 0.0555563625 0.40851275625000005 0.067077315625 0.423941009375 0.0836074390625 0.42887281406250005 0.10832060937500002 0.42389792656249997 0.11757102500000001 0.4143224421875 0.120332490625 0.40154808593749997 0.118711509375 0.38583340625 0.1138771953125 0.376431128125
0 0.1010525109375 0.43942249687499996 0.0927452828125 0.45501973125 0.09850575781250001 0.46273385781250004 0.108479234375 0.4709650765625 0.14190081875 0.47106309375000005 0.1597014171875 0.456831253125 0.1608194640625 0.4429542765625 0.14243120781250002 0.42638284375 0.11850299375 0.4276502203125 0.1010525109375 0.43942249687499996
0 0.1751695828125 0.4391098890625 0.17618627656250002 0.45364928437499996 0.19322475 0.46585078593749996 0.21567899375000002 0.465904021875 0.23555785 0.45152685468750003 0.23420225781249998 0.43214099531250005 0.21084428593750001 0.419163853125 0.1800940328125 0.427401825 0.1751695828125 0.4391098890625
0 0.9098551953125 0.261111428125 0.89100385625 0.2453840703125 0.8675669656249999 0.24621124375 0.8585537015625 0.2517116765625 0.8489137109374999 0.27064888125 0.8503087609375 0.283132584375 0.874129815625 0.29526565 0.89318425625 0.29149815156250003 0.913034871875 0.2767171125 0.9098551953125 0.261111428125
0 0.8409105453124999 0.200997 0.8175301390625 0.2026319171875 0.806116740625 0.21114111093750002 0.8046938421875 0.2355914234375 0.8196540546875 0.247938253125 0.8529061921875 0.2456130375 0.867013353125 0.2308277734375 0.8623709249999999 0.20923666875000002 0.8409105453124999 0.200997
0 0.7752202609375 0.2770195703125 0.7769824515625 0.294753609375 0.7863516374999999 0.30180954375 0.8234384140625 0.3020571125 0.8356197453125 0.28213050625 0.833016115625 0.26729623281250003 0.8070038390625 0.2536930046875 0.7806754921875 0.25796914375 0.7752202609375 0.2770195703125
0 0.72186835625 0.2308311265625 0.7282783859374999 0.2478343125 0.7434192656249999 0.25529834375 0.7735257718749999 0.2527872453125 0.787085128125 0.23763443906249998 0.7842555671875 0.219569190625 0.7645345484375 0.20633772968750003 0.7349193656249999 0.208408625 0.72186835625 0.2308311265625
0 0.6966410328125 0.2135203890625 0.6678390484375 0.21228764375 0.6547710140625 0.22700024531250002 0.6548503265625001 0.2505338203125 0.6650497343749999 0.26199601562499997 0.6967149328125 0.2593759234375 0.7115223281249999 0.2396715296875 0.710279703125 0.221901159375 0.6966410328125 0.2135203890625
0 0.7114039515624999 0.260378 0.6914291515625 0.2808495796875 0.69564795625 0.2963826015625 0.720101540625 0.310094825 0.7406581921875001 0.3054105875 0.7559174515625 0.2921681484375 0.7572444078125 0.273812246875 0.734840840625 0.25955082812499997 0.7114039515624999 0.260378
0 0.6209265953124999 0.295519925 0.6319450062499999 0.3186944109375 0.633418975 0.31737380000000004 0.6640450453125 0.3148263703125 0.6795696953125 0.29791275 0.681387975 0.27911664531249997 0.6597016625000001 0.26764599843750003 0.629877571875 0.2741958203125 0.6209265953124999 0.295519925
0 0.591310625 0.2229150421875 0.5746903624999999 0.23909358125 0.577000359375 0.2571951609375 0.5870585593750001 0.2666379953125 0.6233433578125 0.26288317499999997 0.6393875718750001 0.24593322343750001 0.6369533921875 0.233522184375 0.6161367609374999 0.2195556421875 0.591310625 0.2229150421875
0 0.5471878796875 0.293776840625 0.54522839375 0.31055358593750004 0.5609341046874999 0.326095059375 0.5921644640625 0.3247229125 0.6078697796875 0.302926496875 0.6055768078125 0.2925348171875 0.586866675 0.27882682187499996 0.563977590625 0.280021534375 0.5471878796875 0.293776840625
0 0.5017141671875 0.2482550421875 0.501719975 0.26327097187500004 0.5150367703125001 0.2745151796875 0.548836709375 0.272557503125 0.56239606875 0.25740469843749997 0.5610404765625 0.2380188390625 0.540043178125 0.22893509218750002 0.510484478125 0.2318137328125 0.5017141671875 0.2482550421875
0 0.463526759375 0.306932240625 0.46537367500000004 0.325877896875 0.477255959375 0.3315405578125 0.5152406593750001 0.329696103125 0.5305676187499999 0.3099553796875 0.5262358468749999 0.29280686718750004 0.5042276609375 0.28419965625 0.47980812500000003 0.2859072375 0.463526759375 0.306932240625
0 0.4258747578125 0.2612693421875 0.42666552031249994 0.272577759375 0.43692141093750003 0.2848476984375 0.47455599531250003 0.285462809375 0.485376321875 0.2684723 0.4855511828125 0.2485735734375 0.4627410171875 0.2359639734375 0.4362714625 0.23822075156250003 0.4258747578125 0.2612693421875
0 0.39032463281249996 0.312862725 0.3917479265625 0.3257503 0.4053188953125 0.34062935625 0.43698409375 0.3380092625 0.4522433515625 0.324766825 0.4529095359375 0.30442789375 0.43393401249999997 0.294391078125 0.4033079421875 0.296938509375 0.39032463281249996 0.312862725
0 0.3472792953125 0.26473603749999997 0.347030928125 0.27611711875 0.3586930875 0.2935647328125 0.3935603984375 0.29193826562499997 0.4109938578125 0.2724560875 0.4092769328125 0.262835821875 0.38722348125 0.24611483750000002 0.3648539625 0.24727322031250001 0.3472792953125 0.26473603749999997
0 0.3603539234375 0.33971514375 0.3764375953125 0.3158630375 0.373150759375 0.31365779374999997 0.36125145000000003 0.30028523125 0.321764540625 0.303046425 0.314439959375 0.317763253125 0.31658050625 0.3334416 0.3291518046875 0.3414911625 0.34450159375 0.34447626875 0.3603539234375 0.33971514375
0 0.3299982609375 0.278931546875 0.32903804999999997 0.2651998953125 0.311858371875 0.2509790328125 0.284321446875 0.252904603125 0.2668879875 0.2723867796875 0.267876440625 0.28652230312500004 0.2849431546875 0.2991276765625 0.31611703125 0.2969477875 0.3299982609375 0.278931546875
0 0.2367876828125 0.327251696875 0.23808679062500002 0.3458298140625 0.2513753453125 0.3566701484375 0.28153833281249996 0.35496679375 0.29998268125 0.33500808125 0.298994228125 0.3208725578125 0.28135146718750004 0.30749577031249997 0.2514821109375 0.3059318171875 0.2367876828125 0.327251696875
0 0.1901224171875 0.28708923125 0.189382725 0.298910515625 0.20584514999999998 0.31034060625 0.2369060609375 0.3065452265625 0.24887848125 0.29109754374999997 0.25256611093750003 0.2766350375 0.23653852656250002 0.2639570015625 0.20455145312499998 0.2694405296875 0.1901224171875 0.28708923125
0 0.17244058906249998 0.31795249062500003 0.161507296875 0.333327509375 0.1626087140625 0.34907852031250003 0.1740449421875 0.36329515625000003 0.1753664875 0.367261215625 0.2008251515625 0.3654809734375 0.223341290625 0.344019990625 0.2246287890625 0.332566246875 0.20779922499999998 0.3158858203125 0.1797427359375 0.31784772031249997 0.17244058906249998 0.31795249062500003
0 0.10783391093750001 0.327340390625 0.084611734375 0.3387045703125 0.0854477625 0.35812676250000003 0.09844268125 0.3722344046875 0.13175130156249998 0.3707169328125 0.149354209375 0.3536579890625 0.1479873984375 0.34157815625 0.13386862500000002 0.32633156093750004 0.10783391093750001 0.327340390625
0 0.09573651875 0.2738028375 0.0671322234375 0.2753971953125 0.043012125 0.2888533984375 0.043667484374999996 0.3131583875 0.056464715624999995 0.324438925 0.0823299796875 0.32100686093749997 0.1023670671875 0.3163589578125 0.1051567765625 0.3039884734375 0.1101771671875 0.286185996875 0.09573651875 0.2738028375
0 0.1775851640625 0.294459471875 0.17613363124999998 0.28116802500000004 0.1675776421875 0.27080845 0.133692975 0.271554509375 0.121511646875 0.29148111718749997 0.1259676015625 0.30293908593749996 0.1319257671875 0.31348031718749997 0.159632140625 0.31397798125 0.1775851640625 0.294459471875
0 0.892821346875 0.1519121875 0.87650013125 0.1425014578125 0.846506590625 0.14662804375 0.834573628125 0.1551735703125 0.8348618484375001 0.174228221875 0.8355678859375001 0.18432502343749999 0.863754365625 0.19168851250000002 0.890574034375 0.1869721703125 0.8948377125 0.173281075 0.892821346875 0.1519121875
0 0.75991455625 0.17013456875 0.7594007984375 0.185186828125 0.770780540625 0.19859572187500002 0.8121762609375001 0.19326597031249998 0.8208053625 0.17480529843749998 0.818806025 0.1611463125 0.795041453125 0.149820990625 0.7676457359375 0.1537659203125 0.75991455625 0.17013456875
0 0.6801275375 0.17896059375 0.6847134828125 0.19974395312499998 0.69930655625 0.20684044531249998 0.7318414375 0.20172445625000002 0.7449377125 0.1874157265625 0.7454232296875001 0.17195959375 0.7213762453125 0.1565955515625 0.6980523203125 0.15903821406250002 0.6801275375 0.17896059375
0 0.65064155625 0.1156811015625 0.634077778125 0.13266738281249998 0.6344337 0.14522375 0.647569828125 0.161350753125 0.6813697703125 0.15939307656249999 0.7005596125 0.142629009375 0.7015929359374999 0.1275404171875 0.6840349 0.11537524531250001 0.65064155625 0.1156811015625
0 0.60496011875 0.18665189375 0.6062592265625 0.205230009375 0.6233541812500001 0.21823925625 0.6566063171875001 0.21591404062500003 0.6647723375 0.198297446875 0.6647382890625 0.18287764374999999 0.6492020296875001 0.16975940312499999 0.620513009375 0.170142146875 0.60496011875 0.18665189375
0 0.59030396875 0.08905595 0.5956183859374999 0.105324053125 0.6083591328125 0.1157968484375 0.6367939796875 0.11177925468750001 0.6520644546875001 0.0912307859375 0.6511042453125 0.07749913593749999 0.6368330453125 0.0675392078125 0.6049024546874999 0.07383048125 0.59030396875 0.08905595
0 0.7203649640625 0.1197341984375 0.7206249421875001 0.13838497656249998 0.7355569140625 0.1503279328125 0.7661829859375 0.147780503125 0.7737334984375 0.1362946515625 0.7718301015625 0.11654125156249999 0.7626133390625001 0.1041986484375 0.732969915625 0.105865671875 0.7203649640625 0.1197341984375
0 0.7950975437500001 0.1132908453125 0.7966508250000001 0.1355038109375 0.806709025 0.1449466453125 0.8358046421875001 0.1429120828125 0.853322825 0.1246415203125 0.8534017453124999 0.11083720625 0.8278807890625 0.096793775 0.8045003828124999 0.09842869374999999 0.7950975437500001 0.1132908453125
0 0.8112883765625 0.076038296875 0.809656175 0.067629646875 0.794413546875 0.0512440953125 0.7611614125 0.0535693125 0.74517368125 0.07132700625 0.7460491671875 0.0838470421875 0.76732888125 0.0969695078125 0.7995701265624999 0.095120828125 0.8112883765625 0.076038296875
0 0.8204370421875 0.05754129375 0.8232101203125 0.0747988 0.8344768984375 0.086592203125 0.8507698749999999 0.09559906093750001 0.8626351359375001 0.0935518203125 0.8791989140625001 0.0765655390625 0.8805823546875 0.0590173828125 0.863668065625 0.0411253390625 0.8371702703125001 0.0429782453125 0.8204370421875 0.05754129375
0 0.6677867953125001 0.077144271875 0.6712206453125 0.09638480625 0.6824591828125001 0.1077743390625 0.717761334375 0.104899925 0.7341556640625 0.08549040937499999 0.7329130390625 0.0677200375 0.7066353703125 0.057787990624999994 0.684141665625 0.0646369140625 0.6677867953125001 0.077144271875
0 0.5307471031250001 0.1930589140625 0.532074453125 0.21204090312499999 0.5501238125000001 0.2237658703125 0.5833477078125 0.22103678124999998 0.5939703421875 0.2012191703125 0.5931343171875 0.181796978125 0.5727695484375 0.1742923890625 0.54110435 0.1769124828125 0.5307471031250001 0.1930589140625
0 0.6253357109375 0.14951256562499998 0.6269168390625001 0.13479151250000002 0.6082067078125 0.121083515625 0.5681155078125 0.122669425 0.5605649953125 0.134155275 0.5605313421875 0.15607336249999998 0.577767503125 0.17110197031250002 0.605304428125 0.1691764 0.6253357109375 0.14951256562499998
0 0.567985125 0.076006146875 0.5368959734375001 0.079397653125 0.52183440625 0.0954671953125 0.521699003125 0.108463765625 0.53267215 0.1235244796875 0.5611069953125 0.1195068859375 0.5785292375 0.1073307375 0.5781903390625 0.102484271875 0.580082125 0.0922058125 0.567985125 0.076006146875
0 0.4825796265625 0.15381318593749999 0.486770190625 0.16894233593750002 0.498991375 0.1794514625 0.5330849484375 0.174226478125 0.5490444375 0.1560649109375 0.5487844578125001 0.13741413125 0.5281372765625 0.125870821875 0.49647207499999996 0.12849091562499998 0.4825796265625 0.15381318593749999
0 0.45812102499999996 0.1997608125 0.4591942015625 0.2151079515625 0.473200009375 0.228739059375 0.5017760625000001 0.2267408265625 0.518972371875 0.2113337015625 0.5182663359374999 0.2012368984375 0.49569331875 0.184552246875 0.4676085890625 0.186110275 0.45812102499999996 0.1997608125
0 0.378938296875 0.209762125 0.3799267484375 0.22389764687499997 0.3924303453125 0.23844549375000001 0.42989548125 0.23663737031249998 0.44279406562499996 0.21950153593750002 0.43999274687499995 0.20184015937500002 0.42246295 0.19007886093749998 0.3938304140625 0.19126934843750001 0.378938296875 0.209762125
0 0.3384342984375 0.160646034375 0.3425683796875 0.174967440625 0.3482893953125 0.18958372343750002 0.384969575 0.1914831125 0.3952703375 0.174528934375 0.3942254015625 0.15958566875 0.377452321875 0.14371298593749998 0.351474090625 0.1455295609375 0.3384342984375 0.160646034375
0 0.41252312812499997 0.15992955312499998 0.41421181249999994 0.1691459484375 0.42553507343749997 0.1817470984375 0.4588436921875 0.1802296265625 0.4714768859375 0.16676497343750002 0.4705449171875 0.15343719375 0.451665334375 0.137305965625 0.42560238124999994 0.1379109234375 0.41252312812499997 0.15992955312499998
0 0.36703239375 0.1066978546875 0.3701726109375 0.12920569531249998 0.38447205156250003 0.1395694953125 0.41446559218749995 0.13544290781249999 0.43034035781249996 0.11606972499999998 0.42932366406250005 0.1015303296875 0.415572028125 0.091534071875 0.385239590625 0.09081419375000001 0.36703239375 0.1066978546875
0 0.4339715046875 0.100799475 0.44035329218749997 0.11739878749999999 0.4554547125 0.1317649765625 0.49015257500000003 0.127715278125 0.5006227875 0.113184334375 0.5024693078125 0.0947921015625 0.483759175 0.0810841046875 0.45244409062499996 0.081244634375 0.4339715046875 0.100799475
0 0.29416916406250004 0.1174748046875 0.2971116921875 0.137155540625 0.30752000625 0.1441388125 0.3422743515625 0.14089685937500002 0.3567881140625 0.12445977500000001 0.35265403281249996 0.11013836875 0.3387329484375 0.0977188765625 0.305622021875 0.10206345312500001 0.29416916406250004 0.1174748046875
0 0.365282996875 0.2310093421875 0.364492234375 0.21970092343749997 0.3496279625 0.20125968125 0.3225541203125 0.2023411765625 0.3052843046875 0.20923065625 0.302342171875 0.2268878078125 0.3068828515625 0.2395573953125 0.3198325078125 0.2455512640625 0.34529117343750004 0.2437710203125 0.365282996875 0.2310093421875
0 0.2266776234375 0.2200033796875 0.22065756250000002 0.2309763640625 0.22144832499999997 0.24228478281250002 0.2349063265625 0.25554835 0.275838965625 0.2510626734375 0.286309175 0.23653172968749997 0.2858402890625 0.22235987499999998 0.2733931734375 0.2086197734375 0.24355205781249997 0.2074596921875 0.2266776234375 0.2200033796875
0 0.1655496671875 0.2194077015625 0.15037513281249998 0.23386175625 0.1507592953125 0.24682199531250001 0.16418905625 0.2596816890625 0.199491209375 0.256807275 0.209232946875 0.24679158750000002 0.21067286875 0.230051175 0.2024669953125 0.2172320375 0.176234590625 0.21541376250000002 0.1655496671875 0.2194077015625
0 0.07637102500000001 0.2357898515625 0.076122659375 0.24717093281250002 0.0826174125 0.2653857328125 0.11806077343750002 0.26453068125 0.1321961765625 0.2501492875 0.13697941875 0.2364218625 0.12338020937500001 0.2211389359375 0.0827129609375 0.2219534328125 0.07637102500000001 0.2357898515625
0 0.0891566453125 0.2170385296875 0.10063774375000001 0.20203105156249998 0.0916863734375 0.1860172671875 0.07770880625 0.1727900328125 0.040904443750000005 0.176581184375 0.029818725 0.197242871875 0.0362852390625 0.2150538015625 0.049054228125 0.22593046718749998 0.06827811875 0.22458620156250003 0.0891566453125 0.2170385296875
0 0.11223761406249999 0.20365499062499998 0.126565296875 0.2144226625 0.1579480828125 0.207763846875 0.166102884375 0.19745328281250002 0.1660688375 0.1820334796875 0.155728221875 0.1685519234375 0.1286091140625 0.16151964375 0.1062454 0.17769395625 0.11223761406249999 0.20365499062499998
0 0.1815540265625 0.17202201718750001 0.1850443609375 0.192070296875 0.1913131828125 0.20705412031249998 0.22926964062500002 0.20480579375 0.2449354984375 0.189911534375 0.245251565625 0.1720321671875 0.22821309531249998 0.15983066562499998 0.197908896875 0.159514659375 0.1815540265625 0.17202201718750001
0 0.25812771562500003 0.1695083921875 0.25870956875 0.185295734375 0.267785121875 0.195618978125 0.2715350421875 0.19698014531250002 0.3065435609375 0.1973730390625 0.32359866249999997 0.1799465546875 0.322864384375 0.1694458796875 0.30401304375 0.15371852187499999 0.2718000390625 0.15597107500000001 0.25812771562500003 0.1695083921875
0 0.27531821875 0.13908533750000002 0.276475725 0.118306203125 0.2688741421875 0.1066623484375 0.22716776562500002 0.107549509375 0.21947604375 0.11701600000000001 0.22066218750000002 0.13397862656249998 0.228026621875 0.14969753125000002 0.2561113515625 0.148139503125 0.27531821875 0.13908533750000002
0 0.205724803125 0.14435762968750002 0.20484931718750002 0.13183759374999998 0.1845634671875 0.11052869218750001 0.151830896875 0.1128175765625 0.1399432 0.129476875 0.1417901140625 0.14842253125 0.158687378125 0.1586046734375 0.1760589421875 0.1606367109375 0.205724803125 0.14435762968750002
0 0.11596972187500001 0.1226304796875 0.07879821875000001 0.12117129374999999 0.065041171875 0.13349699375 0.0648380703125 0.1529918484375 0.08645668125 0.1709607796875 0.10415011874999999 0.17012938125 0.1261637171875 0.1564146328125 0.127575396875 0.1392703484375 0.11596972187500001 0.1226304796875