0 0 0.8637855265625 0.008742125 0.8732610265625 0.037836609375000003 0.872820153125 0.0551760046875 0.8602144234375 0.063454609375 0.8412456171875 0.054106973437500004 0.8269967125000001 0.0466274109375 0.818582265625 0.026819825000000002 0.8126176562499999 0.00862261875 0.8168015515624999 0 0.8248714265625001 0 0.8637855265625
0 0.074473003125 0.78756313125 0.0923087921875 0.8038090375 0.1156234078125 0.80757004375 0.1270831640625 0.806500821875 0.1383061703125 0.7901406171875001 0.140187925 0.765985921875 0.1276352234375 0.7546482218749999 0.09688524062500001 0.7474943859375001 0.0740819828125 0.7654067609374999 0.074473003125 0.78756313125
0 0.0454101046875 0.6977243984375 0.062704084375 0.7066532640625 0.0784929125 0.7121288296875 0.09274666718749999 0.709526728125 0.10510431718749999 0.681315025 0.098933503125 0.663360553125 0.072292640625 0.6515882703125 0.052861184375 0.6559774140625 0.036063528125 0.6759001484375 0.0454101046875 0.6977243984375
0 0.175002996875 0.6951517234375 0.159996434375 0.71500805 0.1677174296875 0.7338620046875 0.17753087812499999 0.741951734375 0.19454709375 0.749404534375 0.2122243796875 0.7475238265625 0.22890161875 0.7280840640624999 0.2259518140625 0.711445690625 0.21615355625000002 0.696177778125 0.196466309375 0.68973019375 0.175002996875 0.6951517234375
0 0.2876176703125 0.7244400078125001 0.27860936718749996 0.731853221875 0.2752386953125 0.74377680625 0.27654408125 0.7592810875 0.290309271875 0.7678877187500001 0.31040061093750004 0.7718621265625 0.3220848390625 0.7714087796875 0.33362974218749997 0.760060196875 0.3379823546875 0.739412146875 0.328447959375 0.72979051875 0.3231038578125 0.7256983031249999 0.301464046875 0.71995791875 0.2876176703125 0.7244400078125001
0 0.356482315625 0.8885682671874999 0.38014635625 0.898953015625 0.3978794359375 0.8916453171875001 0.4083959390625 0.8797785046875 0.4107848703125 0.8638154578125 0.4041242484375 0.8497250546874999 0.3773537078125 0.8399563609375 0.3613413203125 0.84355341875 0.353648825 0.8488798750000001 0.34540955156250003 0.872353571875 0.356482315625 0.8885682671874999
0 0.4661597421875 0.87624205625 0.45754606249999996 0.8868584234375 0.45773808281250006 0.910019490625 0.47173600000000004 0.922478821875 0.48923803125000004 0.9264778609375 0.5077282640624999 0.92489823125 0.5198338984374999 0.908253075 0.519267446875 0.8849986515625 0.5087411453125 0.8761646640625 0.48715193437500004 0.871816771875 0.4661597421875 0.87624205625
0 0.40411644999999996 0.7517615453125 0.39612025625 0.761496959375 0.3901381359375 0.7807038140625 0.4014234109375 0.797661415625 0.41591739531250005 0.803345009375 0.4306847453125 0.8063369921874999 0.44713235312500005 0.7993986984375 0.455250315625 0.7700302171875 0.4462523796875 0.7598524 0.4396026296875 0.75301985 0.41472387812499995 0.747506825 0.40411644999999996 0.7517615453125
0 0.5260505125 0.7780234546875 0.5108275265625 0.7880268390625 0.504875784375 0.805516403125 0.5103513078125 0.8234403015625 0.52010836875 0.8289777656249999 0.5325323859375 0.8335875625 0.5574872625 0.83381271875 0.5669308281250001 0.8230583140625001 0.5685101953125 0.797579146875 0.5622147171874999 0.78773014375 0.5459292203125 0.7812549046874999 0.5260505125 0.7780234546875
0 0.65873361875 0.8090352265625 0.645707203125 0.8054424062500001 0.6308891265625001 0.813821890625 0.6240264453125001 0.8317742734375001 0.633024178125 0.8547160281249999 0.64340978125 0.8608440671875 0.6703422531250001 0.8629855546874999 0.682285734375 0.859753890625 0.691891440625 0.8355859562499999 0.6872053703125001 0.8240684109374999 0.67518106875 0.8148609062500001 0.65873361875 0.8090352265625
0 0.5926283609375 0.897080096875 0.5797029453125 0.909036196875 0.5760083828125 0.922258946875 0.57628149375 0.9323312234375001 0.589307703125 0.9486879828125 0.6081640984375001 0.9544243609375 0.61991525 0.9535595328124999 0.6300975906249999 0.947818959375 0.642436009375 0.9350264953125 0.6391872921874999 0.9145530453124999 0.6236913453125 0.901720190625 0.6067884343750001 0.8961259359374999 0.5926283609375 0.897080096875
0 0.7372749749999999 0.94073391875 0.715210071875 0.9335076515624999 0.6970013078124999 0.9379370015624999 0.687770265625 0.949434346875 0.6867273578125 0.9743573421875 0.7004148234375001 0.9857318015625 0.7239136953124999 0.9943230875 0.73636324375 0.9922525234374999 0.7476995140625 0.98507474375 0.75398516875 0.9742229140625 0.7492890515624999 0.9547684984375 0.7372749749999999 0.94073391875
0 0.771203928125 0.8429417750000001 0.7539263203125001 0.8500180734375 0.74408784375 0.8703332625 0.747670671875 0.88468049375 0.7561321359375001 0.89541449375 0.7783589703125 0.9019912171875 0.7943713578125 0.898394125 0.8012034578125 0.8949229624999999 0.806952659375 0.8846273468750001 0.8059509281249999 0.8647141234375001 0.79412919375 0.8483127015624999 0.771203928125 0.8429417750000001
0 0.0834237828125 0.5145420625 0.082340490625 0.5332454640625001 0.09033631875 0.5490379671875 0.10839310937499999 0.553195046875 0.12086286718749999 0.5542342765625 0.1355783671875 0.5486045093749999 0.14429449218749998 0.5352384140625001 0.14299931562499998 0.5149070515624999 0.1319163875 0.5035194609375 0.11849527343749999 0.496723475 0.0932216421875 0.5007712265625 0.0834237828125 0.5145420625
0 0.1623201859375 0.5921685562500001 0.1474921265625 0.592611184375 0.1312570234375 0.6002923921875001 0.123159378125 0.620006728125 0.1299507609375 0.6358438750000001 0.1404466265625 0.646395165625 0.1516347609375 0.649302628125 0.1650318515625 0.6514900234375001 0.1776536 0.6439428546875 0.1859736515625 0.63290829375 0.186125803125 0.6115579296875 0.1782311765625 0.5985504234375 0.1623201859375 0.5921685562500001
0 0.18327430312499998 0.42835638125 0.167636471875 0.432046825 0.16160390625 0.43709722968750003 0.155925478125 0.451895165625 0.1576864078125 0.46716802812499997 0.167089178125 0.4757219109375 0.18067224843750002 0.4818683328125 0.1993725234375 0.48296034375 0.20679604375 0.48079231875 0.215915653125 0.47133702343749995 0.22045038906249997 0.45314919062500003 0.213466778125 0.43967891249999996 0.203021459375 0.4305201140625 0.18327430312499998 0.42835638125
0 0.22016594218750002 0.52448761875 0.210762965625 0.528697675 0.202432703125 0.5445593015625 0.2046186875 0.5613180328125 0.21596471093749997 0.5748410734375 0.22408302500000002 0.5776611875000001 0.243383990625 0.5813324984375 0.2582122578125 0.5681259296875 0.2625648171875 0.547477875 0.2556115859375 0.5322902953125 0.23735240625 0.5225631765625 0.22016594218750002 0.52448761875
0 0.24845416406249998 0.62640816875 0.23959765625 0.6379988953125 0.23820061718750002 0.6531743484375 0.24938473593750002 0.667346978125 0.25889887031250003 0.673858775 0.2676927359375 0.675520803125 0.28654085625 0.6762660796875 0.303585740625 0.6653370328125 0.30246262968750004 0.6395290078125 0.2898109546875 0.62326563125 0.2662377953125 0.6204929375 0.24845416406249998 0.62640816875
0 0.38822253125 0.6481473984375 0.3695886953125 0.6510908328125 0.3559446609375 0.6611429375 0.3518654109375 0.6790993515625 0.35844417968750003 0.6941935906250001 0.375860378125 0.7028783578125 0.3972804671875 0.7059463703125 0.41004390468749996 0.69463980625 0.4156413578125 0.680166653125 0.41570234531250005 0.66396814375 0.40301005312499993 0.6542491312500001 0.38822253125 0.6481473984375
0 0.492777809375 0.6787005734375 0.4753078484375 0.6881437265625 0.4687994515625 0.7030797015625 0.46940649843750004 0.7197897515625 0.48351562656249997 0.7304964921875 0.5090119375 0.7348390796875 0.5274434375 0.726325609375 0.532595615625 0.7072567953125 0.5272212875 0.692117921875 0.5127880874999999 0.6829997546875 0.492777809375 0.6787005734375
0 0.43260643906249996 0.59297875625 0.4303084828125 0.61655390625 0.444569540625 0.6311487296875 0.4656706625 0.635177421875 0.47619939375 0.633515359375 0.490298884375 0.6232318546875 0.49204018125 0.5971031046874999 0.47518804687499994 0.580137403125 0.44572419218750003 0.5786557765625 0.43260643906249996 0.59297875625
0 0.568427465625 0.608214225 0.5583766453125001 0.615022525 0.54661510625 0.63347835625 0.5552687093750001 0.6546094390625 0.56207810625 0.6576611703124999 0.583781028125 0.6630982546874999 0.6011800046875 0.66191674375 0.61077555 0.6425759 0.607820359375 0.6225206187500001 0.59058353125 0.6102886265625 0.568427465625 0.608214225
0 0.3545393859375 0.5535060390625001 0.344347003125 0.5513097671875 0.3289824828125 0.5523085828125 0.31903283125000004 0.5619018921875 0.31388065 0.5809707171875 0.32297973125 0.5939335328124999 0.33497363281250003 0.6048583015625 0.343806471875 0.6071232625 0.36489297187499997 0.6061085484375 0.37459967656250004 0.5974895421875 0.37689744531249997 0.58667835 0.3783754109375 0.5711781140625 0.3674038421875 0.5577484234375001 0.3545393859375 0.5535060390625001
0 0.290562434375 0.457521121875 0.2785579640625 0.47695129999999997 0.281685346875 0.4915299484375 0.29115888437500004 0.504586134375 0.3134971125 0.509120753125 0.3341958328125 0.5042773109375001 0.3508055984375 0.48392553281249995 0.3409677109375 0.4659488984375 0.31781991249999997 0.45189815624999996 0.3047630953125 0.450022621875 0.290562434375 0.457521121875
0 0.44420735312500004 0.4858248953125 0.42401495312500004 0.4790654984375 0.4086401921875 0.48489137812500005 0.394317959375 0.49925903906249997 0.39774882968749997 0.52219269375 0.40458074999999993 0.5314854828125 0.41627110468749995 0.53405525625 0.434833984375 0.5393734328125 0.44610944999999996 0.5356302359375 0.45641339218750004 0.5230205015625 0.45885292343749995 0.5084499640625 0.45355958281250003 0.492986284375 0.44420735312500004 0.4858248953125
0 0.5159788984375 0.5154486203124999 0.5114037953125 0.52741689375 0.5104824359375 0.545470728125 0.5248446921875 0.5628505500000001 0.54544198125 0.56798603125 0.569227796875 0.5587376953125001 0.5731857140625001 0.5348864765625 0.5665259078125 0.5201170359375 0.5505137734375001 0.5109501671875 0.5371330484375 0.5103737625 0.5159788984375 0.5154486203124999
0 0.5846067859375 0.7244076671874999 0.5850113125 0.7483116609375 0.5980477078125 0.7598413359375 0.6125416953125 0.765524921875 0.6303151671875 0.764436778125 0.6374410828125 0.759166103125 0.6496174296875 0.7364769828125 0.6450730671875 0.721200084375 0.63224920625 0.7104133171875 0.611358390625 0.70485966875 0.5962265859375 0.70971120625 0.5846067859375 0.7244076671874999
0 0.7191523984375 0.74794945 0.7115812890625001 0.75917071875 0.708615321875 0.7822343546875 0.7167832359374999 0.79255020625 0.7272893453125 0.798274403125 0.7426943031250001 0.8034951765624999 0.765113690625 0.7949410718750001 0.7762072140625 0.775973715625 0.769213540625 0.7545665671874999 0.74400089375 0.7424158234375 0.7191523984375 0.74794945
0 0.6688898546875001 0.671942625 0.6697600296874999 0.6907881015624999 0.6814604 0.701294725 0.7029078734375 0.709401975 0.71439446875 0.705346215625 0.7304590390625 0.6914332046875 0.7334451984375 0.6714793703125 0.7293461375 0.6607981374999999 0.70461935625 0.646698678125 0.6775542390625 0.6499547953125 0.6688898546875001 0.671942625
0 0.7840528124999999 0.6854771625 0.7801253078125 0.70761109375 0.789629275 0.7189499890625 0.8051434796875 0.727195821875 0.830661925 0.729870521875 0.844913375 0.7110005953125 0.84556159375 0.682874453125 0.8162800906250001 0.6710891 0.7926461984375 0.671750990625 0.7840528124999999 0.6854771625
0 0.6498226734375 0.5505878531249999 0.6400653546874999 0.5578143078125 0.6371805968750001 0.5677892156250001 0.6348928046875 0.5865372765625 0.644882665625 0.5959274812500001 0.6574307593750001 0.60182708125 0.6840732296875001 0.6046638843750001 0.6999744171875 0.5903449265625 0.7008755343749999 0.569181309375 0.6926570171875001 0.5574729546875 0.6756833171875 0.54737639375 0.6498226734375 0.5505878531249999
0 0.7801172484375 0.57203480625 0.7601371390625 0.5787822921875 0.750551809375 0.5932960453125 0.746958425 0.6093037781249999 0.7584360515624999 0.6238945499999999 0.7693470453125 0.6279948515625 0.7889321875 0.630808159375 0.8040438484375001 0.622846834375 0.8148640109375 0.6065711031250001 0.8121921609375 0.5917610671875 0.801190215625 0.58004866875 0.7801172484375 0.57203480625
0 0.8568164703125 0.5031600046875 0.8417960250000001 0.505969478125 0.8305711406249999 0.51110518125 0.8209655937499999 0.5225091515625 0.8246697859375001 0.5427511796875 0.8329490984374999 0.5510249515625001 0.8390714625 0.5570220406249999 0.8631415296875 0.56234749375 0.87435624375 0.5620388578125 0.8900247015625 0.5438671765625 0.8883549515625001 0.5234424468750001 0.8758348125 0.5082467937499999 0.8568164703125 0.5031600046875
0 0.796574271875 0.4129358859375 0.7883857734374999 0.4250381390625 0.787646584375 0.44555220625 0.79942793125 0.4557340484375 0.81375995625 0.46206723125 0.8236282484374999 0.4646317875 0.844114571875 0.45997622656250003 0.8550359421874999 0.44648551718749996 0.8499147484374999 0.42554520625 0.8369593312499999 0.41369075000000005 0.8118174765624999 0.40604229375 0.796574271875 0.4129358859375
0 0.8801389500000001 0.3458028546875 0.8703512625000001 0.354746609375 0.8695514796875001 0.365931303125 0.876008715625 0.3878946578125 0.891433840625 0.3962252234375 0.9007962515625 0.398559534375 0.9173956671875001 0.395798771875 0.93111064375 0.37748502500000003 0.9292181656249999 0.36114444218749997 0.9211110078125 0.3473940140625 0.8972344124999999 0.3362663203125 0.8801389500000001 0.3458028546875
0 0.7510286421875 0.3212014390625 0.7522529234374999 0.34979445781249996 0.7691152734375 0.36193306875000003 0.790653884375 0.36488845 0.8063772109375 0.3597524890625 0.819035015625 0.3467816515625 0.8173956875 0.3246396359375 0.80163664375 0.30967134375 0.7815252171875 0.30258716875 0.762324534375 0.30780409999999997 0.7510286421875 0.3212014390625
0 0.673172421875 0.3973471515625 0.675854303125 0.42009407187500003 0.6960870921875 0.4330730390625 0.7225245828125 0.435524975 0.7385979390624999 0.41572939375000006 0.740480790625 0.3986052390625 0.7342461171875 0.3853216859375 0.721786575 0.3794553890625 0.6998430203125 0.3781239265625 0.685672765625 0.3839051359375 0.673172421875 0.3973471515625
0 0.572524265625 0.35431416250000003 0.5590624078124999 0.3668264875 0.557341459375 0.3833010640625 0.5648008234375 0.39964975156250004 0.5788899171875 0.40695727656249997 0.5959194703125 0.40708094843750003 0.6158538671875 0.40547925312500005 0.6232024421875 0.385578178125 0.6189618 0.365892340625 0.610307984375 0.35752520625 0.5877066625 0.3508551234375 0.572524265625 0.35431416250000003
0 0.6014804734375 0.45674623125 0.595802040625 0.471544178125 0.5958422765625 0.490527696875 0.6093645375000001 0.5001086625 0.6353971375 0.5041845296874999 0.6446887640625001 0.502016528125 0.6554177890624999 0.49089266875000004 0.6588290265625 0.472424715625 0.654578196875 0.45756596250000003 0.6251347359375 0.44643018593750006 0.614001034375 0.44641401406250003 0.6014804734375 0.45674623125
0 0.7194368609375 0.4782217078125 0.7042744875 0.497554446875 0.714577840625 0.523236528125 0.7418215328125 0.5343282375 0.7635052984375 0.5344006125 0.7751048843749999 0.5165943328125 0.7726153609375 0.49148059687499995 0.762767290625 0.478331025 0.738394621875 0.47397910468750004 0.7194368609375 0.4782217078125
0 0.4688479984375 0.42712695468749995 0.467764703125 0.4458303703125 0.48004186875 0.46200037031249996 0.5078558281250001 0.4716949421875 0.5224207843750001 0.4691168859375 0.5263094781250001 0.461955084375 0.534496221875 0.441425065625 0.524152253125 0.422287328125 0.51033645625 0.41228821875 0.49205696093749995 0.41221524374999996 0.4775627703125 0.4192955859375 0.4688479984375 0.42712695468749995
0 0.3841311125 0.3808216921875 0.370345609375 0.3818691953125 0.3577642921875 0.39563597968750003 0.353361128125 0.41489154375000004 0.35601280625 0.42659181406249996 0.37049658124999996 0.437102475 0.38646837500000003 0.44004978906250003 0.4004665 0.43974519375 0.41341205781249996 0.430898846875 0.4175925546875 0.41572744687499996 0.419687965625 0.3993462109375 0.4066313484375 0.3847067609375 0.39738032031250003 0.38033036875000004 0.3841311125 0.3808216921875
0 0.43525595624999996 0.3273337515625 0.43201670156249994 0.3530890296875 0.44681422499999995 0.367127659375 0.472873090625 0.3694120578125 0.4935253234375 0.363250284375 0.4972402890625 0.34037336875 0.485742465625 0.322672825 0.46279701093750003 0.314192096875 0.4509041015625 0.3188162546875 0.43525595624999996 0.3273337515625
0 0.53070336875 0.2604036421875 0.51927595 0.2727332796875 0.5176056015625 0.2906003515625 0.5280102765625 0.30630349687499997 0.54060145 0.313237525 0.5529353921875 0.31209565 0.5735067203125 0.3072978484375 0.5825152296875 0.2871207 0.5805619671875 0.2742146890625 0.56768753125 0.26203543125 0.54998503125 0.254861915625 0.53070336875 0.2604036421875
0 0.6441657984375 0.28075863125 0.6331328515625 0.3090553546875 0.6409667265625 0.325497421875 0.663061465625 0.3387765 0.6801774609375 0.337343584375 0.69366971875 0.32311398593749996 0.7020809875 0.306927584375 0.69061354375 0.2875097328125 0.6695405765625 0.2794958703125 0.6441657984375 0.28075863125
0 0.23714718281249997 0.36590773906249996 0.23017311718750003 0.3859021921875 0.2378449796875 0.4029938140625 0.25460613125 0.41234742031250005 0.2684950265625 0.41747968437500005 0.285304846875 0.41206709375 0.30045707187500004 0.3975614015625 0.2994857265625 0.37593091875 0.28506268437500004 0.3619856578125 0.26470835 0.35587585312500003 0.23714718281249997 0.36590773906249996
0 0.13475782812499998 0.3362395265625 0.123441615625 0.359291040625 0.12742930937500002 0.37201438124999997 0.1428746109375 0.38345470000000004 0.1667614703125 0.3897553234375 0.18224755312500002 0.3818873828125 0.192926003125 0.3693710328125 0.1900315546875 0.345881134375 0.183513328125 0.3401163 0.1607298828125 0.330986009375 0.13475782812499998 0.3362395265625
0 0.20610588281250003 0.2622658578125 0.193484025 0.2825770125 0.20384815781249999 0.30482454375 0.22090284375000002 0.3145963 0.24262441250000003 0.3166646046875 0.2580187234375 0.30453189375 0.26514459218750003 0.2887149359375 0.2606204296875 0.2765478015625 0.24483100625 0.26329679375000004 0.2254381375 0.25811665 0.20610588281250003 0.2622658578125
0 0.3114505546875 0.29922538125 0.30896026718749997 0.32516738749999996 0.3240817015625 0.33790686718749996 0.340974428125 0.3483282046875 0.3610860578125 0.3426484484375 0.3757321953125 0.32698167031250003 0.374305390625 0.30558260000000004 0.3632730359375 0.2955874921875 0.3399834796875 0.2852961 0.3114505546875 0.29922538125
0 0.394782475 0.22823962031249997 0.392838834375 0.24879835312499998 0.39470093125 0.266856234375 0.42320304062499997 0.2801721171875 0.43981647500000004 0.277678615625 0.45318334687500006 0.26522381875 0.45638203125 0.246012925 0.44632143593749996 0.232120434375 0.43175665468749996 0.22193454375 0.4167159921875 0.2216342125 0.394782475 0.22823962031249997
0 0.281744765625 0.23489839687499997 0.299841940625 0.2452750703125 0.3194777390625 0.24948087187499998 0.334735665625 0.24332404375 0.34304099374999997 0.23155273906249998 0.34629030312500003 0.2137343515625 0.319863175 0.1936913921875 0.290024784375 0.1921163890625 0.27870857187500003 0.21516789531249997 0.281744765625 0.23489839687499997
0 0.19100605312500002 0.16328856875 0.177179846875 0.1708804421875 0.16933545156250002 0.1847933578125 0.1761571609375 0.198913215625 0.1857318984375 0.214754403125 0.20263483437500002 0.2203486640625 0.21972456093749998 0.2200852109375 0.2317041953125 0.20586319375 0.23362764062500002 0.18219466875 0.2310669453125 0.17810649218750002 0.2236175875 0.169694671875 0.209022453125 0.1612260828125 0.19100605312500002 0.16328856875
0 0.251927890625 0.1063811890625 0.24659359687500002 0.1229897609375 0.2515428140625 0.1366427578125 0.26500426093749996 0.14965831875 0.28670493124999996 0.15196415000000002 0.3025339875 0.1463671078125 0.31074384374999997 0.1369143859375 0.3113514328125 0.11533257968749999 0.30275843125 0.1035308703125 0.2878393890625 0.0963614078125 0.26952945625 0.0980057375 0.251927890625 0.1063811890625
0 0.37623052343749996 0.1263341734375 0.362131059375 0.136617684375 0.3557744328125 0.1557311671875 0.36792007656250003 0.17083345156250002 0.37700915 0.17585940625000002 0.3948173546875 0.1818025765625 0.409843478125 0.178181375 0.41843688593749995 0.16445521875 0.422080871875 0.1498399921875 0.414540553125 0.13381609375 0.401200440625 0.126695334375 0.37623052343749996 0.1263341734375
0 0.333356971875 0.0366458484375 0.3273444234375 0.057569974999999995 0.3314637015625 0.071361015625 0.3435081453125 0.0836782953125 0.3601448515625 0.085782925 0.3860187859375 0.0790985984375 0.3916366625 0.054971296875 0.38444044375 0.040758078125 0.36567523125 0.029869865625000002 0.3532864546875 0.028505859374999998 0.333356971875 0.0366458484375
0 0.233158603125 0 0.22099784687500001 0.0134611828125 0.2179508765625 0.0368495828125 0.23483344687500002 0.052098 0.24906428125 0.05564614531249999 0.25942421875 0.053680462500000005 0.2715342890625 0.0484845546875 0.27692919531250004 0.0412053359375 0.281980171875 0.019351518749999998 0.2767778078125 0.011499945312499999 0.2591360640625 0.000891865625 0.250875253125 0 0.233158603125 0
0 0.44403556093749996 0.0825246625 0.44265873906250003 0.100809909375 0.45539143906249996 0.11674851875 0.47566481875 0.12318313750000001 0.48379477968750007 0.122825634375 0.502770528125 0.1133826609375 0.508499734375 0.0872132921875 0.5023966109375 0.074997453125 0.48263947656250006 0.06489685625 0.45685980937500004 0.067783528125 0.44403556093749996 0.0825246625
0 0.5584191171875 0.0975897546875 0.5548051265625 0.1360155796875 0.5642889046875 0.14424468906250001 0.576434753125 0.14658303125 0.59278103125 0.1496237171875 0.608398725 0.142823471875 0.61240700625 0.13312870000000002 0.61515023125 0.11414922187500001 0.606081525 0.0994691328125 0.5838850609375 0.0911751359375 0.5584191171875 0.0975897546875
0 0.605351371875 0.191739753125 0.5965656234375001 0.2078327984375 0.5927900625 0.22138029218750002 0.6107151078124999 0.237233625 0.623630140625 0.2428684890625 0.632088971875 0.2440676953125 0.65617114375 0.2320083640625 0.6577504828125 0.2065291890625 0.6529834015625 0.19533641562499998 0.6413336171874999 0.1862222875 0.620513590625 0.185170940625 0.605351371875 0.191739753125
0 0.47711107343750003 0.1987477765625 0.48495510468749997 0.21036276250000002 0.5062102234375 0.2208368390625 0.5258683546875 0.21827196875000002 0.5408364437500001 0.1984225828125 0.538559453125 0.1740517546875 0.521616128125 0.1622379015625 0.4930126421875 0.15890096250000002 0.476757140625 0.176236321875 0.47711107343750003 0.1987477765625
0 0.8329453140625 0.261011525 0.829432875 0.276694475 0.8412546031250001 0.29309590937499996 0.8568214921875 0.29766710937499996 0.8793520796875001 0.2998348796875 0.8885021515625 0.2886623046875 0.89755104375 0.27470473125 0.8885936703124999 0.2579825609375 0.8728548484375 0.2461240546875 0.852702834375 0.24558423437500002 0.838026490625 0.25020436875 0.8329453140625 0.261011525
0 0.917815775 0.1838548796875 0.9070157812499999 0.2032404046875 0.9141815921875001 0.2191709140625 0.9293638062499999 0.22847584531249998 0.9462971281250001 0.2323528125 0.9657711234375 0.2244442359375 0.9733828203125 0.206678603125 0.9747696265625001 0.1963302109375 0.9615004609375 0.1809477890625 0.9367635453125001 0.171675440625 0.917815775 0.1838548796875
0 0.802126775 0.1532855125 0.7928755359374999 0.16167308281249998 0.78855335625 0.180603853125 0.792571434375 0.191609890625 0.81005119375 0.20286753750000003 0.827227446875 0.205770159375 0.8373536765624999 0.203211115625 0.8542825593750001 0.194577171875 0.8551027250000001 0.17373833593750002 0.8481190640625 0.1602680296875 0.8332809453125 0.152773784375 0.815629046875 0.1469927734375 0.802126775 0.1532855125
0 0.730272890625 0.2133341734375 0.714290675 0.22797788749999998 0.7128127140625 0.2434781234375 0.7209704953125 0.2586210453125 0.733743734375 0.26801530625000003 0.7473390015625 0.2681427640625 0.7625699640625 0.2672680890625 0.773066265625 0.252291509375 0.7749593296875 0.23034028125 0.7665990234375 0.222391296875 0.7491698359375001 0.21252614531249997 0.730272890625 0.2133341734375
0 0.6963974359375 0.121059690625 0.6808203125000001 0.12131554687499999 0.6729353234375 0.1417728328125 0.675971465625 0.1615033296875 0.69221636875 0.17452293125 0.70488940625 0.1763973875 0.7231681734375 0.1684411796875 0.73735888125 0.1530058203125 0.73276395 0.1363364015625 0.7220554781249999 0.12504215937500002 0.7036545640625 0.1190743984375 0.6963974359375 0.121059690625