0 0.9638792 0.1293281953125 0.9594427765625 0.10244940625000001 0.9420383078125001 0.0932223875 0.9256576624999999 0.0928211984375 0.90940638125 0.0989505109375 0.90006285 0.12371171875 0.9058643468750001 0.146578725 0.9249751156249999 0.162224584375 0.9447684078125 0.15861400625 0.957736453125 0.146578725 0.9638792 0.1293281953125
0 0.8785632343750001 0.0988388234375 0.8666190125 0.0908153125 0.8577461421875 0.0888094265625 0.8458019203125 0.0912165015625 0.8345402234374999 0.0996411734375 0.8280562265625001 0.12651995 0.8369290734374999 0.15018930625 0.8543335187500001 0.15700929375 0.8673015609375 0.1582128296875 0.8737855609375 0.15460225 0.88572978125 0.138956390625 0.88572978125 0.11448468437499999 0.8785632343750001 0.0988388234375
0 0.8362465265625 0.1666375171875 0.8222547296875 0.1634281234375 0.7993900390625 0.1718528359375 0.7901759187499999 0.199132746875 0.8024614375000001 0.22400566562500002 0.8176639031249999 0.22946282343750002 0.8331751765625001 0.2260115515625 0.8413654968750001 0.219592709375 0.8485320453125 0.1999351203125 0.8461431953125 0.1778704734375 0.8362465265625 0.1666375171875
0 0.7997313125 0.0992400125 0.7908584656250001 0.090012965625 0.7727714734375 0.0904141390625 0.758097153125 0.09522825625 0.7471766843750001 0.1156882078125 0.7540019796874999 0.14015992500000002 0.7685298546875 0.153594075 0.7833506453125 0.154201075 0.7987075156250001 0.1489857828125 0.805874084375 0.138956390625 0.8075804078125 0.112077625 0.7997313125 0.0992400125
0 0.8980152765625 0.1710504453125 0.8874361046875 0.17225398125 0.8652539625 0.18709747968749998 0.8655952375 0.20996450156250002 0.8713967109375 0.22801740937499998 0.8782219843749999 0.236843265625 0.8948197109375 0.2403012171875 0.9143959453124999 0.2328314984375 0.920879965625 0.22400566562500002 0.92429256875 0.1967256875 0.9157609953125 0.1810798390625 0.8980152765625 0.1710504453125
0 0.7932472921875 0.2340350625 0.7830093953125 0.22119740625 0.7656049265625 0.2143774296875 0.7475179578125 0.22159859375000002 0.7389863609375 0.24005268750000003 0.7383038375 0.265326728125 0.7481852890625 0.2845579875 0.7656049265625 0.2853855171875 0.7785729703125 0.28257728437499996 0.7918822421875 0.2717455421875 0.7970012125 0.252087965625 0.7932472921875 0.2340350625
0 0.7137328468749999 0.174661025 0.6935982796875 0.17385871875 0.679947734375 0.185893971875 0.676193834375 0.2095633125 0.680971534375 0.23162798750000002 0.6922332296875 0.2380468015625 0.7140217703125 0.2403012171875 0.72055811875 0.24005268750000003 0.7325023625 0.2260115515625 0.7345499375 0.201138628125 0.7321610890625 0.187498653125 0.7137328468749999 0.174661025
0 0.7113439968749999 0.0888094265625 0.696328403125 0.094024721875 0.6826778578125 0.10525765000000001 0.6772176234375 0.12491523906249999 0.6847254203124999 0.1405610984375 0.6980347265625 0.1529975390625 0.7150978953125 0.156206946875 0.724385984375 0.149078078125 0.7355737375 0.14336933125 0.7365975125 0.1325375875 0.7369387875 0.11408349531249999 0.7232882296875001 0.0928211984375 0.7113439968749999 0.0888094265625
0 0.7315949765624999 0.31110842031249997 0.7363726765624999 0.28663669999999997 0.7264760296875 0.2641708640625 0.7128254843749999 0.2581532265625 0.6929094874999999 0.260171603125 0.6790403703125001 0.269787321875 0.6732388968749999 0.285834346875 0.6807466953125 0.31030608593750003 0.6998574625 0.329963665625 0.71896823125 0.32153898125 0.7315949765624999 0.31110842031249997
0 0.706341484375 0.3456095265625 0.6943972390625001 0.3464118890625 0.6786991203125 0.3548365609375 0.6708500500000001 0.3777035828125 0.68313556875 0.3997682453125 0.6982835234375 0.410102703125 0.71760318125 0.403779996875 0.7288648765625 0.39455296562500003 0.7281823765625 0.3700812484375 0.7179444546875 0.35363303749999997 0.706341484375 0.3456095265625
0 0.7684514625000001 0.391744734375 0.75480091875 0.3905412109375 0.74661061875 0.3965588515625 0.7370552234375001 0.4101988109375 0.736031446875 0.4286528921875 0.7449042953125 0.44550227500000006 0.7620042390624999 0.45435947031249996 0.77766563125 0.44710700000000003 0.7851734296874999 0.4422928671875 0.7933637296875 0.41621643593749996 0.7844909296875 0.39776235937500004 0.7684514625000001 0.391744734375
0 0.8524023796875 0.450316365625 0.8431882578125001 0.43988580781250003 0.8233949656249999 0.42985641562500004 0.80496676875 0.4390834734375 0.7940462765625 0.46556106562500005 0.8042841734374999 0.4872245515625 0.8179347187499999 0.49765510468749996 0.8414819343750001 0.49925982968750005 0.8534261546874999 0.48923043593750004 0.8551324796875001 0.46997399375000004 0.8524023796875 0.450316365625
0 0.772887934375 0.478398665625 0.75070576875 0.47879985156249993 0.738761546875 0.49043394375 0.7356901734375 0.51891740625 0.745586796875 0.53255738125 0.76507511875 0.5424214125 0.772887934375 0.5433891515625 0.7875622546875001 0.5341621046875 0.7954113265625 0.5044750812500001 0.7865384796875 0.4872245515625 0.772887934375 0.478398665625
0 0.6800641703125 0.436676403125 0.6725563734375 0.44871166875 0.672215096875 0.471578690625 0.6862069187500001 0.4948468734375 0.70596071875 0.5053902390625 0.7206745546875 0.49805629375000005 0.73466635 0.471578690625 0.730571203125 0.4422928671875 0.706341484375 0.4290540921875 0.6800641703125 0.436676403125
0 0.6391125109375 0.4703751546875 0.6210255421875 0.4735845765625 0.607374996875 0.4952480890625 0.609763846875 0.5185162453125 0.6189779453125 0.5333597546875 0.640320703125 0.5419698140625 0.6554931796875 0.5337609171875 0.6640247765625 0.51811505625 0.6664136265625 0.49083513281249996 0.6568582296875001 0.4747880828125 0.6391125109375 0.4703751546875
0 0.9179250046874999 0.432664646875 0.9039332343750001 0.42383877343750004 0.893354015625 0.42383877343750004 0.8800447890624999 0.432664646875 0.8725369468749999 0.44710700000000003 0.8725369468749999 0.4671657890625 0.8820922953125001 0.48441631875 0.8955874312500001 0.4922938453125 0.9100759343749999 0.4924398296875 0.9223614296875 0.48642217343749994 0.9254328031249999 0.471578690625 0.928162903125 0.45553166875000006 0.9179250046874999 0.432664646875
0 0.8356805078124999 0.34601070312500004 0.8216886421874999 0.3480165734375 0.8114506968749999 0.3548365609375 0.8029191234375 0.36887770937500003 0.8039429 0.3949541265625 0.8141808453125 0.41260587031249996 0.8330182921875 0.4146187 0.8438707609374999 0.40859411406249996 0.8537674296875 0.3941517765625 0.856838803125 0.373290640625 0.8500135078125 0.358045965625 0.8356805078124999 0.34601070312500004
0 0.92270275 0.3508248046875 0.911440984375 0.3456095265625 0.8964253890625 0.34681305 0.8820922953125001 0.34962128125 0.8742432703125 0.36406360625 0.8711718968750001 0.3752965234375 0.874584496875 0.3865294546875 0.8841398921874999 0.40137293749999997 0.9001793109375 0.4057858703125 0.9158774546874999 0.40618705625 0.9254328031249999 0.39455296562500003 0.93157555 0.37088359375 0.92270275 0.3508248046875
0 0.78585593125 0.307096665625 0.7773243578125 0.301881375 0.7677689609375 0.30148020781249996 0.7524120921875 0.307096665625 0.7397853234375 0.3203354671875 0.738761546875 0.34440600625 0.7418329203125 0.3600518515625 0.7527533656250001 0.3704824328125 0.7712168734375 0.3712651265625 0.7783481343750001 0.3660694765625 0.7879035765625 0.356441284375 0.7954113265625 0.34240013281250004 0.7919986796875 0.320736634375 0.78585593125 0.307096665625
0 0.856838803125 0.2798167125 0.8483071843750001 0.267380265625 0.8425057546874999 0.2641708640625 0.8233949656249999 0.2593567546875 0.8083793703125 0.2677814421875 0.7988239734375 0.2810202484375 0.8018953468750001 0.30067785156250004 0.8100856953125 0.3175272265625 0.8278313890625 0.3255507375 0.8387518343749999 0.3251495640625 0.8506960546875 0.3211378078125 0.8575213046875 0.3050907859375 0.86025145 0.295863740625 0.856838803125 0.2798167125
0 0.928162903125 0.2725955515625 0.9189487812499999 0.2601591046875 0.9128060343750001 0.2565485265625 0.9063220578125 0.2525367703125 0.8994967624999999 0.2525367703125 0.8923302390625001 0.25454265 0.88448116875 0.2565485265625 0.875949546875 0.27219437812499997 0.8735607203125 0.2854331796875 0.875949546875 0.2982708140625 0.8886779546874999 0.3152667640625 0.9052982374999999 0.3203354671875 0.9189487812499999 0.3175272265625 0.9271391265625001 0.3099048921875 0.9305517765625 0.295863740625 0.928162903125 0.2725955515625
0 0.6524218296875001 0.3877329625 0.6374061875 0.384924746875 0.6251207156249999 0.3873317890625 0.6135177453125 0.40177411406249997 0.609763846875 0.43467051718749994 0.62068426875 0.4523222484375 0.6476140375 0.450746675 0.6623184531249999 0.4430952453125 0.6701675234375 0.42945523906250005 0.6711913234375 0.4097976375 0.6609534265625 0.396960009375 0.6524218296875001 0.3877329625
0 0.60123225 0.43988580781250003 0.5858753812499999 0.42985641562500004 0.5742724109374999 0.4290540921875 0.5647170125 0.431862296875 0.55209026875 0.44710700000000003 0.5479950953125 0.46997399375000004 0.5555028921875 0.4856198265625 0.5657408125 0.49444571249999997 0.5792870031249999 0.4972614421875 0.5913355796875 0.4940445265625 0.6015735 0.48441631875 0.60396235 0.46836926874999996 0.6056686734375 0.45553166875000006 0.60123225 0.43988580781250003
0 0.540828546875 0.3997682453125 0.529908115625 0.3877329625 0.5131861843750001 0.38532591875 0.5036308109375 0.3897388484375 0.49100404218750004 0.4033788234375 0.48725014531250005 0.42825171875 0.5019245 0.4483105078125 0.514798565625 0.450295075 0.527519265625 0.4499152046875 0.5404872968750001 0.4438975640625 0.5493601453125 0.42825171875 0.5479950953125 0.41581526249999995 0.540828546875 0.3997682453125
0 0.6029385734375 0.35363303749999997 0.5920181296875 0.34320246718749997 0.574954934375 0.3415977703125 0.556867965625 0.3508248046875 0.5476538203125 0.3676741890625 0.5490188953125 0.3905412109375 0.5589155421875 0.40538469375 0.5729073375 0.4093964484375 0.5824627546875 0.4097976375 0.5957720265625001 0.4021752875 0.609081296875 0.390140021875 0.6131764953125 0.3660694765625 0.6029385734375 0.35363303749999997
0 0.50601965 0.47117752968750004 0.4916865796875 0.479201040625 0.48315498124999995 0.5024692234375 0.4882739421875 0.5237315203125 0.5002181765625 0.535365640625 0.5145512453125 0.5377726843749999 0.5264954796875 0.5357668015625 0.5370624312500001 0.527518621875 0.5425348734375001 0.510492734375 0.5415110734375 0.4924398296875 0.5340032765625 0.4796022015625 0.5230828421875 0.46917164375000003 0.50601965 0.47117752968750004
0 0.6285333625 0.298671965625 0.6124939453125 0.31150959375 0.6083987734375 0.33598130625 0.6135177453125 0.347615396875 0.6189779453125 0.359650678125 0.62765333125 0.364942734375 0.64798538125 0.36847655156250003 0.6640247765625 0.3600518515625 0.6705087734374999 0.341998946875 0.6667548765625 0.31552135625 0.6537868546875 0.2998754953125 0.6285333625 0.298671965625
0 0.6697416609375 0.265925725 0.67486063125 0.247471659375 0.6656464625 0.22099405625 0.6530196953125 0.2137728921875 0.6417579734375 0.210964659375 0.62650175 0.21501163124999997 0.6182108046875 0.22701168124999999 0.6120680578125001 0.247471659375 0.6182108046875 0.2675304328125 0.6332264000000001 0.2851821921875 0.6595037625 0.28237393125 0.6697416609375 0.265925725
0 0.5932985421875 0.17004474687499999 0.5758941203125 0.16563181093749998 0.5639499 0.1716494421875 0.5554182796875 0.1812776625 0.5489342578125 0.2081564265625 0.5605372531249999 0.2266105203125 0.57930676875 0.2410528296875 0.5980961312499999 0.2339788203125 0.6042189875 0.22861640625000001 0.6110442375 0.2137728921875 0.613091834375 0.1957199875 0.6021713890625 0.17806825625 0.5932985421875 0.17004474687499999
0 0.59159221875 0.261111646875 0.5786241734375001 0.257501040625 0.5680450031250001 0.2583033875 0.5591721546875 0.2631175203125 0.5496167578125 0.28036805 0.551323084375 0.3048397671875 0.5588309265625 0.3160727 0.5656562234375 0.32529974687499996 0.581206303125 0.3238471609375 0.594322315625 0.316875046875 0.6049015343749999 0.3044385796875 0.6066078578125 0.2799668734375 0.5997825625 0.2663268984375 0.59159221875 0.261111646875
0 0.6704241609375 0.16121887343750002 0.6673527875 0.1355436375 0.65199591875 0.129526 0.64244056875 0.1267177640625 0.6264011046875 0.131130703125 0.61513943125 0.1407589171875 0.6072903609375 0.15760829062499998 0.613091834375 0.1772659078125 0.6215115734375 0.185206053125 0.6308375296875 0.1917082328125 0.646876946875 0.1945164640625 0.66018621875 0.18809765 0.6680353375 0.1808764890625 0.6704241609375 0.16121887343750002
0 0.5404026375 0.21818582343749998 0.5281171890625 0.211767009375 0.5165141953125 0.2105634984375 0.50627625 0.21337171875 0.49706212968749997 0.22420346093750002 0.4922844796875 0.2434598890625 0.4922844796875 0.2615127953125 0.5052524765624999 0.2759551171875 0.5253870421875 0.2759551171875 0.5346011625 0.270338653125 0.5455216109375 0.2587045640625 0.5482517109375 0.2358375546875 0.5404026375 0.21818582343749998
0 0.5158316468749999 0.30002565 0.5093476703125 0.30122921406250003 0.49979227656249997 0.30323509843749996 0.48818928125000005 0.31527035 0.4885305578125 0.344957346875 0.49808595312500004 0.3581961359375 0.5090406703125 0.36358793125 0.5287996890625 0.3666208328125 0.5448390609375 0.3469632046875 0.544497834375 0.3124621171875 0.5298235124999999 0.301630375 0.5158316468749999 0.30002565
0 0.6018301125 0.146375396875 0.6113855109374999 0.1315318828125 0.608996684375 0.0958272421875 0.5926159921874999 0.0841931453125 0.5658519125 0.0881121171875 0.5526881343750001 0.10425192812499999 0.5482517109375 0.12150248906250001 0.5554182796875 0.1411600953125 0.5677037296874999 0.1539977125 0.5871557953125001 0.15319536250000002 0.6018301125 0.146375396875
0 0.5270933656250001 0.127118946875 0.5086651234375 0.1259154171875 0.49535585312499997 0.13714834375 0.4936495296875 0.16884121093749999 0.4991097296875 0.1884988390625 0.5165141953125 0.1953188140625 0.5335773890625 0.1929117546875 0.5424502375 0.1816788359375 0.5489342578125 0.165230628125 0.5434740578125 0.133938928125 0.5270933656250001 0.127118946875
0 0.3383744890625 0.250681065625 0.318581196875 0.253489296875 0.3093670734375 0.2587045640625 0.30356560312499997 0.288792746875 0.30697822656249996 0.3096538859375 0.3267072921875 0.3197827609375 0.34895368437499996 0.317677396875 0.35919158125 0.3020315359375 0.35953285468749996 0.2739492359375 0.35134253437499996 0.260309271875 0.3383744890625 0.250681065625
0 0.42198413125 0.321288003125 0.41311128437500005 0.30845035 0.3994607390625 0.2972174453125 0.3776198234375 0.30564211406249997 0.368747 0.31847974375 0.368405703125 0.3461608546875 0.3769373 0.3581961359375 0.3902465953125 0.3606031796875 0.40628601093750005 0.3581961359375 0.419936534375 0.35097497187500004 0.42198413125 0.321288003125
0 0.44894394687499994 0.25389045781249997 0.43495215312499996 0.267931609375 0.4264205546875 0.29079863125 0.43529340312500003 0.309252725 0.4509915453125 0.31888090468749997 0.4738562375 0.3160727 0.484776634375 0.29882214218750003 0.482729084375 0.27555394375 0.4701023125 0.2615127953125 0.44894394687499994 0.25389045781249997
0 0.2916213578125 0.27314691406249997 0.29947042968750004 0.26351866562500004 0.301518003125 0.249878703125 0.29878792656250003 0.2274128546875 0.2899150546875 0.21617993750000003 0.2762644875 0.20775525312499998 0.2560771 0.21004403749999997 0.2455507609375 0.22420346093750002 0.24077306250000002 0.251483415625 0.250328446875 0.2655245515625 0.25783625468750004 0.27314691406249997 0.27831208749999997 0.2791645546875 0.2916213578125 0.27314691406249997
0 0.2827485109375 0.12872364375 0.2663678421875 0.1291248234375 0.2516935078125 0.1355436375 0.24316191250000002 0.1628235765625 0.25101097031249997 0.18569059062499998 0.2704630125 0.1917082328125 0.2871697390625 0.1888188515625 0.2950340046875 0.182882359375 0.301518003125 0.1632247515625 0.3008354796875 0.147980078125 0.2940102046875 0.1375495171875 0.2827485109375 0.12872364375
0 0.3407633390625 0.1680388609375 0.3233588953125 0.1708470921875 0.31004960000000004 0.1784694421875 0.30595445 0.20534819531249998 0.313803496875 0.2266105203125 0.3257477421875 0.235436378125 0.34167782343750003 0.2344304203125 0.349977484375 0.232226971875 0.3626042296875 0.21938934375 0.365334353125 0.2001329171875 0.35782653125 0.1816788359375 0.3407633390625 0.1680388609375
0 0.4148176078125 0.2225987640625 0.3960480890625 0.2137728921875 0.3813737234375 0.22019169375 0.3711358265625 0.2298199140625 0.368405703125 0.24947752968749998 0.3755722734375 0.26913515781249997 0.382738796875 0.2775598140625 0.3929766953125 0.2799668734375 0.4076510375 0.2767574671875 0.42232538125 0.264321028125 0.42437295781250006 0.23623872812500002 0.4148176078125 0.2225987640625
0 0.45133279687499994 0.1672365140625 0.43256330312499996 0.183684709375 0.431198253125 0.200935265625 0.43529340312500003 0.22420346093750002 0.45065027031250005 0.2358375546875 0.47249113906250007 0.2298199140625 0.4844354078125 0.21818582343749998 0.484094134375 0.1957199875 0.47590378749999995 0.1772659078125 0.45133279687499994 0.1672365140625
0 0.40901608749999996 0.12752012031249998 0.39741313906250003 0.1247118890625 0.3786436234375 0.13032836875 0.3670406765625 0.15480006562499998 0.3731834 0.17927177968750002 0.3837625703125 0.1917082328125 0.394650465625 0.1955928453125 0.4066272625 0.193312928125 0.4155001109375 0.1876964640625 0.42471423125 0.1716494421875 0.4230079078125 0.14477067187499998 0.40901608749999996 0.12752012031249998
0 0.349977484375 0.090611959375 0.3407633390625 0.0833907953125 0.319946246875 0.08780372812500001 0.3080020265625 0.09943782343749999 0.309025846875 0.1343401234375 0.324382715625 0.15319536250000002 0.3431522109375 0.14998595625 0.35646148125 0.1451718515625 0.36362802968749997 0.1198977765625 0.360215403125 0.1018448734375 0.349977484375 0.090611959375
0 0.44314247343749996 0.08780372812500001 0.4277856046875 0.10665898437500002 0.431198253125 0.13313657968749998 0.43972982656250004 0.1503871515625 0.45986441562499997 0.1535965359375 0.47726883750000004 0.1495847890625 0.4858004578125 0.13313657968749998 0.484094134375 0.1034495765625 0.4697610390625 0.085396675 0.44314247343749996 0.08780372812500001
0 0.1132335921875 0.09425745156250001 0.10401946875000001 0.0846292265625 0.096852946875 0.081018646875 0.0842261765625 0.0822221796875 0.06921058125 0.0930539171875 0.0651154078125 0.11712445468749999 0.072976003125 0.14094928125 0.08661505 0.147212634375 0.0995830453125 0.146410284375 0.11357486562500001 0.1355785484375 0.1227889875 0.11070565624999999 0.1132335921875 0.09425745156250001
0 0.098217996875 0.1668702484375 0.08627375312499999 0.16887612031250002 0.0712581796875 0.17529493437500002 0.067162984375 0.206586640625 0.0753533296875 0.22744776406249997 0.087946534375 0.23533361875 0.1057257953125 0.22825015468749998 0.1159637125 0.22102896562500002 0.11767001562499999 0.1893360828125 0.1081146421875 0.1712831796875 0.098217996875 0.1668702484375
0 0.1586216734375 0.21541249843750002 0.148042503125 0.214208978125 0.129272984375 0.221831328125 0.1231302375 0.2507159625 0.131661834375 0.26515827187499996 0.1455254953125 0.275977590625 0.1599867234375 0.274385346875 0.17090716875 0.2671641578125 0.17568486562500002 0.2414889171875 0.1726134921875 0.22584308281249998 0.1586216734375 0.21541249843750002
0 0.09548787343750001 0.2507159625 0.07740090468750001 0.2571347609375 0.06921058125 0.2687688546875 0.0640916109375 0.29444413593749996 0.0753533296875 0.312497040625 0.083884903125 0.3205205515625 0.099078465625 0.3170731640625 0.1159637125 0.3132993625 0.12210646249999998 0.29243825 0.12176518750000001 0.2787982484375 0.1132335921875 0.25873948593749996 0.09548787343750001 0.2507159625
0 0.1712484421875 0.30086292187499997 0.1446298546875 0.29444413593749996 0.12449531093749999 0.3060782015625 0.12176518750000001 0.33014873125 0.1272254109375 0.351411059375 0.1455254953125 0.3586203375 0.156232846875 0.3570275234375 0.1692008453125 0.351411059375 0.177732465625 0.3453934296875 0.177732465625 0.31851466875 0.1712484421875 0.30086292187499997
0 0.23540601875 0.09265274375 0.22448557343750003 0.08503040625 0.20844625 0.0846292265625 0.1910417375 0.09947274687499999 0.1855815375 0.11752565 0.194454384375 0.13798559375 0.20537482968749998 0.14801498125 0.225509396875 0.1484161546875 0.237453665625 0.142799703125 0.2432550921875 0.1219385671875 0.24189004218750002 0.10268213906250001 0.23540601875 0.09265274375
0 0.16442314687499998 0.1255491671875 0.1459949296875 0.1255491671875 0.1320031078125 0.1343750125 0.1265428875 0.14961970625 0.128931734375 0.16927729375 0.134050684375 0.1841207921875 0.1517964234375 0.1909407796875 0.17090716875 0.1849231546875 0.179097515625 0.1720855265625 0.183192665625 0.15884672500000002 0.18046256562500002 0.14039264375 0.16442314687499998 0.1255491671875
0 0.22448557343750003 0.170882003125 0.21083502968749998 0.16526553906250002 0.1941131109375 0.1728878765625 0.1845577125 0.2017725359375 0.1900179609375 0.22263367500000003 0.2073269125 0.23488201874999998 0.2210729265625 0.23747716093750001 0.234041015625 0.2290524765625 0.24052499218749998 0.21019722343749997 0.24018371875 0.1813125734375 0.22448557343750003 0.170882003125
0 0.2094699796875 0.251518309375 0.1876290875 0.2595418328125 0.181827615625 0.2808041328125 0.1848989890625 0.30006057343750003 0.1903591875 0.314101709375 0.2130848078125 0.31752476406249996 0.229604546875 0.3173111296875 0.244961415625 0.2984558765625 0.2432550921875 0.26756534374999996 0.22721572031249998 0.2519194828125 0.2094699796875 0.251518309375
0 0.277722753125 0.29765350156250003 0.26611975781249997 0.29765350156250003 0.2507628890625 0.3044735328125 0.24120749218749998 0.3317534546875 0.2442789125 0.3530157515625 0.266057453125 0.36358793125 0.277722753125 0.3602369171875 0.291373296875 0.354219290625 0.3012699203125 0.3373698953125 0.29580972031249997 0.30968877968749997 0.277722753125 0.29765350156250003
0 0.337589003125 0.42382769062500003 0.3218908609375 0.42743828749999996 0.3113116875 0.43626414531249996 0.3017562921875 0.457125309375 0.3068752625 0.4767828859375 0.3221009765625 0.48868105 0.3386127796875 0.491626396875 0.3529458703125 0.48440523593749996 0.36045366875 0.46234056093750003 0.355334696875 0.4386711890625 0.337589003125 0.42382769062500003
0 0.2867406734375 0.47116644531249996 0.2707012796875 0.4691605640625 0.25875705781249997 0.47196876718749997 0.2457890390625 0.4803934671875 0.24135261562500002 0.5040628359375 0.2522730375 0.5269298609375 0.267976753125 0.5315830218750001 0.2792328765625 0.5305404390625 0.289470796875 0.524121628125 0.2956135453125 0.511284028125 0.29766111875 0.491626396875 0.2867406734375 0.47116644531249996
0 0.213027703125 0.423025371875 0.1952820078125 0.4234265171875 0.18367901250000002 0.43827003124999997 0.1795838625 0.4583288203125 0.1840202875 0.4727711421875 0.1932344078125 0.48560874375 0.2195117234375 0.49082404999999996 0.236233665625 0.48079465312499997 0.23964628906250002 0.45431704999999994 0.23043216875 0.4302465203125 0.213027703125 0.423025371875
0 0.1468225265625 0.47076525937499997 0.13521958125 0.474777 0.122934084375 0.4904228609375 0.12395786093750001 0.5088769531249999 0.1321482046875 0.5269298609375 0.1501318109375 0.5311314203124999 0.173441115625 0.5201098578125001 0.175829965625 0.5080745796875 0.177195015625 0.48600993125 0.16729836874999998 0.47557935 0.1468225265625 0.47076525937499997
0 0.21063887656250002 0.3427902109375 0.20142473125000002 0.3447960953125 0.1847028125 0.3592384203125 0.18367901250000002 0.3809019078125 0.19494073437499998 0.3981524484375 0.2123170890625 0.4046835046875 0.22940839531249999 0.3989548390625 0.2399875421875 0.3829077765625 0.23793998906249997 0.36204664062499997 0.2300908953125 0.3464008078125 0.21063887656250002 0.3427902109375
0 0.292200896875 0.3909312875 0.2758202296875 0.382506615625 0.256709484375 0.39012894062500003 0.2457890390625 0.400960725 0.24305893906249998 0.423025371875 0.2529555609375 0.44188060937499996 0.27001875468750003 0.4491018015625 0.287081946875 0.44228177031250004 0.2980023953125 0.42984533125 0.2983436453125 0.40296658281250003 0.292200896875 0.3909312875
0 0.148528853125 0.3792971953125 0.1335132546875 0.3853148359375 0.1253229109375 0.3945418828125 0.1208864875 0.4158041828125 0.1260054578125 0.43586295625 0.139767596875 0.44623067812499995 0.1601318203125 0.44428765625000005 0.17514743906250002 0.4302465203125 0.17787753906249998 0.40176303124999996 0.16456826875 0.3845124890625 0.148528853125 0.3792971953125
0 0.10655341562500001 0.42643537187499997 0.10143445468750001 0.4236271234375 0.08403000000000001 0.42242361562499997 0.07003820468750001 0.42884241718749994 0.0649192453125 0.45572117968750003 0.0656017578125 0.4793905515625 0.0929028609375 0.48661171562499994 0.1045058296875 0.48340229375000004 0.1178151234375 0.4701635046875 0.11918017343750001 0.446092946875 0.10655341562500001 0.42643537187499997
0 0.3515807765625 0.3464008078125 0.3413428796875 0.33917963125 0.324279684375 0.33998197812500003 0.3123354625 0.346801965625 0.2997086953125 0.3608431171875 0.3058514421875 0.3853148359375 0.3150655625 0.3989548390625 0.32837488125 0.4049724640625 0.3413428796875 0.4041700890625 0.3529458703125 0.3945418828125 0.36045366875 0.3837101265625 0.35874734531249997 0.35963959375 0.3515807765625 0.3464008078125
0 0.1062121546875 0.3395808046875 0.0830062125 0.3403831671875 0.0690143953125 0.350813721875 0.06355419531249999 0.35723253593750004 0.0632129203125 0.3809019078125 0.0727683046875 0.3961465796875 0.0883303921875 0.40558670625 0.1045058296875 0.400960725 0.11201363906249999 0.39173365000000004 0.1167913375 0.37889602187500004 0.1174738625 0.3540231296875 0.1062121546875 0.3395808046875
0 0.45361870781249997 0.3367725734375 0.43007144531249997 0.3504125609375 0.42461129218749993 0.376488978125 0.43246031875 0.3965477671875 0.4457038125 0.40919950156249996 0.46283278125000005 0.40376891718749996 0.48023724999999995 0.39173365000000004 0.4846736734375 0.3600407671875 0.4737532265625 0.3447960953125 0.45361870781249997 0.3367725734375
0 0.3836596109375 0.3821054296875 0.370009065625 0.40376891718749996 0.36727891874999996 0.4286417953125 0.3781993625 0.44509003125 0.3942666078125 0.44803707812500004 0.4082306 0.44188060937499996 0.418468496875 0.4234265171875 0.41812722343750003 0.39694896874999996 0.40106403124999995 0.382506615625 0.3836596109375 0.3821054296875
0 0.3857071609375 0.467957028125 0.36762019218750003 0.47918995625000005 0.3635250421875 0.5032605171875 0.3730803921875 0.5285345578125 0.38735713125000004 0.5347442171875 0.40618300312500005 0.53174395 0.41812722343750003 0.5193075390625 0.4222223734375 0.490021671875 0.40925442343749996 0.4735734921875 0.3857071609375 0.467957028125
0 0.4703405796875 0.428240634375 0.4495235109375 0.4258335765625 0.42768262031250004 0.43987472812500006 0.4235874703125 0.47196876718749997 0.43994591562499996 0.49048744843750003 0.45157106249999995 0.496039328125 0.4645391046875 0.4940334421875 0.47818965 0.48360288906250004 0.48364985000000005 0.44549119218750005 0.4703405796875 0.428240634375
0 0.9240536468749999 0.5786058421875 0.9204892234375001 0.5678975703125 0.9109840734375 0.560448353125 0.89751855 0.5576548859375 0.87850825 0.5567237375 0.8714105421875 0.562412615625 0.8646465578125 0.58139930625 0.8701912234375 0.6060748796875 0.8852410390625 0.617714284375 0.905835465625 0.6191110281250001 0.9244497078125 0.6046781546875 0.9240536468749999 0.5786058421875
0 0.8345469796874999 0.5180808671875 0.8206853421875 0.51901201875 0.8095960078125 0.5297202750000001 0.797318553125 0.548343353125 0.8016750968749999 0.5669664171875 0.8103881265625 0.5800025671875 0.8309825546875 0.5804681578124999 0.845240253125 0.5772091171875 0.8492007375 0.5585860375 0.84642843125 0.5334448921875 0.8345469796874999 0.5180808671875
0 0.684049065625 0.517615290625 0.6701874265625001 0.539962971875 0.6709795453125 0.5567237375 0.6800886078125 0.570691034375 0.7052460890625001 0.5859969109375001 0.723257734375 0.5697598859374999 0.7335549734375 0.54974008125 0.72127751875 0.5185464421875 0.7030593374999999 0.512493934375 0.684049065625 0.517615290625
0 0.6365234265625 0.5613795015624999 0.61751318125 0.5646385453125 0.60800803125 0.5855894984375001 0.609196153125 0.6060748796875 0.6171171203125 0.6186454515625 0.6375329609375 0.62530406875 0.658306003125 0.6191110281250001 0.6693953375 0.5976944953125 0.6630586046875 0.577674690625 0.6531574234375 0.5651041171875 0.6365234265625 0.5613795015624999
0 0.7090000375 0.6000223874999999 0.6860293078125 0.6056092875 0.67216766875 0.62469794375 0.6733557921875 0.6493735140625 0.68880166875 0.664271978125 0.7042474875 0.6684621703125 0.72127751875 0.6665998703125 0.7264261265624999 0.6517014062500001 0.7276142765625 0.6321472078125 0.724445884375 0.6097994796874999 0.7090000375 0.6000223874999999
0 0.8321707875 0.6959312078125001 0.814744615625 0.6963967640625001 0.797318553125 0.7117607890625 0.794546246875 0.7345741078125 0.8012790375 0.75086928125 0.8167248578124999 0.757852921875 0.8290023124999999 0.7550594390625001 0.8381114578125001 0.7527315484375 0.846824434375 0.7345741078125 0.8420719421875 0.7066394796875 0.8321707875 0.6959312078125001
0 0.7050395796875 0.691741015625 0.6915739734375 0.6931377249999999 0.675336034375 0.7080361890625 0.67216766875 0.7275904328125 0.6769202453125 0.7462134984375 0.6990093546875 0.75527973125 0.7101881875 0.7550594390625001 0.7220696109375 0.7462134984375 0.7280103078125 0.7285215515625 0.7204854265625 0.70198373125 0.7050395796875 0.691741015625
0 0.7616743109375 0.647045621875 0.7434561546875 0.6507702875 0.733158915625 0.6647375703125 0.734347065625 0.6922065734375 0.7458324296875001 0.7080361890625 0.7644950765625 0.7133520953125 0.7802885500000001 0.7080361890625 0.78662528125 0.691741015625 0.7846450390624999 0.67311791875 0.7791003734374999 0.6521669625000001 0.7616743109375 0.647045621875
0 0.8313786125 0.6046781546875 0.8171209156250001 0.6051437125 0.8032592796875001 0.6149208359375 0.7989027375 0.6395963906250001 0.8012790375 0.6600818203125 0.8161708843750001 0.6714244640625 0.8353390968750001 0.6670654609375 0.8460324265624999 0.654029296875 0.8492007375 0.6358717890625 0.84642843125 0.6186454515625 0.8313786125 0.6046781546875
0 0.7747438843750001 0.5665008609375 0.7600901265625 0.56603526875 0.7438521875 0.5753468015625 0.7363273078125 0.6000223874999999 0.7414759125 0.61585201875 0.759149303125 0.626876353125 0.7688031578125 0.6265602421875001 0.7806846109375 0.6191110281250001 0.7858332156250001 0.6000223874999999 0.7842490343749999 0.5781402812499999 0.7747438843750001 0.5665008609375
0 0.6039745734374999 0.6462759109375 0.6039745734374999 0.618341296875 0.588924784375 0.6039084031249999 0.575063146875 0.5997182078125001 0.55957376875 0.604864346875 0.5473398703125001 0.621134740625 0.5429833296875 0.642551278125 0.5572410265625 0.6658301078125 0.5786275703125 0.6723481828125 0.595657603125 0.6676924171875 0.6039745734374999 0.6462759109375
0 0.6598172390625 0.6527939593750001 0.64437141875 0.64394801875 0.6309057874999999 0.6458103125 0.6158560234375 0.6555874328125 0.6118955421875001 0.6760727984375 0.614667846875 0.70121394375 0.63307815 0.7138761921875 0.6400148765625 0.7142500921875 0.6526883921875 0.7100599015625 0.6653619046875 0.6942302875 0.6649659031249999 0.671417034375 0.6598172390625 0.6527939593750001
0 0.5671422078125 0.6881778109375001 0.5501121765625 0.70121394375 0.5453596296875001 0.7263550890625 0.5560528734375 0.747771621875 0.5778384953125 0.754755634375 0.594469453125 0.7482371953125 0.6039745734374999 0.72868298125 0.60278645 0.7086631765625 0.5897168765624999 0.6900400953125 0.5671422078125 0.6881778109375001
0 0.556448934375 0.7780341078124999 0.54258726875 0.79805394375 0.54417145 0.815280253125 0.5536766 0.8315754578125001 0.5766473296875 0.840886990625 0.598429934375 0.8297131265625 0.6039745734374999 0.799450653125 0.59288526875 0.7826898921875001 0.5746670875000001 0.7747750984375 0.556448934375 0.7780341078124999
0 0.5608054499999999 0.8609068265625 0.5477358765625 0.8748741078125001 0.5429833296875 0.8995496624999999 0.5560528734375 0.9177071359375001 0.57694753125 0.9245625515624999 0.5932813 0.9172415796875001 0.60041015 0.8934971734375001 0.5948655109375001 0.8716150375 0.5798156953125 0.8595100531250001 0.5608054499999999 0.8609068265625
0 0.6384306953125 0.8176081421875001 0.62100463125 0.8236606656250001 0.6055587546875 0.8413525484375001 0.6063508734374999 0.8627690953125 0.6142717875 0.87533966875 0.6269453031250001 0.8846512015625001 0.642433253125 0.8842072046875 0.6526883921875 0.8799954171875 0.6614014234375001 0.8669592843749999 0.6629856609375 0.8385590984375 0.6530845046875 0.8241262265625 0.6384306953125 0.8176081421875001
0 0.7116994234375 0.7831554640625 0.6915009999999999 0.7766373843750001 0.6760551796875001 0.7864145234375 0.667738153125 0.811555653125 0.6740749375 0.8287819750000001 0.6815998453125001 0.842749290625 0.698629903125 0.849267403125 0.7148677890624999 0.842749290625 0.7239768796875 0.8264541171875001 0.7243729921875001 0.801312953125 0.7116994234375 0.7831554640625
0 0.7156599078125 0.8730117765625 0.7025903875 0.8646313937500001 0.6819958500000001 0.8660281359375 0.67328281875 0.8767364093750001 0.6709066265625 0.895825065625 0.6748670546875 0.913516946875 0.6859563343749999 0.9246908109374999 0.6990259078125 0.930743334375 0.713679665625 0.9265531109375 0.725165003125 0.9028087375 0.72239275 0.8865135328125 0.7156599078125 0.8730117765625
0 0.6614014234375001 0.7459093218749999 0.64278718125 0.7365977890625001 0.62813348125 0.739391253125 0.608331115625 0.754289703125 0.605162753125 0.7738439171875 0.6134797234375 0.7887424125 0.6206085734375 0.7961916125 0.638826753125 0.8003818359375 0.657044934375 0.792466996875 0.665757965625 0.764532384375 0.6614014234375001 0.7459093218749999
0 0.777047184375 0.832041015625 0.7600172374999999 0.8231950749999999 0.7493239078125 0.8283164484375 0.7421951124999999 0.8334377578125001 0.7354622156249999 0.856716603125 0.734274146875 0.87533966875 0.7555854546874999 0.8878758734375 0.7730867 0.8888414234375001 0.7837800296874999 0.8776675578124999 0.7857602703125 0.8637002453125 0.784968153125 0.84600833125 0.777047184375 0.832041015625
0 0.8459593703125 0.8809265999999999 0.8289293687500001 0.8655625765625 0.803978396875 0.8674248453125 0.794473246875 0.8976873624999999 0.7988297890625 0.9195694671875 0.8063703 0.9298035046875001 0.8154637890625 0.9335367515625 0.8340779734374999 0.9353990828125 0.84873173125 0.9177071359375001 0.8526922156250001 0.9018775546875 0.8459593703125 0.8809265999999999
0 0.7643736703124999 0.73706338125 0.7485317890625 0.7365977890625001 0.7366503953125 0.754289703125 0.7334820296875 0.7729127828125 0.741799 0.7947948734375 0.759149303125 0.8014001265624999 0.7750669421875 0.8003818359375 0.784968153125 0.7947948734375 0.7897207546875 0.7677914734375 0.7810076687499999 0.7459093218749999 0.7643736703124999 0.73706338125
0 0.8348700921875001 0.7831554640625 0.8190282124999999 0.7812931484375001 0.8008100312499999 0.7952604640625001 0.794473246875 0.8194704421875001 0.8043744546875 0.8385590984375 0.8183982890625 0.8496169078125 0.8269491265625 0.8488017796875 0.8427910046875 0.8432148796875 0.8534842796875 0.81481469375 0.84873173125 0.794329296875 0.8348700921875001 0.7831554640625
0 0.4649620234375 0.60251166875 0.44713990312499996 0.5987870531249999 0.43248620000000004 0.6090297437500001 0.4269415078125 0.62532495625 0.42892174687500007 0.6453447375 0.4408031453125 0.6583808859375 0.4575585953125 0.66513531875 0.4697146 0.6546562687499999 0.4772395078125 0.6411545390625 0.47763553906249995 0.621134740625 0.47288296250000006 0.611357625 0.4649620234375 0.60251166875
0 0.35208859531250003 0.614616675 0.34456370000000003 0.60251166875 0.327929715625 0.5964591703125001 0.3156522609375 0.5983214859375 0.3045629421875 0.6085641671875 0.299810365625 0.6271872390625 0.3037708375 0.6476726187499999 0.3148601546875 0.6611743437500001 0.329117865625 0.6621054921875 0.34297951875 0.657449728125 0.3528806875 0.6486037921875 0.357237203125 0.6309118546875 0.35208859531250003 0.614616675
0 0.40555496093750004 0.6434824265625 0.3794158390625 0.6481381953125 0.3663462921875 0.66303665 0.36397000468749996 0.6835220468750001 0.372917184375 0.6992015203124999 0.38258423124999996 0.7072664515625 0.3968419546875 0.7054041359375 0.41268383750000004 0.6970237515625 0.4182284765625 0.6635022265625 0.40555496093750004 0.6434824265625
0 0.34060323124999997 0.6844531796875 0.3259494875 0.6807285640625 0.310899684375 0.6863154953125 0.298226184375 0.7086631765625 0.3029787453125 0.73706338125 0.3248052265625 0.7516110625 0.3354546109375 0.7500995109375 0.347336034375 0.740322390625 0.3552569734375 0.7226304734375 0.3524846421875 0.70121394375 0.34060323124999997 0.6844531796875
0 0.3386229890625 0.7677914734375 0.31406806249999997 0.7733783437499999 0.3037708375 0.783621040625 0.2978301390625 0.79805394375 0.3037708375 0.8176081421875001 0.3116917890625 0.8297131265625 0.3279235921875 0.8317976625 0.3437716109375 0.8278508265625 0.3505044 0.8217983343749999 0.35208859531250003 0.8087621703125001 0.35169255 0.7859489171875 0.3386229890625 0.7677914734375
0 0.3837723546875 0.8143491328125 0.3687225796875 0.8241262265625 0.3608016265625 0.8385590984375 0.3651581546875 0.8627690953125 0.3742536296875 0.8711048171875 0.3944656296875 0.8776675578124999 0.4071391421875 0.8692871765625 0.41624823437499997 0.84600833125 0.40872335312499997 0.822263925 0.3837723546875 0.8143491328125
0 0.297038034375 0.8744085171875 0.299810365625 0.8948938828124999 0.309711546875 0.9093267546874999 0.3235732 0.913516946875 0.3409992890625 0.9102579375 0.3524846421875 0.9018775546875 0.3519795734375 0.872153009375 0.34654392968750003 0.8576477515625 0.3318901875 0.8525264124999999 0.3148601546875 0.8534575640625001 0.3057510796875 0.8609068265625 0.297038034375 0.8744085171875
0 0.4459517796875 0.851129671875 0.42931778125 0.8595100531250001 0.42416917343750005 0.8725462171875 0.41941660000000003 0.8869790890625 0.42258501875 0.906533303125 0.4364466546875 0.91863831875 0.4517673390625 0.917749309375 0.4649620234375 0.9153792781250001 0.475655296875 0.9069988953125 0.47684344687499997 0.87347736875 0.4633778421875 0.856716603125 0.4459517796875 0.851129671875
0 0.5021904765625 0.8157458421875001 0.489120903125 0.8255229343750001 0.48080393125 0.8450771796875 0.4847643875 0.8637002453125 0.49585374687500006 0.873942925 0.5127982531249999 0.881586728125 0.529913753125 0.8790642656250001 0.5410030875 0.8609068265625 0.5358544796875 0.827385265625 0.5227849046874999 0.8176081421875001 0.5021904765625 0.8157458421875001
0 0.4574371421875 0.68398760625 0.44119920468749996 0.6895745234375 0.428525715625 0.7002827953125 0.4269415078125 0.726820665625 0.4340703546875 0.7435814296875 0.45132186093750004 0.752659253125 0.46377389999999996 0.7538241265625001 0.4784276296875 0.7431158546875001 0.48199208125000004 0.71285336875 0.47129878124999997 0.6923679875000001 0.4574371421875 0.68398760625
0 0.390901203125 0.723096065625 0.3687225796875 0.733804321875 0.356049065625 0.7514962390625 0.36397000468749996 0.7729127828125 0.37307908125 0.7892079562500001 0.40053701249999996 0.791966409375 0.41149565781249997 0.7901391046875 0.41704032343749997 0.7724472421875 0.4142679921875 0.754289703125 0.409119384375 0.732407596875 0.390901203125 0.723096065625
0 0.47169483906250004 0.7826898921875001 0.45981341875000004 0.7738439171875 0.44119920468749996 0.7738439171875 0.4257533546875 0.7873456562500001 0.42218893125 0.804571978125 0.4265454734375 0.8231950749999999 0.4388483890625 0.8349422359374999 0.45426877968749996 0.83716235625 0.46535808437500004 0.833903315625 0.4764473890625 0.82040159375 0.4800118390625 0.8087621703125001 0.47169483906250004 0.7826898921875001
0 0.52951775 0.7389256625 0.51367586875 0.732407596875 0.498626053125 0.7328731734375 0.48714066093749997 0.7463749140625 0.4847643875 0.763135709375 0.4918932625 0.7859489171875 0.513243734375 0.7961591734375 0.51922048125 0.7952604640625001 0.5338742375 0.7859489171875 0.5433793875 0.7715160437499999 0.5398149375 0.7566175796875 0.52951775 0.7389256625
0 0.525953296875 0.64720704375 0.5128837500000001 0.6448791609375 0.49822999531249995 0.650466078125 0.48318020468749995 0.6704858828125 0.4899130203125 0.6928335796875 0.49902208437500006 0.7091287671875001 0.527053646875 0.71073161875 0.5291216624999999 0.7072664515625 0.5410030875 0.6914368390625001 0.5398149375 0.6756072234375 0.5398149375 0.6565185765625 0.525953296875 0.64720704375
0 0.357823565625 0.5367341546875 0.35386308125 0.5246291578125 0.3396054125 0.5134553093750001 0.32059513906250003 0.51671435 0.308713715625 0.5278882140625 0.3003967453125 0.5451145390625001 0.3134662921875 0.5721179843749999 0.32613980468750003 0.5758426 0.3368330796875 0.5749114828125 0.349110534375 0.5711868359375 0.357823565625 0.5600129875000001 0.357823565625 0.5367341546875
0 0.40138877656250005 0.558616309375 0.387527084375 0.553494934375 0.3712892 0.568858959375 0.3629721734375 0.5851541328125001 0.36416035 0.6088985546875 0.3780219890625 0.618675678125 0.393409315625 0.621111303125 0.41049786875 0.6144855171875 0.416042534375 0.607036253125 0.41841878125000004 0.580963940625 0.4164385390625 0.570721259375 0.40138877656250005 0.558616309375
0 0.5035689046875 0.558150703125 0.48653890312500003 0.5725835906250001 0.48653890312500003 0.5898098984375 0.48851914531249996 0.607036253125 0.5031729 0.6214691578125 0.5257172046874999 0.6258281609375 0.5419855109375 0.6112264453125 0.5451538734375 0.5846885578125 0.5380250265625001 0.5660654921875 0.52337126875 0.5562884171875 0.5035689046875 0.558150703125
0 0.4703009625 0.517179925 0.45406302343749994 0.512058584375 0.43822114531249995 0.5176455015625 0.42950811250000004 0.5227668578125 0.426735753125 0.5507014546875 0.4330725375 0.5693245359375 0.44597608749999995 0.5770872875 0.45881557031250003 0.57723935625 0.4695089 0.573514725 0.478617934375 0.5544260859375 0.48020211875 0.5362685828125 0.4703009625 0.517179925
0 0.5906992734375 0.5134553093750001 0.5784218703125 0.5125241609375 0.568124603125 0.512989734375 0.5546590796875 0.5227668578125 0.5459459921875001 0.5404587703125 0.553470846875 0.56559995 0.5633720546875 0.578636065625 0.5791749375 0.58075595625 0.59188745 0.5749114828125 0.5990163 0.5674622203124999 0.6041649609374999 0.5525637703124999 0.6017886046875 0.532078390625 0.5906992734375 0.5134553093750001
0 0.1669007046875 0.732669959375 0.1581876734375 0.7238240031250001 0.1411576453125 0.7196338109375 0.1300683109375 0.7261518921875 0.1193750390625 0.7415159171875 0.11858297343749999 0.7661914859375 0.1280880703125 0.7820211015625 0.143494415625 0.784629075 0.1522469765625 0.7848145671875 0.1637323125 0.7796932109375 0.1740295546875 0.7610701453125001 0.17165328124999998 0.74477495625 0.1669007046875 0.732669959375
0 0.2171987046875 0.7671226375 0.1989805234375 0.7647947609375 0.1831386453125 0.7782965015625 0.1783860703125 0.8011097406250001 0.1902674953125 0.8248541609375 0.2037331 0.8285787765625001 0.2278919796875 0.8164737953125 0.23224846875 0.7941260984375 0.23106034531250003 0.77410629375 0.2171987046875 0.7671226375
0 0.09442406875 0.7638636125 0.0742256734375 0.7652603375 0.0611561265625 0.7810899499999999 0.06274030781249999 0.800178590625 0.069473096875 0.8132147546875 0.087363796875 0.8223639437499999 0.1003647953125 0.8164737953125 0.1086817921875 0.80297205625 0.1126422765625 0.789470334375 0.1063054921875 0.7731751453125 0.09442406875 0.7638636125
0 0.081750553125 0.844873965625 0.0698691578125 0.8504608828125001 0.061552157812499994 0.8630314703125 0.060760065625000005 0.8895693281250001 0.07343358125 0.90493338125 0.0825426703125 0.91052028125 0.0958279375 0.90831559375 0.1094738578125 0.89469066875 0.110662034375 0.866756071875 0.10194897656249999 0.8541854984375 0.091651734375 0.84440839375 0.081750553125 0.844873965625
0 0.27185325 0.8085589875 0.2564073734375 0.8108868796875001 0.24848640781250003 0.81693935625 0.2409615 0.83928706875 0.2453180421875 0.860238021875 0.2575375796875 0.870056628125 0.2742294953125 0.8700151109375 0.28729901562500004 0.8597724296875 0.29363585468750003 0.84114935 0.288091134375 0.8183361265625001 0.27185325 0.8085589875
0 0.150662765625 0.8043687796875 0.1300683109375 0.8099557125000001 0.1193750390625 0.8341656937499999 0.1241276125 0.8565133906250001 0.1412670109375 0.866387959375 0.1569995234375 0.8630314703125 0.1669007046875 0.85511665 0.1720493125 0.8332345453125001 0.1692769796875 0.8183361265625001 0.150662765625 0.8043687796875
0 0.22987222031250001 0.8891037671875001 0.23145640312500002 0.8630314703125 0.21482240468749997 0.8453395421875 0.1973963421875 0.8472018421874999 0.18749516093750002 0.85511665 0.1791781609375 0.8769987546875001 0.1827425875 0.8965529999999999 0.19066352656250002 0.9026054921875 0.2061093734375 0.91052028125 0.2164065875 0.9081924234375001 0.22551567968750003 0.8988808578124999 0.22987222031250001 0.8891037671875001
0 0.2682887703125 0.7238240031250001 0.2532390078125 0.7261518921875 0.2433378 0.739653615625 0.2405654953125 0.7536209140625 0.2433378 0.771778403125 0.2516547703125 0.782486675 0.260210465625 0.78934593125 0.27304131875 0.7904014828125 0.2861108921875 0.7815555265625 0.29442786249999997 0.7643292046875 0.2932397390625 0.7382568765624999 0.2837346453125 0.7270830593750001 0.2682887703125 0.7238240031250001
0 0.22591173750000001 0.6884401734375001 0.21521846249999999 0.680990934375 0.19977261562499998 0.680525384375 0.1835346765625 0.6898369171875001 0.1783860703125 0.7070632390625 0.18195049531250002 0.7252207281249999 0.1890793421875 0.7368601515625001 0.2089801375 0.744273728125 0.22630779687499997 0.7331355359375 0.23383265 0.7266174671875001 0.2350208296875 0.7135813125 0.23383265 0.7000795875 0.22591173750000001 0.6884401734375001
0 0.09442406875 0.677266334375 0.07937427968750001 0.6777319015625001 0.0651166078125 0.6865778671875 0.057987734375 0.7056665046874999 0.06630473125 0.732204384375 0.086027353125 0.740605059375 0.10076085312500001 0.7331355359375 0.1126422765625 0.7228928515625 0.1158106125 0.70473535625 0.10749364218749999 0.6865778671875 0.09442406875 0.677266334375
0 0.149474615625 0.635829990625 0.1300683109375 0.644210378125 0.11977109687500001 0.665161334375 0.1249197046875 0.6898369171875001 0.143494415625 0.7028701890625 0.16016788906249999 0.6991484546875 0.17442558749999998 0.6823876656250001 0.1768018875 0.665161334375 0.1661086125 0.644675946875 0.149474615625 0.635829990625
0 0.29363585468750003 0.6591088296875001 0.2738334890625 0.6400201859375 0.25997185312500004 0.6456071015625 0.2492785265625 0.651659596875 0.240169434375 0.6674892203125 0.2457141 0.686112290625 0.257595496875 0.7000795875 0.277001803125 0.7038042140625 0.29363585468750003 0.6875090312500001 0.29838834687500004 0.67540401875 0.29363585468750003 0.6591088296875001
0 0.16809688750000001 0.5582477921875 0.1471064 0.5512641328125001 0.1304724296875 0.55685106875 0.1181949734375 0.5796643375 0.11938309531249999 0.6010808515625 0.139485084375 0.6205872078125 0.1534431578125 0.6183071921875001 0.1684929453125 0.6085300828125 0.1779980953125 0.595493934375 0.1764139125 0.578267596875 0.16809688750000001 0.5582477921875
0 0.11383842968749999 0.610857959375 0.1031451546875 0.5945627859375 0.0801744296875 0.5950283625 0.0678969703125 0.60387431875 0.0627483921875 0.62110065625 0.0686890890625 0.6462418015625 0.0775632109375 0.652557028125 0.0896795765625 0.6574156343750001 0.10472936562499999 0.64903526875 0.1158186703125 0.639723721875 0.11661076249999999 0.62110065625 0.11383842968749999 0.610857959375
0 0.21799888125 0.596890659375 0.1962162765625 0.6001497031249999 0.1835427609375 0.610857959375 0.1795822796875 0.6299466125000001 0.1851269453125 0.65043199375 0.1978004578125 0.6616058578125 0.21343494999999998 0.66146665 0.2227514296875 0.6560189249999999 0.23344470312499999 0.647172953125 0.23819724999999997 0.62110065625 0.22988033125000001 0.6062021921875 0.21799888125 0.596890659375
0 0.09958073125 0.505637615625 0.0742337296875 0.5084310750000001 0.06710488125 0.519604921875 0.05997603124999999 0.532641071875 0.0647286078125 0.5587133843750001 0.0774020953125 0.56709375 0.0922640890625 0.5713222390625 0.10116494218750001 0.5675593250000001 0.10908588125 0.561972409375 0.11898706249999999 0.5396247125 0.11344239687499999 0.51774260625 0.09958073125 0.505637615625
0 0.22948421875 0.5210016468750001 0.214434403125 0.5079654984374999 0.2025530046875 0.5079654984374999 0.1871071875 0.5200704984375 0.18037434218749998 0.5405558765625 0.18750318906250002 0.566162596875 0.200070515625 0.571846334375 0.2120582109375 0.5731462390625001 0.22710791874999997 0.5684904734375 0.23621700781250002 0.5559199015625 0.23621700781250002 0.5405558765625 0.22948421875 0.5210016468750001
0 0.2817624609375 0.555454325 0.262356103125 0.5549887499999999 0.2488905234375 0.56709375 0.2425537921875 0.5857168140625 0.2465142203125 0.610392384375 0.2646652765625 0.6184908265625 0.274237553125 0.61923835625 0.290871496875 0.6113235515625 0.2972083375 0.593631634375 0.29483198125 0.5675593250000001 0.2817624609375 0.555454325