0 0.3660549890625 0.25816015000000003 0.35240238437500004 0.25137718593749997 0.338307234375 0.2519799484375 0.31633870000000003 0.265392465625 0.311652584375 0.27668296875 0.3119603296875 0.290180059375 0.3244373640625 0.30387482499999996 0.332959584375 0.30734006406250003 0.34733855468749997 0.30962470625 0.3586958203125 0.30812773125000004 0.368836059375 0.29729545 0.376845790625 0.2855968578125 0.37246404843750003 0.26639648125000004 0.3660549890625 0.25816015000000003
0 0.4911554546875 0.2439276671875 0.47591807187499996 0.24072299843749997 0.45324997187499994 0.2429423203125 0.43838855624999995 0.25379035625 0.43798089687499997 0.272450875 0.44294161093750006 0.28537667187500004 0.45120836249999996 0.292257025 0.460313396875 0.29638797499999997 0.47449040781249996 0.2950378859375 0.485125646875 0.2937320421875 0.49971415625000004 0.2806617265625 0.4987241953125 0.26160882343749997 0.4911554546875 0.2439276671875
0 0.5828892484375 0.298646790625 0.5971383140625 0.304792546875 0.6126992921875 0.3051377046875 0.63223103125 0.2993558 0.6385877640625 0.2906799296875 0.6400012328125 0.27471571093749997 0.629705475 0.2568053984375 0.6127569687500001 0.2522767578125 0.59491881875 0.2537452734375 0.5856304640625 0.260525275 0.57542196875 0.2708019859375 0.5763437078125 0.289299271875 0.5828892484375 0.298646790625
0 0.7028717953125 0.22075192656249998 0.69261256875 0.236110453125 0.691659178125 0.2503263625 0.6997562046875 0.266814734375 0.713800628125 0.271293821875 0.7266574515625 0.2713030875 0.7456381296875 0.266820678125 0.75697138125 0.254714046875 0.7582991375 0.2325567875 0.74582205625 0.218862046875 0.72460235 0.216391896875 0.7028717953125 0.22075192656249998
0 0.809446284375 0.21499763593750001 0.80457286875 0.230258796875 0.8119369796875 0.2462732265625 0.8305835703125 0.255262784375 0.8519587187500001 0.253378678125 0.8656588703124999 0.24418865781250002 0.8718617046875 0.2287642265625 0.8641565109375 0.20997193906249997 0.844180525 0.201145609375 0.8255006484375 0.2028752390625 0.809446284375 0.21499763593750001
0 0.094616909375 0.2785176296875 0.08161322343750001 0.2880096234375 0.0763812890625 0.29485553124999997 0.0715078703125 0.3101167125 0.0805931734375 0.323664 0.091859840625 0.33299570625 0.11546407968750001 0.3311120953125 0.1339232890625 0.323883303125 0.140467228125 0.311236765625 0.1411984359375 0.28971674375 0.1294034703125 0.281577765625 0.114558034375 0.2760691671875 0.094616909375 0.2785176296875
0 0.145171834375 0.19159631875 0.1325090484375 0.203866234375 0.1274992921875 0.2180162515625 0.1398573359375 0.2362372390625 0.15218059374999998 0.24318346875 0.1763562984375 0.2398369203125 0.1932890125 0.2262929828125 0.19495789218749998 0.20691359999999998 0.187934884375 0.193677065625 0.1710268828125 0.187857765625 0.145171834375 0.19159631875
0 0.2888331609375 0.1801604109375 0.2766638734375 0.179962759375 0.2633191125 0.1866769109375 0.25198585625000003 0.1987835421875 0.2500441015625 0.21594056875 0.260987140625 0.22813182968749998 0.2834468140625 0.234305909375 0.3006137828125 0.22664999843750003 0.308231746875 0.2172553375 0.3116900625 0.1959644203125 0.310070309375 0.18826793749999998 0.2888331609375 0.1801604109375
0 0.4067583453125 0.167936846875 0.388351309375 0.1718888015625 0.377000625 0.1783581125 0.3706613265625 0.1926713390625 0.378844103125 0.2153526890625 0.3956739828125 0.2211609828125 0.41376709843750004 0.21952397812500002 0.43268497968749997 0.20874186093749997 0.436228953125 0.1936439328125 0.42765440625 0.1732664765625 0.4067583453125 0.167936846875
0 0.079308984375 0.11678205312500001 0.0602722046875 0.1320904234375 0.060324621875 0.149002596875 0.07300630625 0.16436410937499998 0.081810115625 0.1682820171875 0.11057065937499999 0.16257154375 0.12682974375 0.1521158859375 0.12701530625 0.12615120625 0.10862416718750001 0.113746553125 0.079308984375 0.11678205312500001
0 0.198427178125 0.10328408281250001 0.1876904328125 0.1147535578125 0.186567275 0.1385775125 0.197578525 0.15132435 0.2227558796875 0.1541502375 0.24243720624999998 0.1429966390625 0.245690865625 0.1200389765625 0.2364008265625 0.10482501250000001 0.22441865625 0.10065670156249999 0.198427178125 0.10328408281250001
0 0.3024965578125 0.1046048171875 0.3025665078125 0.1271543734375 0.31937286875000004 0.14313734375 0.338280890625 0.1431397375 0.354124640625 0.1349226828125 0.365576790625 0.11828977968750001 0.360922271875 0.096867071875 0.3405544078125 0.090344684375 0.3177498328125 0.0914528625 0.3024965578125 0.1046048171875
0 0.5059397921875 0.2013402265625 0.5169509531250001 0.214087075 0.5383753953125 0.21822390625 0.5541435359375 0.21376527968749998 0.5700241015625 0.19572750625 0.56894835 0.1704816703125 0.5544946734375 0.1626691234375 0.5267644515625001 0.1621262875 0.506380784375 0.1719604765625 0.5059397921875 0.2013402265625
0 0.6221421281249999 0.1695898515625 0.629642640625 0.18671535781249998 0.6492774812500001 0.1927638359375 0.6670981421875 0.1941826609375 0.6887329015625 0.1788960546875 0.690589 0.1555460765625 0.680242378125 0.142717634375 0.65922731875 0.14191420937500002 0.6314637671875001 0.152090603125 0.6221421281249999 0.1695898515625
0 0.73912971875 0.15522558125000002 0.748146796875 0.168217234375 0.7639299140625 0.1758665078125 0.774895853125 0.1758680671875 0.7984087734374999 0.1654295515625 0.8001966078124999 0.141523984375 0.7911794765625 0.1285323 0.768885703125 0.122810296875 0.743116225 0.13274185 0.73912971875 0.15522558125000002
0 0.558033721875 0.081589165625 0.5516263953125 0.095346834375 0.55401396875 0.1147920625 0.5635418984375 0.12095356875 0.5833264890625001 0.12384416250000001 0.6056227875 0.1174785609375 0.6132914375 0.10300210937500001 0.6117050140625 0.0845863765625 0.591387925 0.072982153125 0.5737645140625001 0.072326275 0.558033721875 0.081589165625
0 0.6682379296875001 0.0669298875 0.6746311890625 0.0915228140625 0.684960275 0.098713878125 0.7018017046875 0.09977467031250001 0.7202576859375001 0.094943853125 0.735357090625 0.075043346875 0.7270554125 0.056888251562500006 0.7051534546875 0.048862353125 0.6824854031250001 0.051081668749999996 0.6682379296875001 0.0669298875
0 0.8020635781250001 0.0358353625 0.79105396875 0.0450825359375 0.78290780625 0.055669975000000003 0.7864201343749999 0.0732852671875 0.8058045125 0.0876395703125 0.8342628828124999 0.08376553125 0.848851396875 0.0706952140625 0.8486451046875001 0.0470344984375 0.8328619906249999 0.039385204687499994 0.8160223406249999 0.0341214421875 0.8020635781250001 0.0358353625
0 0.444868990625 0.1319381875 0.47116739531249996 0.1341762578125 0.49440427500000006 0.1134855140625 0.4828661453125 0.08839393906250001 0.45231570625 0.0806581921875 0.42935139375000003 0.1002663859375 0.43026117656249996 0.12489571875000001 0.444868990625 0.1319381875