0 0.47500461562499996 0.7919664375 0.46265836406250005 0.7900984249999999 0.44352166875 0.78823045 0.422533015625 0.8013063609375 0.41697716093750004 0.8227881531250001 0.4256829578125 0.8380136390624999 0.4392004703125 0.8456710328125 0.46512760468750003 0.8480059875 0.4811777640625 0.8386660640624999 0.4922894015625 0.8185851906250001 0.4848815875 0.8064433 0.47500461562499996 0.7919664375
0 0.3793211015625 0.78823045 0.3614190265625 0.7877634375 0.34104771093749997 0.8045753031249999 0.3379611390625 0.8185851906250001 0.3404303796875 0.8344630640625 0.361801375 0.8427448828124999 0.3830250046875 0.8456710328125 0.399075128125 0.8335290765625001 0.40895213906250005 0.8185851906250001 0.4058655671875 0.8022403312499999 0.392901978125 0.792900409375 0.3793211015625 0.78823045
0 0.2540065875 0.8008393484375 0.23857371718749998 0.8176512312499999 0.2410429578125 0.8414680328124999 0.260796984375 0.8545439109374999 0.28542121875 0.855361521875 0.3052435234375 0.8466049874999999 0.3107993421875 0.8325950890625 0.308947428125 0.8092452671875 0.29474921875 0.79990534375 0.2774644328125 0.796636396875 0.2540065875 0.8008393484375
0 0.1540018765625 0.8157832234375 0.1509153 0.8391330453125001 0.16449617656249998 0.8568788984375001 0.1811635453125 0.861081865625 0.20348614375000001 0.85956706875 0.216967775 0.847538975 0.22252359375 0.8265241421875 0.21449853437500002 0.8092452671875 0.1990656625 0.8008393484375 0.177459721875 0.8003723359375 0.1540018765625 0.8157832234375
0 0.5367359406250001 0.7821594859375 0.5219204015625001 0.7858954578125 0.5034009953125 0.7985043609375 0.499697171875 0.8125142421874999 0.5108088078125 0.8293261421875 0.524389684375 0.833996121875 0.5374757328124999 0.83485948125 0.5496994859375001 0.8344630640625 0.559576496875 0.829793121875 0.568836225 0.8153162421875001 0.566366978125 0.7957023765625 0.55587259375 0.7858954578125 0.5367359406250001 0.7821594859375
0 0.6040230375 0.7732866078125 0.5929114015625 0.7793575015624999 0.5848863421875 0.7933674046875 0.5817997703125 0.8073772874999999 0.5879729203124999 0.8195192109375 0.5990845078125 0.826057134375 0.62288263125 0.8264483890625 0.6373579406250001 0.820920178125 0.6478522890625 0.8064433 0.6478522890625 0.78682945 0.6348887000000001 0.7774895421875 0.6176039140625 0.7737535703125 0.6040230375 0.7732866078125
0 0.489202828125 0.735459875 0.4842643421875 0.7546067125 0.4867335828125 0.767215615625 0.5040183265625 0.7746875421875 0.5188338234375001 0.776088559375 0.536087 0.7738790484375 0.552786015625 0.7625456359375 0.55587259375 0.747601765625 0.547847571875 0.737327834375 0.5280935078125 0.7242519390625 0.50278370625 0.725185946875 0.489202828125 0.735459875
0 0.42870616562499997 0.733591878125 0.405248278125 0.736393846875 0.39228468906249997 0.7532057125 0.3916673578125 0.776088559375 0.40895213906250005 0.7858954578125 0.4256829578125 0.7864956921874999 0.4509293953125 0.7816924937499999 0.4608064484375 0.776088559375 0.46204106874999995 0.7616116484375001 0.45463329999999996 0.742464821875 0.44166966875 0.735459875 0.42870616562499997 0.733591878125
0 0.15153263125 0.747601765625 0.1311612734375 0.7555407046875 0.1268400375 0.7714185796875 0.13239585 0.7900984249999999 0.148446059375 0.7985043609375 0.1682000859375 0.79990534375 0.1805721015625 0.7959581703125 0.19165793125 0.7877634375 0.19165793125 0.7751545546874999 0.1891886890625 0.75834266875 0.1780769671875 0.750870740625 0.16573075937499998 0.7480687578125 0.15153263125 0.747601765625
0 0.0786896734375 0.7639466359375 0.0607874765625 0.7676826078125 0.049675924999999996 0.783093478125 0.05091058750000001 0.805042315625 0.068195375 0.8185851906250001 0.0819722671875 0.8201400640625 0.10399943281249999 0.8157832234375 0.112641909375 0.8064433 0.116345646875 0.793834396875 0.10955533749999999 0.7709516187500001 0.0947397109375 0.7662816078125 0.0786896734375 0.7639466359375
0 0.23486989375 0.7452667734375 0.22190626249999998 0.7504037453125 0.212646625 0.76114466875 0.208325384375 0.7779565671875 0.216967775 0.7891644375 0.229314075 0.7971033765625 0.24412952968749999 0.7971033765625 0.253480428125 0.7959581703125 0.26388355625000004 0.7924334125 0.2756125234375 0.7812254984375 0.2780817703125 0.76441363125 0.266970134375 0.7518047453125 0.25338925625000003 0.74620078125 0.23486989375 0.7452667734375
0 0.32746679218749997 0.7405968140625 0.31326858281250003 0.743398796875 0.29845312812499997 0.7504037453125 0.28857606874999997 0.767215615625 0.291045315625 0.7849615015625 0.3052435234375 0.7957023765625 0.31319582343749997 0.7985866390624999 0.33117070000000004 0.79990534375 0.34783814999999996 0.7919664375 0.357715165625 0.7770225296875 0.357097834375 0.7625456359375 0.352159346875 0.7480687578125 0.32746679218749997 0.7405968140625
0 0.628697021875 0.7155684203125 0.623467390625 0.71377015 0.608729428125 0.711971878125 0.5916143640625 0.7166473890625 0.5764009671875 0.724559753125 0.5725976359375 0.7403844859375 0.5802043 0.7572881859375 0.5924539515625 0.7636077375 0.6158607265625 0.7666391859374999 0.6282215875 0.7616040609375 0.6434349890625 0.7490161828125 0.64295955625 0.7353493359375001 0.6377299578125 0.724559753125 0.628697021875 0.7155684203125
0 0.6876488765625 0.71377015 0.6691075828125 0.7159280609375 0.6581729515625 0.7317528171875 0.658648353125 0.74865651875 0.667681315625 0.759446121875 0.6892453953125 0.7668466031250001 0.704763940625 0.76340233125 0.7147477375 0.7562092421875 0.71807566875 0.7454196640624999 0.7161740046875 0.728875575 0.7028622734375001 0.7173666921875 0.6876488765625 0.71377015
0 0.7580107968750001 0.706936725 0.7427974328125 0.7116122390624999 0.734239865625 0.7263580000000001 0.733764465625 0.738945878125 0.74564993125 0.751893396875 0.77052881875 0.7567251453125 0.7870113203125 0.7522530359374999 0.7974705515625 0.7436213890625 0.7998476203125 0.724559753125 0.79176551875 0.7148491421875 0.777978390625 0.7080156921875 0.7580107968750001 0.706936725
0 0.8364548125000001 0.7044191734374999 0.82314314375 0.7134104859375 0.81601185 0.7234807859375 0.814585615625 0.741463453125 0.8259956468749999 0.7544109953125 0.8412090109375001 0.7605250640625 0.8507427218749999 0.7603688703125 0.872111203125 0.7558495796875 0.87829166875 0.7482968546875 0.883045865625 0.7292352671875 0.8759145671875 0.7141298140625 0.8607012031249999 0.7047788140625 0.8364548125000001 0.7044191734374999
0 0.92440725625 0.70082263125 0.9120463796875 0.709094659375 0.90206259375 0.72276148125 0.90016093125 0.737507271875 0.9106201281249999 0.74613894375 0.9172759781250001 0.7529723640625 0.928282828125 0.7538911374999999 0.9505552671874999 0.751893396875 0.9633915671875 0.741463453125 0.964817834375 0.7224018171875 0.955784865625 0.7047788140625 0.9405714859375 0.7011822953125 0.92440725625 0.70082263125
0 0.9091938609374999 0.6511904859375 0.8873246312499999 0.6490325625 0.8706849671875 0.6544273640625 0.859274940625 0.6630590484375001 0.8587995078124999 0.6792434328125 0.865715984375 0.696401259375 0.8844721015625 0.70082263125 0.9058659312499999 0.7011822953125 0.9172759781250001 0.69147165625 0.92440725625 0.6767258546875 0.9229810109375001 0.6626994203125001 0.9091938609374999 0.6511904859375
0 0.818388946875 0.6544274015625 0.7993722187500001 0.6565852875 0.7822571546875 0.6641380046875 0.77702755625 0.6749275953125 0.7799171125 0.6876299953125 0.7874867546875 0.6986647078125 0.8088805828125001 0.7011823078125 0.8297989781249999 0.6961471343750001 0.8426352781249999 0.684638234375 0.8393073421875 0.6688135140625 0.818388946875 0.6544274015625
0 0.7223544015625001 0.65550635625 0.7076164703125001 0.6551466796875001 0.6957310109375 0.6612607890625 0.6852718125 0.67456794375 0.6862226421875001 0.6893137203124999 0.6976326734375 0.6986647453125 0.7123706359375 0.7047788140625 0.7309566249999999 0.7065227171874999 0.7437482296875 0.7019015984375 0.75468289375 0.6947085390625001 0.7580107968750001 0.682120659375 0.7518303640624999 0.6680942109375 0.7361415671875 0.658383546875 0.7223544015625001 0.65550635625
0 0.6681567484375 0.65730461875 0.6500908187500001 0.655865984375 0.619664059375 0.6612607890625 0.608729428125 0.6796030843749999 0.60968029375 0.6961471453125 0.6197266796875 0.70328385 0.6325003578125 0.70837535625 0.6524679203125 0.709094659375 0.6724355140625 0.7029805421875001 0.6795667812499999 0.6882347765625 0.6776651124999999 0.6706117609375 0.6681567484375 0.65730461875
0 0.610631096875 0.604075903125 0.5901881343750001 0.6055145093750001 0.5725976359375 0.61414619375 0.566417203125 0.6292516359375 0.566785503125 0.6401259546875 0.5821059671875 0.65011151875 0.6039752296875001 0.654787015625 0.625369059375 0.6504711703125 0.6329757921875 0.634646425 0.6305986890625 0.6148654984374999 0.610631096875 0.604075903125
0 0.663877984375 0.6019179796875 0.6481891546874999 0.617383084375 0.6486645875 0.6324885140625 0.6581729515625 0.643278109375 0.675288015625 0.649751878125 0.689550578125 0.6519097890625 0.7080918390625001 0.6447167281249999 0.7114198078125 0.6350060890625 0.709993540625 0.61522515 0.705239375 0.6080320890625 0.6909768125 0.6026372953125 0.663877984375 0.6019179796875
0 0.7366169671875 0.6051548578125 0.72568236875 0.6220585703125 0.733764465625 0.63860261875 0.74564993125 0.645795684375 0.75983363125 0.6478182625 0.7817816890625 0.648313259375 0.78986385625 0.6382429671875001 0.796519721875 0.6155848140625 0.7813063203125 0.60227763125 0.75515829375 0.5968828421875 0.7366169671875 0.6051548578125
0 0.86402910625 0.602996959375 0.8421598765624999 0.5986811015625 0.8207660484374999 0.602996959375 0.81030681875 0.61414619375 0.81220851875 0.6350060890625 0.8207660484374999 0.6425588171875 0.83844325625 0.648223121875 0.8573732734374999 0.6493922140625 0.868307871875 0.6472342921875 0.8839967 0.6342867734375 0.8787671015624999 0.6163041171875 0.8740129031249999 0.606593490625 0.86402910625 0.602996959375
0 0.4271196046875 0.678164478125 0.413807871875 0.671690740625 0.39098774375 0.6706117609375 0.37672521406250004 0.6767258546875 0.366266015625 0.6918312953125 0.36625074375 0.7077372921875 0.38528274375 0.7224018171875 0.3966928078125 0.7263580000000001 0.419512871875 0.72384045 0.4333000328125 0.714489453125 0.43805423593750004 0.6929102625 0.4271196046875 0.678164478125
0 0.4713334921875 0.6630590484375001 0.4551692296875 0.6724100203125001 0.4442346625 0.6849978859375 0.44803793125 0.7026209031249999 0.46039886093750004 0.7123315421874999 0.48550207968750003 0.7170490328125 0.4993831875 0.716287725 0.50841615 0.706936725 0.51459651875 0.69147165625 0.5098423203125 0.671690740625 0.49177651874999995 0.6655766109375 0.4713334921875 0.6630590484375001
0 0.5616630046875 0.66090115 0.5440725078125 0.663778340625 0.5350395453125001 0.6731293234375 0.5298099781250001 0.69147165625 0.53836744375 0.706577084375 0.551679240625 0.7141298140625 0.5806892453125 0.71300045 0.588761834375 0.7058578062499999 0.5982702296875 0.692190959375 0.5982702296875 0.6806820640625 0.5920897968750001 0.6698924703125 0.579253503125 0.6644976687499999 0.5616630046875 0.66090115
0 0.4432837328125 0.6098303609375 0.4271196046875 0.6130672390624999 0.41903750312500004 0.617742725 0.41190620312500004 0.6278130156249999 0.411430775 0.642199153125 0.4133324390625 0.650830821875 0.4234699953125 0.6571300046874999 0.4342508984375 0.6612607890625 0.4546938609375 0.6605414734374999 0.47371059375 0.650830821875 0.47798935781249996 0.6303305906250001 0.46515305937500007 0.613426890625 0.4432837328125 0.6098303609375
0 0.516973615625 0.6080320890625 0.5017602828125 0.6123479359374999 0.4908255875 0.6281726796875 0.48987485625 0.6454360328125001 0.49843238437500004 0.6529887453125001 0.5154486046875 0.659559153125 0.537416646875 0.659102890625 0.5478758453125 0.65262909375 0.5559580046875 0.6368043484375 0.549777571875 0.617742725 0.5345641765625 0.610190025 0.516973615625 0.6080320890625
0 0.37672521406250004 0.62169890625 0.3624626203125 0.6202603 0.34772472187500003 0.6213392546875001 0.3396426203125 0.62853233125 0.3334621875 0.6400412265625001 0.33393755625 0.6562256234375 0.3396426203125 0.6655766109375 0.35448603749999996 0.6721097609375 0.380528609375 0.6713310640625 0.38765984531250003 0.6644976687499999 0.3966928078125 0.6544273640625 0.395266578125 0.6375236515625 0.3871844765625 0.6267340609375001 0.37672521406250004 0.62169890625
0 0.9595882187500001 0.608391753125 0.9448502515625 0.5972424937499999 0.9301122734374999 0.594005628125 0.91489889375 0.5925669953125 0.8987346625000001 0.600839025 0.8916034015625 0.613426890625 0.8903149140625001 0.625955915625 0.8930296312499999 0.6393219234374999 0.9091938609374999 0.6447167281249999 0.9381943906249999 0.6479536078125 0.95103066875 0.640400878125 0.9624407328125001 0.6281726796875 0.9595882187500001 0.608391753125
0 0.91632514375 0.55264550625 0.8982592296874999 0.544733121875 0.8768654015624999 0.5443734703125 0.855471571875 0.5504875703125001 0.8469140421875 0.5619964734375 0.848340278125 0.581058096875 0.86197266875 0.5883040937499999 0.87639 0.591488040625 0.8935050640625001 0.5918476921875 0.90966929375 0.5907687375 0.9229810109375001 0.5778212234375 0.9239318390625 0.5634350968749999 0.91632514375 0.55264550625
0 0.811257684375 0.5458120765625 0.8007984546875001 0.544733121875 0.7855850906249999 0.548689303125 0.7751258937500001 0.55768063125 0.7713225234375 0.5720667609375 0.7751258937500001 0.5842949749999999 0.783683421875 0.5918476921875 0.8010101015625001 0.5959964015625 0.8207660484374999 0.5918476921875 0.8321760796875 0.5868125625 0.83597944375 0.573865028125 0.835028609375 0.5587595984375 0.8226677171875 0.5465313843749999 0.811257684375 0.5458120765625
0 0.32015045937500003 0.5702684984374999 0.3096912625 0.5727860734375 0.30018286562499996 0.577461559375 0.290674534375 0.5882511578125 0.2873465671875 0.5990407531249999 0.2911498984375 0.6080320890625 0.29875663124999996 0.6137865546875 0.311117496875 0.6170234203125 0.3250742734375 0.619883040625 0.340118053125 0.617383084375 0.351528053125 0.6109093156250001 0.356757684375 0.5965231906249999 0.34820008593749996 0.5803387859375 0.3344129890625 0.5713474578125 0.32015045937500003 0.5702684984374999
0 0.4237916359375 0.5619964734375 0.3966928078125 0.5598385671874999 0.37910224531250003 0.5645140484375 0.36721681875 0.5803387859375 0.37006941250000003 0.592926659375 0.3828282828125 0.610166440625 0.4014470046875 0.613426890625 0.41856206875 0.61162861875 0.43377540156250005 0.5976021578124999 0.4352017 0.5839353234375 0.4328245984375 0.569189534375 0.4237916359375 0.5619964734375
0 0.47371059375 0.552285834375 0.4494642296875 0.5591192515625 0.44280843281250004 0.5713474578125 0.4437592296875 0.5886108218749999 0.45374299531249995 0.59832145 0.4546938609375 0.5990407531249999 0.47961972656249996 0.6040935671875001 0.50128485 0.601558328125 0.51412115 0.592926659375 0.516973615625 0.574584340625 0.5122194171875 0.56271578125 0.4932026890625 0.552285834375 0.47371059375 0.552285834375
0 0.52838374375 0.5670316359375 0.5255312140624999 0.5842949749999999 0.536941278125 0.6011986874999999 0.550728375 0.6044355546875 0.56838978125 0.6032838500000001 0.5873355984375 0.5932863125 0.5892372671875 0.576022959375 0.5840077 0.5612771624999999 0.562613871875 0.552285834375 0.5364658453125 0.5591192515625 0.52838374375 0.5670316359375
0 0.7408957640625 0.5562420359375 0.72948566875 0.5497682671875 0.71664940625 0.5458120765625 0.7019114390625 0.5461717328125 0.6885997109375 0.5548034046875 0.6847963796875 0.5666719671875 0.6908496734375 0.58708951875 0.705239375 0.5972424937499999 0.7252069359375 0.5972424937499999 0.7423219999999999 0.59220735625 0.7513549625 0.57961949375 0.74945329375 0.5645140484375 0.7408957640625 0.5562420359375
0 0.60968029375 0.55444376875 0.5992210328125 0.571707109375 0.6020735609375001 0.5857335828125 0.6206148609375 0.5968828421875 0.653951278125 0.5959964015625 0.6710092453125001 0.5886108218749999 0.673386346875 0.569189534375 0.664353384375 0.5555227203124999 0.6472383203125001 0.549048975 0.6201394921875 0.54761034375 0.60968029375 0.55444376875
0 0.3895615140625 0.522074959375 0.3757744125 0.5148818953125 0.356757684375 0.513083628125 0.33821632031250004 0.5145222421875 0.3287079890625 0.5202766921875 0.3287079890625 0.5235135750000001 0.3250742734375 0.5393162390625 0.3306096578125 0.5504875703125001 0.34439681875 0.5598385671874999 0.3653152140625 0.5619964734375 0.3867090421875 0.5566016765625 0.393840278125 0.5454524375 0.3895615140625 0.522074959375
0 0.42569336875 0.5060256796875 0.41190620312500004 0.5146573609375 0.406676571875 0.530122465625 0.41095534218749996 0.5434296234375 0.421889903125 0.5509823359375 0.43852959843750006 0.5540841015625 0.4556447265625 0.5497682671875 0.46562849218749996 0.5407769390625 0.47085805937499997 0.52567149375 0.4646775609375 0.5105660609375 0.44566083437500004 0.5040922953125 0.42569336875 0.5060256796875
0 0.3177733578125 0.45927075781250004 0.3049370640625 0.46034971718750006 0.2925761984375 0.46790244531249997 0.2873465671875 0.4837271828125 0.2901991015625 0.49991157968750005 0.2973303953125 0.505666028125 0.311117496875 0.5099818625 0.3253800265625 0.5103415265625 0.337908496875 0.5049032828125 0.34772472187500003 0.49811330781249996 0.3534297171875 0.48768337187500005 0.3505771875 0.4729375828125 0.34297051875 0.46574451406249995 0.3334621875 0.461069028125 0.3177733578125 0.45927075781250004
0 0.4199883046875 0.45783214531249994 0.40952910625000005 0.4531566515625 0.3985944765625 0.4517180484375 0.38005318125 0.45495491875000005 0.3686431171875 0.46466555937500004 0.3634135515625 0.479411340625 0.367692315625 0.48912197968750004 0.3801544859375 0.498830409375 0.38765984531250003 0.500990534375 0.4090536734375 0.5020694984375 0.41903750312500004 0.49451677656250004 0.43092293593750003 0.4797710125 0.4271196046875 0.46826209687500003 0.4199883046875 0.45783214531249994
0 0.48179268906250006 0.4531566515625 0.46990725624999996 0.452797 0.4494642296875 0.45495491875000005 0.4437592296875 0.468621740625 0.4437592296875 0.4848061375 0.4499396625 0.4948764328125 0.45876411250000004 0.5004498421875 0.47323516093749995 0.5027888015624999 0.4955797859375 0.49991157968750005 0.5017602828125 0.49056060312499994 0.51031781875 0.4740165421875 0.49653065312500005 0.45747249375 0.48179268906250006 0.4531566515625
0 0.50461281875 0.5006308828125 0.48939942187499996 0.5099818625 0.48179268906250006 0.5247276640625 0.4874977546875 0.53983309375 0.4993831875 0.5441489265625 0.5183999140625 0.5484647609375 0.5393183109375 0.5427103203125 0.54549874375 0.5322803640625 0.5459741765625 0.5150170125 0.5378920796875 0.5045870640625 0.5203015828125 0.5006308828125 0.50461281875 0.5006308828125
0 0.577351834375 0.49955193124999997 0.562613871875 0.5124994375 0.562613871875 0.527604878125 0.5673680046875 0.5409120609375 0.5825814015625 0.5459471984375 0.6052881765625 0.5461988296875 0.624893625 0.5355172593749999 0.6267953578125 0.517534603125 0.623467390625 0.50890290625 0.614434428125 0.49991157968750005 0.6020735609375001 0.49703435625000003 0.577351834375 0.49955193124999997
0 0.9548340328125 0.5020694984375 0.9386698078125001 0.4909202421875 0.9187022406249999 0.48552545 0.9025379953125 0.49020093906250006 0.8935050640625001 0.496315040625 0.8863738015625 0.5045870640625 0.8849673203125 0.5178587484375 0.899685496875 0.5351575953125 0.9139480593749999 0.5394734406249999 0.9367681390625 0.5409120609375 0.9505552671874999 0.5329996796875001 0.9576865515625 0.5214907734375 0.9548340328125 0.5020694984375
0 0.8245693468749999 0.49056060312499994 0.8131593468749999 0.49847296406249997 0.8069789203125 0.512139796875 0.8084051499999999 0.522569728125 0.81601185 0.5355172593749999 0.8326515140625 0.53983309375 0.8331269140625001 0.5401927453125001 0.8507427218749999 0.5397210968749999 0.8630782734375 0.536955865625 0.8749637375000001 0.5265259234374999 0.8716358015625 0.504946728125 0.8611766046874999 0.49667469999999997 0.8469140421875 0.4909202421875 0.8245693468749999 0.49056060312499994
0 0.682419278125 0.4991922671875 0.6719600796874999 0.49883261562500003 0.6619762828125 0.49955193124999997 0.6543695828125 0.5027888015624999 0.6472383203125001 0.5099818625 0.64486121875 0.51645561875 0.6462874859375 0.5294031375 0.651041684375 0.540552396875 0.665779646875 0.543789275 0.6806892453125 0.543364821875 0.6938293421874999 0.5394734406249999 0.702386871875 0.5315610609375 0.702386871875 0.5193328625 0.7014360046875 0.5107011781249999 0.6933539093750001 0.5038677609375 0.682419278125 0.4991922671875
0 0.774650428125 0.49847296406249997 0.7603878609375 0.496315040625 0.7366169671875 0.500990534375 0.7271086046875 0.5146573609375 0.7261577703125 0.5304821046875 0.74379085 0.5413405296875 0.7627649625 0.5434296234375 0.779880059375 0.538034821875 0.79033925625 0.5290434859375 0.7936671546875 0.5186135468749999 0.7860604859375 0.506745 0.774650428125 0.49847296406249997
0 0.7451745296875 0.452077696875 0.7323382359374999 0.4466828953125 0.7061902078125 0.44344601250000004 0.6905014125 0.44812151875 0.680517615625 0.461069028125 0.6828282828125001 0.476563203125 0.6909768125 0.48696407343750003 0.7114198078125 0.491279903125 0.7370924015625 0.4898412875 0.7427974328125 0.4833675421875 0.7485024328125001 0.47077967656249997 0.7451745296875 0.452077696875
0 0.64486121875 0.44991978125000004 0.6310741234374999 0.447042546875 0.6220411609375 0.447042546875 0.6120573265625 0.4531566515625 0.601598128125 0.4671831453125 0.6039752296875001 0.4812096078125 0.6111065296875 0.48912197968750004 0.6197266796875 0.493972109375 0.6367791234375 0.49451677656250004 0.6496154171875 0.49307817031249995 0.6605500484375 0.48408684218750003 0.6653042140625 0.466104178125 0.658648353125 0.45531457968750005 0.64486121875 0.44991978125000004
0 0.5573841765624999 0.44884081406250004 0.538842940625 0.449560125 0.5293345453125 0.4545952671875 0.5222032453125001 0.46682347812499997 0.5226786796875 0.4819289109375 0.5269574484375 0.491279903125 0.5416518124999999 0.4968061171875 0.5645154703124999 0.49811330781249996 0.5787780687499999 0.49307817031249995 0.5840077 0.4754551578125 0.5863847328125 0.4607093765625 0.572122203125 0.449560125 0.5573841765624999 0.44884081406250004
0 0.9139480593749999 0.45927075781250004 0.9039642625000001 0.4456039359375 0.8935050640625001 0.4416477484375 0.8749637375000001 0.44056879374999997 0.859274940625 0.43984948125 0.8497665718749999 0.44344601250000004 0.8421598765624999 0.45135838906250003 0.842186571875 0.4672514609375 0.8502419734375 0.482288575 0.8626028390625 0.4848061375 0.8892263 0.48552545 0.9039642625000001 0.4819289109375 0.9134726421874999 0.471858628125 0.9139480593749999 0.45927075781250004
0 0.8321760796875 0.4607093765625 0.8307498453125 0.449560125 0.8240939781250001 0.44488463125 0.7908146890625 0.44092845 0.7770275234375 0.44200740156249996 0.7656174921875001 0.4502794296875 0.7613387265625 0.4650252109375 0.764646465625 0.47615834375 0.7741750265625 0.48408684218750003 0.7960442515625 0.48840266874999994 0.8207660484374999 0.48660440468750005 0.8293235453125 0.4797710125 0.8326515140625 0.471139315625 0.8321760796875 0.4607093765625
0 0.5241049140625 0.40012608125 0.51031781875 0.398327809375 0.4889239890625 0.40264366875 0.47751392499999995 0.41738943281249996 0.48179268906250006 0.4350124609375 0.4908255875 0.4452442796875 0.513170346875 0.44760034062500004 0.5298099781250001 0.44508274062500003 0.543597075 0.4375300125 0.548351278125 0.4181087375 0.5402691765625 0.40444193906250003 0.5241049140625 0.40012608125
0 0.28533870625 0.40582499531250005 0.2720270046875 0.40366707343749997 0.2563382078125 0.41014082968750004 0.2487315140625 0.41805319374999994 0.243977346875 0.43136037656250004 0.24350191406250002 0.44286928750000004 0.2544860375 0.4551057125 0.2725024390625 0.45869402031249995 0.290092903125 0.45689574843749997 0.3057817328125 0.4435885796875 0.30910963125 0.427763834375 0.2976995984375 0.410860134375 0.28533870625 0.40582499531250005
0 0.374717384375 0.40304606875 0.35665145468750004 0.399809190625 0.33620849218750004 0.399809190625 0.324323059375 0.40987951875000006 0.319093428125 0.42246736875 0.3205196953125 0.436134178125 0.330503459375 0.4433272265625 0.3428643578125 0.4476431015625 0.36235651875 0.4501606515625 0.37709448125 0.4433272265625 0.3861274484375 0.43865176562499997 0.3918324484375 0.429300753125 0.3894553796875 0.41599358750000004 0.38470118124999997 0.40772157968749995 0.374717384375 0.40304606875
0 0.4455547328125 0.399809190625 0.427964240625 0.39837058281250004 0.40466874375 0.40556364375 0.396586646875 0.41779185781250006 0.3975374765625 0.4307393765625 0.409422940625 0.4397307078125 0.42828282812499996 0.44857129999999995 0.45078433125000006 0.44656410468749996 0.456964796875 0.44188861875 0.4617189625 0.43541486249999994 0.46647314375000004 0.421748040625 0.458866465625 0.40772157968749995 0.4455547328125 0.399809190625
0 0.654256459375 0.35269461875 0.643321828125 0.3447822546875 0.62382966875 0.342624328125 0.6048129359375001 0.348019121875 0.5962553749999999 0.36420351875 0.5961972671875 0.3797453890625 0.604337503125 0.38722132343750004 0.622878834375 0.3922564734375 0.646649759375 0.3890195953125 0.6618631234375 0.38470376093750003 0.6628139890625 0.36600178906249997 0.654256459375 0.35269461875
0 0.552992346875 0.3429839953125 0.5349264171875 0.34442259062499997 0.5206638875 0.351256 0.5154342562500001 0.3645631828125 0.5197129578124999 0.37679138125 0.5282705562500001 0.38937924687500003 0.5501398187500001 0.3929757765625 0.567855021875 0.3922959953125 0.5838945078125 0.38146688281249996 0.5872224765625 0.3695983203125 0.583419075 0.357010453125 0.5710582140625 0.3462208625 0.552992346875 0.3429839953125
0 0.713208315625 0.34082605625 0.70465078125 0.3404664046875 0.6932407484375 0.3429839953125 0.6823060859375001 0.350536696875 0.678027353125 0.359528028125 0.6785027859375 0.374993121875 0.6837323843750001 0.38254584999999997 0.6960932515625 0.38865994375 0.7127748078125 0.3902717046875 0.731274240625 0.3857827171875 0.7417334062500001 0.3782300046875 0.7422088390625 0.3573701171875 0.7384055078125 0.346940165625 0.72889714375 0.3419050125 0.713208315625 0.34082605625
0 0.57248444375 0.40016884218750004 0.5620252453125001 0.41239705625 0.55964815 0.42462526718750004 0.5682056796875 0.4397307078125 0.5819928390625 0.4440465546875 0.6090314921875 0.4441178578125 0.6205017328125 0.437213134375 0.6247804968749999 0.42210769218750005 0.62002633125 0.4084408828125 0.6067146046875 0.399809190625 0.5872224765625 0.3958530078125 0.57248444375 0.40016884218750004
0 0.6618631234375 0.39009855 0.643321828125 0.40052850624999997 0.6347643 0.4170725671875 0.6390430640625 0.43253763593750005 0.6715983375000001 0.44330814218750003 0.689437384375 0.43901140468750005 0.70465078125 0.4257042234375 0.7084541125 0.4095198375 0.698470346875 0.3958530078125 0.68420781875 0.39117751875 0.6618631234375 0.39009855
0 0.7327004765625 0.390458203125 0.72129044375 0.40016884218750004 0.7179624812500001 0.4145549796875 0.7236675453125 0.4278621734375 0.735077571875 0.43433590625 0.747913871875 0.4382920890625 0.76411170625 0.4388547 0.7821439625 0.42750249374999993 0.7849964968750001 0.40987951875000006 0.779291496875 0.399809190625 0.7707339671875 0.39189682187499997 0.7540943046875 0.3879406515625 0.7327004765625 0.390458203125
0 0.8391941875000001 0.38638056249999997 0.823505390625 0.38781919375 0.8116199249999999 0.3978894734375 0.8054394921875 0.41191595937500003 0.806865759375 0.424503809375 0.8130461609375 0.4327758421875 0.832560903125 0.43751866875 0.8458500484375 0.43817063125000005 0.8629651125000001 0.432416178125 0.8672438765624999 0.4151528625 0.8662930484375 0.39968773281250003 0.8572601125 0.390696409375 0.8391941875000001 0.38638056249999997
0 0.8258824859375 0.3550907375 0.8158986890625 0.3453801015625 0.7926031984375 0.33746773281250003 0.775488134375 0.33746773281250003 0.7602747375 0.3496959359375 0.7550451390624999 0.35832761562500004 0.75555555625 0.365453890625 0.7631272359375 0.3766699234375 0.775488134375 0.38494195468750003 0.7968819625 0.387099865625 0.8111445234374999 0.38386298750000003 0.8225545234375 0.3748716640625 0.8258824859375 0.3550907375
0 0.9528192078125001 0.4140738703125 0.9461633421875 0.398249125 0.9309499625000001 0.3853016078125 0.9071790375000001 0.38170507656249997 0.8857852078124999 0.38781919375 0.8801544859374999 0.4027008546875 0.878653940625 0.412994915625 0.8881623046874999 0.427021384375 0.9000477703125 0.43385479687500006 0.919064503125 0.43709167656250003 0.93950748125 0.43385479687500006 0.9528192078125001 0.4140738703125
0 0.9057527859375 0.345739753125 0.8910148234375 0.33962564375 0.87389974375 0.3342308421875 0.8520305140625 0.33746773281250003 0.8429975515624999 0.3511345421875 0.838978015625 0.36990733124999997 0.8534567484375 0.382064728125 0.8753260109375001 0.3842226515625 0.8886377218750001 0.3824243921875 0.9014740218749999 0.378108546875 0.9081298875 0.3586872671875 0.9057527859375 0.345739753125
0 0.24050993593749997 0.3584406765625 0.22624740625 0.358081025 0.2067553109375 0.36671269687499997 0.202951909375 0.3775023 0.2024764765625 0.3908094703125 0.2124603109375 0.40052012187499997 0.22434573750000003 0.405555246875 0.23309566249999997 0.40814215000000004 0.2509691984375 0.40699386562499995 0.2671333953125 0.39620425937500003 0.2680842625 0.3796602140625 0.26760882812500003 0.3695899359375 0.2566741984375 0.3616775546875 0.24050993593749997 0.3584406765625
0 0.1549346203125 0.3645547859375 0.1416229578125 0.364195134375 0.12878659374999998 0.3670723484375 0.1192782625 0.38073920625 0.1192782625 0.4001604578125 0.1316391921875 0.4134676234375 0.1544860375 0.41623931562500005 0.17442685 0.41023074531250003 0.18583685 0.3947656515625 0.1848860484375 0.378581271875 0.173951353125 0.367432 0.16349221875 0.365633740625 0.1549346203125 0.3645547859375
0 0.048916346875 0.3749847375 0.0398834484375 0.38793226718749996 0.0360800484375 0.399081490625 0.0432112828125 0.4116693515625 0.0579493109375 0.41886241718750006 0.0669822078125 0.422458959375 0.0855020796875 0.42231219062500003 0.10549116562500001 0.40843247343750005 0.1064420328125 0.39512533125 0.10216326718749999 0.3796602140625 0.0826711015625 0.36994957500000003 0.0693593109375 0.3695899359375 0.048916346875 0.3749847375
0 0.407381865625 0.351247603125 0.3893159671875 0.3483703890625 0.377905903125 0.3483703890625 0.365069609375 0.35664240468749997 0.3569875078125 0.367432 0.35461041249999997 0.38361639687500004 0.37373737500000004 0.3955915421875 0.388840503125 0.39728323125 0.40785726718750004 0.393686696875 0.4178410640625 0.387572590625 0.4202181609375 0.3753444125 0.4178410640625 0.3609582390625 0.407381865625 0.351247603125
0 0.3194294484375 0.3516072671875 0.297084759375 0.3501686484375 0.2823467921875 0.35664240468749997 0.2742646953125 0.37138820625 0.27474012812500004 0.3828971046875 0.28947809062499996 0.39296738124999997 0.2961339578125 0.39404634843749997 0.3133095671875 0.39802069218749997 0.32893781875 0.3965639109375 0.3432003796875 0.3872129390625 0.348429978125 0.3703092265625 0.33987244843750003 0.35987928281250003 0.33274118124999996 0.35412482968750003 0.3194294484375 0.3516072671875
0 0.45872705312499995 0.3483703890625 0.4425628234375 0.35412482968750003 0.43495612812499995 0.3695899359375 0.43875945937500005 0.381098846875 0.4454153265625 0.388651546875 0.456825384375 0.393686696875 0.47373737499999996 0.393972109375 0.49153091406250005 0.392607728125 0.5019901124999999 0.3775023 0.5024655453125 0.3659934046875 0.49818674375 0.358081025 0.48439964687500003 0.3501686484375 0.45872705312499995 0.3483703890625
0 0.074752165625 0.257211340625 0.0498206421875 0.264828109375 0.0368755515625 0.2764346484375 0.037355015625 0.29493249062500004 0.0479029140625 0.307627125 0.0642041984375 0.3127049796875 0.0813919625 0.3111637578125 0.09297117656250001 0.3065390078125 0.10351914375 0.2967460125 0.101601353125 0.2731702921875 0.0915329140625 0.2601129953125 0.074752165625 0.257211340625
0 0.138998503125 0.24923189531249998 0.11694370624999999 0.260838371875 0.11119038437499999 0.27389569687500004 0.11598490312500001 0.2898546640625 0.13132725625 0.298559534375 0.15311814375 0.30218133593749996 0.1696832734375 0.294207084375 0.18071070625000002 0.2829632875 0.17831344843750002 0.26627893125 0.167286015625 0.2535843078125 0.1533819890625 0.24886917031250003 0.138998503125 0.24923189531249998
0 0.0757110328125 0.251408096875 0.10447807499999999 0.2535843078125 0.12557387656250002 0.2445167203125 0.12797113437500002 0.2213037 0.11860329375 0.20745762812500002 0.0953684390625 0.2064328546875 0.0848206046875 0.207520975 0.0632453375 0.21223611406249998 0.057971353125 0.2408896875 0.0757110328125 0.251408096875
0 0.06228640625 0.343897453125 0.071395909375 0.360219109375 0.0963274328125 0.36638508125 0.12125882343750001 0.3598564453125 0.1351629140625 0.35260237656250004 0.138039571875 0.3388196234375 0.1369393109375 0.3262705546875 0.1270122078125 0.3156065953125 0.11119038437499999 0.31089148125 0.0891356578125 0.3145185015625 0.0752315671875 0.32249797187499996 0.06228640625 0.343897453125
0 0.1893408125 0.35695477656249996 0.207080428125 0.351514234375 0.21714893124999998 0.343897453125 0.2195461875 0.328301203125 0.2137927375 0.3127049796875 0.1957224171875 0.30626425468749996 0.17447779218749998 0.3083525296875 0.1629710265625 0.31415578593750004 0.1543409203125 0.33337905624999997 0.162012096875 0.3497007125 0.1893408125 0.35695477656249996
0 0.2665323109375 0.293481684375 0.23680633750000002 0.3010984609375 0.22817629374999998 0.31197955 0.23345021406250002 0.327213134375 0.24112145468750001 0.3399077453125 0.26151635781250004 0.3450519796875 0.283313059375 0.343897453125 0.29002536874999996 0.33773150625000004 0.2981760109375 0.3275758015625 0.2981760109375 0.30617631562500003 0.2842719890625 0.297108728125 0.2665323109375 0.293481684375
0 0.2598199953125 0.260838371875 0.2425597859375 0.2506826921875 0.2272173 0.2463302421875 0.2085188234375 0.24596753906250002 0.1950941984375 0.2510454171875 0.1898202140625 0.26736706093749996 0.1973403 0.2858496640625 0.20564203281250001 0.2913054703125 0.234888540625 0.29456982656249997 0.24543650781249998 0.2913054703125 0.2564638078125 0.2822378828125 0.2564638078125 0.2760719109375 0.2598199953125 0.260838371875
0 0.22482003750000001 0.2198528953125 0.2123544125 0.1973652796875 0.1936558015625 0.192287425 0.1696832734375 0.1948263515625 0.15257885 0.20623275312499997 0.14810800468750002 0.219490178125 0.160094240625 0.23726265156249998 0.17735451875 0.244154028125 0.20132704218750003 0.2463302421875 0.21714893124999998 0.23798806875 0.22482003750000001 0.2198528953125
0 0.1523340328125 0.6835771625 0.13759606875 0.6893316078125 0.1290384765625 0.7001212109375 0.1276123046875 0.7231390046875 0.13712063593749999 0.7324900046875 0.15613736875 0.7378847937499999 0.175341653125 0.7368870890625 0.1898921234375 0.7256565828125 0.19607255625 0.71882320625 0.1970233578125 0.7033580890625 0.18846582812499998 0.6914895421875 0.17277706406249999 0.6839368140625 0.1523340328125 0.6835771625
0 0.062955384375 0.7029984375 0.0458402625 0.7206214531249999 0.05154532656250001 0.7425602828125 0.06485698906250001 0.7522709187500001 0.0881758765625 0.7563202875 0.1114480421875 0.745437521875 0.114775940625 0.731051396875 0.1123988453125 0.7101915015625 0.1000380484375 0.702279121875 0.083398353125 0.6968843312499999 0.062955384375 0.7029984375
0 0.20415465781250003 0.7004808625 0.20415465781250003 0.723498671875 0.215564721875 0.732130340625 0.22935181875000002 0.7378847937499999 0.24171271718749998 0.738604121875 0.26090315 0.7324336484375 0.270713240625 0.7202617890624999 0.271664075 0.698682590625 0.25977860937499997 0.6878930125 0.2407618828125 0.6839368140625 0.21984348593749997 0.6860947375 0.20415465781250003 0.7004808625
0 0.3320421609375 0.681778890625 0.31492713437500003 0.6814192390625 0.30399253437499996 0.68753334375 0.2916316046875 0.6983229390625 0.2897299671875 0.715586303125 0.3025662671875 0.7274548546874999 0.3138443265625 0.7324336484375 0.331566796875 0.734288275 0.3515343578125 0.7249372796875 0.357239390625 0.71091080625 0.35296062031250003 0.69184921875 0.3467801921875 0.6871736921875 0.3320421609375 0.681778890625
0 0.1361697703125 0.580356671875 0.12618600468750002 0.5915059265625 0.1257106421875 0.611646509375 0.136645203125 0.62423436875 0.149481503125 0.62819055 0.176411171875 0.627170490625 0.190842925 0.615602696875 0.1951216890625 0.6015762234375 0.18751502656250002 0.587909396875 0.173252428125 0.5789180640625 0.1509078015625 0.5767601421874999 0.1361697703125 0.580356671875
0 0.07341458281249999 0.574961875 0.055824090625 0.5810759875 0.0406106953125 0.5954621140625 0.0429877921875 0.6148833812500001 0.0601027921875 0.6278308984375001 0.0887106359375 0.6312190734375001 0.1052675453125 0.6238747171875 0.1123988453125 0.6127254703125 0.1128743421875 0.601216559375 0.1057430421875 0.585391834375 0.0881525515625 0.5781987734375 0.07341458281249999 0.574961875
0 0.2117613203125 0.6400591140625 0.1913183578125 0.6357432875 0.1699245296875 0.6422170359375 0.16136699999999998 0.6540855828125001 0.163744096875 0.66667345 0.17230163125 0.6738665265625 0.1860368390625 0.6802069265624999 0.2022529890625 0.681778890625 0.2179417546875 0.6781823609375001 0.230302653125 0.669191025 0.22935181875000002 0.6544452515625 0.22364681874999998 0.645453915625 0.2117613203125 0.6400591140625
0 0.24599148125 0.57752585 0.22079428281250002 0.578245153125 0.2112859515625 0.5886750937499999 0.20890885625000002 0.6009033078125 0.2136629890625 0.618166671875 0.22840101562499998 0.624280765625 0.23743394687500002 0.625719371875 0.25181224062499996 0.6267494375 0.25977860937499997 0.62248249375 0.26976240625000003 0.616728053125 0.27546740625 0.6044998374999999 0.270713240625 0.5901137000000001 0.2626311125 0.5847189109375 0.24599148125 0.57752585
0 0.2925824703125 0.6318334812499999 0.2759428390625 0.6293159187499999 0.2664344765625 0.632552796875 0.25502441249999996 0.6404651734375 0.25169648125 0.6548512875 0.26072944374999996 0.671035696875 0.27694593125 0.6765470078125 0.29686123593749997 0.67535151875 0.305894165625 0.667439153125 0.3135008984375 0.659167134375 0.31492713437500003 0.6465792718750001 0.3063695984375 0.6379475984375 0.2925824703125 0.6318334812499999
0 0.053446989062500005 0.6458599796875 0.044889459375 0.6631233203125 0.0482173578125 0.67679015 0.0615291546875 0.6897376687500001 0.0810212515625 0.6904569953124999 0.1015448609375 0.6878830406249999 0.1123988453125 0.6796673921874999 0.1176284765625 0.659886465625 0.1038413796875 0.6440617078125 0.0891034171875 0.6390265546875 0.073890015625 0.63686863125 0.053446989062500005 0.6458599796875
0 0.193402903125 0.41417202499999994 0.1748615453125 0.42136509375 0.16677944375 0.4264002390625 0.1601235828125 0.44006706093750003 0.16392691406249998 0.4530145796875 0.176411171875 0.46198830312499994 0.191976609375 0.465602440625 0.2147967 0.463084878125 0.23096093125 0.4458215140625 0.23096093125 0.432874 0.2162229671875 0.41848786562500007 0.193402903125 0.41417202499999994
0 0.08453209687499999 0.42963711718750003 0.0769253 0.4476197734375 0.0854828984375 0.4652427890625 0.09974542812500001 0.469558628125 0.1178113578125 0.470997246875 0.1330956625 0.4652271703125 0.14538561562500002 0.4551725015625 0.14443481875 0.43754948593750004 0.13397555625 0.42172475781249996 0.10307332656249998 0.42028613437500006 0.08453209687499999 0.42963711718750003
0 0.21337047031249998 0.5267434984375 0.196255375 0.523866271875 0.1748615453125 0.530340040625 0.1672548765625 0.547243740625 0.168924540625 0.563202878125 0.18294370625 0.5731388015625 0.206239171875 0.5756563515625001 0.22002633125 0.5713405296875 0.2262067640625 0.5630684734375 0.226682165625 0.5440068625000001 0.21337047031249998 0.5267434984375
0 0.20243583906249998 0.49725194375 0.211944203125 0.510918753125 0.234288865625 0.5152345875 0.2495022625 0.5130766765625 0.26376482343749996 0.500488809375 0.2675681546875 0.483585109375 0.263576946875 0.471704903125 0.24902682812500002 0.465602440625 0.22905926718749997 0.465602440625 0.2114688015625 0.473514809375 0.20291127343749998 0.4868219921875 0.20243583906249998 0.49725194375
0 0.2808798875 0.5177521625 0.259010625 0.5217083484375 0.248551428125 0.5342962234375 0.245223496875 0.5490419875 0.2575843578125 0.56234919375 0.2822935234375 0.5660368859375 0.3017982828125 0.561629865625 0.30797871718750003 0.5555157484375 0.3098804125 0.5404103203124999 0.30702788281250004 0.5332172546875 0.3008474484375 0.5245855984375 0.2808798875 0.5177521625
0 0.09404042812499999 0.53357691875 0.08358122968750001 0.5454454703125 0.085007465625 0.56234919375 0.099270059375 0.57385808125 0.1224004765625 0.57858749375 0.13730351875 0.5699018953125 0.1477627171875 0.5573140203125 0.14443481875 0.539691015625 0.134450984375 0.531418984375 0.1163851234375 0.5267434984375 0.09404042812499999 0.53357691875
0 0.12256555625000001 0.50912048125 0.1358772828125 0.5188311171875 0.15394315 0.5224276640625 0.1729598765625 0.5181118140625001 0.186271609375 0.5069625703125 0.18769783906249998 0.486462340625 0.1817587640625 0.47615834375 0.1634515453125 0.4731551578125 0.15013981875 0.474234125 0.134450984375 0.47783065625 0.12256555625000001 0.49077817343749996 0.12256555625000001 0.50912048125
0 0.0460231390625 0.48538337187499997 0.0388918390625 0.5030064125 0.0441214765625 0.51667320625 0.0545807375 0.52098906875 0.0726465984375 0.52350661875 0.0897801546875 0.52312190625 0.09974542812500001 0.5177521625 0.10830295781249999 0.49976950625 0.10307332656249998 0.4839447609375 0.088335428125 0.47819030781249994 0.0655153 0.4749534296875 0.0460231390625 0.48538337187499997
0 0.157435278125 0.09470142499999999 0.1507794125 0.113043740625 0.1560090421875 0.13318433125 0.17074700468749998 0.1378598171875 0.1945929890625 0.1401178578125 0.2083050328125 0.1313860609375 0.21305922968750002 0.1231140328125 0.21448552968749998 0.1022541421875 0.203075465625 0.090025946875 0.1802554015625 0.0846311296875 0.157435278125 0.09470142499999999
0 0.0480890328125 0.10872790624999999 0.0518924328125 0.1292281375 0.06710576406249999 0.1414563515625 0.0919191921875 0.139713 0.107516384375 0.12994744062500002 0.11227051875 0.1101665140625 0.1013358875 0.0929031625 0.0780403953125 0.0911048953125 0.0575974328125 0.09470142499999999 0.0480890328125 0.10872790624999999
0 0.0556957640625 0.1500880203125 0.0371544015625 0.1583600640625 0.028596871875000002 0.17670237187499999 0.033826503125000004 0.18857091875 0.0438102671875 0.19612364843750002 0.055555556250000006 0.198417453125 0.0775650265625 0.19612364843750002 0.0908766890625 0.1892902234375 0.099434225 0.1705882625 0.0956308875 0.15871970468750002 0.0808928609375 0.1500880203125 0.0556957640625 0.1500880203125
0 0.208780465625 0.1432546109375 0.1968950328125 0.151167 0.1930917 0.16663206875 0.199272134375 0.18353579375 0.212108428125 0.1871323234375 0.23042186562500003 0.1899154296875 0.24538768906250003 0.184255084375 0.2534697859375 0.17274619062500002 0.2567977546875 0.1619565953125 0.24443688749999998 0.1443335796875 0.22351836406249997 0.1392984296875 0.208780465625 0.1432546109375
0 0.133664346875 0.14001773281250002 0.1198772515625 0.146491490625 0.11179508593750001 0.1540442140625 0.1113197171875 0.1687899921875 0.11750015 0.17993925156249999 0.13081181875 0.1874919640625 0.14032015 0.19072885781249999 0.156625075 0.1891057125 0.162664909375 0.1838954328125 0.17455033749999999 0.17274619062500002 0.1735994703125 0.1580004015625 0.161238609375 0.1461318375 0.1493531765625 0.1407370359375 0.133664346875 0.14001773281250002
0 0.572910225 0.23498423124999998 0.59335321875 0.2364228375 0.6047632515625 0.23246667968749998 0.6166487109375 0.2170015625 0.61522248125 0.2026154375 0.6066649468749999 0.19254515 0.5913844328125 0.18304093593749998 0.5724348234375001 0.1828344984375 0.5581722625000001 0.19434342031250001 0.5510409953125001 0.20908919843749998 0.557696828125 0.223115684375 0.572910225 0.23498423124999998
0 0.5063516359375 0.23714214218750002 0.5253683687499999 0.233185959375 0.5324996625 0.22958942968749999 0.5415325984375 0.2062119671875 0.5272700328125 0.1914661828125 0.5101010109375 0.18587494375 0.49018744375 0.1878696484375 0.47544947656250003 0.1954223640625 0.471170646875 0.21556295468750003 0.4806790421875 0.2317473515625 0.5063516359375 0.23714214218750002
0 0.48638404218750003 0.08536848124999999 0.474498609375 0.0961580734375 0.46831818125 0.109105590625 0.47164607968750005 0.1227724125 0.48162990937499994 0.1328427 0.5052881765625 0.134862796875 0.5229912671875 0.13176374062500001 0.532975096875 0.117017975 0.5301225671875 0.10011425468749999 0.5177617 0.085728125 0.5054008390625 0.0850088171875 0.48638404218750003 0.08536848124999999
0 0.4607114484375 0.1371585421875 0.4393176203125 0.1382374984375 0.432186384375 0.144351603125 0.43171095781249996 0.16197462812500002 0.441219353125 0.178159025 0.452629353125 0.185352084375 0.471063578125 0.18627980156249999 0.48876114375 0.178878315625 0.4968433046875 0.1612553125 0.49066280781250005 0.14830779375 0.47972824531249997 0.13751819375000002 0.4607114484375 0.1371585421875
0 0.5206141718749999 0.176360753125 0.5410571984375 0.1828344984375 0.56197559375 0.17959761875 0.572910225 0.164492190625 0.571959390625 0.14471125468749998 0.562507428125 0.13648223125 0.5367784328125 0.1314041046875 0.5210896046875 0.13751819375000002 0.5111058390625 0.14758849062499999 0.5111058390625 0.1637728859375 0.5206141718749999 0.176360753125
0 0.6118945453125 0.28317776875 0.6408950421874999 0.2853356796875 0.6556330375 0.2673530125 0.6561084390625 0.25440549375 0.6513542734375 0.24433520625 0.6416518124999999 0.23729194687500002 0.621878278125 0.233185959375 0.608566615625 0.2389404125 0.5947794859375 0.25260724687499997 0.5981074171875 0.2698705875 0.6118945453125 0.28317776875
0 0.5177617 0.270589890625 0.5263192359375 0.2817391625 0.5467622296875 0.28569534375 0.56197559375 0.28389707343750004 0.573861059375 0.2752654046875 0.577664421875 0.26123894375 0.57100855625 0.24793174843750002 0.561437909375 0.23891138125000003 0.5496147265625 0.23714214218750002 0.5377292296875 0.24001936875 0.5215650328125 0.2504493359375 0.516810834375 0.261598559375 0.5177617 0.270589890625
0 0.434088053125 0.270589890625 0.443596384375 0.28030052968749997 0.45738355156250005 0.2871339515625 0.4787773796875 0.287493590625 0.492564540625 0.277423340625 0.49874497343749996 0.265554765625 0.493990775 0.25152827968749997 0.4806892453125 0.2401259546875 0.46308855156249995 0.2353438828125 0.44977681875000003 0.24001936875 0.4388422515625 0.24793174843750002 0.4336126203125 0.2590810078125 0.434088053125 0.270589890625
0 0.482105278125 0.33101165625 0.49351534218750004 0.3396433234375 0.5111058390625 0.3407222921875 0.5258438015625 0.3371257484375 0.53440133125 0.32849408125 0.5396309625 0.321301015625 0.5415325984375 0.3065552265625 0.532975096875 0.2939673515625 0.5229352359375 0.289113809375 0.5063516359375 0.28569534375 0.49303990937500003 0.28893222343749997 0.48115447656250004 0.300441109375 0.476400278125 0.3151869234375 0.482105278125 0.33101165625
0 0.594304053125 0.28641467187499997 0.5752873203125 0.2878532546875 0.5653035234375 0.2957656234375 0.5605493578125 0.30763419375 0.5615001921875 0.32561683750000003 0.56910689375 0.332809903125 0.5945929890625 0.337291946875 0.6076157484375 0.335327478125 0.6171241125 0.3241782546875 0.6214029140624999 0.31662550624999997 0.6204520796875 0.3033183484375 0.614747015625 0.2936077375 0.594304053125 0.28641467187499997
0 0.68701063125 0.292528740625 0.6775022671875 0.2903708296875 0.6665676687500001 0.28965152656250004 0.6542067703125001 0.291090134375 0.64327210625 0.29972180625 0.638042540625 0.3079938578125 0.638042540625 0.32166065625 0.6446984062500001 0.32849408125 0.663576946875 0.3356725140625 0.6784531015625 0.335327478125 0.6927156625 0.329213384375 0.698896096875 0.3205817125 0.701748625 0.3115904046875 0.698896096875 0.2982831984375 0.68701063125 0.292528740625
0 0.35326693593749997 0.2961252875 0.3409060109375 0.2939673515625 0.323315578125 0.2986428625 0.31523341718750003 0.30871313749999996 0.312380946875 0.32166065625 0.31761051406249996 0.335327478125 0.329020578125 0.342880203125 0.339479775 0.34539778125 0.35609031562500004 0.3453891140625 0.368004903125 0.34108193125 0.3765624328125 0.331730959375 0.378939534375 0.31878346562500004 0.3727591015625 0.30763419375 0.35802106875 0.2975638953125 0.35326693593749997 0.2961252875
0 0.43836681874999994 0.2936077375 0.42220255624999997 0.291449796875 0.408415459375 0.2972042546875 0.3979562625 0.3083534984375 0.39605459375 0.31878346562500004 0.3998578609375 0.331730959375 0.41174329375 0.3389240203125 0.42828282812499996 0.3417453890625 0.4445472515625 0.3403626515625 0.456432684375 0.3306519921875 0.46023607968749997 0.3220203203125 0.456432684375 0.30871313749999996 0.4464489203125 0.2986428625 0.43836681874999994 0.2936077375
0 0.41697298906249997 0.2698705875 0.4141203953125 0.2529668859375 0.4022349625 0.2464931296875 0.389874165625 0.24325627500000002 0.3803657640625 0.242536946875 0.36515236875 0.2464931296875 0.360398171875 0.250089659375 0.353951278125 0.2591542953125 0.3513652734375 0.2691512828125 0.36229983906249996 0.2846164015625 0.378939534375 0.291449796875 0.3998578609375 0.28821291875 0.41269422499999997 0.279940890625 0.41697298906249997 0.2698705875
0 0.316184278125 0.24397555468749998 0.298118353125 0.24145800468749998 0.276249090625 0.2522476078125 0.272445759375 0.2651951015625 0.2738719890625 0.27382679374999996 0.2774806890625 0.2850652265625 0.29906921875000003 0.294327015625 0.323790946875 0.29324804531250004 0.3361518765625 0.2817391625 0.3352010109375 0.25872134375 0.32806971093750004 0.2504493359375 0.316184278125 0.24397555468749998
0 0.237620909375 0.23338697968750002 0.2561622671875 0.2423783 0.28516276406249996 0.23878176875 0.2994253265625 0.2251149234375 0.2956219625 0.2071322546875 0.284924540625 0.1923688703125 0.27422813437500004 0.1891495984375 0.2528343046875 0.191307521875 0.23381757187500002 0.1988602515625 0.22953880781249997 0.2150446484375 0.237620909375 0.23338697968750002
0 0.33032751875 0.2373431375 0.3583772140625 0.2373431375 0.37263974375000003 0.22943076874999999 0.379295609375 0.210369134375 0.3731151765625 0.19310578125 0.35658229375 0.1879154296875 0.3289012515625 0.19058820625 0.3170157921875 0.199219890625 0.3113107921875 0.210728796875 0.3179666203125 0.2283518140625 0.33032751875 0.2373431375
0 0.4211324328125 0.23806244062499998 0.44537872656250005 0.2315887203125 0.45821505937499996 0.22259734843749998 0.4586904921875 0.2056936484375 0.451559225 0.1945444015625 0.4384004765625 0.18913000468750002 0.41590283437500003 0.187351328125 0.392131903125 0.1967023125 0.391656503125 0.21396567656249998 0.393558171875 0.22943076874999999 0.4211324328125 0.23806244062499998
0 0.31844205312499996 0.1341226640625 0.3346062828125 0.13915779687500002 0.35457384531249997 0.137719203125 0.365983909375 0.12836819375 0.3731151765625 0.1168593 0.3750168453125 0.105710040625 0.36139512812499996 0.0891300046875 0.340311315625 0.08520980624999999 0.3217699890625 0.08772738125 0.3108353578125 0.0974380203125 0.3070320265625 0.11326276875 0.31844205312499996 0.1341226640625
0 0.229063375 0.112903109375 0.23714547656249998 0.129447165625 0.252358871875 0.13915779687500002 0.27327733125 0.139517465625 0.2880152625 0.127289234375 0.2913431921875 0.10930657031249999 0.28516276406249996 0.09492045 0.278507428125 0.0891300046875 0.2661460328125 0.0859291171875 0.25093263593750004 0.08485015312500001 0.23714547656249998 0.09168357031249999 0.231915909375 0.09995559062500001 0.229063375 0.112903109375
0 0.304654925 0.1859127203125 0.3241470859375 0.18051791875 0.3289012515625 0.16649145781250002 0.33080292031249997 0.1524649640625 0.3228924546875 0.14014215000000002 0.3013269953125 0.13592092656250002 0.283261096875 0.14347363125 0.2718510328125 0.1560615015625 0.27898233125 0.176921384375 0.304654925 0.1859127203125
0 0.3712135078125 0.1366402265625 0.3550492453125 0.145271903125 0.3502950484375 0.1621756078125 0.3564755140625 0.179438959375 0.3636068125 0.18231619062499999 0.38011170625 0.1858911375 0.40164027343750003 0.1833951453125 0.4087715671875 0.17116693125 0.4111486359375 0.153903590625 0.4035419359375 0.1405964171875 0.38500064218749996 0.13484195937500001 0.3712135078125 0.1366402265625
0 0.41923073281249995 0.08341154218749999 0.4059190375 0.08772738125 0.3926073375 0.09779766875 0.391656503125 0.1100258828125 0.3945090046875 0.12117513437500001 0.4059190375 0.13196472812499999 0.4220832671875 0.1352016109375 0.44214379218750005 0.132044984375 0.449182128125 0.12117513437500001 0.45393629375 0.11326276875 0.45298545937499995 0.1017538546875 0.44870669531249996 0.092762521875 0.4344441609375 0.084130846875 0.41923073281249995 0.08341154218749999
0 0.7189554328125001 0.2958088546875 0.7151520687499999 0.31451082656249996 0.7246604328124999 0.32745834375 0.7393983953125 0.334291740625 0.7636447546875 0.33285313437499997 0.774579384375 0.3306952234375 0.7833630421875 0.317453890625 0.7850385515625 0.29868606875000003 0.7755301875 0.2889754578125 0.7546117921875 0.28429994375 0.7389229953124999 0.283220975 0.7189554328125001 0.2958088546875
0 0.846367540625 0.2853789109375 0.826399978125 0.285019246875 0.80167818125 0.292572 0.7969240156249999 0.3058791296875 0.8002519843749999 0.32566007343750003 0.8101010109375 0.3320287890625 0.838760871875 0.3335724375 0.8568267703125001 0.3285373125 0.8606301015625 0.3159494578125 0.8625317703125001 0.3015633078125 0.857302171875 0.292572 0.846367540625 0.2853789109375
0 0.940024984375 0.2922123125 0.9352707859375 0.285019246875 0.9243361875 0.279984121875 0.9081719578125 0.278905153125 0.8882043640624999 0.28573855 0.8805976624999999 0.29508955000000003 0.8763188984375001 0.3083967078125 0.8829747640625 0.322423190625 0.8929887109375001 0.3308142140625 0.90627025625 0.3324934703125 0.9186311546875 0.331774165625 0.9295657859374999 0.32673904062500003 0.9385987171875 0.3166687375 0.94287748125 0.3073177375 0.940024984375 0.2922123125
0 0.682823609375 0.2778261859375 0.6956599031249999 0.28429994375 0.7108733 0.282501671875 0.7275129625 0.276387603125 0.736070496875 0.2666769390625 0.7384475609375001 0.2533697578125 0.730365465625 0.2397029390625 0.7175876421875 0.236077371875 0.6970861390625 0.235746753125 0.682823609375 0.2429398171875 0.6747415078125 0.25013287812499996 0.673315278125 0.2655979953125 0.682823609375 0.2778261859375
0 0.6885286093749999 0.19079009687499998 0.67616774375 0.1853952921875 0.660954346875 0.1846759875 0.64669181875 0.18971114218750001 0.6362326203124999 0.19834280937499998 0.6352817546875 0.21129034062500002 0.645395128125 0.227170490625 0.6538231125 0.23179055937499998 0.6714135453125001 0.23286952656249998 0.6832990421875 0.2278344015625 0.692807375 0.2166851421875 0.692807375 0.20122003593749999 0.6885286093749999 0.19079009687499998
0 0.7275129625 0.18251807656250002 0.71467666875 0.1922287046875 0.7127749671875 0.19906211406250002 0.7161028984375 0.2166851421875 0.7256112671875 0.22603612968750003 0.7379721609375001 0.22891334375 0.7544860375 0.22838506406249998 0.7674480906250001 0.21956235624999998 0.7703006203125 0.20697449375 0.768874353125 0.19510594375 0.7612676578124999 0.1886321734375 0.743201759375 0.18251807656250002 0.7275129625 0.18251807656250002
0 0.7579397265625001 0.2429398171875 0.752710128125 0.2576856078125 0.7531855562499999 0.2699138171875 0.7674480906250001 0.279984121875 0.7912190156250001 0.2821420328125 0.8083340796874999 0.27494894687500004 0.8159833640624999 0.2636077375 0.815465346875 0.24905391093749998 0.8092849140625 0.2397029390625 0.7945469140625 0.235746753125 0.7726776890625 0.23646605625 0.7579397265625001 0.2429398171875
0 0.60057625625 0.0821303125 0.5806086625 0.079612725 0.5615919359375 0.0810513359375 0.548280203125 0.094718178125 0.544001375 0.10694637656249999 0.5454276734375 0.116657015625 0.553985203125 0.12456938125000001 0.5662507437500001 0.1331461984375 0.57680533125 0.1349993234375 0.589166128125 0.1342800328125 0.6077074921875 0.12456938125000001 0.6115108234375 0.109104303125 0.6077074921875 0.0882444046875 0.60057625625 0.0821303125
0 0.6148387921875 0.1306835015625 0.5991499625000001 0.13895551875 0.58964163125 0.149025809375 0.5901169953125 0.16269263125 0.5977237265625 0.1731225703125 0.6181224015625 0.1813243359375 0.6386097171875 0.1759998265625 0.6562002140625001 0.1608943609375 0.6538231125 0.14578893125 0.6457409515625 0.13571863906249998 0.6276750859375 0.1292448828125 0.6148387921875 0.1306835015625
0 0.6932828078125 0.127086971875 0.6756923109375 0.135358975 0.67046274375 0.1461485828125 0.6699873109375 0.1616137 0.6804465078125 0.1724032921875 0.6967320265625 0.1768708953125 0.72228333125 0.1716839640625 0.7332179625 0.15585923125 0.7289391984375 0.13895551875 0.719430834375 0.129604534375 0.7037420046875 0.1256483359375 0.6932828078125 0.127086971875
0 0.795022346875 0.127086971875 0.7679235234374999 0.128165915625 0.7522346953125 0.13895551875 0.7484313578124999 0.1569381734375 0.760368390625 0.172417453125 0.7750547859375 0.1759998265625 0.7959732140625 0.1731225703125 0.8092849140625 0.1637715984375 0.8183178453125001 0.154060959375 0.8140391125 0.1324817609375 0.795022346875 0.127086971875
0 0.632904653125 0.08860405625 0.6295766890625 0.109104303125 0.63765885 0.1191745796875 0.6519214484375 0.1252887 0.675341653125 0.12423931562499999 0.6832990421875 0.1173763203125 0.6913811390625 0.1026305296875 0.6823481765625 0.0857268421875 0.6661839781250001 0.08069168437499999 0.651446015625 0.079612725 0.632904653125 0.08860405625
0 0.8948602296875 0.2396584296875 0.877745134375 0.228868821875 0.8587284015625001 0.22743021406250002 0.8430396359375001 0.2317460890625 0.8378100046875 0.24181634062500001 0.83448210625 0.25943934375 0.84486036875 0.2744417453125 0.8544496687500001 0.277062371875 0.8725155671874999 0.2785010046875 0.8877289625 0.2749044609375 0.8948602296875 0.263755190625 0.899614428125 0.253325275 0.8948602296875 0.2396584296875
0 0.8506463046875 0.190385959375 0.8340066734375 0.182473559375 0.8197441124999999 0.1810349515625 0.8031044812499999 0.186429740625 0.7916944484374999 0.19721933593750002 0.79026818125 0.210886153125 0.7972667859375 0.22221502499999998 0.8116620109375001 0.23066709687500003 0.8254491125 0.22958812499999998 0.836383775 0.2267109109375 0.8458921390624999 0.2177195796875 0.8549250687500001 0.2022544859375 0.8506463046875 0.190385959375
0 0.8981881609375 0.17959635625 0.877745134375 0.1842718296875 0.8748926625 0.190745575 0.8729909671874999 0.20585102812499997 0.88202393125 0.22095648125 0.8815485296875 0.221316121875 0.8951277484375 0.2282878984375 0.9176803203125001 0.22778987812499998 0.9257624218749999 0.218798546875 0.9300411546875 0.203333453125 0.9248115875 0.1867894171875 0.9110244218749999 0.1803156359375 0.8981881609375 0.17959635625
0 0.7189554328125001 0.07997238125 0.7089716359375 0.08392857031249999 0.7023157703125 0.1026305296875 0.7070699671875 0.1130604859375 0.715627503125 0.1224114578125 0.725135865625 0.12636765625 0.7484313578124999 0.1238500765625 0.760792225 0.11989390625 0.768924540625 0.1116887078125 0.7703006203125 0.0950778171875 0.76602185625 0.085367178125 0.7536609578125 0.07889342031249999 0.7374967265625 0.07601619375 0.7189554328125001 0.07997238125
0 0.8330558390625 0.07889342031249999 0.81594074375 0.076375846875 0.8073832453125 0.076375846875 0.7926452828125 0.08356890624999999 0.7864648187500001 0.0986743484375 0.7878910859375 0.1098236078125 0.8026143796874999 0.12019073281249999 0.825924578125 0.124209728125 0.8435150374999999 0.120253546875 0.8487446359374999 0.10838498437499999 0.8477938015625 0.0914812875 0.842564203125 0.08392857031249999 0.8330558390625 0.07889342031249999
0 0.86205636875 0.1256483359375 0.846842940625 0.1267273078125 0.8335312406250001 0.13392036875 0.8302033109375 0.1429117046875 0.831629578125 0.1554995671875 0.837334571875 0.1655698578125 0.84731840625 0.1709646484375 0.8544860375000001 0.1740368859375 0.8734664015625 0.17384187499999998 0.8844010328125 0.168447084375 0.8924831281250001 0.157657490625 0.890581459375 0.138236203125 0.87679433125 0.1278062625 0.86205636875 0.1256483359375
0 0.8805976624999999 0.112700834375 0.901516059375 0.1195342421875 0.9138769578125 0.1159377 0.92100825625 0.10946394374999999 0.9252869890625 0.0950778171875 0.9224344859375 0.0810513359375 0.9143790859375001 0.0752514609375 0.90056525625 0.06990208437499999 0.87679433125 0.073138975 0.866810534375 0.0868057859375 0.8710893000000001 0.10550776875000001 0.8805976624999999 0.112700834375