0 0.7801819609375 0.1910585796875 0.7904779296875 0.21922630937499998 0.8105707546875 0.22699743125 0.8247726046875 0.22241687031250001 0.8351994421875 0.1977486375 0.8365293953125 0.1592994453125 0.8201441640624999 0.1487733125 0.808790675 0.149235934375 0.7911154546875 0.161149828125 0.7801819609375 0.1910585796875
0 0.261302928125 0.1923070640625 0.2698989984375 0.195415546875 0.29386340624999996 0.1986361796875 0.3068419078125 0.18981359375 0.3132303265625 0.15168022812499998 0.297240075 0.1312203125 0.2749014421875 0.1328844703125 0.2559761703125 0.151229146875 0.2529494796875 0.1773358234375 0.261302928125 0.1923070640625
0 0.31585368593749996 0.188228421875 0.30493356875 0.212800746875 0.3046369109375 0.2327643203125 0.318480021875 0.24768042812500002 0.335447328125 0.24809651718749998 0.3518792234375 0.23994518125000003 0.36145771875 0.209105671875 0.35594594218750003 0.192684703125 0.340422378125 0.18299348124999998 0.3248788375 0.181306846875 0.31585368593749996 0.188228421875
0 0.21443058593750003 0.1358123875 0.2288054015625 0.146108596875 0.24193264062500003 0.14182561875 0.2539311359375 0.130143021875 0.25941120156249997 0.1098522359375 0.2552811328125 0.08368919375 0.2331008140625 0.0713692828125 0.2092354921875 0.09142320000000001 0.20497210937500002 0.11862421249999999 0.21443058593750003 0.1358123875
0 0.270186353125 0.09392759375000001 0.2872067 0.1063751390625 0.312120278125 0.10207872343749999 0.326382146875 0.07348435625000001 0.3216404109375 0.045200265625 0.316983665625 0.032282340625 0.2944016765625 0.0325644625 0.2719180171875 0.0428763421875 0.26554294375 0.07567325625 0.270186353125 0.09392759375000001
0 0.2643913515625 0.2896767421875 0.288480028125 0.27900947343750004 0.29521676874999997 0.24961974687500002 0.288119990625 0.2255494984375 0.2654396625 0.21580193906249998 0.2438177015625 0.2269486375 0.2368242765625 0.260292796875 0.2421806265625 0.2846861015625 0.2643913515625 0.2896767421875
0 0.1759767703125 0.3152027 0.192112025 0.3270149359375 0.21668737343750002 0.3191117578125 0.23021251562499997 0.28903946875000003 0.2296541859375 0.2655727953125 0.21142725156250003 0.25135183437499997 0.1935219921875 0.25654726875 0.1773201203125 0.2714170640625 0.17380007656250002 0.2974278203125 0.1759767703125 0.3152027
0 0.1895302515625 0.22440478593750002 0.20788217812499998 0.23798264531250002 0.22973416875 0.233554334375 0.2430746015625 0.20898285625000002 0.24650272499999998 0.1894301953125 0.24161597499999998 0.169793815625 0.226342421875 0.1588164234375 0.20547048281250002 0.166104703125 0.19184695000000002 0.18614730625 0.187603584375 0.2053437203125 0.1895302515625 0.22440478593750002
0 0.4158434640625 0.22167935 0.418591871875 0.2575844359375 0.428675359375 0.2715571921875 0.444868615625 0.26999410625000003 0.45632904375 0.2662545859375 0.47585937968750003 0.25269910625 0.47876773281249996 0.224567334375 0.47239425625000003 0.207311428125 0.44958895156249995 0.19820691875000002 0.4306969984375 0.203210559375 0.4158434640625 0.22167935
0 0.39800157812500003 0.30029830625 0.4085400328125 0.28032346874999997 0.411080078125 0.25145266093749996 0.3975632265625 0.2288039890625 0.36619277499999997 0.24005794218749998 0.3513125640625 0.26919957499999997 0.3546926375 0.299221021875 0.38023043749999996 0.3062614625 0.39800157812500003 0.30029830625
0 0.299576853125 0.28250126875000003 0.2891367234375 0.312505875 0.2963718078125 0.3305966109375 0.30796411875 0.34029480156249997 0.3276889234375 0.34068827343749997 0.3430424921875 0.319647209375 0.34642421562500003 0.29961594062499997 0.345004140625 0.2753144125 0.333795675 0.2671293328125 0.313673728125 0.2705591421875 0.299576853125 0.28250126875000003
0 0.22552082499999998 0.3395153234375 0.22953254531249997 0.363653225 0.23887935625 0.376148059375 0.25387732343749997 0.375608109375 0.2744598734375 0.35903871718749997 0.283143303125 0.340705346875 0.278756565625 0.3184967359375 0.26805473750000003 0.3050710671875 0.24941946406249998 0.3061204125 0.235079278125 0.3166804578125 0.22552082499999998 0.3395153234375
0 0.2883567796875 0.42714276250000005 0.313564646875 0.4270268 0.32839729375000004 0.40289184218749996 0.3310423421875 0.3813826328125 0.319748846875 0.35783139531249997 0.30037687343749997 0.35740275 0.28047160937500004 0.37288742343750003 0.2716631484375 0.3918638421875 0.2778849203125 0.42043561093750004 0.2883567796875 0.42714276250000005
0 0.40335335937499994 0.38075618906250003 0.3934398890625 0.39751576875 0.38820316875 0.41918855625000007 0.3906982921875 0.44202006093749996 0.40947517343750006 0.44935100625 0.424525396875 0.450941728125 0.4429572796875 0.43250116875 0.44610230624999997 0.40841960781250003 0.44022221406249995 0.39125965156250003 0.4196469125 0.3785843578125 0.40335335937499994 0.38075618906250003
0 0.45093738906249997 0.399348846875 0.46934220625 0.4107289203125 0.4921279546875 0.4086902265625 0.507079846875 0.40025122812499997 0.510363203125 0.3701902328125 0.49993138750000005 0.3474738375 0.48255279062499995 0.33942415000000004 0.46661425 0.347671409375 0.4491623296875 0.368971940625 0.45093738906249997 0.399348846875
0 0.48718114375 0.21552470625 0.496048040625 0.23186189375000002 0.5153932343750001 0.23368872343749997 0.532811803125 0.225729178125 0.5452519687499999 0.1854352890625 0.5297684031250001 0.15973488593750002 0.5099031140625 0.159210325 0.4935962265625 0.166718565625 0.48562944531249996 0.19453450156250002 0.48718114375 0.21552470625
0 0.562647215625 0.2855859578125 0.5778424328125 0.278528978125 0.589999265625 0.25286229531250004 0.5876059203125 0.223032559375 0.5577688046875 0.2132285765625 0.53700851875 0.22521016718750003 0.533955171875 0.2619896671875 0.548247934375 0.28032266093749997 0.562647215625 0.2855859578125
0 0.5242033921875 0.3622024421875 0.5336989562500001 0.3759093765625 0.549462065625 0.3771228828125 0.5657689921875 0.369614625 0.579070853125 0.3301556765625 0.5669289609375 0.3004331078125 0.544465334375 0.302740390625 0.529756796875 0.3125614359375 0.5200666671875 0.3387076421875 0.5242033921875 0.3622024421875
0 0.6191564359374999 0.3372800859375 0.6407850203125001 0.3234651328125 0.647416809375 0.2867139109375 0.631558184375 0.26294265 0.6060094890625 0.265317653125 0.5846109015625001 0.285851009375 0.5820775515625 0.31205355625000003 0.6022294953125 0.3373935890625 0.6191564359374999 0.3372800859375
0 0.4129251703125 0.352584890625 0.4257633796875 0.35643134062500004 0.43709884218750006 0.3572837765625 0.4552607328125 0.3481339953125 0.460405809375 0.31376325 0.45430239375000003 0.28721658125 0.43950217187499996 0.284339709375 0.41616350156250004 0.2911485296875 0.40039495625 0.33012805312500004 0.4129251703125 0.352584890625
0 0.337094090625 0.3792220890625 0.3475178046875 0.39456122968749996 0.373087940625 0.394227053125 0.3908815109375 0.38433828281250004 0.3980916296875 0.36304903906249997 0.3944615546875 0.3343137390625 0.3758596171875 0.32202198125 0.354625990625 0.32590309687499996 0.3386407953125 0.3528277578125 0.337094090625 0.3792220890625
0 0.5059481515625001 0.408707109375 0.5007047734375 0.43304814062499997 0.5036114609375 0.45496915156249995 0.5254106578125 0.46595172187499995 0.5413620046875 0.4583028765625 0.5579388890625 0.4415038390625 0.5545655421875 0.40881416093749995 0.5435020359375 0.3919813515625 0.5284584609375 0.38772243125 0.512256584375 0.40259222968749997 0.5059481515625001 0.408707109375
0 0.4657875296875 0.283442696875 0.46891761875000004 0.3147503859375 0.47778441406249994 0.3218128921875 0.5026018234375 0.3255405046875 0.5161865984375 0.31125844687500004 0.5276134203125 0.2814455640625 0.5224899875 0.25775892031250003 0.5082031375 0.24697334999999998 0.49685630312500007 0.24476774843750002 0.47720769531249996 0.2562980546875 0.4657875296875 0.283442696875
0 0.5503503546874999 0.1697419625 0.5611242234375 0.18741584375 0.577312434375 0.19433672500000002 0.5988160828125 0.18116486406250001 0.6089928453125 0.15778278750000002 0.6012910734375 0.1289233359375 0.5853791765625 0.1264977484375 0.57032894375 0.1249070453125 0.5543703875 0.14115890312499998 0.5503503546874999 0.1697419625
0 0.60128109375 0.23169711875000001 0.61440221875 0.2481062953125 0.6324465609375001 0.25310472812499996 0.6532268765625 0.23311849218749997 0.6573785234375 0.2012241359375 0.651741790625 0.1854462046875 0.6400333203125 0.179833425 0.6197997046875 0.17856992031250002 0.6002493890625 0.2001299828125 0.60128109375 0.23169711875000001
0 0.6966674703125 0.23088448437500003 0.6835972796875 0.2270091546875 0.6695137140625 0.233614840625 0.65316688125 0.25713235 0.6511201718749999 0.28609897968750003 0.6603419765625 0.2992369140625 0.6687155171875 0.306203546875 0.687968996875 0.3046070625 0.69834921875 0.2986162390625 0.7125127296875 0.2599921015625 0.705520925 0.243283425 0.6966674703125 0.23088448437500003
0 0.7174594453124999 0.2556146703125 0.7349681375 0.26778564843749997 0.7472898734375 0.2680868640625 0.763110096875 0.2578144890625 0.7737868640625 0.2318601125 0.769261840625 0.2156309078125 0.7516599078125 0.1981945703125 0.7311695765625 0.20088540156249998 0.7155460828125 0.23121725624999998 0.7174594453124999 0.2556146703125
0 0.41258000624999996 0.04619275625 0.39553644062500004 0.052223068750000004 0.3815512734375 0.06885849375 0.3814779453125 0.0982087375 0.39192309999999997 0.115588703125 0.40209065468749994 0.12269625937499999 0.41449176718749997 0.12064299999999999 0.42710192343750003 0.11108139531250001 0.44183045156249995 0.0932557015625 0.44077210781250004 0.072361390625 0.43229362499999996 0.058033196875000005 0.41258000624999996 0.04619275625
0 0.3221304359375 0.1454017421875 0.3330052 0.1611041796875 0.346507484375 0.16749193125 0.364432746875 0.154291871875 0.37054445 0.12811748750000002 0.367769415625 0.1028851875 0.35273255937500003 0.0959580828125 0.338168971875 0.0971314453125 0.3229404375 0.11752943906249999 0.3221304359375 0.1454017421875
0 0.37859965 0.21310509687499998 0.39921082812500003 0.2145411609375 0.418745178125 0.19621573125 0.42569860625 0.17888084531249998 0.42043683906249996 0.1611736859375 0.403334909375 0.1411650546875 0.3852980203125 0.1496717828125 0.3694511296875 0.1706169578125 0.3707394859375 0.1982297421875 0.37859965 0.21310509687499998
0 0.462767453125 0.10933818749999999 0.44819720781249994 0.1131797859375 0.4407571109375 0.1277505578125 0.434645371875 0.1539249390625 0.444110503125 0.1684448921875 0.45777906249999994 0.17977765625 0.472224265625 0.17657914375 0.48461776875 0.154962703125 0.4892361375 0.13383706875 0.47866598125 0.117100178125 0.469917540625 0.11206279374999999 0.462767453125 0.10933818749999999
0 0.494110965625 0.11126612031250001 0.5028360953125001 0.1317615796875 0.5111795031249999 0.1446157734375 0.53302483125 0.14285570625 0.5528184296875 0.12267769531249999 0.556483446875 0.0880192328125 0.5436966109375 0.06951675625 0.51556286875 0.06938708593750001 0.5039260609375 0.084476859375 0.494110965625 0.11126612031250001
0 0.6458247234375001 0.08669892500000001 0.6243277578125 0.0972025953125 0.61366429375 0.1178205546875 0.6179193656249999 0.14334052343749998 0.6223394046874999 0.15220820625 0.64101075625 0.15862001406249998 0.6568865703125 0.15358449375 0.6672667203125 0.1475936765625 0.6752334921875 0.1197777765625 0.67244511875 0.09988190625 0.6691301015625 0.093231159375 0.6458247234375001 0.08669892500000001
0 0.69071705 0.1454782171875 0.6790935734375 0.1552315859375 0.6678117484375 0.1763967421875 0.66689008125 0.199575709375 0.6816569515625 0.21579359375 0.7026272687499999 0.21853506562499997 0.7204475140625 0.1979734765625 0.7269342562500001 0.16986987343749999 0.7167391078125 0.151203759375 0.69071705 0.1454782171875
0 0.7495579 0.1035257375 0.7395527203125 0.1075873265625 0.7318492859375 0.128780646875 0.73094095625 0.146623203125 0.7361960359374999 0.16699857499999998 0.747148796875 0.17549486875 0.757758046875 0.17986566875 0.7735849203125 0.1669250953125 0.7846167421875 0.1470461 0.7855317187499999 0.126535365625 0.77138985625 0.10710209062500001 0.7495579 0.1035257375
0 0.1101801546875 0.33818589062500004 0.12075698593749999 0.35225461406249997 0.1341398140625 0.35759229531250003 0.1481540296875 0.350906290625 0.15854086875 0.34224723749999997 0.1659943015625 0.32234005625 0.15866085000000002 0.29421959062499997 0.1428806015625 0.2884827109375 0.1254887 0.285769440625 0.112818553125 0.319344878125 0.1101801546875 0.33818589062500004
0 0.15206006562500002 0.1942964515625 0.1355688328125 0.2023048421875 0.13007541875 0.22793201718749997 0.1311004328125 0.262167384375 0.14206557656250002 0.2689704421875 0.163542553125 0.2664714 0.173936071875 0.25514418125 0.1821261421875 0.23671493125 0.17788440781249998 0.20585855312499998 0.15206006562500002 0.1942964515625
0 0.1963228484375 0.1473072015625 0.1900695828125 0.119466240625 0.174795984375 0.1084888875 0.15985743125000001 0.1115914640625 0.14450389218749998 0.1326325578125 0.1397405046875 0.16240586562499998 0.146857271875 0.1784714859375 0.1641242046875 0.1818278375 0.1857394859375 0.17334929999999998 0.1963228484375 0.1473072015625
0 0.1826344640625 0.022191457812500003 0.1700558796875 0.030151990625000003 0.1560707125 0.04678741875 0.1559907015625 0.0788058515625 0.16954090625 0.0881135015625 0.18977451875 0.08937702812500001 0.20386470625 0.080103125 0.21096315468750002 0.054120557812500004 0.2031363796875 0.0259041890625 0.1826344640625 0.022191457812500003
0 0.8066982093749999 0.2553261875 0.7901679500000001 0.2534477921875 0.7773210984375 0.2589591015625 0.7697760140625001 0.26616836875 0.76317760625 0.28957863437500003 0.77259944375 0.314165828125 0.7924679875 0.3206323546875 0.806788190625 0.318076909375 0.820885128125 0.30613483750000003 0.8227800984375 0.2884840875 0.8202350812500001 0.2699702328125 0.8066982093749999 0.2553261875
0 0.7517024343750001 0.38812170468749996 0.760848859375 0.4012814015625 0.77113941875 0.411921109375 0.7973131140625 0.40633075625000004 0.81045659375 0.3808558390625 0.8080498765625 0.3563625265625 0.7958614203125001 0.3453174578125 0.7704510296875 0.34171294531249996 0.7509007890625 0.3632729890625 0.7517024343750001 0.38812170468749996
0 0.6127005171875 0.5105944109375 0.60597048125 0.5373160218749999 0.6127055359375 0.55797900625 0.6242453968749999 0.5678015859375 0.6461410234375 0.559806578125 0.6611129015625 0.5433629515625 0.660541203125 0.5252327 0.658357853125 0.5101260437499999 0.6450509953125 0.5022004718749999 0.6328491359374999 0.4964917875 0.6127005171875 0.5105944109375
0 0.6618029187500001 0.563518334375 0.6592895578125 0.581716259375 0.6576111984375 0.6114218874999999 0.674616021875 0.6256731281250001 0.6911450453125 0.62327923125 0.7082019171875 0.6119124671875 0.7109719609375 0.5897602078124999 0.707210253125 0.5643361140625001 0.697751740625 0.5471479328125 0.6847932171875 0.5479659390625 0.6618029187500001 0.563518334375
0 0.7372106734375 0.6075405921875 0.7215421125 0.60649711875 0.7100436171875 0.6156073421875 0.7066485546875 0.6409750437499999 0.7164620484374999 0.6642386 0.732728940625 0.6727395406250001 0.7469175609375001 0.6734953906250001 0.7631327328124999 0.6532892 0.7584960093750001 0.6323666546875 0.7555692671875 0.6184502578125 0.7372106734375 0.6075405921875
0 0.6036053734375 0.4467606421875 0.5765966375 0.44084330468750005 0.5585197749999999 0.46535926875 0.55880808125 0.498116690625 0.5713657390625 0.5139498812500001 0.5877702234375 0.5124222015625 0.6136221843749999 0.4874154421875 0.6036053734375 0.4467606421875
0 0.776551325 0.665908115625 0.76518445625 0.6717071796874999 0.7578493421875 0.6936394796875 0.7582024046875 0.7200514703125 0.768859590625 0.7318178515625 0.7865014890625 0.7332449921874999 0.7986049203125 0.7289238921875001 0.8083084171875001 0.6974413078125 0.805888325 0.6782844234375001 0.7935815171875 0.66521421875 0.776551325 0.665908115625
0 0.5662049109375 0.5996607218750001 0.5809001234375 0.5951760203124999 0.593418625 0.5729165234375 0.5925119624999999 0.5407062781249999 0.5739099859375 0.528414559375 0.5520380140625 0.5408474546875001 0.53949284375 0.573779765625 0.5460236218750001 0.5969210125 0.5662049109375 0.5996607218750001
0 0.6864615421875 0.42349112343749995 0.6974453625 0.44304755937499996 0.7109702453125 0.44227 0.725658765625 0.44045354999999997 0.737302296875 0.42269556562500005 0.7358888703125 0.3957258375 0.726555428125 0.3778945953125 0.7063151265625 0.37929930624999997 0.686159859375 0.396070128125 0.6864615421875 0.42349112343749995
0 0.6187405921875 0.46371751874999995 0.6254890484375 0.47904412812499997 0.6400392312500001 0.4832071640625 0.6633778968749999 0.47639836406249997 0.6764230828125 0.44089370937499994 0.669332946875 0.4141552875 0.650342696875 0.40912921406249997 0.63267411875 0.41837493437499995 0.618313915625 0.4369395734375 0.6187405921875 0.46371751874999995
0 0.7104489671875001 0.4581211609375 0.699220478125 0.45794071562500005 0.6868736328125 0.4608797078125 0.674243459375 0.4784459 0.66923006875 0.5095053703125 0.682920184375 0.5296238046874999 0.701132215625 0.5323908953125 0.7163340765624999 0.52266571875 0.7251225265625 0.5116938906249999 0.7308259687499999 0.5007898046875 0.7236108359375 0.4746944453125 0.7104489671875001 0.4581211609375
0 0.751512896875 0.5181584390625 0.7384294125 0.5196194984375 0.724444240625 0.5362549453125001 0.72157615 0.55591920625 0.7265609203125 0.57804360625 0.7438078671875 0.5894045625000001 0.7636864250000001 0.5845927015625 0.7763099437500001 0.5696947375 0.7753832953125 0.5454890984375 0.7736932671875 0.53047833125 0.751512896875 0.5181584390625
0 0.7879884921875 0.488542959375 0.7955935000000001 0.45731982968749996 0.789750115625 0.44220834687500005 0.7745648875 0.4285394125 0.750641215625 0.422554384375 0.7403794265625 0.4305703125 0.7350043562499999 0.45822265 0.74023276875 0.48927081875 0.7544013046875 0.49803124375 0.774378265625 0.5032491125 0.7879884921875 0.488542959375
0 0.6415158765625 0.386057446875 0.6514943796875 0.3926687015625 0.6641962140625 0.3958050609375 0.6791414203125 0.390034253125 0.6930282546875 0.3633691046875 0.688036515625 0.3363711640625 0.6698096062500001 0.322150234375 0.642392553125 0.3315031203125 0.6324390875 0.3642718609375 0.6415158765625 0.386057446875
0 0.699995025 0.34069779375000003 0.7151593359375 0.3578424109375 0.735850525 0.3616822796875 0.7546374640625 0.3493170765625 0.7608808859375 0.3198314578125 0.7553758 0.300742246875 0.7408522515625 0.2859064171875 0.7196119453125001 0.2924556875 0.701673384375 0.3109921640625 0.699995025 0.34069779375000003
0 0.5976069296875 0.42757554375 0.62168895625 0.41957649375 0.6315041171875 0.3927872453125 0.6266439921875 0.3624780359375 0.597931928125 0.3468863453125 0.5736982671875 0.366201296875 0.5653564875 0.39594642812499997 0.5752816078125 0.4239033359375 0.5976069296875 0.42757554375
0 0.472510496875 0.735136803125 0.454422640625 0.74877485 0.44439083437500004 0.7635092171875 0.443310803125 0.8006723109375 0.4642677953125 0.8087501734375 0.47722631406250005 0.8079321703125 0.49454655625 0.7899428765625001 0.4961065640625 0.758212128125 0.48825976875 0.7380003687500001 0.472510496875 0.735136803125
0 0.513466771875 0.7242136218749999 0.5062566890625 0.7455028734375 0.5110019453125 0.7711665734375 0.529613709375 0.7807422578125001 0.54826230625 0.7743565718750001 0.5564257796875001 0.7666001328125 0.5635241984375 0.740617546875 0.5606174390625001 0.7186965468750001 0.539680471875 0.7026140640625 0.5239919375000001 0.7095751328125 0.513466771875 0.7242136218749999
0 0.5470956578124999 0.84620628125 0.55152405625 0.8023529249999999 0.52588365 0.792029959375 0.49463823281249997 0.8026408375 0.48970083750000004 0.8481618781250001 0.5020033390624999 0.867473090625 0.530018734375 0.8655776124999999 0.5470956578124999 0.84620628125
0 0.4366791046875 0.837423621875 0.430455675 0.8589046124999999 0.434440715625 0.8937153765625 0.44749321406250003 0.9053169609375 0.4639028328125 0.905448559375 0.486189803125 0.87507725625 0.485263115625 0.8508716328125001 0.4828563984375 0.82637831875 0.4636161109375 0.8226383859374999 0.45584102031249996 0.8231291546874999 0.4366791046875 0.837423621875
0 0.5328521359375 0.91684885 0.53129375625 0.8985268124999999 0.52096695 0.8831719937500001 0.509981790625 0.884373534375 0.4975099765625 0.8879556281250001 0.4821764203125 0.9009921125 0.4774263546875 0.9254290812500001 0.4800054109375 0.9454432828125 0.489574890625 0.9524833156250001 0.504375078125 0.95536018125 0.5196952859375 0.9476601703125 0.5282404406250001 0.9353063390624999 0.5328521359375 0.91684885
0 0.5211452015625 0.66364030625 0.5314905109375 0.6865007484375 0.5551323734375 0.691602725 0.575517625 0.68155035 0.5849777640625 0.6486857406250001 0.5788676625 0.624807284375 0.558279059375 0.61746840625 0.546432215625 0.617835125 0.5260269125 0.635892090625 0.5211452015625 0.66364030625
0 0.46690203124999996 0.6514082906249999 0.45286589375 0.6804000218749999 0.4532793078125 0.7125143640625 0.4783012828125 0.7233845171875 0.49125980625 0.722566515625 0.5133951078125001 0.7035110812500001 0.524676934375 0.682345925 0.5143500999999999 0.6669910765625 0.4898214453125 0.6562168140625 0.46690203124999996 0.6514082906249999
0 0.49999651875 0.4853445734375 0.4906813625 0.509561509375 0.48863467812500005 0.5385281828124999 0.49631689218749997 0.550447378125 0.514261715625 0.5541875546874999 0.53181196875 0.5429167406250001 0.5450604984375 0.5248033640624999 0.5474488625 0.507248490625 0.5377537171875 0.4860100796875 0.52469018125 0.4794665421875 0.49999651875 0.4853445734375
0 0.4753445515625 0.622703553125 0.493734359375 0.6348374953125 0.5107333703125 0.6329193281250001 0.529401953125 0.618529009375 0.5341720343749999 0.58608746875 0.523483525 0.56732546875 0.49795485156249997 0.5616958453125 0.4810162703125 0.575087684375 0.47491118437499996 0.598593821875 0.4753445515625 0.622703553125
0 0.6051214015624999 0.5871985078125 0.588636128125 0.6166954765625 0.5898128515625001 0.63961495625 0.5973633703125001 0.65573219375 0.6202482703125 0.6568763546875 0.6376935078125 0.6382440140625001 0.642206928125 0.6097568578125 0.64224690625 0.593747603125 0.634373440625 0.5842086546874999 0.6184681921874999 0.5791148703125 0.6051214015624999 0.5871985078125
0 0.640395215625 0.69282655625 0.6533069796875 0.7056719265625 0.6672456328124999 0.7127279625 0.68615091875 0.7023879125 0.6949660359375 0.680743275 0.694657671875 0.65599046875 0.683232525 0.635750525 0.6594138375 0.637127015625 0.6419686718750001 0.6557593734375 0.640395215625 0.69282655625
0 0.5814494265625 0.7274174796875 0.5980944781249999 0.7467764765625 0.6215349953125 0.7345419578125 0.629995125 0.70682194375 0.630805121875 0.6789496609375 0.6152815281249999 0.6692584328125 0.604546396875 0.669173878125 0.58453611875 0.677296996875 0.5713726203125 0.7107765125000001 0.5814494265625 0.7274174796875
0 0.6114565546875 0.76795381875 0.5906312625 0.7565646312500001 0.5633324843749999 0.767942659375 0.5532740625 0.793349925 0.5618374875 0.8230441703125001 0.5982329984375 0.8254471578125001 0.61311320625 0.7963055234375 0.6114565546875 0.76795381875
0 0.6929126734375 0.712378128125 0.6885309671875001 0.73755404375 0.696877765625 0.755193503125 0.7143746515625 0.765268275 0.7321682203125001 0.7553795265625001 0.7444434109375 0.7317379468749999 0.7383399859375 0.7051913234375 0.715291328125 0.69470474375 0.6997211109375 0.7036909484375 0.6929126734375 0.712378128125
0 0.658638853125 0.7991484390625 0.6728807421874999 0.7785586796875 0.6737173984375 0.7400136265625 0.6579571750000001 0.726272125 0.6400652734375 0.72613115 0.6227316671875001 0.7494568234375001 0.6237767390625 0.775687575 0.6279268265625 0.7938460187499999 0.658638853125 0.7991484390625
0 0.6116099937499999 0.9041280546875001 0.590718046875 0.9194209828125001 0.5919126859375 0.9326380015625 0.590144615625 0.9513434796875 0.594301425 0.9668337171875001 0.60798325 0.9728300781250001 0.626250146875 0.9710418734375 0.648017109375 0.9512474015624999 0.649472128125 0.9121551484375001 0.6323368859375 0.9054875093750001 0.6116099937499999 0.9041280546875001
0 0.7067569765624999 0.9639765640625001 0.7122297296875 0.9817481906250001 0.7316933109375 0.9948747859375 0.7498485859375 0.9883932078125 0.7597753546875 0.966297234375 0.7589937140624999 0.9334439874999999 0.73546500625 0.917525071875 0.72285485625 0.9270866515625 0.7094746734374999 0.94851130625 0.7067569765624999 0.9639765640625001
0 0.6689441296874999 0.8725607625 0.6606155890625 0.89696944375 0.659694028125 0.9201484125 0.670742821875 0.935940909375 0.68456429375 0.942334475 0.70495623125 0.9296138859375 0.7118114296875 0.902249278125 0.709523 0.8797810515625001 0.6970778234375 0.8726903281249999 0.6803042109375 0.86942986875 0.6689441296874999 0.8725607625
0 0.5436406093749999 0.8955877734375 0.5555658296875 0.91325543125 0.56407095 0.916910796875 0.58196285625 0.9170517484375 0.5960931031250001 0.8917687109375001 0.5946796828124999 0.8647989375 0.5916279421875 0.851525596875 0.570539334375 0.8467590390625 0.5513774031249999 0.8610534109374999 0.5436406093749999 0.8955877734375
0 0.681707571875 0.792287190625 0.6686890578125 0.8171190265625 0.6731941375 0.8413528265625001 0.687237696875 0.8507563843750001 0.7030245953125001 0.853825046875 0.7209498234375 0.8406249812500001 0.7252131703125 0.813423965625 0.721931446875 0.7934321734374999 0.712821334375 0.7849876046875 0.6961661125 0.7837522703124999 0.681707571875 0.792287190625
0 0.608591578125 0.8681704828125 0.62410004375 0.8855553031250001 0.6468021171875 0.8849411640625 0.6615372984375 0.8644472515625001 0.6623606343749999 0.8312385390625 0.650192121875 0.8121888875 0.6339052281249999 0.8116924796875 0.6153750140625001 0.8201033171875001 0.6085198703125 0.84746798125 0.608591578125 0.8681704828125
0 0.72626991875 0.8843710687499999 0.7399451906250001 0.9058195421875 0.7562119765624999 0.9015366109375 0.7727822093750001 0.8874057703125 0.77962396875 0.8653775749999999 0.774625603125 0.8410478890625 0.76020699375 0.8335736125000001 0.7371183703125 0.83909624375 0.7251065624999999 0.856115209375 0.72626991875 0.8843710687499999
0 0.7678270781250001 0.7469612734375 0.7415084265624999 0.7611993125 0.7363566984375 0.798238275 0.74755185625 0.8117597921874999 0.7685154625 0.8171694484375 0.78409233125 0.805515025 0.7966383218749999 0.7771056578125 0.7849690375 0.7509607296875 0.7678270781250001 0.7469612734375
0 0.40180329062500003 0.8619059296874999 0.3899631 0.8596044296875001 0.388899859375 0.8601209734375 0.37079450468749997 0.8765670890624999 0.360347715625 0.9092399375 0.3702862078125 0.9318604359375 0.39162482656250003 0.935340803125 0.41015510781250003 0.9269299796875 0.423298584375 0.901455084375 0.41596516406250006 0.8733346265625 0.40180329062500003 0.8619059296874999
0 0.251286165625 0.9013880109375 0.266809734375 0.9110792078125 0.2898983578125 0.905556575 0.301291853125 0.8890847296875 0.30739028749999997 0.868246790625 0.2969451265625 0.850866871875 0.2732714328125 0.8435956375 0.25301786875 0.8503367468749999 0.24170937499999998 0.8821746984375001 0.251286165625 0.9013880109375
0 0.12958942812500002 0.863717671875 0.14688991406250002 0.8904585390624999 0.1696150109375 0.894855959375 0.185796896875 0.8879907906250001 0.189205259375 0.857286696875 0.1865618703125 0.82874314375 0.1663282578125 0.82747961875 0.14509463125 0.8313607328125 0.131984440625 0.8434946046875 0.12958942812500002 0.863717671875
0 0.2395659578125 0.85105884375 0.25306449531249997 0.8316592921874999 0.2568278734375 0.8070305796874999 0.23280584062499998 0.79101579375 0.214420578125 0.7907789484375 0.19868539375 0.8164174359375 0.19762541718749999 0.8455759140625 0.2177649734375 0.857657284375 0.2395659578125 0.85105884375
0 0.3305989 0.8146964656250001 0.31625205156249997 0.827924775 0.312613678125 0.8519103875 0.314803715625 0.8643488359375 0.33056395156249996 0.8780902734374999 0.35055420000000004 0.8779717953124999 0.36377605625 0.8705312578125 0.371756175 0.837378890625 0.3619226984375 0.8221199421875 0.3466424796875 0.8138108125000001 0.3305989 0.8146964656250001
0 0.3787429203125 0.806703015625 0.384839665625 0.8359178078125 0.3970348390625 0.8442947046875 0.41143355625 0.84196335 0.42531360625000003 0.835776678125 0.4324970546875 0.8251602281249999 0.4346420375 0.8062232796875 0.433222028125 0.7819217640625 0.412383421875 0.7758690578125 0.391768090625 0.7792029359375 0.3787429203125 0.806703015625
0 0.03015298125 0.8063488031249999 0.0147860984375 0.8327263515625001 0.018791178125 0.8595324 0.0311696140625 0.875477365625 0.0544166765625 0.8737984624999999 0.06382347968749999 0.8622794640624999 0.0722569265625 0.845232246875 0.0713235671875 0.823694859375 0.060753418749999996 0.8069579484375 0.04213149375 0.80267081875 0.03015298125 0.8063488031249999
0 0.112494153125 0.8410408234375 0.1351028296875 0.8300858718749999 0.139386203125 0.794880234375 0.1278427015625 0.77261516875 0.1097007609375 0.7737603625 0.0880854609375 0.7822388890624999 0.084913771875 0.816993221875 0.092626928125 0.834835428125 0.112494153125 0.8410408234375
0 0.151866365625 0.7385771609375 0.1468462875 0.7723048343750001 0.151983053125 0.7906550671875 0.17254501718749998 0.808666771875 0.182168465625 0.8092026390625 0.1986070359375 0.7983831515625 0.207067175 0.77066309375 0.20155540468750002 0.7542420859375001 0.1912285671875 0.7388872578125001 0.16865993125 0.7338329859375 0.151866365625 0.7385771609375
0 0.2993951203125 0.7592453328125 0.2814898671875 0.7644408359375 0.267643040625 0.77509675625 0.2622879359375 0.7947444171875 0.265701340625 0.8114249640625 0.27614246875 0.8269342906249999 0.2935517734375 0.8261817312499999 0.306260253125 0.8266499125 0.32346214375 0.8066354796875 0.3237654875 0.7840036890625 0.31259030781249997 0.7624775890625 0.2993951203125 0.7592453328125
0 0.33796231875 0.73203854375 0.3255688484375 0.7536549906250001 0.3313105640625 0.776794465625 0.350503615625 0.78804934375 0.3703961203125 0.7890635546875 0.3804345890625 0.771660925 0.386289671875 0.7494409421875 0.3733911453125 0.7262450874999999 0.3615643234375 0.7186071843749999 0.34983583125 0.720999025 0.33796231875 0.73203854375
0 0.2483760953125 0.7820295984375 0.2725113859375 0.7526849234374999 0.2717230390625 0.7224998140625 0.25710119374999996 0.6976342359375 0.22907242968750002 0.7048661171874999 0.2156789109375 0.731627178125 0.21648059375 0.7564758765625 0.2289606390625 0.7704338453124999 0.2483760953125 0.7820295984375
0 0.116959165625 0.6837408796875 0.1004939328125 0.70523325 0.1011506265625 0.7387296515624999 0.1141941671875 0.7532777828125 0.12566597031249999 0.7548403031250001 0.1457945984375 0.7487423062499999 0.156701415625 0.72950639375 0.1608064515625 0.7162894234375 0.15211131875 0.6899063921875 0.13412108125 0.6797356984375 0.116959165625 0.6837408796875
0 0.034659703125 0.7805298406250001 0.0553666609375 0.7898938875 0.0647467921875 0.7890477109375 0.08488875 0.77761325625 0.08902713437500001 0.7510552984375 0.0908171421875 0.7260430015625 0.0767669453125 0.719307684375 0.0492382390625 0.72396725625 0.0366080484375 0.741533453125 0.034659703125 0.7805298406250001
0 0.3929201 0.70982170625 0.38937343593749996 0.7465052890625 0.40512701562500003 0.762914965625 0.4174704421875 0.7635034953125001 0.4316490421875 0.76606823125 0.44180585937499994 0.75069074375 0.4486742203125 0.7179897171875 0.441952503125 0.691990303125 0.4186671390625 0.6774534796875 0.4017485859375 0.682840665625 0.3929201 0.70982170625
0 0.3664596953125 0.6326018375 0.345186096875 0.6524921625 0.34301438125 0.6821018921875 0.3499928109375 0.7041470171875 0.3691081296875 0.7085300109375 0.37884990625000003 0.71109096875 0.39346021875 0.6912401765625 0.398933534375 0.67361765625 0.395178478125 0.645525321875 0.3754648234375 0.633684884375 0.3664596953125 0.6326018375
0 0.281831890625 0.7229318390625 0.296232696875 0.7354297203125 0.316595709375 0.7363629656249999 0.3278574984375 0.7232024953125 0.332857565625 0.6974793796875 0.3260174984375 0.6694548203124999 0.30331715312499996 0.667711765625 0.2892203109375 0.6796538984375 0.281878540625 0.7042544390625001 0.281831890625 0.7229318390625
0 0.2290661 0.6546136140625001 0.23577454531250003 0.685949471875 0.2679733515625 0.6888714015625 0.2807085109375 0.6786667234375 0.2855835640625 0.6535867468750001 0.28501189843749997 0.6354565062499999 0.27567842656249997 0.6176252359375 0.26408826093750004 0.6140376375 0.24359128281250003 0.619396640625 0.2290661 0.6546136140625001
0 0.1921772703125 0.652114734375 0.1734037 0.6591435265625 0.167436946875 0.6766702203125 0.1616934953125 0.7035835359375 0.17103365937499998 0.7187465703125 0.1852172984375 0.7258706375 0.200390715625 0.723118259375 0.21425759375000003 0.70445775 0.2218293875 0.686575646875 0.2151209421875 0.6552397875 0.2058724484375 0.6527747609375 0.1921772703125 0.652114734375
0 0.050376928125 0.6599224312499999 0.0495869140625 0.67979013125 0.054736981250000004 0.6928039484374999 0.0654956609375 0.701847846875 0.085942428125 0.6982022796875 0.10126932656250001 0.68783403125 0.1039209984375 0.6636565765625 0.1007709578125 0.640353521875 0.0810573203125 0.6285131578125001 0.05795533125 0.63937216875 0.050376928125 0.6599224312499999
0 0.4307206375 0.5943723984375 0.408321959375 0.6200504046875001 0.40318359531250003 0.6517529890625 0.42368771406250005 0.6693022953125001 0.446939203125 0.6716035703125 0.45697101250000005 0.6568692015625001 0.45933273750000003 0.6499871546875 0.46975292187499995 0.6279871406249999 0.4628861203125 0.6106353671875 0.4495925328125 0.5973733515624999 0.4307206375 0.5943723984375
0 0.29941876562499997 0.598214396875 0.295293715625 0.61943594375 0.296838721875 0.643094384375 0.3125554078125 0.6514566484375 0.3318659078125 0.6499029796875 0.340141046875 0.6468398796875 0.349226115625 0.615904478125 0.3428660375 0.593312221875 0.328572509375 0.5851948171875 0.3099305609375 0.58891233125 0.29941876562499997 0.598214396875
0 0.361204609375 0.6122264875 0.3830083234375 0.6208271125 0.3986984703125 0.61951455625 0.41503871718749996 0.598665284375 0.4140070171875 0.56709810625 0.40122687187499995 0.5459274046875 0.3834666203125 0.5424751624999999 0.36961303437500004 0.5557993 0.3580745546875 0.580918825 0.361204609375 0.6122264875
0 0.435833959375 0.523289865625 0.42407215000000004 0.5390227015625 0.4207821375 0.571751940625 0.4379235296875 0.5871773484375 0.45999269531250003 0.5833779578125 0.4723395390625 0.5804389624999999 0.4811746125 0.55078969375 0.48047801406249996 0.5333025359375 0.46213272187500004 0.51705645625 0.4465824578125 0.5180380234374999 0.435833959375 0.523289865625
0 0.062785403125 0.582916771875 0.0664354875 0.6036475140625 0.074677259375 0.61392550625 0.09709845624999999 0.6133323500000001 0.11455945781250002 0.603658653125 0.1236179234375 0.583396084375 0.118014475 0.5542771125 0.0997742265625 0.5453926328125001 0.084224 0.5463741859375 0.0723438703125 0.560081928125 0.062785403125 0.582916771875
0 0.1293363375 0.517102753125 0.14088146875000002 0.48931503125000003 0.13427804062499998 0.46534070625 0.126404578125 0.455801746875 0.10653835625000001 0.45514940781249996 0.093442428125 0.46207467500000005 0.08499566562500001 0.48445828593750007 0.080515596875 0.4996044515625 0.0817056203125 0.51718751875 0.0927757828125 0.5313520859375 0.1172195125 0.52676020625 0.1293363375 0.517102753125
0 0.184570378125 0.3383046890625 0.171105165625 0.344363190625 0.1620534140625 0.36195759375000003 0.1601450375 0.3849447546875 0.16510416562500002 0.405681584375 0.1792069828125 0.41067338593749997 0.19279047656249998 0.4066400078125 0.20749236875000002 0.399487134375 0.21999753593750002 0.38256403906249997 0.2131574390625 0.3545394625 0.19815390625 0.3342713109375 0.184570378125 0.3383046890625
0 0.1125343328125 0.37702495156250004 0.1028775640625 0.3898300796875 0.096515784375 0.41729062031249997 0.1011458609375 0.44088134375 0.112729365625 0.44713720468749996 0.1379586765625 0.43571414218750004 0.150414903125 0.42710015468750007 0.15382326875000002 0.3963960453125 0.146324809375 0.384927875 0.138583025 0.3720776734375 0.1239011578125 0.37122591250000003 0.1125343328125 0.37702495156250004
0 0.4503608703125 0.43802012812499996 0.44031569375 0.45809090625 0.443340771875 0.48203703593749997 0.4530194953125 0.49470198749999994 0.4625476984375 0.4991179953125 0.475624540625 0.5003251093750001 0.4894914234375 0.48166457500000004 0.4958532 0.45420405625000004 0.4818363375 0.4341277203125 0.467542734375 0.4260103453125 0.4503608703125 0.43802012812499996
0 0.38464660624999997 0.46528904375 0.37323305625000003 0.48976548124999997 0.3748897640625 0.5181172625 0.38394196875 0.5301064203125 0.4007668375 0.532490490625 0.41262704687499996 0.5267873921875 0.4271055046875 0.5102478546875 0.43014557656249996 0.4788047984375 0.4171087125 0.46158841875 0.396875103125 0.46032490312499996 0.38464660624999997 0.46528904375
0 0.3096555546875 0.55081849375 0.3168026921875 0.56739013125 0.33564425781249996 0.5698850484375 0.3570229 0.5573562828124999 0.3652463328125 0.525586003125 0.354327840625 0.5001055421875 0.33979095625 0.4906061140625 0.320885665625 0.50094618125 0.3088471828125 0.52863800625 0.3096555546875 0.55081849375
0 0.2611648234375 0.5000156078125 0.2721140328125 0.5128768203125 0.292100278125 0.5147047328125 0.308433840625 0.496523653125 0.31542723437500003 0.4631795578125 0.3044887609375 0.4457037 0.2811700828125 0.44450787187499996 0.2647315390625 0.45532743125 0.2560280875 0.48166540312499995 0.2611648234375 0.5000156078125
0 0.3255174078125 0.4744841234375 0.346451378125 0.4830023375 0.363011303125 0.48177219843749997 0.3751481171875 0.46411011718750006 0.3780697734375 0.43064191718749995 0.3684863296875 0.41409682343750004 0.3510943953125 0.41138355937500004 0.3361491796875 0.41715440312499996 0.320788996875 0.4408636671875 0.3255174078125 0.4744841234375
0 0.1449632125 0.5842083265625 0.16116585156250002 0.5829641046875 0.17770868906249998 0.5658804921875 0.18418209531250002 0.5431132984375 0.180045375 0.5196184515625 0.1593383953125 0.510254421875 0.141933153125 0.512877584375 0.124211265625 0.543468965625 0.1289596375 0.5690847546875 0.1449632125 0.5842083265625
0 0.19837729843750002 0.541200940625 0.21649525937499997 0.5501461109375 0.23377948437499999 0.5460803109375 0.25246806093749996 0.523685365625 0.24980471875000002 0.5031464265625 0.24208954375 0.479623371875 0.22185592656250003 0.478359890625 0.19900396874999998 0.4879327625 0.18882051875 0.5139830515625 0.19837729843750002 0.541200940625
0 0.24663132812500002 0.5879535578125 0.2654984234375 0.600239271875 0.29017693125 0.5930811031250001 0.302215453125 0.5653892890625001 0.295625321875 0.5360785671875 0.28478518125 0.528632434375 0.2660182625 0.5329930296875001 0.24748133125 0.54407205 0.24286295937500002 0.56519770625 0.24663132812500002 0.5879535578125
0 0.1502549171875 0.4911370453125 0.1684952265625 0.5000215828125001 0.1845520796875 0.49379948125000006 0.1950772109375 0.4791609859375 0.2015506203125 0.4563937953125 0.1964205703125 0.4353753765625 0.1795352953125 0.4274215828125 0.1543349421875 0.43854013125 0.1420597921875 0.46218169531250003 0.1502549171875 0.4911370453125
0 0.20694573906249997 0.42073687499999995 0.2084974015625 0.4417271078125 0.2175875578125 0.45817631406250003 0.23853166875 0.4575173265625 0.256838121875 0.45379310625 0.265166534375 0.4293843609375 0.26642991718750003 0.41761718906249995 0.2653648609375 0.3993910421875 0.2428095234375 0.3890003796875 0.21908920625 0.4004065859375 0.20694573906249997 0.42073687499999995
0 0.1343264203125 0.5941534468749999 0.11661117968750001 0.622076634375 0.11124278125 0.6470606671875 0.12014530781249999 0.66363891875 0.12994970156250002 0.6667139515625 0.1431449265625 0.6699461921875 0.16266850156249998 0.6590589546875 0.17456865 0.6373466140625 0.17031358125 0.6118266218749999 0.157520096875 0.5959923500000001 0.1343264203125 0.5941534468749999
0 0.179628728125 0.5876097359375 0.176122009375 0.6082840593750001 0.18187044218749998 0.6287553296875 0.20196572656249998 0.6359982984375 0.2246927171875 0.6270684828124999 0.23348784843749998 0.613428475 0.23698788125 0.5954223671875 0.230634425 0.5701618609375 0.21177583281249998 0.561824471875 0.19856730312499998 0.56392864375 0.179628728125 0.5876097359375