0 0.1579065140625 0.09896315781250001 0.1518995609375 0.07818318125 0.13447933750000002 0.0766247078125 0.115615615625 0.0831059125 0.1134548984375 0.09896315781250001 0.11585770312499999 0.10727514687499999 0.12246537187499999 0.11662612812499999 0.1392848984375 0.11610667187499998 0.153701628125 0.1119506375 0.1579065140625 0.09896315781250001
0 0.1865386625 0.0890137421875 0.19196696562499999 0.1082521109375 0.20756306093750002 0.119144684375 0.23099027656249999 0.11291071875 0.2363965609375 0.095767221875 0.2273860671875 0.076545771875 0.202757540625 0.0749872625 0.1865386625 0.0890137421875
0 0.1613093375 0.32174936249999997 0.16491354687499998 0.300969403125 0.1460210203125 0.28661468437500004 0.1330765546875 0.288501403125 0.118659865625 0.29733290625 0.116257046875 0.3123983796875 0.118659865625 0.32798336875 0.1426877640625 0.33421736874999997 0.1613093375 0.32174936249999997
0 0.2045595609375 0.26356546718749996 0.20335816874999998 0.2469414859375 0.199153284375 0.2401879890625 0.18834072968749999 0.23343450937500002 0.1691184390625 0.23395400624999999 0.151698209375 0.24590252656249997 0.1595072703125 0.2697994328125 0.174524715625 0.274474959375 0.193747046875 0.2708384265625 0.2045595609375 0.26356546718749996
0 0.1565037765625 0.2178495203125 0.16491354687499998 0.2048620765625 0.1625107296875 0.18823809375 0.14869475625 0.1804456015625 0.135210209375 0.1778427546875 0.12466681718749999 0.1846015796875 0.1144549390625 0.19551107031249998 0.11745843281249999 0.2147325734375 0.12526749375 0.22512255625000002 0.1396842640625 0.22512255625000002 0.1565037765625 0.2178495203125
0 0.18894144531249998 0.1726531234375 0.20035467499999998 0.1633021234375 0.20395888437499998 0.15031463750000001 0.20155610781250002 0.130573678125 0.1811561546875 0.128719946875 0.16070870312500002 0.13109319375 0.15109749374999998 0.14304164375 0.15109749374999998 0.15706814062500002 0.1565037765625 0.1669386203125 0.1685177234375 0.174211596875 0.18894144531249998 0.1726531234375
0 0.20035467499999998 0.2220055140625 0.227986784375 0.2214860171875 0.2406014453125 0.2131740296875 0.2430042296875 0.1939525609375 0.24061561562499997 0.18369070781250002 0.2237819390625 0.179406590625 0.197351215625 0.1799260875 0.19014283125 0.1846015796875 0.1847365953125 0.1949915734375 0.1871393375 0.21265453281250002 0.20035467499999998 0.2220055140625
0 0.28445234531249997 0.1768091 0.2676328375 0.18408208125 0.2628272359375 0.1996670640625 0.267032121875 0.21369354375 0.2831831828125 0.22053281249999998 0.309080959375 0.2178495203125 0.312084453125 0.2017451109375 0.3132858453125 0.1877185796875 0.302473290625 0.1768091 0.28445234531249997 0.1768091
0 0.3457235140625 0.18200409374999998 0.335511675 0.19810855624999998 0.337914453125 0.2121350703125 0.34452208125 0.2194080296875 0.3635885875 0.22111760781249998 0.38116468281250004 0.2157715328125 0.386570959375 0.205901053125 0.3931785875 0.19343308125 0.3853695265625 0.17732860156250002 0.3619423515625 0.1762896015625 0.3457235140625 0.18200409374999998
0 0.2123686625 0.369023765625 0.2123686625 0.3529193046875 0.2129693375 0.3518803046875 0.1865615609375 0.340415853125 0.16731633125 0.3430488359375 0.155302384375 0.3565558015625 0.1595072703125 0.37733575468749997 0.17993099375 0.38512826875 0.1943477234375 0.3835697953125 0.2123686625 0.369023765625
0 0.24901118281249998 0.338892825 0.234594453125 0.345126825 0.226184675 0.359672784375 0.232792384375 0.37681628125 0.2460210203125 0.38076673125 0.2718377234375 0.3809722921875 0.276643284375 0.36798480625 0.279646784375 0.3529193046875 0.26943490468750003 0.3404513328125 0.24901118281249998 0.338892825
0 0.359438378125 0.3586337890625 0.352830709375 0.341490328125 0.33721263437500004 0.3331783390625 0.3149399390625 0.33398310468750003 0.298767925 0.34928280156249997 0.3023721015625 0.369023765625 0.3113825953125 0.3799332625 0.3390146546875 0.380452778125 0.3510286078125 0.37214078437500003 0.359438378125 0.3586337890625
0 0.426115825 0.3731798125 0.433324209375 0.3529193046875 0.41358858749999994 0.33281351406250004 0.3888725546875 0.3305808359375 0.377459325 0.33993181875 0.375657215625 0.35343881875 0.38526842499999997 0.3747382859375 0.40509138437500003 0.3809722921875 0.426115825 0.3731798125
0 0.4957967296875 0.333697853125 0.4683183171875 0.33222871875000004 0.45194582499999997 0.3591533046875 0.46215766875000003 0.37733575468749997 0.4951960140625 0.3783747890625 0.5054079328125 0.3627898359375 0.507810715625 0.34408782968749996 0.4957967296875 0.333697853125
0 0.4711681625 0.2957743984375 0.459754884375 0.2822674734375 0.4453381546875 0.2770724671875 0.42845345312500005 0.27725795937500003 0.41290048593749995 0.2905794265625 0.41229981093749996 0.312917859375 0.4345256015625 0.3269443328125 0.45014372343750003 0.323307871875 0.4687653375 0.313437409375 0.4711681625 0.2957743984375
0 0.536644175 0.3030474328125 0.528835115625 0.2879819234375 0.5186232703125 0.28122844375 0.50683183125 0.2813515265625 0.4933939453125 0.29161842031249996 0.48918906093750003 0.3051253859375 0.4951960140625 0.3175933515625 0.509612784375 0.3212298828125 0.5318386078125 0.31655435625 0.536644175 0.3030474328125
0 0.6183390609375 0.3051253859375 0.61053000625 0.2853844203125 0.5955125203125 0.2786309421875 0.5737237234375 0.27842755 0.5606720671875001 0.290059946875 0.562474215625 0.3092813984375 0.5750888375 0.319671375 0.587703540625 0.32486634531249997 0.6051237234375 0.319151859375 0.6183390609375 0.3051253859375
0 0.6820129734375 0.317073871875 0.68741925 0.3087618828125 0.6892213984375 0.29629391250000003 0.6796101890624999 0.277591946875 0.6622372359375001 0.274918778125 0.6459711687499999 0.2807089296875 0.6339571828125 0.29109890625 0.6345578984375 0.3077228890625 0.6435683921875001 0.320190853125 0.66519350625 0.32434686562500004 0.6820129734375 0.317073871875
0 0.7661106421875 0.30356687656250003 0.7625065140625 0.2879819234375 0.752895384375 0.27187745625000004 0.7325075062499999 0.272579596875 0.719857 0.28122844375 0.7108465953125 0.302008403125 0.719857 0.3155153625 0.7396799656249999 0.319671375 0.7625065140625 0.3149958828125 0.7661106421875 0.30356687656250003
0 0.8333887640625001 0.3103203921875 0.8333887640625001 0.29265745 0.8315866953125 0.2817479234375 0.8115615609375 0.2719948015625 0.7919407703125 0.2786309421875 0.7883364734375 0.294735403125 0.7925413171875 0.3098008765625 0.800951175 0.319151859375 0.8189721625 0.31811286562499996 0.8333887640625001 0.3103203921875
0 0.5720853375 0.3711017890625 0.5762901890625 0.3539582984375 0.5774916218749999 0.341490328125 0.5662912906249999 0.33281351406250004 0.5456546624999999 0.333697853125 0.533039959375 0.3446073453125 0.5276336828125 0.36538730468749997 0.539046953125 0.37681628125 0.5600713515625 0.37681628125 0.5720853375 0.3711017890625
0 0.65197808125 0.35499732812499996 0.6459711687499999 0.3383733453125 0.633356465625 0.33006135625 0.6149399390625 0.33164392343750004 0.6003181625 0.3456463046875 0.5997175265625 0.36019233281249996 0.614134134375 0.37421877187499997 0.6375613984374999 0.3736992578125 0.6513774531250001 0.3664262984375 0.65197808125 0.35499732812499996
0 0.72586399375 0.3622702859375 0.7240618515625 0.343568315625 0.7186555671875 0.333697853125 0.7041291281250001 0.3293047421875 0.6862178984375 0.3357758421875 0.677808209375 0.34980235625 0.6796101890624999 0.3648677890625 0.6916241750000001 0.369023765625 0.7084437296874999 0.370582309375 0.72586399375 0.3622702859375
0 0.80275324375 0.36175080625 0.80275324375 0.34408782968749996 0.7949441828125 0.33421736874999997 0.7710210203125001 0.33281351406250004 0.7601036484375 0.3430488359375 0.7534960203125001 0.3591533046875 0.76130508125 0.3762967609375 0.7853329734375001 0.37733575468749997 0.8003504593749999 0.36798480625 0.80275324375 0.36175080625
0 0.874236209375 0.35343881875 0.8730349390625 0.3347368484375 0.8598195203125 0.3290223984375 0.8592188046875 0.3290223984375 0.841798540625 0.33006135625 0.8291839187500001 0.33681487187500003 0.8267811343749999 0.35136082968750004 0.8273818515625001 0.37162126875 0.84239925625 0.3762967609375 0.868229215625 0.36954328125 0.874236209375 0.35343881875
0 0.8321874125000001 0.0874552390625 0.8279825671875001 0.0749872625 0.8177706421875 0.0645972859375 0.801426425 0.063222871875 0.7859337765625 0.072909275 0.7805274125 0.08849423437500001 0.791339965625 0.10304022187499999 0.8045553046875 0.1056377078125 0.8273818515625001 0.0973257484375 0.8321874125000001 0.0874552390625
0 0.8622223046874999 0.1518731515625 0.8670279453124999 0.1404441578125 0.8670279453124999 0.122261684375 0.8507507499999999 0.11468485937499999 0.8291839187500001 0.12122269062499999 0.8189721625 0.129534684375 0.8189721625 0.14304164375 0.8339895609375001 0.15966564375 0.855013959375 0.15862663125 0.8622223046874999 0.1518731515625
0 0.7829302765625 0.17888709375 0.7817287640624999 0.1996670640625 0.796145534375 0.2116155375 0.8216966953125 0.21351526875000001 0.8363922640625001 0.2017451109375 0.8339895609375001 0.1804456015625 0.823176925 0.1658996078125 0.79974974375 0.1669386203125 0.7829302765625 0.17888709375
0 0.8466041015625001 0.2220055140625 0.8345901953125001 0.22460301718750003 0.825579703125 0.236551490625 0.823176925 0.253175490625 0.829784634375 0.2646044625 0.8487237234375 0.2673164390625 0.865225796875 0.26356546718749996 0.874836925 0.25213645625000003 0.8706320812499999 0.23239551406249997 0.8604201546875 0.22096652031250003 0.8466041015625001 0.2220055140625
0 0.800951175 0.2401879890625 0.79073925625 0.2240835203125 0.7757218515625001 0.2173300578125 0.7602102093750001 0.22287199375000002 0.751693959375 0.23395400624999999 0.748690459375 0.256811953125 0.7595030140625 0.26772144375 0.7835309125000001 0.2661629359375 0.797346965625 0.2599289703125 0.800951175 0.2401879890625
0 0.7252631953125 0.2552534796875 0.7240618515625 0.227720040625 0.7096450812499999 0.2188885328125 0.691966965625 0.21585445 0.6772074124999999 0.22096652031250003 0.6736031953125 0.23187600000000003 0.670599784375 0.2516169765625 0.6886206828125 0.26564345624999997 0.7174541421875 0.263045953125 0.7252631953125 0.2552534796875
0 0.34442093906250004 0.2708384265625 0.352230034375 0.255772959375 0.3480251484375 0.23603199375 0.3354104859375 0.2282395203125 0.3210210203125 0.228719946875 0.3095804859375 0.23187600000000003 0.301771425 0.244863496875 0.300570034375 0.26044845 0.30897981093750004 0.274474959375 0.330604925 0.2760334328125 0.34442093906250004 0.2708384265625
0 0.274740034375 0.2614874796875 0.2705351484375 0.24174647968750002 0.2615246953125 0.234993 0.24466966874999999 0.233398309375 0.23028841875 0.244863496875 0.22608356718749997 0.2583704625 0.23389258750000003 0.2749944390625 0.2513128171875 0.2781114265625 0.2669309734375 0.2723969359375 0.274740034375 0.2614874796875
0 0.2411010140625 0.3025278765625 0.22728491874999998 0.28902091875 0.216472365625 0.288501403125 0.1960210203125 0.2930474328125 0.19004168906250002 0.30460590625 0.194246534375 0.3186323796875 0.20806262812499998 0.33006135625 0.22728491874999998 0.32798336875 0.23989958125 0.319671375 0.2411010140625 0.3025278765625
0 0.313785371875 0.31603491250000004 0.3143860875 0.29629391250000003 0.298767925 0.2853844203125 0.27642642500000003 0.28602988906250004 0.2615246953125 0.2905794265625 0.2579204859375 0.3030474328125 0.2603233046875 0.3186323796875 0.28194841875 0.3285028484375 0.3029728171875 0.3259053390625 0.313785371875 0.31603491250000004
0 0.391876046875 0.3087618828125 0.3894732703125 0.2931768953125 0.3743993984375 0.2825211171875 0.34442093906250004 0.286423415625 0.3324069859375 0.30564493593750003 0.3402160875 0.323307871875 0.3606397703125 0.3331783390625 0.3804628171875 0.3238273859375 0.391876046875 0.3087618828125
0 0.5694410140625 0.1545158421875 0.5736458984375 0.13841135625 0.5634340609375 0.1228263921875 0.5399399390624999 0.1205328125 0.5243887234375 0.1238653859375 0.52018383125 0.1352943921875 0.5195831156249999 0.15191833906250002 0.535801953125 0.16074982499999999 0.5610312765625001 0.1638668421875 0.5694410140625 0.1545158421875
0 0.6475316890625 0.1352943921875 0.6373198515625 0.1264628890625 0.6216966953124999 0.1205328125 0.5976738375 0.12490439843750001 0.5952710546875 0.14204785312499998 0.600076615625 0.158671853125 0.6168961687500001 0.166464328125 0.6361185 0.1591913328125 0.6475316890625 0.1352943921875
0 0.7250217359375 0.1425673515625 0.7196154531250001 0.1285408765625 0.7112056828125 0.1202288828125 0.685885884375 0.11526965468749999 0.6637505265625 0.13217737499999999 0.6673547359375 0.1513988421875 0.6787680140625 0.16126933906250002 0.6937854125 0.163347328125 0.712407115625 0.16178881875 0.7250217359375 0.1425673515625
0 0.7538551890625 0.15815233906249998 0.7811561546875 0.16088369062500002 0.799508284375 0.1472428484375 0.7916991421875 0.1243848828125 0.76466775 0.1181508953125 0.7472474796874999 0.1285408765625 0.7460461281249999 0.144125859375 0.7538551890625 0.15815233906249998
0 0.6457296218749999 0.2319212390625 0.635517784375 0.224128765625 0.615615615625 0.2257959703125 0.6024793984375 0.2334797140625 0.5976738375 0.251142690625 0.610889175 0.2667276375 0.6403233453125 0.2651691640625 0.6523373375 0.24958418125 0.6457296218749999 0.2319212390625
0 0.5700417296875 0.23399919374999997 0.5406156156249999 0.22404158437500002 0.52378800625 0.24023319375000002 0.5249893984375 0.2636106546875 0.5490172906249999 0.27400063750000003 0.5700417296875 0.2646496484375 0.5760486828125 0.24958418125 0.5700417296875 0.23399919374999997
0 0.49195109531250003 0.22932373749999999 0.47372372343749997 0.2269655609375 0.45230499375 0.2397137140625 0.45350638437499996 0.2646496484375 0.472728715625 0.27348119375 0.49315243906250006 0.2682861875 0.49915939218750005 0.246986678125 0.49195109531250003 0.22932373749999999
0 0.42467289218750004 0.269325140625 0.42467289218750004 0.24283069531249998 0.41386037187499997 0.2308822109375 0.3987237234375 0.2298895375 0.3838255265625 0.2345187421875 0.3742143171875 0.24127218749999998 0.371811540625 0.258415684375 0.3826240953125 0.2724421640625 0.4090547703125 0.275559146875 0.42467289218750004 0.269325140625
0 0.7598621828125001 0.185685778125 0.7424419999999999 0.174256825 0.726426425 0.1731643921875 0.7051986890624999 0.1815298015625 0.7033967031249999 0.20386825156250002 0.7190147359375 0.2116607609375 0.7436433515624999 0.21685573125 0.7610635343750001 0.2064657546875 0.7598621828125001 0.185685778125
0 0.67756658125 0.1820492984375 0.65834424375 0.170620309375 0.6426426421875 0.1719948015625 0.633115 0.185685778125 0.6409240609375 0.2054267609375 0.6553407499999999 0.20958273749999998 0.6727610140625 0.20906325781250001 0.684174290625 0.20023177187500002 0.67756658125 0.1820492984375
0 0.6120905203125 0.185685778125 0.60067733125 0.176854309375 0.5777777765625001 0.172579596875 0.564635453125 0.1872442859375 0.5634340609375 0.208543778125 0.5868612359375 0.21789472499999998 0.607885675 0.2116607609375 0.613291953125 0.201270765625 0.6120905203125 0.185685778125
0 0.5267915000000001 0.21321923437499998 0.53339916875 0.20075128593749997 0.5327984531250001 0.1820492984375 0.52318733125 0.177373825 0.5021021015625 0.174918778125 0.49014894531250003 0.1867247890625 0.485343384375 0.19763426875 0.48834683749999996 0.208543778125 0.4955552234375 0.215297221875 0.5123747765625 0.21737524531250002 0.5267915000000001 0.21321923437499998
0 0.4607147703125 0.215297221875 0.466121046875 0.20230976093750003 0.4637182703125 0.1872442859375 0.45530849375000004 0.176854309375 0.4338588578125 0.1731643921875 0.41446104687499996 0.179971328125 0.404249209375 0.1991927609375 0.4096554859375 0.20958273749999998 0.421068715625 0.21737524531250002 0.44089176406249997 0.2210117484375 0.4607147703125 0.215297221875
0 0.46502255468750003 0.08379293593750001 0.448803715625 0.0723639296875 0.438591878125 0.06976644374999999 0.42845345312500005 0.0673164390625 0.4115604859375 0.0817149125 0.406754878125 0.0983388953125 0.4145639390625 0.1144433625 0.4439981546875 0.11392386562500001 0.46201905468750004 0.10405337968749999 0.46502255468750003 0.08379293593750001
0 0.5310994046874999 0.0952218953125 0.5341028171875 0.078597946875 0.51899399375 0.069070825 0.49385600625 0.06768843906250001 0.477637175 0.0811954328125 0.48424488437499996 0.10509237499999999 0.506470715625 0.1118458765625 0.5256930468750001 0.10717039843750001 0.5310994046874999 0.0952218953125
0 0.604985075 0.10717039843750001 0.606787215625 0.090546403125 0.605585790625 0.0739224390625 0.5798048046875001 0.0643924625 0.5659397765625 0.06976644374999999 0.558130796875 0.08067591874999999 0.5575300000000001 0.10301438593750001 0.5677418375000001 0.112884871875 0.5887662359375 0.116001871875 0.604985075 0.10717039843750001
0 0.6764681218749999 0.06872745 0.653453453125 0.0638076671875 0.63141583125 0.078597946875 0.630815115625 0.10041688281250001 0.65063808125 0.11392386562500001 0.6758674046875 0.1108068828125 0.6866799593749999 0.0910659 0.6764681218749999 0.06872745
0 0.7557602296875 0.09937790625000001 0.7563609453125 0.08794891875000001 0.7557602296875 0.07444193593750001 0.7479510875 0.068207953125 0.7331831828125 0.06205328125 0.7113086546875 0.0723639296875 0.70650300625 0.09002690625000001 0.7161141343749999 0.108728871875 0.7269266890625 0.1108068828125 0.74374624375 0.1076898765625 0.7557602296875 0.09937790625000001
0 0.3472858171875 0.1637957890625 0.352091425 0.14509381875 0.3460844328125 0.1295088484375 0.3370739796875 0.12275536875 0.3216966953125 0.1211176078125 0.3082404796875 0.13002834531250002 0.299830703125 0.140418328125 0.2986293578125 0.15028880625000002 0.3118446546875 0.1653542984375 0.3298655953125 0.16847128125 0.3472858171875 0.1637957890625
0 0.4235743921875 0.143535328125 0.419970215625 0.12691134531249998 0.39466966875 0.12404158437499999 0.374317209375 0.13366482500000001 0.37191443281250003 0.1518472984375 0.38152559531249997 0.16119828593750002 0.4073555953125 0.16847128125 0.42417510781249995 0.1606787890625 0.4235743921875 0.143535328125
0 0.4956581546875 0.15132781875 0.49505743906250005 0.1388598359375 0.48424488437499996 0.121196859375 0.46223723593750005 0.11819363125 0.450605784375 0.125352871875 0.4427967234375 0.137301328125 0.4470016484375 0.1518472984375 0.463821203125 0.1632762921875 0.48484560156249995 0.1596398484375 0.4956581546875 0.15132781875
0 0.275202134375 0.144054825 0.271597965625 0.130547859375 0.2547784125 0.12275536875 0.2379129125 0.12345678906249999 0.22414281093750002 0.137301328125 0.22474352656250002 0.15392532187500002 0.23375397343749998 0.1632762921875 0.2553790875 0.16899077812500002 0.2721986421875 0.1596398484375 0.275202134375 0.144054825
0 0.3082404796875 0.10665088281249999 0.3112439796875 0.090546403125 0.3048048046875 0.07374918750000001 0.2860146953125 0.0713249359375 0.2631881484375 0.0811954328125 0.2583825875 0.10561187187500001 0.268594465625 0.117040865625 0.2914209734375 0.11652136875 0.3082404796875 0.10665088281249999
0 0.3887339796875 0.091585415625 0.3821262703125 0.07288342656249999 0.3629039796875 0.06768843906250001 0.3493993984375 0.070240415625 0.3364732640625 0.078597946875 0.33527187187499996 0.09937790625000001 0.344282325 0.108728871875 0.3605011546875 0.1108068828125 0.377921425 0.1076898765625 0.3887339796875 0.091585415625
0 0.613689534375 0.406631503125 0.6094846828125 0.389488040625 0.584534534375 0.3860298890625 0.566234540625 0.3952025265625 0.5686372359375 0.41442399375 0.5770470140625 0.42637247343749995 0.5980714125000001 0.42637247343749995 0.610686034375 0.4222164796875 0.613689534375 0.406631503125
0 0.685773215625 0.421697 0.691780209375 0.4024755265625 0.68216908125 0.38844904062499996 0.675561371875 0.383254040625 0.651426425 0.3825211171875 0.6425229859375 0.391566040625 0.640120209375 0.4050730171875 0.6455264859375001 0.4211774859375 0.6617453171875 0.4258529765625 0.6803670203125 0.4248139828125 0.685773215625 0.421697
0 0.539803703125 0.384293053125 0.5205814531249999 0.3790980640625 0.50750750625 0.3860298890625 0.4947514046875 0.3998780234375 0.4941506953125 0.42013847968749995 0.5019597499999999 0.4289699765625 0.5259877296875 0.4258529765625 0.547012128125 0.40922900625 0.539803703125 0.384293053125
0 0.5037618984375001 0.4492304390625 0.49294934531249995 0.438320965625 0.465615615625 0.4386614671875 0.4551053515625 0.452866953125 0.45931024374999996 0.47520538593749995 0.4737270140625 0.48455636875 0.4947514046875 0.4804003921875 0.509168175 0.4705298953125 0.5037618984375001 0.4492304390625
0 0.5812519453125 0.45858142031250004 0.575244953125 0.44195744374999996 0.5521021015625001 0.43339830937499996 0.5337967906250001 0.444554946875 0.52418558125 0.456503415625 0.5386023515625 0.4783223859375 0.55962675 0.48299787656250004 0.5776476484375 0.4757249 0.5812519453125 0.45858142031250004
0 0.6581411890625 0.4580619421875 0.6509327640625 0.440398953125 0.62575075 0.43456789999999995 0.6082833375 0.44351595312500003 0.6022763453125 0.4616984265625 0.611887465625 0.4804003921875 0.637116709375 0.48299787656250004 0.6527349124999999 0.4736469125 0.6581411890625 0.4580619421875
0 0.727221378125 0.4492304390625 0.7158081015625 0.4315674625 0.69466966875 0.4304743328125 0.6743601078125 0.442476959375 0.668353115625 0.46013991875000004 0.68216908125 0.4757249 0.7073984125 0.47936137968750003 0.727221378125 0.4700103984375 0.727221378125 0.4492304390625
0 0.8035100671875 0.46533490625 0.8059127703125 0.44091845 0.7896939328125 0.43000897031249996 0.76966966875 0.4298895375 0.7578569796875 0.4388404625 0.7536520546875 0.459620415625 0.7584576953125 0.4736469125 0.7740758171875 0.4767638953125 0.795700925 0.4757249 0.8035100671875 0.46533490625
0 0.8816007499999999 0.45494492343750004 0.877996453125 0.4372819703125 0.8623783312500001 0.4268919890625 0.8426426421875 0.43222871874999996 0.8335449593750001 0.44403545 0.8299406625 0.46377641562500005 0.8359476546875 0.4700103984375 0.8545693578125 0.47520538593749995 0.871388825 0.47156890625000003 0.8816007499999999 0.45494492343750004
0 0.8389511546874999 0.38792956093750003 0.8275379656249999 0.37961754999999997 0.8027777765625 0.3801819359375 0.790895365625 0.391566040625 0.787891871875 0.4175409890625 0.8161246078125 0.4253334796875 0.8401525062499999 0.4211774859375 0.845558865625 0.40195601718749996 0.8389511546874999 0.38792956093750003
0 0.7740758171875 0.40819 0.7674681890625 0.39312455 0.7512492703125 0.3827345671875 0.7392642640625 0.381936321875 0.7236171625 0.39312455 0.717009534375 0.409748503125 0.7254193921875001 0.4268919890625 0.7488464859375 0.43052846718750004 0.76326325625 0.4242944859375 0.7740758171875 0.40819
0 0.24005565468749998 0.5152068484375001 0.23344794531250002 0.5058558421875 0.21899399375 0.4977257953125 0.202211703125 0.5110508359375 0.19320121562499998 0.528713859375 0.2040137703125 0.546896315625 0.228642425 0.544818275 0.23945493906249998 0.5375452984375 0.24005565468749998 0.5152068484375001
0 0.28150377656250003 0.472088403125 0.27910099375 0.447671946875 0.25750750624999996 0.4410006484375 0.23344794531250002 0.45130842656250003 0.23344794531250002 0.4757249 0.241857715625 0.48767337499999996 0.2496668171875 0.49130987187499997 0.2754967765625 0.4855953859375 0.28150377656250003 0.472088403125
0 0.20341309531250001 0.4658544203125 0.190197715625 0.45078892968749995 0.1685726484375 0.44819144375000003 0.1547565953125 0.4622179234375 0.15896147968750002 0.483517375 0.17337820937499998 0.4918293859375 0.190197715625 0.4897513796875 0.2004096015625 0.481439403125 0.20341309531250001 0.4658544203125
0 0.1205168171875 0.516765321875 0.1271244859375 0.544818275 0.1527777765625 0.545094215625 0.1679719328125 0.5365063390625 0.1691733171875 0.522479825 0.1583607640625 0.5042973515625 0.134332871875 0.5042973515625 0.1205168171875 0.516765321875
0 0.21182283124999998 0.5775467187500001 0.1980068171875 0.55520826875 0.18118727031249998 0.5531302625000001 0.1595621953125 0.5614422578125 0.157760046875 0.5832612453125 0.17638170312499998 0.598846228125 0.2052151625 0.5905342046875 0.21182283124999998 0.5775467187500001
0 0.125322378125 0.6113141640624999 0.11871470937499999 0.6336526250000001 0.1259230953125 0.6507961234375 0.1457461015625 0.6507961234375 0.1716966953125 0.6433398296874999 0.1781837703125 0.6237821640625001 0.1685726484375 0.6087166953125001 0.1517530953125 0.602482690625 0.13493354062500001 0.6040411984375 0.125322378125 0.6113141640624999
0 0.24906610156250003 0.636250134375 0.2454619328125 0.619106671875 0.23645143906250002 0.609755690625 0.22102102031249998 0.6047433390625 0.20461452656249998 0.6102751703125 0.19320121562499998 0.6294966484375 0.2004096015625 0.6367696484375001 0.20761798593749997 0.64612063125 0.23344794531250002 0.6481986546875 0.24906610156250003 0.636250134375
0 0.324153284375 0.633133146875 0.33076099375 0.622223690625 0.3229518921875 0.6066387015625 0.304129128125 0.6018193625 0.2742953921875 0.6087166953125001 0.272493325 0.6232626484375 0.27369475625 0.6346916203124999 0.2875107296875 0.6445621234375001 0.31514283125000003 0.64612063125 0.324153284375 0.633133146875
0 0.40164328437499996 0.6165091703125001 0.40164328437499996 0.6123531578125 0.39623700624999997 0.6055996718750001 0.379129128125 0.59948018125 0.354188175 0.6066387015625 0.354188175 0.6237821640625001 0.3559902765625 0.6393671171875 0.38302166875 0.6487181 0.3974383984375 0.6367696484375001 0.40164328437499996 0.6165091703125001
0 0.4773312234375 0.6378086781250001 0.47973400625 0.618067678125 0.4707235140625 0.6066387015625 0.45548047968749994 0.5959714093749999 0.43107745937499997 0.5983266781250001 0.41606001406250004 0.615470175 0.4196642296875 0.634172146875 0.44068862812500004 0.6513156015625 0.4617130203125 0.6487181 0.4773312234375 0.6378086781250001
0 0.46111239218750005 0.3922742453125 0.45090050625 0.3891572453125 0.43115615468749996 0.388719946875 0.4202649046875 0.3969497375 0.420865621875 0.416171221875 0.43167817499999994 0.42863918749999996 0.45810889218749995 0.42552218750000004 0.46952208124999995 0.41357371875000004 0.46111239218750005 0.3922742453125
0 0.35178543281249997 0.39539124531250003 0.346979790625 0.4151322109375 0.3583930609375 0.42863918749999996 0.37575075 0.43082521093750004 0.3836223453125 0.428119690625 0.39383422968750004 0.42188569062500003 0.389028621875 0.40318373750000003 0.3740111828125 0.3933132390625 0.35178543281249997 0.39539124531250003
0 0.2845072703125 0.39746923437500004 0.27609749375 0.41097623437499997 0.2754967765625 0.42915870156249997 0.2917156546875 0.4327951875 0.3091358375 0.433314684375 0.318747046875 0.41772969531250004 0.3115386625 0.39746923437500004 0.2845072703125 0.39746923437500004
0 0.16136426406249998 0.430717175 0.169774034375 0.41772969531250004 0.1629129125 0.39690708125 0.145145425 0.394352234375 0.1265238109375 0.399027725 0.119315425 0.4125347078125 0.1265238109375 0.42760017499999997 0.14334331718749999 0.434873175 0.16136426406249998 0.430717175
0 0.23945493906249998 0.41824919375 0.23705215468750002 0.406820215625 0.228642425 0.394352234375 0.21088588437500003 0.39339830937500003 0.1938019328125 0.4042227140625 0.19199982499999999 0.42500269062499996 0.20341309531250001 0.4327951875 0.2196319734375 0.43383418125000006 0.23645143906250002 0.42863918749999996 0.23945493906249998 0.41824919375
0 0.3537405140625 0.4769127078125 0.35313979687499997 0.45561325156250004 0.3326561546875 0.44261468437499996 0.311691675 0.4488597484375 0.3056846828125 0.4602887421875 0.30928885156249997 0.4774322046875 0.326709121875 0.48574419375 0.3387230671875 0.4841857015625 0.3537405140625 0.4769127078125
0 0.42582419531250004 0.4717177140625 0.4288276890625 0.4571717609375 0.42101863437500003 0.4452232515625 0.4063048046875 0.44144509374999996 0.39098374375 0.44574276562500004 0.37656701406250004 0.46444473750000004 0.381372575 0.48002970781250004 0.40359840468749997 0.48574419375 0.42101863437500003 0.48366622187499997 0.42582419531250004 0.4717177140625
0 0.2414100609375 0.5615911 0.23720516875 0.574578584375 0.2456149453125 0.58808554375 0.2644129125 0.5952462625 0.284660284375 0.58808554375 0.2900665609375 0.56626655625 0.2804553984375 0.553798625 0.259430959375 0.547564584375 0.2414100609375 0.5615911
0 0.33331679062499997 0.54912309375 0.317698628125 0.5563961281250001 0.30928885156249997 0.5740590640625001 0.3195007359375 0.5927610343749999 0.3326561546875 0.594076671875 0.3483342359375 0.59172200625 0.356743965625 0.5849685609375 0.36034818281250003 0.5704225671875001 0.35313979687499997 0.5553570999999999 0.33331679062499997 0.54912309375
0 0.3195007359375 0.513797146875 0.3158965609375 0.5065241703125001 0.3042777765625 0.49466146718750004 0.282257459375 0.495095175 0.2666393453125 0.5111996609375 0.2684414453125 0.534057625 0.2906672359375 0.54288909375 0.3158965609375 0.5371746078124999 0.3195007359375 0.513797146875
0 0.37836908125 0.49821217500000003 0.361710209375 0.49992462499999996 0.3441293453125 0.512238690625 0.3489349453125 0.5314601234375 0.3717614125 0.5423696140625001 0.395188628125 0.5299016140624999 0.3903830265625 0.5065241703125001 0.37836908125 0.49821217500000003
0 0.463067465625 0.5330186671875 0.4672723171875 0.51951163125 0.4606646890625 0.5049656609375 0.44616966874999997 0.491737490625 0.4276263046875 0.495614671875 0.41681374375 0.5111996609375 0.42342141250000004 0.5288626203125 0.43183114843750003 0.5382136375 0.44684863437500005 0.5397721109375 0.463067465625 0.5330186671875
0 0.5405574328125 0.502368175 0.52116966875 0.49290708125 0.5051162640625 0.498731671875 0.491300209375 0.5127581515624999 0.5021127640625 0.5299016140624999 0.5291441546875 0.5361356140625 0.545363075 0.5241871234375 0.5405574328125 0.502368175
0 0.4294284046875 0.5532790765625 0.41140746562499997 0.5434086437500001 0.39143993906249996 0.5490474328125 0.37836908125 0.563669053125 0.3795704734375 0.5766565328125 0.39939352031249997 0.5906830109375 0.42041791875 0.5870465140625 0.43002908125 0.5714615609375 0.4294284046875 0.5532790765625
0 0.5051162640625 0.5787345609375001 0.5099219046875 0.5574350875 0.498508634375 0.54496708125 0.4786021015625 0.5437842749999999 0.46547025 0.5512011234374999 0.45886254062500004 0.5605520703125 0.45886254062500004 0.5761370578125 0.4702758109375 0.5886050234375 0.49490441875 0.5896440171874999 0.5051162640625 0.5787345609375001
0 0.5141750953125 0.682230825 0.509369534375 0.6583338999999999 0.48521020937500003 0.656205328125 0.4667200203125 0.6635288890625 0.4577095671875 0.6749578484375001 0.4643171953125 0.69210135625 0.48113675 0.7024913390624999 0.500359040625 0.6962572984375 0.5141750953125 0.682230825
0 0.43248024375 0.6708018484375 0.4246711828125 0.6567753749999999 0.40345345312500003 0.6544509421875 0.3844244125 0.6661263921875 0.38142091875 0.6874258296875 0.3934349046875 0.6962572984375 0.41205652031250006 0.6967768125 0.425872575 0.687945309375 0.43248024375 0.6708018484375
0 0.5892623171875 0.6682043453125 0.5742448718750001 0.6552168828125 0.560210209375 0.653866146875 0.5382029859374999 0.665606859375 0.5370015953125 0.687945309375 0.5574253171875 0.6983352859374999 0.5718420875 0.6952183046875 0.584456709375 0.688464825 0.5892623171875 0.6682043453125
0 0.6601446484375 0.6588533625 0.6338588578125 0.6486029890625 0.6114881421875 0.659372859375 0.610286709375 0.6780748296875 0.6186964859375 0.69158180625 0.651734871875 0.69210135625 0.661346 0.6780748296875 0.6601446484375 0.6588533625
0 0.7340303984375 0.6682043453125 0.716966965625 0.6486029890625 0.6943843843749999 0.6495023796875 0.6817697640625 0.6640483515625 0.684172628125 0.6827503218750001 0.7075997234375 0.69573781875 0.7304262640625 0.687945309375 0.7340303984375 0.6682043453125
0 0.8115204390624999 0.6671653515625 0.8019092359375 0.65106090625 0.784534534375 0.643924625 0.7658674328124999 0.6520998828125 0.75865900625 0.665606859375 0.768270296875 0.6889843046874999 0.794100175 0.693140315625 0.8091176625 0.6848283281249999 0.8115204390624999 0.6671653515625
0 0.8908124656249999 0.664567865625 0.8860069046874999 0.6489828828124999 0.8697880671875 0.6437878890625 0.852367884375 0.6463853921875 0.8373504796875 0.6500218953125 0.8313434859375001 0.6682043453125 0.8343469859375 0.6827503218750001 0.852367884375 0.693140315625 0.880600628125 0.6837893328125 0.8908124656249999 0.664567865625
0 0.8751943515624999 0.581967496875 0.8830034046874999 0.5663825265625 0.8812013453124999 0.54248555 0.8661838578125 0.5352125734375 0.8487237234375 0.5369070812500001 0.8343469859375 0.550278046875 0.82833999375 0.561707034375 0.839152465625 0.5757335140625 0.8493644734375 0.5835259890625 0.8601769453125 0.585084496875 0.8751943515624999 0.581967496875
0 0.834947621875 0.5253421 0.8433574796875 0.506120625 0.8361490546875 0.48845764843749995 0.81899399375 0.4848602984375 0.797704384375 0.4879381515625 0.7886938984375 0.49884762499999996 0.791096675 0.5185886015625 0.8037113781249999 0.5284590812500001 0.8229336281249999 0.533134590625 0.834947621875 0.5253421
0 0.7724750609375 0.5222250875000001 0.777280703125 0.503523128125 0.764065284375 0.4874186546875 0.7379129125 0.484275503125 0.7214157765625 0.49469163125 0.719613709375 0.5076791171874999 0.7238185546875 0.523783590625 0.7346311156249999 0.5326150765625 0.749047884375 0.5315760765624999 0.7724750609375 0.5222250875000001
0 0.6949851015624999 0.521705590625 0.691380884375 0.4931331515625 0.6793669796875 0.48845764843749995 0.66899399375 0.4871994796875 0.6493320953125 0.4936526375 0.6451271625 0.5087181171874999 0.6475299453125001 0.5248225843750001 0.660745284375 0.533134590625 0.68056833125 0.5341735671875 0.6949851015624999 0.521705590625
0 0.6204985546875 0.5096789828125 0.6150922765625 0.49617199999999995 0.5939939937500001 0.48774918749999996 0.5664358109375 0.4982499890625 0.5682378781249999 0.5169519593749999 0.574845546875 0.5283809296875 0.5946685953124999 0.5309784390625001 0.610887425 0.5263029421875001 0.6204985546875 0.5096789828125
0 0.5778490406250001 0.552797403125 0.5634323109375 0.544485415625 0.5426426421875 0.5438895375 0.532196034375 0.5605898828125 0.535800209375 0.5844868421875 0.5622309249999999 0.595915865625 0.584456709375 0.5865648484375 0.58685949375 0.5668238999999999 0.5778490406250001 0.552797403125
0 0.6469293109375001 0.544485415625 0.626426425 0.5415503562499999 0.6054811484375 0.552797403125 0.603078325 0.5772138828125 0.64212366875 0.5917598359375 0.66434949375 0.5772138828125 0.661346 0.54916090625 0.6469293109375001 0.544485415625
0 0.812121075 0.55643390625 0.8061141624999999 0.544485415625 0.7906156156249999 0.5380415843749999 0.7664680671874999 0.5450049124999999 0.75565550625 0.565784871875 0.768270296875 0.5782528765625 0.7856903984375 0.5818893562499999 0.802509953125 0.576174865625 0.812121075 0.55643390625
0 0.739436675 0.5647458765625 0.7334297640624999 0.55227790625 0.7232179249999999 0.541368415625 0.7081831828125 0.5403807656249999 0.6883773921875 0.54916090625 0.686575325 0.5673433796875 0.69378366875 0.582928403125 0.7148080671875 0.5870843453125001 0.7346311156249999 0.579291853125 0.739436675 0.5647458765625
0 0.6979885953125 0.6135788062499999 0.690179534375 0.6011108593750001 0.67756483125 0.5953963328125 0.659534534375 0.5976907078125 0.6475299453125001 0.60526681875 0.645727878125 0.62137128125 0.6529362234375 0.634358765625 0.6727592703124999 0.6411122453125 0.693183034375 0.6353977609375 0.6979885953125 0.6135788062499999
0 0.62290133125 0.6374757843750001 0.6307104734375 0.6151372984375 0.619297203125 0.6042278249999999 0.600075075 0.595936321875 0.580852540625 0.5990328296875 0.567637203125 0.6125397953125 0.5694392640625 0.629683309375 0.5778490406250001 0.6421512390624999 0.6066825 0.6457877375 0.62290133125 0.6374757843750001
0 0.551418365625 0.606825309375 0.5382029859374999 0.596954825 0.5142642640624999 0.5971059125 0.4949527640625 0.6115008359375 0.4937514125 0.6281247609375 0.512973703125 0.6478657609375 0.5412064859375 0.6478657609375 0.558626709375 0.6317612625 0.551418365625 0.606825309375
0 0.8494218921875 0.6063058484375 0.8368072703125 0.5985133515625 0.822372371875 0.59008836875 0.8019668171875001 0.595915865625 0.791154175 0.622410275 0.8133800062500001 0.6374757843750001 0.8368072703125 0.6286442812499999 0.8404113984375 0.62137128125 0.8494218921875 0.6063058484375
0 0.770129784375 0.6166958250000001 0.7707305 0.6037083453125 0.7593172234375001 0.5927988296875 0.740615615625 0.5953515265625 0.723275425 0.6125397953125 0.72207399375 0.626046771875 0.73228583125 0.6400732859375 0.7533102296874999 0.638514778125 0.768327715625 0.6302027890625 0.770129784375 0.6166958250000001
0 0.4721367296875 0.7154075140625 0.456518615625 0.7081345375 0.43993993906249995 0.7092930468749999 0.42828583125 0.7200830296875 0.425883046875 0.7413825375 0.44150116875 0.7507334671875 0.4607235 0.7507334671875 0.4739388375 0.7351484968750001 0.4721367296875 0.7154075140625
0 0.538213459375 0.7060565328124999 0.51966966875 0.706953865625 0.5033730140625 0.7143685203125 0.5003695140625 0.741902 0.5219946281250001 0.751252965625 0.5460225609375 0.7470969890625 0.547824628125 0.71748554375 0.538213459375 0.7060565328124999
0 0.6265160203125 0.7190440171875 0.61810624375 0.707615040625 0.600075075 0.7051994796875001 0.5844672296875 0.711771034375 0.5742553046875 0.728395 0.5790609453125 0.738785034375 0.6036895609374999 0.7496944734375 0.624713959375 0.741902 0.6265160203125 0.7190440171875
0 0.698599703125 0.7154075140625 0.689589296875 0.705537034375 0.673048046875 0.7040298890625001 0.6577523453125 0.7107320234375 0.6553495609375 0.7257975140624999 0.6613565546875 0.7413825375 0.682380953125 0.744499503125 0.694995575 0.7372264859375 0.698599703125 0.7154075140625
0 0.77008275625 0.7226805328125 0.76707925625 0.7081345375 0.760471628125 0.703459046875 0.7453453453125001 0.7016907078125 0.7310373718750001 0.7081345375 0.7226276828125 0.724758503125 0.7298360265625 0.7372264859375 0.7502597093750001 0.7413825375 0.76707925625 0.7377459828124999 0.77008275625 0.7226805328125
0 0.8349580953125001 0.6977445609374999 0.8115615609375 0.7028602984375001 0.8001176421875 0.7143685203125 0.8025205062499999 0.724758503125 0.8127322640625 0.73670700625 0.8409650875000001 0.738785034375 0.8517776421875001 0.714888034375 0.8349580953125001 0.6977445609374999
0 0.865303378125 0.7527306203124999 0.8454804125000001 0.7589645843749999 0.83646991875 0.7657181 0.835869209375 0.7828615437499999 0.846081046875 0.7922125265625 0.8725118046875 0.7974075140625 0.8947375546874999 0.789615040625 0.8911333375 0.768315584375 0.8845257906249999 0.7516916078125 0.865303378125 0.7527306203124999
0 0.813643378125 0.7828615437499999 0.813643378125 0.7600035796875 0.7892642640624999 0.7544509421875001 0.7715945 0.75948408125 0.76138274375 0.7698740765625 0.7655875875 0.7880565328125 0.781806425 0.8020830296874999 0.806435034375 0.7974075140625 0.813643378125 0.7828615437499999
0 0.7974246218750001 0.820265496875 0.80403216875 0.8400064625000001 0.819650371875 0.8509159421874999 0.8439939937500001 0.8486029890625 0.8580949531250001 0.83637 0.8502858921875 0.817148496875 0.8394734187499999 0.8077975140625 0.8160461546875 0.810395 0.7974246218750001 0.820265496875
0 0.772195215625 0.8197459828125 0.7577785265625 0.810395 0.74399399375 0.8105912921874999 0.724139425 0.823902 0.7277436421875 0.840525959375 0.7403583453125 0.8514354390625 0.7631848046874999 0.8550719359375 0.7727959328125 0.8415649890625 0.772195215625 0.8197459828125
0 0.6989101015625 0.8415649890625 0.7001115343750001 0.820265496875 0.690500325 0.80935600625 0.6743993984375 0.8105912921874999 0.658663371875 0.815070509375 0.6508543109375 0.8259800234375 0.653257175 0.845720946875 0.6652711625000001 0.8524744328124999 0.6856947640625 0.8555914328125 0.6989101015625 0.8415649890625
0 0.6322327765625 0.8472794390624999 0.6358369125000001 0.83117499375 0.6286284796875 0.81818754375 0.6021021015625 0.817024040625 0.5865796890625 0.821304490625 0.57816999375 0.8306554796875 0.5739650671875001 0.845720946875 0.5853782562500001 0.8576694203124999 0.614211878125 0.862344946875 0.6322327765625 0.8472794390624999
0 0.7361534187500001 0.7864980578125 0.7379554796875001 0.7709130875 0.7361534187500001 0.7584450875 0.715615615625 0.7550357375 0.69770875 0.7589645843749999 0.6892990609375 0.7792250640625 0.693503825 0.7932515375 0.7157296484375 0.8000050234374999 0.73014641875 0.7958490234375 0.7361534187500001 0.7864980578125
0 0.6604655203124999 0.7714325671875 0.6472501828125 0.75948408125 0.6237237234374999 0.7614684859375 0.61361108125 0.7729910578125 0.6154131484375001 0.7901345375 0.62682641875 0.7948100296875 0.650253675 0.7989660296875 0.661666871875 0.7890955609375 0.6604655203124999 0.7714325671875
0 0.590784534375 0.7813030703125 0.5859789734375 0.7677960703125 0.5703608515624999 0.75740609375 0.5460210203125 0.7591293046875001 0.5379231828125 0.7729910578125 0.5343189734375 0.78597854375 0.546933675 0.8015635140624999 0.564954575 0.8046805328125 0.5829754734375 0.8046805328125 0.590784534375 0.7813030703125
0 0.5217043515625 0.7880565328125 0.51749941875 0.774030053125 0.504884796875 0.7589645843749999 0.48115615468749995 0.758544509375 0.4646380671875 0.7719520640625 0.4640373515625 0.7844200531250001 0.46944362812499996 0.8010440171875001 0.48926668281249996 0.80935600625 0.506686865625 0.8031220234375 0.5217043515625 0.7880565328125
0 0.42799551406249997 0.8052000109374999 0.43820735156249996 0.7890955609375 0.44181156718750003 0.7745495734375 0.43099900625 0.7641595734375 0.4115615609375 0.7626380765625 0.3961585609375 0.7688350640625 0.3865473921875 0.7828615437499999 0.384745325 0.7927320234375 0.3937557765625 0.805719509375 0.41538085156250004 0.8119535093750001 0.42799551406249997 0.8052000109374999
0 0.183397425 0.7049251984375 0.199015546875 0.7012887015625 0.208626709375 0.689340221875 0.2074253171875 0.6695992515625 0.20261975625 0.6623262750000001 0.190615615625 0.6602988953125 0.17979325 0.662845771875 0.16898069531249998 0.6685602578125 0.1611715953125 0.6820672453125 0.16357441875 0.6981717015625 0.1713834796875 0.7018081984375 0.183397425 0.7049251984375
0 0.285516040625 0.6945352046875 0.284915325 0.6737552453125 0.278307615625 0.663884784375 0.25750750624999996 0.660883690625 0.24346720312499998 0.669079784375 0.23986298593750002 0.6831062343750001 0.2464706546875 0.6992106953125 0.253078325 0.700249725 0.26689441875000003 0.7023276953125 0.285516040625 0.6945352046875
0 0.356398371875 0.6612872859375 0.329129128125 0.6556205328125 0.310745284375 0.664923765625 0.311946715625 0.687781725 0.328165546875 0.7012887015625 0.3557976546875 0.6966132109375 0.35880115468749996 0.674274771875 0.356398371875 0.6612872859375
0 0.3101446484375 0.71012019375 0.2975299453125 0.7075226906250001 0.284534534375 0.7094217015625001 0.27290133125 0.7272636484375 0.28251254062500003 0.7532386140625 0.3083425 0.7542776078125 0.3251620546875 0.741290128125 0.32636348593750003 0.7241466671875 0.3101446484375 0.71012019375
0 0.24947415468749998 0.7262246718750001 0.24346720312499998 0.71219818125 0.22372372343750002 0.7141000640625 0.204421825 0.721029684375 0.195411371875 0.7329781578125 0.1966127640625 0.7454461234374999 0.217637203125 0.754797128125 0.2464706546875 0.744407146875 0.24947415468749998 0.7262246718750001
0 0.17678979687500002 0.743368134375 0.1749876484375 0.7262246718750001 0.1677793046875 0.7147956843750001 0.15210210156249998 0.7141000640625 0.135341634375 0.721029684375 0.12512975625 0.7334976546875 0.12452908124999999 0.7532386140625 0.1419493046875 0.7615506078125 0.16417509531250002 0.7579141109374999 0.17678979687500002 0.743368134375
0 0.4014506625 0.7366146546875 0.4026520140625 0.7262246718750001 0.392440175 0.713756690625 0.3716966953125 0.7105912921875001 0.356398371875 0.718951678125 0.350391378125 0.7345366484375 0.3557976546875 0.7490826203125 0.37622141875000004 0.7537581109375 0.396044384375 0.747524128125 0.4014506625 0.7366146546875
0 0.4039188046875 0.862674275 0.41052651406249996 0.836699328125 0.4039188046875 0.8200753625000001 0.39061561562499997 0.8164392453125 0.364272790625 0.8169583453125 0.3534602296875 0.8283873749999999 0.34565117500000003 0.8465698250000001 0.3588665140625 0.86371326875 0.3768874125 0.8715057609375 0.4039188046875 0.862674275
0 0.46579064218750005 0.860076771875 0.4802074125 0.8476088015625001 0.4790059796875 0.8278678359375 0.4588588578125 0.8152696546874999 0.438158621875 0.8205948421875 0.42554391875 0.8330628296875 0.42254041875 0.8460502921874999 0.42554391875 0.85851828125 0.441162034375 0.8652717609374999 0.46579064218750005 0.860076771875
0 0.5510897499999999 0.849167328125 0.5546938781249999 0.8356603328125001 0.5474856156250001 0.8174778593750001 0.5298048046875 0.8129304734374999 0.5102423046875 0.8216338359375 0.5018325265625 0.83825781875 0.503033959375 0.854881778125 0.518051365625 0.862674275 0.5408779046875 0.8579987843750001 0.5510897499999999 0.849167328125
0 0.44476625 0.90007819375 0.4429641828125 0.8808567421875001 0.4149399390625 0.8725795968750001 0.3955090265625 0.88033726875 0.3858979046875 0.9016367015625001 0.396710459375 0.9192997140625 0.40872436562500003 0.922936175 0.43695718906250003 0.9141047078125 0.44476625 0.90007819375
0 0.5138465140624999 0.8735837484375001 0.4976276828125 0.8694277546875 0.484534534375 0.869070825 0.46579064218750005 0.879298234375 0.461585796875 0.912026684375 0.48981854062499997 0.9213776671874999 0.5102423046875 0.9141047078125 0.5228569249999999 0.89644173125 0.5138465140624999 0.8735837484375001
0 0.2591506828125 0.8413748359375001 0.2525430140625 0.8242313390625 0.2176426421875 0.8205328125 0.1948760953125 0.83202381875 0.1978795953125 0.8455307953125001 0.20989354062499999 0.8657912578125 0.238727 0.8652717609374999 0.25134162187500003 0.86059626875 0.2591506828125 0.8413748359375001
0 0.3312344046875 0.855401275 0.33543933125000003 0.8315043390625 0.318619784375 0.8159193515625001 0.297372371875 0.8187784265625 0.2819772234375 0.8289068296875 0.2759702296875 0.8439723390625 0.27777233749999997 0.861115765625 0.2891855671875 0.8673498015625001 0.3084078984375 0.8683887609375001 0.3312344046875 0.855401275
0 0.3690783515625 0.7852688953125 0.35766508125 0.771242415625 0.33543933125000003 0.7644889359375 0.316217 0.7728009234375001 0.312012075 0.7925418890625 0.31982112812499996 0.80656836875 0.334838615625 0.8128023515624999 0.36187000625 0.808126859375 0.3690783515625 0.7852688953125
0 0.287984175 0.78319090625 0.283178615625 0.771242415625 0.27056395312500003 0.7650084328125 0.2466966953125 0.7661468484375 0.23572350000000003 0.7805933984375 0.23512278437499998 0.7920223921875 0.2435325609375 0.801373375 0.2627548921875 0.8076073625 0.2861820671875 0.8008538765625 0.287984175 0.78319090625
0 0.214098384375 0.7904638828125 0.20989354062499999 0.7728009234375001 0.184534534375 0.76673164375 0.1702474453125 0.7702034203125 0.16123699375 0.7821519125 0.16664327031249998 0.8018928890625 0.18706699375 0.80864635625 0.2086921078125 0.804490375 0.214098384375 0.7904638828125
0 0.1504244390625 0.8252703515625001 0.13841049375 0.8278678359375 0.126997215625 0.8315043390625 0.123393046875 0.84345280625 0.126997215625 0.86059626875 0.13841049375 0.86683026875 0.1527777765625 0.86673164375 0.16544188437500001 0.8657912578125 0.17805650625 0.85851828125 0.1792579390625 0.8387773328125 0.170848203125 0.8247508359375001 0.1504244390625 0.8252703515625001
0 0.16424049375 0.9057927187500001 0.1696467703125 0.9213776671874999 0.18346278437500002 0.921897215625 0.20508789843750003 0.9167022109375 0.21349766875 0.90735119375 0.2135885875 0.8948018187500001 0.20989354062499999 0.881376221875 0.20028233125 0.8787787546875 0.188268384375 0.88033726875 0.1726502296875 0.885012725 0.16424049375 0.9057927187500001
0 0.28137650625 0.921897215625 0.2921890671875 0.904753684375 0.292789784375 0.8933247484375 0.278453453125 0.8778427546875 0.260952784375 0.8746227421875 0.24893883749999998 0.87670073125 0.238126284375 0.8959222515624999 0.2435325609375 0.9146241875 0.2597513921875 0.929170175 0.28137650625 0.921897215625
0 0.34865466875 0.9151437015624999 0.361269290625 0.9083901875 0.3666755671875 0.8959222515624999 0.36547414218749996 0.8834542515624999 0.35412912812499997 0.87608836875 0.333036465625 0.8735837484375001 0.32222391250000004 0.88033726875 0.31261279062499997 0.891246725 0.318619784375 0.904753684375 0.331835121875 0.9161826953125001 0.34865466875 0.9151437015624999