0 0.0767805109375 0.1449734546875 0.08088301718749999 0.1560258234375 0.0886609390625 0.165900253125 0.099372359375 0.1697245640625 0.111899521875 0.168237515625 0.1204706078125 0.159891346875 0.125480984375 0.14782102187499999 0.12517591875 0.1390850890625 0.12336993593750001 0.1283023875 0.1182472953125 0.12078427656249999 0.10947364374999999 0.11514297968750001 0.09910877500000001 0.1130558859375 0.0892612984375 0.11759812812499999 0.07975549531250001 0.13192461718749998 0.0767805109375 0.1449734546875
0 0.1226890375 0.16611142031249998 0.1263302875 0.1803286671875 0.1362534234375 0.1943265453125 0.1522265921875 0.201465746875 0.1617153140625 0.1948368515625 0.1721802390625 0.1752289171875 0.16835595 0.155770109375 0.1599093265625 0.1431201234375 0.1546353734375 0.13945579531250002 0.14032175468750002 0.13890604687500002 0.12991051874999998 0.1518647015625 0.1226890375 0.16611142031249998
0 0.20495878437499998 0.1069104765625 0.183531065625 0.10730888593750001 0.177146678125 0.1127797859375 0.1698519828125 0.12492988125 0.17142855625 0.14551677031250002 0.186662253125 0.1642272890625 0.208934390625 0.16344952968749998 0.2192284796875 0.138949471875 0.2162852171875 0.12015962499999999 0.20495878437499998 0.1069104765625
0 0.2070161484375 0.1740124203125 0.197781240625 0.17153600156249998 0.18921503125 0.171835140625 0.17246822343749998 0.1916624421875 0.17337121718749998 0.2175208078125 0.1936226109375 0.23255747031250001 0.21042067343749998 0.2305714140625 0.2196214125 0.20750899218750002 0.21907229374999998 0.19178431093749998 0.2070161484375 0.1740124203125
0 0.1436188984375 0.20876360468750002 0.13015701875000002 0.216230971875 0.1278922234375 0.2250566484375 0.1268672078125 0.2366379375 0.12681351875 0.24328721718750002 0.14105148437499998 0.2662308703125 0.16100269375 0.26448456875000004 0.1731759796875 0.25286383749999997 0.176048465625 0.24506653125 0.1757482796875 0.2282835671875 0.1627622984375 0.20844496562499998 0.1436188984375 0.20876360468750002
0 0.1159288140625 0.177193259375 0.09730768437500001 0.17609420625 0.0805120640625 0.194523759375 0.08057551874999999 0.2127144453125 0.09323935312500001 0.2315147046875 0.10800935 0.2369466046875 0.121446825 0.2287803609375 0.1286805078125 0.2148830796875 0.12798495781250002 0.1949651515625 0.1159288140625 0.177193259375
0 0.1207683625 0.2420988671875 0.10155174843749999 0.24032088125 0.084944046875 0.2559449640625 0.0860959734375 0.2807450453125 0.0859568640625 0.28494826406249996 0.09826194375 0.30166187187500004 0.1205096765625 0.3001852375 0.131643303125 0.2833528578125 0.13277081875000002 0.2665200375 0.1207683625 0.2420988671875
0 0.1435701046875 0.330167934375 0.1674041734375 0.3331841296875 0.1801412171875 0.3131469859375 0.1797434109375 0.2935685234375 0.16526871406250002 0.27203259218750003 0.1464230578125 0.27269069687499997 0.133788515625 0.2874763078125 0.1290343953125 0.30688481562500003 0.1435701046875 0.330167934375
0 0.1912260328125 0.294916859375 0.210989321875 0.2959760265625 0.2206586390625 0.27814519375 0.222977128125 0.26267023749999996 0.21246338593749997 0.2399463953125 0.192614678125 0.23644116718750002 0.18154694531249999 0.2469737 0.1746915421875 0.271703540625 0.1912260328125 0.294916859375
0 0.2405439453125 0.2008306828125 0.2291223359375 0.2012295328125 0.216409696875 0.22196555 0.2223914015625 0.24589724375 0.233481103125 0.2605541125 0.256324321875 0.2597564109375 0.2686538 0.236234865625 0.2660692921875 0.219531671875 0.24853907187500002 0.2005514859375 0.2439704265625 0.2007110265625 0.2405439453125 0.2008306828125
0 0.2642706265625 0.1762114125 0.262310890625 0.15283899375 0.2462327765625 0.1345078265625 0.23055246875000002 0.135755121875 0.2179423296875 0.1512396078125 0.2182376359375 0.1760696015625 0.23231696875000002 0.19447056875 0.2528514609375 0.19305376093749999 0.2642706265625 0.1762114125
0 0.2716434203125 0.158110909375 0.295428678125 0.15972935625 0.3067624265625 0.1404409453125 0.3070137953125 0.11489213125 0.28913263125 0.10223573906250001 0.2734279171875 0.102784159375 0.260817778125 0.1182686453125 0.2589312640625 0.13792687812499999 0.2716434203125 0.158110909375
0 0.31670265 0.18767525625 0.344758809375 0.18879469375 0.35411818125 0.1702749578125 0.3532517953125 0.14546490625 0.3317728203125 0.1280220671875 0.3200900765625 0.129129765625 0.30559830312499997 0.156225453125 0.30788506718750003 0.1725891796875 0.31670265 0.18767525625
0 0.2847977953125 0.16639813750000002 0.2734982140625 0.1702913609375 0.2615933828125 0.1895997140625 0.262513459375 0.20776048593750002 0.2774006046875 0.2247337890625 0.2991626734375 0.2257231578125 0.302667253125 0.21965309687499998 0.30932985625 0.2057757578125 0.30931521093750003 0.1889828234375 0.3012932359375 0.17211964531249999 0.2847977953125 0.16639813750000002
0 0.3553213609375 0.2129162859375 0.340185284375 0.1970012671875 0.3213274265625 0.1973099328125 0.309720340625 0.21695775312499999 0.31070142968750003 0.2368657109375 0.3287905296875 0.25547651718750003 0.34447083749999996 0.2542292203125 0.3561511390625 0.23667802500000001 0.3553213609375 0.2129162859375
0 0.2654152421875 0.274483078125 0.28576425781250003 0.2923152375 0.3038924015625 0.287483828125 0.31269289375 0.2693334703125 0.3100888625 0.24388437187499998 0.297359134375 0.23138395625000002 0.2782401421875 0.23240146875 0.268746540625 0.2470773953125 0.2642950421875 0.2587783390625 0.2654152421875 0.274483078125
0 0.34404375625 0.32386696718749997 0.35784974531249997 0.301693315625 0.358308559375 0.2820849390625 0.3512652328125 0.268686221875 0.3395751640625 0.2613974515625 0.32165934531249996 0.2641222671875 0.30976672031249997 0.28378005625 0.31423530624999996 0.305315546875 0.32948120468750003 0.324375503125 0.34404375625 0.32386696718749997
0 0.26913703437500003 0.34012744375000004 0.281393303125 0.3554433015625 0.29843542031250003 0.36044599375 0.3102865578125 0.3477869203125 0.317544646875 0.3345885140625 0.3151602609375 0.3154292875 0.29882101250000004 0.29780696562500003 0.2805830453125 0.299493440625 0.2707917015625 0.3138299 0.2662913921875 0.3241330953125 0.26913703437500003 0.34012744375000004
0 0.25520168593750003 0.2685422 0.233500628125 0.2693000171875 0.22135906875 0.2900160921875 0.22179348437500002 0.3106428671875 0.23568977812499997 0.3238022734375 0.2559997421875 0.324142625 0.2680387984375 0.30867808124999996 0.26811445312500004 0.2862841765625 0.25520168593750003 0.2685422
0 0.22335053437500002 0.32248385156250003 0.2075945671875 0.305191025 0.1896177359375 0.30616865312499997 0.17654634062500002 0.32481801718750003 0.1772540921875 0.345085384375 0.193556734375 0.36165939375 0.21183130781249998 0.36102123124999996 0.224902703125 0.3423718671875 0.22335053437500002 0.32248385156250003
0 0.133222325 0.3613172734375 0.1331759578125 0.376363021875 0.15046944843750001 0.396750928125 0.17210949375 0.3942459234375 0.182701325 0.3700853328125 0.1807733171875 0.35580825781250003 0.16558843125 0.3384954875 0.147064921875 0.340191934375 0.1380203765625 0.35135354375 0.133222325 0.3613172734375
0 0.1256323171875 0.307703346875 0.10108805937500001 0.30891031406249997 0.089297934375 0.3233165734375 0.0885535796875 0.342934921875 0.1019227234375 0.36555905 0.11940169062499999 0.3666979890625 0.1344474625 0.3472799515625 0.135909328125 0.33183490781249997 0.1256323171875 0.307703346875
0 0.1269209265625 0.4346587890625 0.1368391765625 0.41576967187499997 0.1374615046875 0.39265695 0.122562159375 0.375334209375 0.10267196406250001 0.37882769843749997 0.08966158125 0.39922424843750004 0.088558471875 0.41675594531250004 0.1074919875 0.43498739999999997 0.1269209265625 0.4346587890625
0 0.26098327499999996 0.3358639546875 0.23605585625 0.33428539375 0.221490865625 0.35928445781249996 0.22383864375 0.377395371875 0.2452322 0.39239214843750003 0.26117364374999996 0.390436009375 0.27279293125000004 0.3711376265625 0.2709186125 0.3502112703125 0.26098327499999996 0.3358639546875
0 0.3624501234375 0.3515631453125 0.3517850703125 0.3326930859375 0.3265843125 0.331473934375 0.31563860625 0.3455008421875 0.31536283125 0.37035077968749996 0.33142874375 0.38833250937499997 0.3485855625 0.38843310625 0.36328478125 0.3672778546875 0.3624501234375 0.3515631453125
0 0.35067953281249997 0.4565833625 0.3645587375 0.436506334375 0.3623134625 0.4131438890625 0.348805209375 0.3947229796875 0.3299595546875 0.39538108437499997 0.31608035 0.4154581125 0.317098046875 0.43641438125 0.3340571875 0.45541451093749996 0.35067953281249997 0.4565833625
0 0.27155560156249997 0.46669356406249995 0.290350009375 0.4891282375 0.3058546015625 0.49103585 0.3205416171875 0.46953116093749997 0.3199314859375 0.4520592921875 0.30980090625 0.43212097812500005 0.2882999703125 0.4304227640625 0.28099795156249996 0.43417639062499996 0.27268311875 0.44986074374999996 0.27155560156249997 0.46669356406249995
0 0.35664659374999996 0.46372212187499995 0.33093576874999997 0.4642700984375 0.31937749375 0.48531566875000004 0.319726490625 0.50349638125 0.3389943578125 0.5231156140625 0.3586600265625 0.521379284375 0.3665550875 0.5018610906250001 0.3663574046875 0.4798265953125 0.35664659374999996 0.46372212187499995
0 0.283785028125 0.5058010765625001 0.2744012515625 0.5236219375 0.279379903125 0.5433902984375 0.2933494125 0.558646328125 0.3113140421875 0.5573192625 0.3207588328125 0.5412455859375 0.32348000625 0.5373020640624999 0.3234531578125 0.520159690625 0.31351782031250003 0.505812375 0.2963292734375 0.496616434375 0.283785028125 0.5058010765625001
0 0.27738111718749997 0.502526071875 0.2741889203125 0.48479450625 0.27066969687500003 0.4740716328125 0.2546721203125 0.4662335578125 0.237612921875 0.46892845781250003 0.228648915625 0.49058316093750004 0.2310943125 0.5114895734375 0.24814375156250001 0.5248887328125 0.2685562171875 0.519977553125 0.27738111718749997 0.502526071875
0 0.27089177656249996 0.41493694999999997 0.2568856578125 0.3986326078125 0.24146648750000002 0.3991710578125 0.22730174062500003 0.41925805625 0.2289271265625 0.44124269531250004 0.24261109531249997 0.456508696875 0.260041253125 0.45624988593750004 0.2732883640625 0.4344456140625 0.27089177656249996 0.41493694999999997
0 0.30523469375 0.36685596249999997 0.28262820624999996 0.366245946875 0.2721876859375 0.3865527546875 0.27346651718750004 0.40680017812499997 0.287684959375 0.4209979265625 0.304780765625 0.4193513359375 0.3171419703125 0.404925134375 0.31890646093749997 0.381772528125 0.30523469375 0.36685596249999997
0 0.1787550140625 0.388066178125 0.1798019984375 0.4016742921875 0.17946276562500002 0.40833354374999997 0.19190207343750001 0.42889096406249994 0.2099765265625 0.43070883281250005 0.223614121875 0.4200865578125 0.2260790421875 0.40880485 0.22776543437500002 0.39160265 0.21366169687499997 0.3725028078125 0.19135295000000002 0.3722322546875 0.1787550140625 0.388066178125
0 0.1862400796875 0.4304881390625 0.1708721546875 0.40793380937499996 0.1562607921875 0.4070445953125 0.147865421875 0.41223585625 0.138706171875 0.4282995609375 0.13714180468749998 0.448996134375 0.151694596875 0.46458166093750003 0.1700179828125 0.465341246875 0.1850637546875 0.44592320937499996 0.1862400796875 0.4304881390625
0 0.1428989828125 0.4746849875 0.1424596875 0.46210524218750004 0.127474925 0.442336440625 0.106320540625 0.4423754390625 0.1019471390625 0.44812597812500005 0.09062559375 0.46776382656250004 0.09598740781250001 0.4903177140625 0.11354691406249999 0.5019497453125 0.13063051718750002 0.49995371874999994 0.1398629828125 0.48598663750000004 0.1428989828125 0.4746849875
0 0.18883191562499999 0.49652182656250005 0.176094865625 0.4756249421875 0.1671210921875 0.47243967812500004 0.1490051515625 0.47762052656250004 0.139269940625 0.501751203125 0.148702534375 0.5262621171874999 0.1712309265625 0.5328225421874999 0.1882266703125 0.51193695625 0.18883191562499999 0.49652182656250005
0 0.1860594875 0.48262410312500004 0.2031455359375 0.4970715734375 0.21905037031250002 0.49406712031250005 0.23203634687500002 0.4729716953125 0.2332614828125 0.45893437343750004 0.2191211375 0.4387862203125 0.21975323125 0.44051346562499993 0.204509775 0.43789700624999994 0.193532340625 0.44282857187499997 0.181105240625 0.46355461875000004 0.1860594875 0.48262410312500004
0 0.2342767484375 0.5453151984375 0.23290029531249998 0.522272275 0.22234506718749997 0.506547153125 0.20221081875000002 0.50305189375 0.1865085484375 0.5200438140625 0.18396553437500002 0.5372759281249999 0.2000021609375 0.5626058125 0.21887222031250003 0.562646584375 0.2342767484375 0.5453151984375
0 0.1622888828125 0.53873261875 0.14357989843750002 0.5596780328125 0.1431454875 0.579985284375 0.16438773281250002 0.5988358453125 0.1794481484375 0.5962107421875 0.1891540734375 0.5794282203125001 0.1877288109375 0.5549875484375 0.1746769359375 0.541448790625 0.1622888828125 0.53873261875
0 0.11295875 0.5096672812499999 0.09264635 0.5338174578125 0.093493209375 0.5498816046874999 0.11208017343750001 0.56637584375 0.13779099687500002 0.565827865625 0.145290696875 0.5431747078125 0.1426329734375 0.524374890625 0.1248904265625 0.5075012984375 0.11295875 0.5096672812499999
0 0.098232696875 0.5955482140624999 0.09909908281249999 0.620358265625 0.12079037968749999 0.6356945078125 0.1347086359375 0.6331092921875 0.1473602625 0.6106260875 0.1466647125 0.590708159375 0.12856341093749998 0.5717479156249999 0.1145719390625 0.5722365093749999 0.098232696875 0.5955482140624999
0 0.1894298546875 0.595512309375 0.1941229671875 0.6152906406249999 0.20397288750000003 0.627191896875 0.21976301875 0.6290895359374999 0.22906381874999998 0.6252661109375001 0.238003421875 0.6029125343749999 0.23428895781249998 0.5865986624999999 0.2159387234375 0.568696703125 0.2048392625 0.57013389375 0.194489040625 0.584839734375 0.1894298546875 0.595512309375
0 0.26967886406249997 0.593059815625 0.2808783828125 0.5699275953125 0.28024384687500004 0.5517568515625 0.2638801921875 0.53343565625 0.24957877499999997 0.5332353453125 0.2372175703125 0.5476615484375 0.23047687031250003 0.5674892921875 0.2477166703125 0.5945264796874999 0.26967886406249997 0.593059815625
0 0.354520921875 0.5911466562500001 0.3704111109375 0.5713492687499999 0.369010253125 0.5476074718749999 0.35618290468749997 0.5323115546875 0.33669295312499997 0.530892978125 0.320753953125 0.54929261875 0.323126134375 0.5681024078125 0.34052945156250003 0.5916352500000001 0.354520921875 0.5911466562500001
0 0.35989494375 0.6549840078125 0.3745941625 0.6338287546875 0.3770639609375 0.614500015625 0.36716523125 0.6012010125 0.342711271875 0.5968070109375 0.32761668906249997 0.6148273 0.32664048437500004 0.6278063375 0.343831475 0.6534457765624999 0.35989494375 0.6549840078125
0 0.328141396875 0.588919078125 0.31356907968750003 0.5645876484375 0.289905846875 0.566463578125 0.2782499515625 0.5847136468749999 0.27957759375 0.6063588203125 0.2970345984375 0.6232423812500001 0.314725890625 0.622274725 0.328605096875 0.6021976984374999 0.328141396875 0.588919078125
0 0.296995559375 0.687618625 0.3176276734375 0.6889973171875 0.332302484375 0.6671431890624999 0.3324708796875 0.6555918140625 0.32059044999999997 0.634665015625 0.3020474171875 0.62761555625 0.28635735 0.6449569125 0.282423240625 0.6632871953125 0.296995559375 0.687618625
0 0.2595702515625 0.5983109062499999 0.2430650515625 0.6086834578125 0.2355165421875 0.629938865625 0.23703698437499998 0.6407315375 0.24273070625 0.6482297046875 0.25829142968749996 0.659931534375 0.2741474546875 0.65552933125 0.28538358124999996 0.6334454234375 0.2848344640625 0.617720740625 0.27026946875 0.601785778125 0.2595702515625 0.5983109062499999
0 0.19421327187499998 0.6506236999999999 0.189324921875 0.6661883953125 0.2061937640625 0.69078949375 0.22689909218749998 0.694264809375 0.227221240625 0.69530315 0.2405171625 0.6748966281250001 0.2414738421875 0.653171684375 0.22926638437500002 0.6392535765625 0.212236471875 0.634600321875 0.19421327187499998 0.6506236999999999
0 0.1780155671875 0.6043076296875001 0.158847765625 0.60392739375 0.1561509953125 0.6085697921875 0.1458373828125 0.62432394375 0.146496325 0.6431935609375 0.16205216718749998 0.6629424203125 0.18256225625 0.6608267390625 0.1919460328125 0.6430058765625 0.1914872125 0.6216802265625 0.1780155671875 0.6043076296875001
0 0.117786115625 0.697025528125 0.1389771046875 0.698034840625 0.1506818109375 0.68118251875 0.150945384375 0.6559831453125 0.136107053125 0.640407590625 0.11943589375000001 0.6378409890625 0.10098804531250001 0.6580775562500001 0.10156156875 0.6745011125 0.117786115625 0.697025528125
0 0.152814821875 0.68495653125 0.14790206875 0.6998223546875 0.1608343609375 0.7263102359375 0.1837263890625 0.7269102828125 0.18900522343749998 0.7225275796874999 0.1970637984375 0.69950504375 0.1930637921875 0.6832011421875 0.182332846875 0.6706309265625 0.1671504046875 0.6697616546875 0.152814821875 0.68495653125
0 0.10628397187500001 0.7278653140625 0.10473668750000001 0.7408642953125 0.12063908593749999 0.7623503703125001 0.1455420984375 0.7632300546875 0.15434259374999998 0.7450796984375 0.155980175 0.7264797484375001 0.1460936484375 0.71353018125 0.13122603125 0.7053027828125 0.121068609375 0.709156121875 0.10628397187500001 0.7278653140625
0 0.3463256890625 0.7166839656249999 0.3626991046875 0.7189111015625 0.37796452187499996 0.7057829359375 0.375572815625 0.678227240625 0.36680404375000003 0.6645389140625 0.35437938125 0.66077443125 0.339465396875 0.6675927828125 0.32921279531250003 0.685094121875 0.33228296562500004 0.6993313109375 0.3463256890625 0.7166839656249999
0 0.288234115625 0.7232607921875001 0.288697815625 0.7365394125 0.29925304375 0.7522645359375 0.3144965 0.75488099375 0.3229650859375 0.75178635625 0.3351310515625 0.7317691578125001 0.33503098750000004 0.712530159375 0.3181816703125 0.6966749671875 0.30159592968750004 0.6965544265625 0.29142142656250003 0.708105359375 0.288234115625 0.7232607921875001
0 0.277037034375 0.7219024859375 0.28872953749999997 0.704700728125 0.2884293515625 0.6879177624999999 0.2772420296875 0.670465396875 0.2673140140625 0.6645145484375 0.2514213828125 0.6678684390625 0.2417764703125 0.686398146875 0.24250862812500001 0.7073643890625 0.2550382328125 0.7223208390625 0.277037034375 0.7219024859375
0 0.20759462812499999 0.75546531875 0.23419868125 0.7559357375 0.2418155265625 0.744823984375 0.2443268125 0.7184965265625001 0.23326151562500003 0.7045385328125 0.2142084171875 0.699256203125 0.19817179375 0.7148603437500001 0.19650980625 0.73276141875 0.20759462812499999 0.75546531875
0 0.15387645625 0.7562916078125 0.15447438593750001 0.7734140375 0.1654493828125 0.792973 0.19025477500000001 0.7910571859375 0.1979448359375 0.7820420578125 0.20287467343749999 0.759478640625 0.1951992515625 0.7443526781250001 0.17796189375 0.7337589890625 0.1647123390625 0.7391197625 0.15387645625 0.7562916078125
0 0.1342303140625 0.7667738421875 0.119650678125 0.774979971875 0.1088636046875 0.793549565625 0.10994719687500001 0.8082059906250001 0.12382640625 0.829062990625 0.14460983125 0.8265879 0.149900865625 0.8225546343750001 0.1567099015625 0.8128705437500001 0.1576787828125 0.7914950390625 0.14825351250000002 0.7753805921875 0.1342303140625 0.7667738421875
0 0.1553212515625 0.8304122125 0.1601046609375 0.8445895734375 0.17397655 0.8570501046875 0.1905378828125 0.8564717703125 0.20456352031249997 0.840587990625 0.20369713437499998 0.8157779390625001 0.18876118125000002 0.7974068859375001 0.1707843484375 0.7983845140625 0.160768478125 0.8144781343749999 0.1553212515625 0.8304122125
0 0.20204002031249998 0.7846979578125 0.20035362656250003 0.8019001578125 0.2150162421875 0.8206306203124999 0.23874048750000001 0.8205018781250001 0.247340859375 0.804807553125 0.2485098625 0.7809760140625001 0.2382889859375 0.7666386703125 0.223616609375 0.76400226875 0.2087514359375 0.77221836875 0.20204002031249998 0.7846979578125
0 0.10992768125 0.8813281390625001 0.10925654375 0.9030431125 0.12508572499999998 0.9224325640625001 0.14683559375 0.9230724953125 0.1574225453125 0.906958934375 0.159309059375 0.8873006999999999 0.15178006875 0.8763679874999999 0.142489028125 0.8640973531249999 0.12641335625 0.8622096828125001 0.10992768125 0.8813281390625001
0 0.16277703125 0.880182328125 0.1638191328125 0.901837471875 0.1738887 0.9200285984375001 0.1979472953125 0.9212876359375001 0.197412821875 0.9223558890625 0.210957678125 0.900891084375 0.20706017187499998 0.8793356515624999 0.197908240625 0.862861796875 0.17738595 0.8646280421875 0.16277703125 0.880182328125
0 0.20566419374999997 0.847546825 0.20633533750000002 0.8667658796875 0.2198924 0.8865845374999999 0.2404268921875 0.8851677312499999 0.24985459843750002 0.876791646875 0.2540254375 0.8570536437499999 0.2482999859375 0.840460134375 0.235321328125 0.8290180015624999 0.219677628125 0.831313609375 0.20566419374999997 0.847546825
0 0.2851993703125 0.9178928953125001 0.29998033749999997 0.9040798875 0.2986404921875 0.8820852765625 0.2931590953125 0.8724805140624999 0.2801560296875 0.8603395062500001 0.26594003125 0.86258525625 0.2536154328125 0.8780597703125 0.25139456718750003 0.896330225 0.2661914125 0.9189044984375 0.2851993703125 0.9178928953125001
0 0.250650203125 0.8340805203125001 0.26306510312500003 0.8539390640625 0.284182878125 0.8528517515624999 0.29478203281250004 0.837087628125 0.296778371875 0.8205743312499999 0.29071857031250004 0.80259304375 0.2726856046875 0.7937764546875 0.258440321875 0.8033703609374999 0.2479021796875 0.820881671875 0.250650203125 0.8340805203125001
0 0.29452822031250003 0.8461929421875001 0.29455506875 0.8633353156249999 0.3106575875 0.88236535625 0.333300684375 0.8840236875 0.3378986125 0.876515990625 0.3419425453125 0.8613306453125 0.338081646875 0.8408235234375001 0.3184257390625 0.8264657953125001 0.306567278125 0.8307283984374999 0.29452822031250003 0.8461929421875001
0 0.38905669062500003 0.9006194093750001 0.3914166640625 0.8781457328125001 0.36350937499999997 0.8567290156249999 0.3453397421875 0.86855914375 0.3414544453125 0.8882871765625 0.35181687500000003 0.9148647999999999 0.3765197671875 0.91820051875 0.38905669062500003 0.9006194093750001
0 0.338887015625 0.8229523625 0.344563653125 0.8381481234375 0.356187828125 0.8517367374999999 0.3751311046875 0.8538741328125001 0.3779913875 0.8457273875 0.3875020703125 0.8233538687499999 0.3842854703125 0.8049234296875 0.366865071875 0.78908818125 0.3529346140625 0.7913239609375 0.3418497984375 0.8095540874999999 0.338887015625 0.8229523625
0 0.325569125 0.8181694828125 0.338664925 0.8002189921875 0.339646009375 0.7791929234375 0.3306941984375 0.7602630375 0.31097971874999997 0.7606016171875 0.298447678125 0.7701356968749999 0.290838153125 0.7896439187500001 0.2964659828125 0.8034419296875001 0.3098644109375 0.818717903125 0.325569125 0.8181694828125
0 0.36814634218750003 0.7848450765625 0.3823110890625 0.7647580781250001 0.3831042515625 0.7465374796875001 0.37428667031249996 0.731451403125 0.356934609375 0.7257598078124999 0.341249421875 0.7350541328125 0.33419877656249997 0.754192975 0.3386234328125 0.766283684375 0.351560603125 0.7847245359375 0.36814634218750003 0.7848450765625
0 0.41402801718750004 0.7479066421875 0.4262671953125 0.729986065625 0.42657957968750004 0.706184440625 0.4119657734375 0.6888517296875001 0.3927857671875 0.68812205625 0.3827454921875 0.7035167999999999 0.38065885312500003 0.725631065625 0.394252525 0.7464980359375 0.41402801718750004 0.7479066421875
0 0.40953015625000005 0.8155873625 0.42628429062500006 0.8041565265624999 0.43002315468749996 0.780235246875 0.421168965625 0.7641008578124999 0.4022915828125 0.7556636203125 0.38557405624999996 0.7681427671875001 0.37997551875 0.7879306265625 0.3949358765625 0.8070005546875001 0.40953015625000005 0.8155873625
0 0.40230380156249995 0.8788151375 0.4206515921875 0.8802735984375 0.43239290625000004 0.864469590625 0.43161193906250006 0.8421056 0.420722359375 0.8249926984375 0.4039901875 0.8206789109375 0.38795356718749996 0.8362830515624999 0.3849614984375 0.85702948125 0.40230380156249995 0.8788151375
0 0.4460085453125 0.9105259640625001 0.4677706171875 0.9115153328125001 0.4802831328125 0.89323535 0.4765735484375 0.868874446875 0.460744365625 0.849484996875 0.450823671875 0.8519306156249999 0.43715679218750003 0.869901046875 0.43398900625000003 0.893802384375 0.4460085453125 0.9105259640625001
0 0.4745405890625 0.8024713796875 0.459865771875 0.7833914796875 0.442806571875 0.7860863828125 0.42973517812499995 0.8047357453125 0.42843194687499997 0.8247234734375001 0.4410347671875 0.841776546875 0.461217825 0.8466695546875 0.47780600156249997 0.8222995671875 0.4745405890625 0.8024713796875
0 0.45880170624999994 0.7774809609375 0.4739987890625 0.7542091390625 0.4712556484375 0.7329632593750001 0.44833676875000006 0.7152208421874999 0.43417690468750003 0.7272608093749999 0.4245441953125 0.7461399546874999 0.4252568265625 0.7583602921875 0.43957288906249997 0.7753535375 0.44487124843750003 0.7797167390624999 0.45880170624999994 0.7774809609375
0 0.505137325 0.81084923125 0.519223975 0.7967126390625 0.5195485609375 0.7732604515625 0.5111800328125 0.754660059375 0.49608788906249995 0.7481898203124999 0.47735937812499996 0.760389328125 0.469937775 0.7770920796875 0.47659306093750003 0.7957523 0.489420409375 0.8110482156250001 0.505137325 0.81084923125
0 0.49154366562499996 0.8718503156249999 0.5136644921875 0.8749263359375 0.525210565625 0.8535313296875 0.519673034375 0.83413235 0.5108310484375 0.8183474000000001 0.493042134375 0.81651955625 0.4781720796875 0.8327826875 0.4743599984375 0.85460734375 0.49154366562499996 0.8718503156249999
0 0.5366346234375 0.910510003125 0.5442539125 0.9158417468750001 0.55587564375 0.9129868625 0.5696938359375 0.8911626500000001 0.56741195 0.866751890625 0.5518927140625001 0.8480513437500001 0.535306975 0.8479308031249999 0.5223454046875 0.869725103125 0.5221721296874999 0.889323509375 0.5366346234375 0.910510003125
0 0.54941315 0.8425401156250001 0.56309955625 0.8333155906249999 0.5659964453125 0.8262171578125 0.56619900625 0.799270596875 0.5457889765624999 0.7796912500000001 0.5313362500000001 0.7833447203125 0.52276028125 0.7997379203125 0.5206370375 0.820803875 0.5309067265625 0.83653896875 0.54941315 0.8425401156250001
0 0.577400978125 0.8744499265625001 0.605110584375 0.8738321484375 0.61179759375 0.860653684375 0.6106090578125001 0.8348052921875 0.5984796984375 0.814936778125 0.582987309375 0.8133786015625001 0.5679415375 0.8327966390625001 0.5661038328125 0.8538526234375 0.577400978125 0.8744499265625001
0 0.604905571875 0.802467159375 0.6130861750000001 0.78293899375 0.608866521875 0.760345221875 0.59066271875 0.7466365109375 0.577242328125 0.7471051609375 0.5643954609375 0.7639973671875 0.5652374421874999 0.7881085453125001 0.5766126828125 0.8027554406249999 0.5870873734375001 0.8079874734375 0.604905571875 0.802467159375
0 0.6079074062500001 0.8065606937500001 0.6131960046875 0.8270179578124999 0.6294132265625 0.8411459062500001 0.648222275 0.8394394890625 0.6478391140624999 0.8366539625 0.6582064187500001 0.8142505281249999 0.657645096875 0.798176409375 0.64074696875 0.78092346875 0.6278488484375 0.7799744265624999 0.6172911828125 0.78873983125 0.6079074062500001 0.8065606937500001
0 0.6155071624999999 0.76221250625 0.6234730046875 0.7692814671875 0.6372399484375 0.77055003125 0.6462796140625 0.7674354515624999 0.6550020140624999 0.7552355015625001 0.65555845 0.7384226234375 0.6516438609375 0.7245647843749999 0.630013575 0.710975728125 0.6137207 0.719241684375 0.6062746906250001 0.7352455609375 0.6074436999999999 0.7523480484375 0.6155071624999999 0.76221250625
0 0.6510605843749999 0.765169315625 0.654550521875 0.7832403453125 0.6630581578125 0.79763751875 0.67389160625 0.8049562031249999 0.6886908875 0.803039946875 0.6998977296875 0.7883041921875 0.7010057203125 0.7627254671875 0.6872241296875 0.744663965625 0.6711118500000001 0.7417279828125001 0.6598073859375 0.7536682406249999 0.6510605843749999 0.765169315625
0 0.6562588890625001 0.832161575 0.6569544375 0.8520795046874999 0.6719514046875 0.8721977437499999 0.684947146875 0.875942284375 0.6955536234374999 0.868574628125 0.7054108609374999 0.8479383234375 0.7057183625000001 0.8321837296875 0.6883760624999999 0.8103980734375 0.669876959375 0.81279339375 0.6562588890625001 0.832161575
0 0.62705325625 0.9045536078125 0.647473046875 0.90803889375 0.6558977015624999 0.8954994765625001 0.6596975796875 0.8733253828124999 0.6536743875 0.85639240625 0.6352582609375 0.8447902921875 0.6169007093750001 0.859425890625 0.6104455515625 0.8792436640625001 0.62705325625 0.9045536078125
0 0.64911304375 0.701212309375 0.65522165625 0.720591346875 0.6783528578125 0.7362271703125 0.691529196875 0.7287697734374999 0.697747625 0.7103597203125 0.6989117484375 0.6945752109375001 0.686643278125 0.6789099171874999 0.67077993125 0.6749156515625 0.6553924859375 0.68454944375 0.64911304375 0.701212309375
0 0.6950191343750001 0.7468408015625 0.714409028125 0.7699544078125 0.7309337546875 0.7683277625 0.7454084437499999 0.7489296671875 0.7458013671875 0.735621134375 0.7416622515625 0.723520453125 0.719065521875 0.706816375 0.706709196875 0.713195546875 0.6944334078125001 0.730067809375 0.6950191343750001 0.7468408015625
0 0.7015865765625 0.86941354375 0.7033754765625 0.8878938375000001 0.718736078125 0.9020517 0.7349337765625 0.9074337421875001 0.74609913125 0.89969670625 0.7496207921875 0.8859290515625 0.750765390625 0.8613986390624999 0.7364249218750001 0.8437065171875 0.7158538234375 0.8440750124999999 0.7015865765625 0.86941354375
0 0.746575021875 0.8314567109375 0.7477074234375001 0.8475108859375 0.765225440625 0.866141634375 0.7852742703125 0.86719083125 0.7951925203125 0.8483017140625 0.79433345625 0.8318881296875 0.7874536437499999 0.8149850671875001 0.7711705265625 0.8071569640625 0.7571741765625 0.8156925875000001 0.746575021875 0.8314567109375
0 0.735063115625 0.8374565296875 0.7463065640625001 0.8237690890625 0.7500039421875 0.8068465265625001 0.742157684375 0.7868284421875 0.7323565750000001 0.7763249359375 0.71608078125 0.7768933 0.7053596015625 0.78916305 0.700908103125 0.80086399375 0.7049886484375001 0.8276609859375 0.7176085515625 0.8370164656249999 0.735063115625 0.8374565296875
0 0.74318025625 0.7588036546875 0.742958171875 0.7770043109375 0.7588605687500001 0.7984903859375 0.7778282515625 0.8013266546875 0.7861137984375001 0.7929904578125 0.792034484375 0.7742409375 0.78832001875 0.757927065625 0.779951490625 0.7393266734374999 0.759763553125 0.742480696875 0.74318025625 0.7588036546875
0 0.8053597031249999 0.8283543140624999 0.8098746562500001 0.8348440531250001 0.8280150015625001 0.83036208125 0.83947565625 0.8065210140625 0.8391266609375 0.7883403 0.8199564140625 0.771516565625 0.800327353125 0.7743012078125 0.7907312515625 0.7942286671875001 0.7919612734375 0.813078340625 0.8053597031249999 0.8283543140624999
0 0.8363200640624999 0.7489037359374999 0.8347483671875 0.7202698140625 0.8256159609375 0.712541865625 0.8040662140625001 0.7094459015625 0.7885640656249999 0.7239817875 0.789296221875 0.7449480281249999 0.8043664046875 0.7671628921875 0.8229387234375001 0.7668641953125 0.8363200640624999 0.7489037359374999
0 0.83499730625 0.7601455578125 0.83708395 0.77896531875 0.8554707890625 0.797915590625 0.8743408515625 0.7979563609375 0.885833234375 0.7832106359375001 0.8861578187499999 0.7597584484375 0.8811742859375 0.7480371171875 0.8624604171874999 0.7360955359375 0.8463920671875 0.742604334375 0.83499730625 0.7601455578125
0 0.8739723250000001 0.730095715625 0.88310716875 0.7133331359375 0.8859357234375 0.6960910499999999 0.8793658546875 0.6798768921875 0.8691400968749999 0.6735865765625 0.8443225015625 0.6751529546875 0.8347874140625 0.6968275968750001 0.8365763125000001 0.7153078921875 0.8504482015624999 0.727768425 0.8568887203125 0.732091740625 0.8739723250000001 0.730095715625
0 0.8916770328125001 0.6885784125 0.9037014515624999 0.6972549609375001 0.9178186078125 0.6921787671875 0.9267582109375001 0.669825190625 0.9253817578125 0.6467822671875 0.9016270046875 0.6378506109375001 0.8858930078125 0.6457471875 0.8772560281249999 0.6603932 0.8806361421875 0.67531929375 0.8916770328125001 0.6885784125
0 0.9307069765625 0.7501558968750001 0.9293354031250001 0.71906594375 0.9104995078125 0.7036299875 0.8931425656249999 0.7059854234375 0.8804909390625 0.7284686265625 0.885432984375 0.7471886750000001 0.9047130546875 0.76715734375 0.9223726187500001 0.7570943453125001 0.9307069765625 0.7501558968750001
0 0.9211499312500001 0.8285091921875001 0.9346581765625 0.8059960734375 0.9350633 0.793036978125 0.9179943359375 0.7708919140625 0.8963420890625 0.7730474796875 0.884710596875 0.791996425 0.887824696875 0.8156783953125 0.9021285578124999 0.8323222046875 0.9211499312500001 0.8285091921875001
0 0.8828484937500001 0.8532875609374999 0.8801541671875001 0.8743734562500001 0.8983652921875 0.8964786359374999 0.9183897171875 0.8968289578125 0.9274586687499999 0.8863662234374999 0.9338113265624999 0.8717999796875 0.9269607984375 0.8475487625 0.91055565625 0.8362262843750001 0.8963518593750001 0.8388214734374999 0.8828484937500001 0.8532875609374999
0 0.8086202390624999 0.8971635578124999 0.834367671875 0.8976638921875001 0.84072033125 0.8830976500000001 0.84419318125 0.8679322453125 0.8359222734375 0.8521273515625 0.8159320140625 0.8363818437500001 0.7974475562500001 0.8555700999999999 0.7927422484375 0.8763763578124999 0.8086202390624999 0.8971635578124999
0 0.8352804140625001 0.8255601421875 0.8364616265624999 0.8430120671875001 0.8578258953125 0.865357 0.8731962578125 0.8634208015624999 0.8835220749999999 0.8480160859374999 0.8877783296875 0.83072414375 0.8788631265625 0.81284256875 0.8622090531250001 0.8025783750000001 0.8495793890625001 0.8093169546875 0.8352804140625001 0.8255601421875
0 0.7785265578125 0.734842875 0.7892818984375001 0.7159681390625 0.7896584921875001 0.6914152953125 0.7695356703125 0.67173118125 0.7539530640625001 0.6760506734375 0.7410803625 0.6961319515625 0.7424076671875001 0.716472421875 0.7593702484375 0.7340016953124999 0.7785265578125 0.734842875
0 0.7074949312500001 0.6973047796875 0.7211708625 0.7002250109375 0.730335553125 0.6976397703125 0.7437191609375 0.6745203828124999 0.74182828125 0.655709728125 0.723390921875 0.6401196234375 0.7077688125 0.6433078937500001 0.6963182171875 0.6599417109375 0.6955281609374999 0.6814887203125 0.7074949312500001 0.6973047796875
0 0.7520885234375 0.6579941687499999 0.7656933484375 0.6677124859375 0.7752056671875 0.66624770625 0.789231853125 0.6438609468750001 0.7849734296875 0.6190924296875 0.7703388921875 0.6063898 0.7509929671875 0.6089530437499999 0.7405720812500001 0.6285711671875001 0.7418072125 0.6462721203124999 0.7520885234375 0.6579941687499999
0 0.7884180953125 0.6823978046875 0.8054991875 0.7033207390625 0.8191487828125 0.705486821875 0.8353318359375 0.6830247421875 0.8362667343749999 0.6656255437499999 0.8230332359375 0.640037840625 0.8045985140624999 0.64219173125 0.7866773296875 0.6590515015625 0.7884180953125 0.6823978046875
0 0.8426978203125 0.6642683625 0.86222809375 0.6669841546875 0.8678585828125 0.6603694609375 0.881602984375 0.6387476078125001 0.8806496421875 0.620281746875 0.8587834265625001 0.6036787828125 0.8440461812500001 0.605703553125 0.8302622765625 0.626194184375 0.8309469984375 0.645802025 0.8426978203125 0.6642683625
0 0.8872387390625001 0.6234494546875 0.9035113328125 0.63005434375 0.9158362640625001 0.6296239484374999 0.9274369703125 0.6084544875 0.921867046875 0.5814665671875 0.9047938562500001 0.5696041625 0.8831936312499999 0.5782866656250001 0.876686175 0.5951253953125 0.8794355859375 0.6120184015625 0.8872387390625001 0.6234494546875
0 0.7888736890625 0.615935959375 0.801725328125 0.6305885203125 0.8135656890625 0.63395038125 0.8280659125 0.6251382796875 0.834252075 0.6079332375 0.8298172062500001 0.5869462203125 0.8091308109375 0.568791921875 0.7921392640625 0.576935953125 0.786503509375 0.5922341062500001 0.7831483890625 0.6021671453125 0.7888736890625 0.615935959375
0 0.8551412421875 0.5347173 0.84288215 0.53703306875 0.828134375 0.55642475625 0.8290745484375 0.5745135421875001 0.8445623531249999 0.59398198125 0.863436875 0.5955880703124999 0.8646430328125 0.5947908859375 0.8782241562499999 0.57732760625 0.8779397328125 0.5603485203125 0.8707975890625 0.5413437109375 0.8551412421875 0.5347173
0 0.8961058359375 0.5593366109375 0.9111775359375001 0.558055228125 0.921888109375 0.5467327296875 0.9230916296875 0.5281915515625 0.9181721906250001 0.5109967906249999 0.9044883562500001 0.49901602812499996 0.8875810828124999 0.5007390453125 0.8785033015625 0.5146472609375 0.8741053046875 0.521218915625 0.8727569359375 0.5356122828125 0.8771312359375001 0.546030471875 0.8961058359375 0.5593366109375
0 0.8708660515625001 0.472630184375 0.886314353125 0.4909674 0.9010068296875 0.49649486875 0.9127207765625001 0.48740253281249996 0.9190386171875 0.4739682296875 0.9180378703125 0.44531061406249994 0.89708285625 0.4282982984375 0.8820374890625 0.4303338265625 0.8727174218749999 0.446138175 0.8681166421875 0.45573717656249996 0.8708660515625001 0.472630184375
0 0.8441067421874999 0.5279294953125 0.8647114968749999 0.5260773578125 0.8769152796874999 0.5045093078125 0.8764017390625 0.489803425 0.861182553125 0.469193 0.8459396734375 0.46557242499999996 0.8260591421875001 0.48816362187499995 0.8281923046875 0.5050781468750001 0.8441067421874999 0.5279294953125
0 0.7928977203125 0.5633182531250001 0.8169444984374999 0.56285605625 0.8322821859375 0.5426886984375 0.82938793125 0.521647878125 0.818600984375 0.5042804859375 0.7976881062500001 0.5061433765625 0.7818842828125 0.521796609375 0.7812575046875 0.5391850484375 0.7928977203125 0.5633182531250001
0 0.7512536828124999 0.5987505296875 0.775274128125 0.59753418125 0.7860294718749999 0.57865944375 0.7849049484374999 0.555291625 0.7704336890625 0.538430421875 0.7528970015625001 0.539797884375 0.7366217749999999 0.559620446875 0.737253825 0.5777199921875 0.7512536828124999 0.5987505296875
0 0.7065679203124999 0.6354216234375001 0.7256978968750001 0.6355086578125 0.7397767562500001 0.6146301937499999 0.7401217453125 0.5980066625 0.72804963125 0.5791740125 0.712459121875 0.5744329734375 0.694177146875 0.5897952078124999 0.6902663546875 0.61031859375 0.7065679203124999 0.6354216234375001
0 0.7215843109375 0.570716509375 0.7389998531249999 0.548211390625 0.7384204734375001 0.5316201406250001 0.7294690953125 0.5138111109375 0.71935896875 0.5069910234375 0.7046743921874999 0.5105240921875 0.688641453125 0.528450525 0.6874774343750001 0.5481229265625001 0.703942278125 0.56906738125 0.7215843109375 0.570716509375
0 0.7805095765625001 0.4912643859375 0.7694276703125 0.4742848234375 0.7500159078124999 0.47496269687500003 0.7330717671875 0.4932984796875 0.73351946875 0.5061189953125 0.748588540625 0.5312650640625 0.7714418843749999 0.5304670078125 0.7820923296875 0.5100857984375 0.7805095765625001 0.4912643859375
0 0.8160622546875 0.4934206578125 0.8286005 0.47259599531249996 0.8277261640625 0.4563925765625 0.8113403281249999 0.43771056406250003 0.7912991468749999 0.4380328828125 0.77888468125 0.4535677546875 0.7796879125 0.4765692625 0.7926843953125 0.495369634375 0.8160622546875 0.4934206578125
0 0.8227119125 0.41881430937499997 0.820707796875 0.4320979734375 0.8386289859374999 0.4594096453125 0.8608270250000001 0.45901200781249996 0.8719036593749999 0.44050358593750005 0.872891234375 0.42461268125 0.865198684375 0.40751476093749994 0.8531081374999999 0.39698849375 0.8381417750000001 0.40128646874999996 0.8227119125 0.41881430937499997
0 0.877328734375 0.41917225 0.8959873078125 0.4234286140625 0.9066531109374999 0.4196583546875 0.9173689484375 0.3996523984375 0.9163102656250001 0.37816994375 0.8966799156249999 0.3637541046875 0.8767309140625 0.366715940625 0.8701444515625001 0.3812922265625 0.8671711984374999 0.40216040781249995 0.877328734375 0.41917225
0 0.90374568125 0.35406901875 0.91364249375 0.33711193125 0.9113118140625 0.3145412984375 0.8980203765624999 0.29612876093749996 0.882332428125 0.2974316609375 0.86584651875 0.31122104375 0.863692290625 0.329040353125 0.8689856921875 0.348109721875 0.8924768000000001 0.35823787500000004 0.90374568125 0.35406901875
0 0.8356162156250001 0.3908037203125 0.8471616203125001 0.3945534140625 0.8614195625000001 0.3876374421875 0.8689356578125 0.3643454203125 0.8648089125 0.343347640625 0.845873815625 0.331172725 0.8309337906250001 0.33622484375 0.8200546734374999 0.360389378125 0.8227645812500001 0.376151159375 0.8356162156250001 0.3908037203125
0 0.7753215046874999 0.38686871875 0.7767014765625 0.408717484375 0.7912517421875 0.42784112968750004 0.8140528609375 0.427044896875 0.8212687390625 0.412824165625 0.8250557546874999 0.3975905703125 0.820136315625 0.3803958125 0.8057835640625 0.36692827499999997 0.7932295203125 0.36963187343750004 0.7753215046874999 0.38686871875
0 0.7094719625 0.4424584921875 0.6948027671875 0.44781899062499997 0.6871708375 0.45616590312499994 0.688129059375 0.4836057953125 0.702457246875 0.49684212031249997 0.715443925 0.5000247953125 0.7306175968749999 0.49020246093750003 0.7368798328125 0.47099484374999995 0.7282192265625 0.4498842203125 0.7094719625 0.4424584921875
0 0.6612735875 0.5370661984375 0.6771433765625 0.5377240734375001 0.6795417390625 0.5307719828125 0.691795659375 0.5129712078125 0.6911615421875 0.49481245781250005 0.6729948453125 0.4756498765625 0.6533513656250001 0.48037604062500006 0.641742834375 0.4977502546875 0.6459420875 0.5234608875 0.6612735875 0.5370661984375
0 0.646192921875 0.5590058828125 0.6445611343750001 0.5784558234375 0.6538812203125001 0.5995434125 0.681004440625 0.60102036875 0.686629746875 0.5919354890624999 0.6930610796875001 0.5775702046875 0.6945040437500001 0.562167059375 0.6824558515625 0.548043075 0.6660449515625 0.541343796875 0.646192921875 0.5590058828125
0 0.6557356640625 0.6621017421875 0.670540140625 0.670069175 0.6862549234374999 0.6662882421874999 0.6976802656250001 0.6436681671875 0.6955383640624999 0.629602265625 0.675694784375 0.609690203125 0.6595375296875 0.6102544265625001 0.64703841875 0.63048788125 0.6475598046875 0.6454184125 0.6557356640625 0.6621017421875
0 0.6033718453125 0.6752428828125 0.6069172546875 0.69168389375 0.629173290625 0.7050473890625 0.643070275 0.6964816984375 0.6509473906250001 0.68570210625 0.6535261234374999 0.6650070390625 0.6423121484375 0.646409703125 0.6209974234375 0.6410937328124999 0.605789934375 0.6594016640625 0.6033718453125 0.6752428828125
0 0.566525534375 0.726224034375 0.58012378125 0.7374657515624999 0.5936290265624999 0.7365901171875 0.6077909265625 0.7167026187500001 0.6064409656249999 0.696952784375 0.5932203656249999 0.6776174828125 0.5764036296875 0.6782047359375001 0.5611679609375 0.695705609375 0.558076296875 0.7111663312500001 0.566525534375 0.726224034375
0 0.5157963203125 0.738904075 0.5138967953125 0.7506869859374999 0.5292085671875 0.7731814203125 0.550066728125 0.7748771578125 0.5587583328125 0.76851334375 0.5663958953125 0.750873775 0.557952296875 0.72652341875 0.5403830765625 0.715016353125 0.5189584421875 0.7254609953125 0.5157963203125 0.738904075
0 0.5122959984375 0.6953921578125 0.49725196875 0.68056475 0.4758414234375 0.6914129203125 0.472222740625 0.701235765625 0.47278076562500004 0.7266695359375 0.4893889484375 0.7390182000000001 0.4974295265625 0.742373596875 0.5144266296875 0.7280433687500001 0.5179043984375 0.71418524375 0.5122959984375 0.6953921578125
0 0.43682220625 0.7085322781250001 0.4584103046875 0.7122226234375 0.46499664531249996 0.702296146875 0.47151816562500004 0.681059375 0.456927875 0.650863365625 0.44045497187500005 0.6518426328125 0.42448936562500006 0.6673489 0.42054939999999996 0.6868794421875 0.43682220625 0.7085322781250001
0 0.47807632343749995 0.670325840625 0.4904457984375 0.6747421296875 0.5020007859375 0.6747426390625 0.514759178125 0.6524800296875 0.5141109687500001 0.63391775 0.4923453140625 0.6156888875 0.47684754218750003 0.6162300828125 0.46632687031250003 0.6363944484374999 0.4670314453125 0.6565708375 0.47807632343749995 0.670325840625
0 0.525592690625 0.70745244375 0.550652925 0.7065773203125 0.55988281875 0.6872660703125 0.5606240265625 0.6706753703125 0.54787971875 0.6460711765625 0.5316801890625 0.64542481875 0.5128032859375 0.6626488296875 0.51247636875 0.681649184375 0.525592690625 0.70745244375
0 0.5689858921875001 0.6643230703125 0.58113835625 0.67197909375 0.5958639203125 0.6682327078125 0.6036339421875 0.6449322359375 0.6012665734375 0.6244098890625 0.5818513765625 0.6073110078124999 0.5634648546875 0.6196696578124999 0.5541926859374999 0.6377703234375 0.5582989359375 0.6513636093749999 0.5689858921875001 0.6643230703125
0 0.6008776499999999 0.6038184578125 0.6065001375 0.6230150734375 0.615882225 0.6364241203125001 0.63043305625 0.637128053125 0.637932525 0.634442046875 0.6488393046875001 0.6158802765625 0.6496368765625 0.6009036875 0.6360442640625 0.5803693171875 0.622398103125 0.5772096703125 0.6052741765625 0.5879081515625 0.6008776499999999 0.6038184578125
0 0.5870285749999999 0.604302078125 0.59913594375 0.5917586828125 0.6032788265625 0.5685848734375 0.5881220640625 0.55052924375 0.57563985625 0.5428847328125 0.560880475 0.5551167203125 0.550289346875 0.5732634453125 0.5555539125 0.59166451875 0.5694396296875001 0.6016841359375 0.5870285749999999 0.604302078125
0 0.5630251937499999 0.540901128125 0.5828095859375 0.5402102421875 0.5951903296875 0.5260412203125 0.593916459375 0.49901636875 0.5962669125 0.5001463484374999 0.5876852203125 0.49074955156250005 0.570713478125 0.4868979953125 0.5525721484375 0.49682396406249996 0.5505063453125 0.522753378125 0.5630251937499999 0.540901128125
0 0.4031569828125 0.623214534375 0.3881080828125 0.6241501984375 0.3829954625 0.63130118125 0.3752278296875 0.648798471875 0.376804246875 0.665149175 0.3904598390625 0.6818983546874999 0.409219465625 0.6816533953125 0.425547234375 0.6597557390625 0.4179941703125 0.6354108671875001 0.4031569828125 0.623214534375
0 0.45557923125000005 0.646402684375 0.4672635828125 0.6258976078125 0.4614128203125 0.6023135796875 0.4475226265625 0.5884436015625 0.4302306953125 0.5923286015625 0.41932167343750004 0.6062442984375 0.4190613265625 0.6275808671875 0.427987671875 0.6432647640625 0.45557923125000005 0.646402684375
0 0.3830069 0.5644473359375 0.37120810312499997 0.5816752578125 0.37309065 0.59719498125 0.3919532765625 0.6190941953125 0.40861864687500005 0.6164615062500001 0.418772359375 0.6001113234375001 0.4200369234375 0.5787396859375 0.40470764218750005 0.5620489531249999 0.3830069 0.5644473359375
0 0.3984105609375 0.5544761203124999 0.4128300375 0.5355161093749999 0.41547646875 0.5153266453125 0.4016492140625 0.4936617375 0.3855102703125 0.4921746015625 0.36640446249999997 0.511298265625 0.36601536874999996 0.5289480375 0.37682998125 0.5507181484375 0.3984105609375 0.5544761203124999
0 0.42680320624999996 0.5805541203125 0.4497084328125 0.583855690625 0.46210517968750003 0.564556171875 0.46418226718750005 0.5472575953125001 0.45377392031249997 0.5275240171875 0.435832540625 0.5224085281249999 0.41502443125 0.540771346875 0.4146496421875 0.5588307625 0.42680320624999996 0.5805541203125
0 0.4935562421875 0.6110345578125 0.5090943734375 0.5953166328124999 0.5111428515625 0.57719876875 0.500285325 0.5541997265624999 0.486111890625 0.551413521875 0.4676526703125 0.5602610109375 0.46023408125 0.5781562578125 0.46287193125000003 0.5961104703125 0.4794972515625 0.6115255078125 0.4935562421875 0.6110345578125
0 0.5236797953125001 0.638692690625 0.549775046875 0.6373712796875 0.5543526609375 0.624496965625 0.5577257859375 0.6059227046875 0.5452517890624999 0.5846206828125 0.52862075 0.5786391484375 0.5109540296875 0.6005835625 0.51059354375 0.6190526249999999 0.5236797953125001 0.638692690625
0 0.5992647453125 0.528595521875 0.59699596875 0.550002228125 0.612874565625 0.572825934375 0.6340202734375 0.5737280859375 0.6413473125 0.562808478125 0.64645135 0.5458143453125001 0.6414560265625 0.5275323140625 0.629923303125 0.5139901515624999 0.6105371140625 0.5154874234375 0.5992647453125 0.528595521875
0 0.6391214390625 0.4894704609375 0.6399797375 0.46606229218750006 0.6256260625000001 0.4485172046875 0.6019025828125 0.450576078125 0.592561396875 0.4709993265625 0.5953995203125 0.4946885609375 0.609773225 0.50320978125 0.6336254453125 0.504837709375 0.6391214390625 0.4894704609375
0 0.503781475 0.54874576875 0.5091887828125 0.5596308234375 0.5155001671874999 0.567613303125 0.5287981312500001 0.574121371875 0.5464104921875 0.569815040625 0.5541352109375 0.551088815625 0.5534771765625 0.532245175 0.53554151875 0.51769618125 0.51711663125 0.5179294484375 0.5078956031249999 0.532196346875 0.503781475 0.54874576875
0 0.502385296875 0.4991671203125 0.4845211640625 0.486666346875 0.471766790625 0.495724759375 0.460523034375 0.5096521453125 0.4598278109375 0.5281328953125 0.4713033140625 0.5400364765625 0.481225290625 0.545842153125 0.4977476109375 0.539113021875 0.507437840625 0.5190877296874999 0.502385296875 0.4991671203125
0 0.45632306875 0.4757568734375 0.446392509375 0.46010804843750003 0.42936379375 0.46193313593749996 0.41497864843750004 0.472278928125 0.4101092140625 0.48639386093750003 0.41248957343750003 0.496974478125 0.425547215625 0.51579525625 0.44625804999999996 0.5138415859375 0.448629825 0.5145790484375 0.45665495 0.5044553546875 0.458903703125 0.49207250937499997 0.45632306875 0.4757568734375
0 0.455207271875 0.44380461875000005 0.4549183125 0.46432190156250003 0.4678901265625 0.4806848125 0.4913789984375 0.48150514062500005 0.49981038906249997 0.47341797812499997 0.5036899125 0.45974775156250003 0.504150534375 0.444146203125 0.492154325 0.4269289328125 0.4710086171875 0.426026784375 0.455207271875 0.44380461875000005
0 0.5046454890625001 0.46791726093749997 0.5016071015625 0.48647983437500003 0.515185446875 0.5106142984375001 0.5366658953125001 0.5115047609375 0.5444993328125001 0.5054891953125 0.55027284375 0.48847168593749996 0.5510395921875 0.47203915468749996 0.5384311265624999 0.45648384374999995 0.5175486312500001 0.4535217828125 0.5046454890625001 0.46791726093749997
0 0.41232226406250005 0.4698249671875 0.4114802828125 0.4457137765625 0.4000074140625 0.4282713734375 0.3775229390625 0.4311557296875 0.369759659375 0.4380742390625 0.3631580671875 0.45369877187499996 0.3671702765625 0.47035211875 0.379748696875 0.4867063265625 0.4000830796875 0.4877455515625 0.41232226406250005 0.4698249671875
0 0.408546778125 0.4108298546875 0.40797814062500004 0.4272933015625 0.42145711406249997 0.453062378125 0.44370485625 0.4515857421875 0.4519293953125 0.4415023546875 0.45653220625 0.4259476203125 0.4517658765625 0.40407265625 0.442238096875 0.393209734375 0.42484454375 0.39451685625 0.408546778125 0.4108298546875
0 0.45159259531249996 0.3827370234375 0.45247606406249996 0.39984949062499997 0.46857859218750003 0.41887954218749995 0.4888519578125 0.41817158125000004 0.4983211578125 0.402796771875 0.501161915625 0.3859041171875 0.492246709375 0.36802253125 0.47589037031250003 0.3580977984375 0.4604663109375 0.3666832828125 0.45159259531249996 0.3827370234375
0 0.5167031234375 0.388860040625 0.5047421562500001 0.39837418125 0.4975938875 0.414717534375 0.5034901734375 0.436203178125 0.5149801265625 0.4459479828125 0.526548171875 0.44974238125 0.533613465625 0.447396475 0.5469948140625001 0.42943600625 0.5489618671875001 0.4202708609375 0.5437830906250001 0.40295852343750005 0.5275780625000001 0.38918000625000004 0.5167031234375 0.388860040625
0 0.5459331890625 0.4399689875 0.545315740625 0.45503468593749996 0.5594560953125 0.4751828484375 0.581716040625 0.4740556515625 0.58172824375 0.4744050890625 0.5935842671875 0.453698975 0.5914488125 0.4334814578125 0.5783603234375 0.41889438125 0.5606934296875 0.42056091249999994 0.5459331890625 0.4399689875
0 0.6179601328125 0.38217529687499996 0.608525096875 0.3821549125 0.597384140625 0.3905908265625 0.5894646703124999 0.4094101515625 0.590536059375 0.42371714687499995 0.59655193125 0.432253659375 0.603187696875 0.44216798125 0.6229631984374999 0.44357658593749993 0.6346923140625 0.42742313281250005 0.6399150171875 0.4132462046875 0.63294978125 0.393897071875 0.6179601328125 0.38217529687499996
0 0.5923273921875001 0.376772865625 0.5841296953125 0.3630645890625 0.57072638125 0.35583564375 0.55254941875 0.3592693046875 0.5442467875 0.3753031015625 0.5452766875 0.3966088203125 0.559221796875 0.4111659828125 0.5676366953125 0.41472063124999997 0.5834439171875 0.4089206734375 0.590367659375 0.39433448125 0.5923273921875001 0.376772865625
0 0.5915049375 0.3614075859375 0.6008325890624999 0.3747265390625 0.621962578125 0.3739886640625 0.632202978125 0.35613787812500003 0.6350437390625 0.339245221875 0.6215598859375 0.321523178125 0.6062676109375 0.31750897031249997 0.5912511171875 0.32957885625 0.5861260374999999 0.346551284375 0.5915049375 0.3614075859375
0 0.6335233 0.369386590625 0.633847890625 0.3868684359375 0.6402225203125 0.3974916046875 0.65338910625 0.40612827031250004 0.6659528828125 0.405689534375 0.681296403125 0.3866109546875 0.68149408125 0.3677114140625 0.6724031578125 0.3529847390625 0.6567033171875 0.3454861265625 0.6389583265625001 0.35310306874999997 0.6335233 0.369386590625
0 0.639941865625 0.43038858593749996 0.63769659375 0.4479601765625 0.644205453125 0.46242715468749995 0.655075509375 0.4707941546875 0.6725178796875 0.47088478125 0.6811133765624999 0.4632374828125 0.6859407140625 0.44592559062500003 0.6818186796875 0.42612730781249997 0.6708387953125 0.41461536875 0.6567130890625 0.41126015000000005 0.639941865625 0.43038858593749996
0 0.6853842734375 0.421804428125 0.702409315625 0.4345047203125 0.7206839 0.4338665578125 0.7309609078125 0.4170640859375 0.7339969078124999 0.40576242812499996 0.7264605937499999 0.386433240625 0.70574793125 0.3745614515625 0.690323871875 0.38314693437499997 0.6824043984375 0.40196626406249997 0.6853842734375 0.421804428125
0 0.7457065140625 0.4627311578125 0.7663508390625 0.46445929062499997 0.7785412125 0.44514095468750003 0.7779969734375001 0.4213692328125 0.77179318125 0.4156381921875 0.762550946875 0.40476529843750003 0.744622915625 0.40714068125 0.7309194203125 0.42406280937499996 0.7294941625 0.44055617031249994 0.7457065140625 0.4627311578125
0 0.7586802875 0.400352240625 0.770690065625 0.39223585 0.774782809375 0.3784482453125 0.773582071875 0.3522504015625 0.75231053125 0.3407479953125 0.7353367453125 0.3458889578125 0.726621665625 0.3664853875 0.73152710625 0.3841571328125 0.7417479859375 0.39849448593750003 0.7586802875 0.400352240625
0 0.7790195421874999 0.3524103828125 0.79417270625 0.36062781875 0.8082129968749999 0.3615369734375 0.8186901296875 0.3422784671875 0.8214576703124999 0.3232891875 0.805665090625 0.3049480375 0.7938115031249999 0.3011636078125 0.7781873203125 0.3122051296875 0.7689133609375001 0.3331709375 0.7790195421874999 0.3524103828125
0 0.8212136171875001 0.3163004359375 0.8367499453124999 0.32730339375 0.8501215312499999 0.32543699375 0.8625608390625 0.3050603765625 0.8619311828124999 0.2788425921875 0.8446572078125 0.267200584375 0.830106853125 0.26805855625 0.8199567468750001 0.280308371875 0.816891459375 0.298958184375 0.8212136171875001 0.3163004359375
0 0.8568134171875 0.2632774453125 0.8615480218749999 0.27605706093750004 0.8695992828125 0.2855720890625 0.879217359375 0.290834034375 0.8931966328125001 0.289996003125 0.9063168484374999 0.27274438125 0.905479746875 0.240586159375 0.884530353125 0.23012209062500003 0.8652600406250001 0.234993390625 0.85869505625 0.25166623593750004 0.8568134171875 0.2632774453125
0 0.856051975 0.2496593515625 0.8617530171875 0.2246199484375 0.8487060156249999 0.2030341484375 0.8261605296875001 0.20417131875 0.8143215890625 0.217179834375 0.8109829656249999 0.236189059375 0.818148321875 0.253082159375 0.8269707875 0.26012120781250003 0.84567734375 0.2636663265625 0.856051975 0.2496593515625
0 0.774775478125 0.28818368125 0.79021418125 0.296391140625 0.8046913203124999 0.293436540625 0.814773090625 0.27104306875 0.8128133515625 0.247670640625 0.7938383390625 0.2364379 0.7760811453125 0.24370540625 0.7682641765625 0.2572731953125 0.7677931578125 0.2765321453125 0.774775478125 0.28818368125
0 0.75720620625 0.3335797609375 0.7705753515625 0.3152698515625 0.7697333703125 0.2911586640625 0.755490515625 0.2762620359375 0.736954796875 0.27760904375 0.7259968828125001 0.291286521875 0.7243959078125 0.310934790625 0.7368108140625 0.3307933453125 0.75720620625 0.3335797609375
0 0.7159395203125001 0.3143788703125 0.699444071875 0.3086573578125 0.68439096875 0.31967893125 0.677357403125 0.3311201875 0.6817112890625 0.357557784375 0.69645200625 0.37033784375 0.7115978484375 0.37015880156250003 0.7225069515625 0.355083575 0.7266777921875 0.3353455640625 0.7159395203125001 0.3143788703125
0 0.6312389703125 0.32853231250000003 0.6468485140625 0.3416318984375 0.6639687359375 0.34068418437500003 0.676183515625 0.32206472656249996 0.677572165625 0.30452305 0.6681224859375 0.287709721875 0.6530303328125 0.281239478125 0.638748434375 0.28978507656249997 0.6322005328125 0.298760325 0.6299113281250001 0.30688712812499996 0.6312389703125 0.32853231250000003
0 0.6276025953125 0.26533398125 0.61545614375 0.25316305156249996 0.5943505640625 0.2545998015625 0.584073553125 0.2714022734375 0.5854133984375001 0.29339689375 0.5960467281249999 0.30317161875 0.6054524781249999 0.3105401625 0.6240540875 0.3028933078125 0.632532440625 0.2837045984375 0.6276025953125 0.26533398125
0 0.49818204374999997 0.366065946875 0.51159268125 0.381691365625 0.5272852 0.38079350624999997 0.5418819234375001 0.3648897765625 0.541337684375 0.3411180546875 0.5272461421875 0.322367640625 0.5117781515625001 0.3215083421875 0.4970105921875 0.3325199453125 0.49364756249999997 0.3508302953125 0.49818204374999997 0.366065946875
0 0.4115242015625 0.37329046875 0.42225515312499995 0.385860690625 0.440803075 0.38486311875 0.45270790937500005 0.36555475937500004 0.45155598281250003 0.3407546640625 0.43651752187500004 0.3276351359375 0.417435128125 0.329700965625 0.40765598125 0.34438687031250004 0.4044076546875 0.35779511875000003 0.4115242015625 0.37329046875
0 0.48668964375 0.29894358906249996 0.470740871875 0.292503259375 0.45807459531249994 0.29819352656250003 0.4489641515625 0.3156549921875 0.45289826718750004 0.3382587453125 0.4662967015625 0.3535347265625 0.480671340625 0.35583166093749996 0.49164633750000003 0.33445658906250003 0.4957439625 0.31262195 0.48668964375 0.29894358906249996
0 0.3581183921875 0.3912491703125 0.36403176406250004 0.40503721718749996 0.37746680625 0.42136150937499994 0.38953271875 0.4230393390625 0.405320415625 0.40849347343750003 0.412644403125 0.3889952171875 0.399372871875 0.36916657656249996 0.3842075046875 0.360599709375 0.3682977828125 0.371651196875 0.3581183921875 0.3912491703125
0 0.3762660671875 0.3542296203125 0.394528446875 0.3532420203125 0.4043564 0.3399538640625 0.40517885312499996 0.314385096875 0.3893862703125 0.2960439515625 0.37539479375 0.2965325453125 0.361744990625 0.3068053859375 0.35579989375 0.3248560421875 0.36295305 0.3413997015625 0.3762660671875 0.3542296203125
0 0.43629542499999996 0.2639677109375 0.42274079843749995 0.260592546875 0.40636981875 0.2748089171875 0.40202814218749994 0.2896548046875 0.407182515625 0.30626826406249996 0.42223318125000003 0.319737228125 0.44013680468749994 0.31666297656250003 0.4490227203125 0.3009586734375 0.448029428125 0.28070126875 0.43629542499999996 0.2639677109375
0 0.4606273640625 0.223933290625 0.4458549234375 0.2429919296875 0.446428446875 0.2594154921875 0.457227734375 0.2821293734375 0.45753767968750003 0.28281827656249997 0.4809397875 0.28165119375000003 0.492061215625 0.264469371875 0.49424547499999993 0.24515059374999998 0.4798928 0.22710902812499997 0.4606273640625 0.223933290625
0 0.49126072656249997 0.2742935046875 0.49225401875 0.2945509109375 0.5025725249999999 0.311683765625 0.5295353453125 0.3142408375 0.5370179671875001 0.299285265625 0.5416085765624999 0.2833810953125 0.5343578015625 0.26404193125000003 0.5167982859375 0.2524098984375 0.500456590625 0.2592781046875 0.49126072656249997 0.2742935046875
0 0.5843029671875 0.3025321296875 0.570655596875 0.2883144328125 0.5593974968750001 0.28520893593749996 0.547375515625 0.2929758890625 0.5377916125 0.3132527953125 0.5394584859375 0.3282387234375 0.5439856453125 0.3350779046875 0.5561442984375 0.3475982703125 0.5543578375 0.345561471875 0.569327965625 0.34853734062499997 0.5806324328125 0.336597078125 0.5874829593750001 0.3199142625 0.5843029671875 0.3025321296875
0 0.3977865203125 0.2418716078125 0.384710234375 0.22763397031250002 0.3702208890625 0.23023912968750002 0.35761074531250003 0.245723621875 0.35591215 0.262576390625 0.36264065625 0.28333324531250004 0.3816937640625 0.288615578125 0.3955022015625 0.2828854234375 0.40114955312499995 0.2644953046875 0.3977865203125 0.2418716078125
0 0.4090494953125 0.19599602031250002 0.399865834375 0.2113608578125 0.39964374999999996 0.2295615234375 0.407653528125 0.24607526875 0.41919228750000004 0.257217828125 0.436178278125 0.2524263 0.4335718078125 0.2514677296875 0.44257975 0.2392578 0.446367428125 0.216734259375 0.44065417812499996 0.2004901796875 0.42434665000000005 0.1919631953125 0.4090494953125 0.19599602031250002
0 0.35320611875 0.19812176875 0.3603844015625 0.2148201921875 0.36881535625 0.220175475 0.385353546875 0.221615696875 0.38916507031249997 0.2174471 0.400129534375 0.20092221875 0.398598165625 0.1759556 0.38229643593749996 0.16240062500000002 0.3645252734375 0.16342475781250002 0.3551653640625 0.17868295781250002 0.35320611875 0.19812176875
0 0.375813465625 0.1561702171875 0.3910117078125 0.1475684875 0.397694540625 0.1311931203125 0.396619203125 0.1098425296875 0.3849284625 0.09612653593750001 0.360513875 0.0957684625 0.352226484375 0.11341050781249999 0.35075705 0.127989615625 0.3548444484375 0.141164028125 0.36808344531250003 0.15200110625000002 0.375813465625 0.1561702171875
0 0.404183146875 0.17535701875 0.42063125625 0.183660734375 0.4330623421875 0.180805334375 0.4449163484375 0.1614245390625 0.4439254640625 0.142492296875 0.426494915625 0.124941240625 0.40998487656249993 0.124307134375 0.40054051875 0.13714698593750002 0.3959041953125 0.155468634375 0.404183146875 0.17535701875
0 0.49034217968749993 0.177997978125 0.4765064 0.159514290625 0.4584621828125 0.1621621578125 0.44477841875 0.17636069999999998 0.44352010937499997 0.196985684375 0.4570124578125 0.2150778171875 0.47522557968749995 0.21726664687500002 0.48820840624999995 0.20188193281250003 0.49034217968749993 0.177997978125
0 0.490004371875 0.12110924218750001 0.4871640234375 0.1058735359375 0.4774634953125 0.0924915921875 0.46417664218750004 0.089727178125 0.449524515625 0.0950814375 0.44064878749999997 0.11476177968750001 0.4413103171875 0.1337055234375 0.456623978125 0.147295003125 0.47386310312499996 0.1499214 0.4827895015625 0.141135134375 0.490004371875 0.12110924218750001
0 0.5355512499999999 0.1505920515625 0.5252539359374999 0.129563496875 0.5072434984374999 0.1237356390625 0.4955696484375 0.12938944531250002 0.485536953125 0.14426759218750002 0.48877703125 0.161507090625 0.5005663 0.17804449375 0.5171185640625 0.1798877734375 0.5308727046875 0.167704525 0.5355512499999999 0.1505920515625
0 0.5197703125 0.24638090156249998 0.532795365625 0.23220535937500003 0.5391066171875 0.214632321875 0.53023933125 0.1967822328125 0.5222700328125 0.1857611296875 0.5032940484374999 0.1900557328125 0.48965250468750005 0.205463453125 0.48906698750000005 0.226468490625 0.5038063859374999 0.242499325 0.5197703125 0.24638090156249998
0 0.565975646875 0.2106966484375 0.5777088546875 0.1963352078125 0.5825844515624999 0.18486555468750002 0.575195046875 0.1621212546875 0.5602388921875 0.149326390625 0.54597241875 0.15628138281249998 0.532589859375 0.169662309375 0.533651121875 0.190609840625 0.5470730968749999 0.20668667968749999 0.565975646875 0.2106966484375
0 0.5699422281250001 0.08724441250000001 0.54054506875 0.08584968281250001 0.52827725625 0.1028236296875 0.5292540671875 0.1213528125 0.5444213484375 0.14019355312499998 0.5624036343750001 0.1452152953125 0.5764308328125 0.1314083109375 0.5785505328125 0.1071212953125 0.5699422281250001 0.08724441250000001
0 0.6263269 0.1437901453125 0.6203393687500001 0.123418190625 0.6100645765625 0.1124776 0.587809103125 0.11729027656249999 0.578519571875 0.13456376718750002 0.57813673125 0.15192978125 0.590528409375 0.1668319515625 0.616429325 0.17198071875 0.6263269 0.1437901453125
0 0.6591077000000001 0.13820636875 0.6712966921875 0.109532228125 0.6679383828125001 0.09835010625 0.6557775328125001 0.0806150265625 0.634270853125 0.0785412109375 0.6234330609375001 0.098693615625 0.6233936531250001 0.11645118593749999 0.629471265625 0.12995964843750002 0.64493130625 0.13829786875 0.6591077000000001 0.13820636875
0 0.5852905796875 0.24571536562500002 0.5762762703125001 0.2270263484375 0.5570171984375001 0.22282612031250001 0.5377853203125 0.23080686875 0.5356473140625 0.2493980578125 0.5418947890625 0.2686709703125 0.5587439296875 0.283675446875 0.572095434375 0.2783364328125 0.5819255109375 0.2633748484375 0.5852905796875 0.24571536562500002
0 0.6166231 0.1851734140625 0.592710715625 0.1845466234375 0.5805114953125 0.200078215625 0.5783904843750001 0.21915608749999999 0.5913816921875 0.23770622812500003 0.6099303609375 0.2443676484375 0.62228254375 0.23321620781250002 0.6293015953125 0.2061708625 0.6166231 0.1851734140625
0 0.661637709375 0.27394149687499997 0.673889090625 0.2563703578125 0.672785975 0.23296802656249999 0.6600019015624999 0.21874253906250002 0.654040378125 0.2119311015625 0.6404442703125001 0.215554659375 0.6254717140625 0.23706932187500002 0.6261550609375 0.2566378125 0.6421721625 0.27322179375 0.661637709375 0.27394149687499997
0 0.6701062828125 0.18897880625000002 0.67169505625 0.16898110625 0.6627676499999999 0.15075009374999998 0.6381745828125001 0.15055931250000001 0.626735890625 0.15865575781250002 0.6224552296875 0.17524882343749998 0.6279317468750001 0.1929006171875 0.64184024375 0.2064094609375 0.6607469109374999 0.20749854375000001 0.6701062828125 0.18897880625000002
0 0.6826065984375 0.170349384375 0.7040709265625 0.17099928749999999 0.7165346328125 0.1513215546875 0.7159489078125 0.1345485609375 0.7059525578125 0.1184540578125 0.6853497281250001 0.1097272109375 0.6718951718749999 0.125591046875 0.6658475796875 0.1488932234375 0.6826065984375 0.170349384375
0 0.6834607874999999 0.23574402499999997 0.7058183437500001 0.23741232812500002 0.7146383640625 0.228007875 0.7183845515625 0.2124830625 0.7152045593749999 0.1951009359375 0.692583425 0.1776979828125 0.6738671171874999 0.190246928125 0.6694473484375 0.211043215625 0.6834607874999999 0.23574402499999997
0 0.6818232046875 0.254343975 0.673618196875 0.273173265625 0.67682259375 0.291254265625 0.6857548796875 0.301438246875 0.6954095578125 0.30774850468750004 0.7106456921875 0.30196849531250003 0.7098744890625001 0.304444471875 0.7208982921875 0.28446715624999996 0.7248446015625001 0.2664863109375 0.712229578125 0.24908380000000002 0.6957463390624999 0.243711728125 0.6818232046875 0.254343975
0 0.7342430234374999 0.2654583828125 0.755519434375 0.26891375625 0.76575983125 0.25106298125 0.7667165109375 0.22933803749999998 0.7561978890625001 0.214661225 0.7445810374999999 0.2094690796875 0.7269629609375 0.21253336093750003 0.7187945609375 0.2324109625 0.7217744328125 0.2522491203125 0.7342430234374999 0.2654583828125
0 0.7655841031249999 0.172349834375 0.757798859375 0.15407893749999999 0.741059365625 0.14136868125 0.7273485546875 0.1498943328125 0.72839309375 0.1470589484375 0.7153216984374999 0.1657083125 0.7198146890625 0.18794267656250002 0.731080109375 0.19944463750000002 0.7446835375 0.204217546875 0.7611277265624999 0.192097809375 0.7655841031249999 0.172349834375
0 0.7530496125 0.12450638750000001 0.759948946875 0.10922132968750001 0.757613371875 0.0914598515625 0.748261315625 0.0774420296875 0.729579175 0.074595790625 0.7154681203125001 0.0880335078125 0.709462015625 0.10433696562500001 0.7156609234375 0.118115034375 0.7267628296875001 0.1331213390625 0.7416841359374999 0.13469945781249998 0.7530496125 0.12450638750000001
0 0.7999611921875001 0.1498076890625 0.8074072015624999 0.1338038125 0.8036805328125001 0.11714050312499999 0.7846811234375 0.1052088921875 0.770118571875 0.10571742656250001 0.7598781734375 0.12356820312500001 0.7558220390625 0.1384041125 0.7645786078125 0.1517430015625 0.774889784375 0.160479378125 0.78856643125 0.1673489125 0.7999611921875001 0.1498076890625
0 0.769103328125 0.1830727078125 0.76332175 0.1976190078125 0.7635487203125 0.2123053484375 0.770196684375 0.22256910156249998 0.7781381203125 0.22893918593749998 0.79538035625 0.2314858453125 0.80012471875 0.22817139687500002 0.8121393703124999 0.2120079796875 0.8113706046875 0.1899934265625 0.8034950609375 0.177323496875 0.78496423125 0.170623475 0.769103328125 0.1830727078125
0 0.8848813578125 0.223812175 0.8958099828125 0.2174828609375 0.903214503125 0.20847770312499997 0.9025726453124999 0.1819104921875 0.8842590187500001 0.16505684375000002 0.8617501515624999 0.167242325 0.8555561265625 0.18635125156250001 0.8590777921875 0.21351762500000002 0.8679246609375 0.22125554531249997 0.8848813578125 0.223812175
0 0.84912048125 0.133046878125 0.8566494703125 0.14397959062500001 0.8702602234375 0.15714896875 0.8904847703125001 0.1550432578125 0.88817604375 0.15442415468749998 0.89897531875 0.136203996875 0.9002663484375001 0.11586683125 0.8822138578125 0.0983043390625 0.8656403218750001 0.098533234375 0.8530301828125 0.11401772031249999 0.84912048125 0.133046878125
0 0.8401198703125001 0.19458729531250002 0.8511021859375001 0.1816086984375 0.8560271437500001 0.1670923125 0.8496085859375 0.147024371875 0.837510953125 0.1362512 0.8231607249999999 0.134653140625 0.8159319203125 0.140503390625 0.807988046875 0.1586238359375 0.8082882328125001 0.1754067984375 0.8149483999999999 0.18601998749999998 0.8244029546875 0.194786278125 0.8401198703125001 0.19458729531250002
0 0.8472705671874999 0.112819396875 0.851065565625 0.0986923328125 0.84710216875 0.0834367453125 0.8379331531249999 0.074660484375 0.824586859375 0.069752175 0.8077024953124999 0.076765753125 0.8008397703125001 0.0930991234375 0.8049495999999999 0.1125479609375 0.8137183718750001 0.1262362875 0.8267873296875001 0.1320774515625 0.8409179109375 0.1273856390625 0.8472705671874999 0.112819396875
0 0.2775101546875 0.7320852546875 0.26605434375 0.7289025015624999 0.25596060625 0.73328563125 0.2451920859375 0.74978425625 0.24964382812500002 0.772469125 0.2607591234375 0.7868600031249999 0.2797032296875 0.7844070624999999 0.290393653125 0.7656719171875 0.28961264375 0.7433067125 0.2775101546875 0.7320852546875