0 0.48010393906250004 0.7923581984375 0.4677269671875 0.79070594375 0.44856058593750003 0.789172234375 0.4278033359375 0.80261245625 0.42262323593750006 0.8241879390625 0.43159342812499996 0.83925916875 0.445242521875 0.8466794828124999 0.47120645781250003 0.8485615921875 0.48709116874999997 0.8389429765624999 0.4978506546875 0.8186712375 0.49023206249999995 0.8066604796875 0.48010393906250004 0.7923581984375
0 0.384369796875 0.7902926890625 0.366462296875 0.79013818125 0.3463874921875 0.8073030140625 0.343545896875 0.8213646359375 0.34629186875 0.8371969968749999 0.367804146875 0.8451045796875001 0.3890756125 0.84765988125 0.40491138437499996 0.8352396609375001 0.414526084375 0.8201256734375001 0.411154725 0.8038371703125 0.39803010625 0.7947249171874999 0.384369796875 0.7902926890625
0 0.2592944234375 0.80508670625 0.2441573125 0.82216536875 0.2470418375 0.8459354484375 0.2670210609375 0.8586645796875001 0.29165581406249996 0.8590523140625 0.3113222765625 0.8499511671875 0.31663274375 0.835846440625 0.31437360000000003 0.8125324953125 0.30001455 0.8034417875000001 0.2826753453125 0.8004749984374999 0.2592944234375 0.80508670625
0 0.1595657515625 0.821773628125 0.1568871546875 0.8451737625 0.17077567031250002 0.86267989375 0.187513853125 0.866591334375 0.20980661562499997 0.8646871859375 0.22307627343749997 0.8524256359375 0.2282644875 0.8313170421875 0.21993909218750002 0.8141808546875 0.2043618671875 0.8060455578125 0.1827510671875 0.8059556921875 0.1595657515625 0.821773628125
0 0.5416547078125 0.78147538125 0.5269066265625 0.7854693515625 0.508610096875 0.7983995421875 0.5051513437499999 0.8124719296875 0.5165546953125 0.82908734375 0.53021500625 0.83351959375 0.543314128125 0.8341544390625 0.5555291015625 0.8335447484375 0.5653231062499999 0.8287031390624999 0.5743287687499999 0.8140668609375 0.5715175875 0.7944990765625 0.5608536484375 0.784876803125 0.5416547078125 0.78147538125
0 0.608776703125 0.7714295328125 0.5977727109375001 0.7776934265625 0.58999338125 0.7918412531250001 0.5871517859375001 0.8059028703125 0.5935359 0.8179352078125 0.6047598984375 0.8242782109375 0.628561225 0.824254071875 0.64293785 0.8184740734375 0.65317794375 0.8038162484375 0.6528356343749999 0.7842053859375 0.639711015625 0.775093146875 0.6223636609375001 0.7716594046874999 0.608776703125 0.7714295328125
0 0.4933138140625 0.73561245 0.48871023906250005 0.754842559375 0.49139915937499995 0.7674064484375 0.5088116734375 0.7745755765625 0.5236493640625 0.7757178140625001 0.5408613515625 0.7732075296875001 0.5573600296875 0.76158440625 0.56018533125 0.74658894375 0.5519822265625 0.7364566328125 0.532002965625 0.723727484375 0.5067133187499999 0.7251030671875001 0.4933138140625 0.73561245
0 0.4327937640625 0.73480055 0.40938834999999996 0.7380114890625 0.39672014375 0.7550470390624999 0.3965022671875 0.777937175 0.41395557031249997 0.78744091875 0.430694315625 0.78774906875 0.45585308125 0.782505990625 0.465630828125 0.7767305312499999 0.466612603125 0.762234278125 0.4588718046875 0.7432196515625 0.44578789375000005 0.73644201875 0.4327937640625 0.73480055
0 0.1559069515625 0.7536456484375 0.13567725 0.7619389078125 0.1316337796875 0.7778897812500001 0.137514753125 0.79646981875 0.153709221875 0.804594359375 0.173484690625 0.8056503734374999 0.185785934375 0.8014878796874999 0.1967270578125 0.7931009203125 0.196507003125 0.7804939578125001 0.19374472812500002 0.7637277265625 0.1825042953125 0.7564508640625001 0.1701110671875 0.753864778125 0.1559069515625 0.7536456484375
0 0.0833603453125 0.7712593140624999 0.06552607656250001 0.7753071546875 0.0546851734375 0.7909096 0.0563027078125 0.8128335468750001 0.07382121875 0.8260726984375 0.08762315000000001 0.8273868953125 0.1095709234375 0.8226462906249999 0.1180490796875 0.8131569578125 0.12153219687500001 0.8004853359374999 0.1143435625 0.7777245500000001 0.0994486890625 0.7733138187499999 0.0833603453125 0.7712593140624999
0 0.23919077031249997 0.7498565765625 0.226318765625 0.7552190125 0.21724799374999998 0.766119903125 0.21322081874999999 0.7830046562499999 0.22205749687499998 0.7940599890625 0.23454047031249997 0.801782246875 0.24935366874999998 0.80152368125 0.25868315625 0.8002154546875 0.269023184375 0.7965096734375 0.2805547609375 0.7850987671875 0.2827302234375 0.7682463671875001 0.271400225 0.7558333265625 0.25772361250000003 0.7504672343750001 0.23919077031249997 0.7498565765625
0 0.3316920625 0.7435712890625 0.3175449171875 0.7466206390625 0.30285397187499996 0.7538830859375001 0.29327182500000004 0.7708647734375 0.2960504046875 0.7885648625 0.31043390312499997 0.7990563093749999 0.3184353296875 0.8018013453125 0.3364304828125 0.80280614375 0.3529568421875 0.794577559375 0.3625715453125 0.77946355 0.3617016515625 0.7649996359375 0.35651126093749996 0.7506111515625 0.3316920625 0.7435712890625
0 0.6324396078125 0.713289515625 0.6271793890625 0.7115827890624999 0.6124122875 0.710042003125 0.5953814296875 0.7150155015624999 0.5803084390625 0.7231921703124999 0.5767818671875 0.7390808703125 0.5846823828125001 0.7558492421875 0.5970404593749999 0.7619540453125 0.6204965765625 0.7645765265625 0.6327676796875 0.7593264421875 0.647759075 0.7464749703125 0.6470451953125 0.7328185031250001 0.6416280890625 0.7221218328125001 0.6324396078125 0.713289515625
0 0.6913511 0.7104626671875 0.672850290625 0.7129438390625 0.6621935046874999 0.728957021875 0.6629638453125 0.7458498515625 0.6721837359375 0.7564801640625001 0.6938736875 0.7635031734375 0.709329759375 0.759788590625 0.7191864984375 0.75242235625 0.72232561875 0.741576340625 0.720135509375 0.725067959375 0.7066249484375 0.7137931515625 0.6913511 0.7104626671875
0 0.76158304375 0.7024022984375 0.746453596875 0.707342609375 0.7381546812499999 0.722235475 0.7378990421875 0.7348297328125 0.7500086640625 0.74756785 0.7749680875 0.751964665625 0.7913700296874999 0.747205578125 0.801677025 0.7383927078125 0.803721059375 0.7192924890625 0.7954707156249999 0.7097244093749999 0.781566428125 0.70313261875 0.76158304375 0.7024022984375
0 0.839971175 0.69851609375 0.8268184546875 0.7077383562499999 0.8198639968749999 0.71793158125 0.8187518203125 0.7359364015625001 0.8303860796875 0.7486828390625 0.8457038328125 0.7545304671874999 0.855233365625 0.7542079109375 0.8765197203125 0.7493163765624999 0.88256743125 0.7416569375 0.8869882328124999 0.72251528125 0.87959439375 0.7075365875 0.8642201500000001 0.698452521875 0.839971175 0.69851609375
0 0.9278474546875 0.6933851171875001 0.9156328281249999 0.7018716125 0.90588908125 0.71571059375 0.9042450578125001 0.7304873265625 0.91485330625 0.7389351468750001 0.9216274015625 0.745651365625 0.932648609375 0.746377903125 0.954882790625 0.743991759375 0.9675351093750001 0.7333393796875 0.9686284875 0.7142557546875 0.9592893312499999 0.6967930828125 0.9440155000000001 0.693462621875 0.9278474546875 0.6933851171875001
0 0.9117701765625 0.644026040625 0.8898666171875 0.6422501171875 0.8733236390625001 0.6479345000000001 0.8620659937499999 0.6567640015625 0.8618730906250001 0.6729542187499999 0.8690879593749999 0.689988721875 0.8879183828125001 0.69408208125 0.9093152312499999 0.6940683171875001 0.920554065625 0.684160025 0.9274269078125 0.6692920109375 0.9257560859374999 0.655292603125 0.9117701765625 0.644026040625
0 0.8210355843749999 0.648847228125 0.8020594125 0.6513366734375 0.7850787687499999 0.6591869390625 0.780038271875 0.67006615625 0.7831490750000001 0.682716190625 0.790910146875 0.6936171140625 0.8123446546875 0.6957609578125 0.8331719874999999 0.690361475 0.845805475 0.6786303031250001 0.842201865625 0.6628660734375 0.8210355843749999 0.648847228125
0 0.7250344953125001 0.651602053125 0.7102925328125 0.65149964375 0.6985155890625 0.6578202515625 0.688290225 0.6713079171875 0.689498259375 0.686034853125 0.7010697515625 0.695185321875 0.7159121734375 0.701041246875 0.7345257671875001 0.7024605140625 0.747234775 0.6976168546875 0.7580422375 0.6902340546875 0.76114994375 0.6775900125 0.7547256578125 0.6636735640625 0.7388697750000001 0.6542381859375 0.7250344953125001 0.651602053125
0 0.67087648125 0.6543459203124999 0.6527881953125 0.6532228 0.6224602234375001 0.659147803125 0.6118473734375 0.6776781390625 0.6130868281249999 0.6942030859375 0.6232562374999999 0.7011633703125 0.636116828125 0.7060311703125 0.656093903125 0.7064018812499999 0.6759517500000001 0.6999402124999999 0.6828245828124999 0.685072234375 0.6806156390625 0.6674850921875 0.67087648125 0.6543459203124999
0 0.612430621875 0.6021292734375 0.5920158796874999 0.6039244390625 0.5745787046874999 0.6128618046875001 0.5686628390624999 0.6280728109375 0.5692208671875 0.6389390453125 0.5847132687500001 0.6486557093750001 0.6066608 0.6529488234375 0.6279760484375 0.6482602609375 0.63530544375 0.6323051703125 0.632583478125 0.6125687421875 0.612430621875 0.6021292734375
0 0.6656317390625001 0.5990423921875 0.6502152015625 0.6147789484375 0.6509541890625 0.6298737812499999 0.660649409375 0.6404957890625 0.6778748484375 0.646669871875 0.6921729 0.6485785390625 0.7105858015625001 0.641062984375 0.7137437890625 0.6312957421875 0.7119725140625001 0.6115427078125 0.7070935359375 0.6044337140625 0.69273899375 0.5992886578125 0.6656317390625001 0.5990423921875
0 0.738416134375 0.60100930625 0.7277782125 0.6181012796875 0.7361478109374999 0.6345017562499999 0.748157003125 0.6414862968749999 0.7623738421875 0.6432610265625 0.7843271953125 0.6433729015625 0.7922323812500001 0.633163090625 0.79849179375 0.6103922265625 0.7830484671875 0.59735258125 0.7568102703124999 0.5924149609375 0.738416134375 0.60100930625
0 0.8657712078124999 0.5966280890625 0.8438299859375 0.592694559375 0.8225147390625 0.5973831328125 0.8122516828125 0.6087132078125 0.8145171484375 0.6295367374999999 0.8232051890625 0.636938965625 0.840978559375 0.6422938968749999 0.859926096875 0.6431324375 0.87082136875 0.640784009375 0.8862818421875 0.6275646546875 0.8807392 0.60967600625 0.8758162515624999 0.60004983125 0.8657712078124999 0.5966280890625
0 0.43024010312499994 0.67940928125 0.416817415625 0.6731688515625 0.3939819328125 0.6724883015625001 0.37982828125 0.6788503796875001 0.3696343015625 0.6941360578125 0.36989662968750003 0.7100398984375 0.3891816625 0.7243700359374999 0.400659034375 0.7281264843749999 0.423431684375 0.7252110515625 0.4370535484375 0.7156208609375 0.44143041875 0.693961984375 0.43024010312499994 0.67940928125
0 0.47418363125 0.6635345140625 0.45818502812500006 0.673166165625 0.4474718140625 0.6859429484375 0.4515820671875 0.70349690625 0.4641105890625 0.7129903375 0.48929231562500003 0.7172689984375 0.5031580234375 0.7162655484375 0.5120264125 0.706758325 0.5179359375 0.69118775 0.5128372375 0.67149281875 0.49466748125000004 0.6656949125 0.47418363125 0.6635345140625
0 0.5644617249999999 0.6598004765625001 0.546924121875 0.662984225 0.53805573125 0.67249143125 0.5331470796875 0.6909222390624999 0.5419668671875 0.7058760171875 0.55540845 0.7131952734375 0.5843943265625 0.7115597874999999 0.5923410296875 0.7042773453125 0.6016094578125 0.6904466359375 0.6014086 0.67893949375 0.5950408031250001 0.66825940625 0.5821123125 0.66308945 0.5644617249999999 0.6598004765625001
0 0.445209175 0.61080346875 0.429104 0.61432195625 0.421104728125 0.6191377828125 0.414150265625 0.6293309984375 0.41392598124999996 0.6437232421875 0.41597799999999996 0.6523204078125 0.4262239484375 0.65844170625 0.43707530156249996 0.6623837078125 0.45750259687500006 0.6613077234375 0.4763469578125 0.6512666625 0.4802672921875 0.6306948796875 0.4671379390625 0.614017778125 0.445209175 0.61080346875
0 0.51885645 0.6077194046875001 0.50372075625 0.612300103125 0.49306390625 0.6283132734375 0.4924146078125 0.645590590625 0.5011026453125 0.652992803125 0.51823094375 0.6592652359375 0.5401876765625 0.6584256484375001 0.5505322984375 0.6517702984375 0.558337046875 0.6358069109375 0.551824884375 0.616856053125 0.53648199375 0.6095700140625 0.51885645 0.6077194046875001
0 0.378867928125 0.6238318125 0.36458240000000003 0.6226423421875 0.3498655765625 0.6239783437499999 0.3419102421875 0.6313113765625 0.3359316078125 0.6429263828125 0.3366893609375 0.65910001875 0.342556753125 0.668350015625 0.3575119296875 0.6746231171875 0.38353694531250004 0.6733900328125 0.3905478359375 0.6664332203125001 0.399403671875 0.656206803125 0.3976826484375 0.63933055625 0.3894134734375 0.6286836609375 0.378867928125 0.6238318125
0 0.96140991875 0.6003543234375 0.9464796140624999 0.5894639765624999 0.9316873890625 0.586484815625 0.91645121875 0.5853119125 0.9004338171875 0.5938647875 0.8935233312499999 0.60657519375 0.8924537015625 0.619124796875 0.8954012734375001 0.632441390625 0.91165719375 0.63755326875 0.9407097984374999 0.6402835265625 0.9534123078125001 0.6325079234375 0.9646072218749999 0.6200824546875 0.96140991875 0.6003543234375
0 0.9171805265625 0.5453716125 0.8989792734375 0.5377757265625001 0.8775824265625 0.537789503125 0.8562985609375 0.5442760468750001 0.8479431937499999 0.555932546875 0.8497018828125 0.574966375 0.8634586578125001 0.58197335 0.8779293609375 0.5849051953125 0.8950480953125 0.5849660937500001 0.9111910312499999 0.5836051984374999 0.92427475625 0.5704273343749999 0.9249743671875 0.5560268046875 0.9171805265625 0.5453716125
0 0.812009809375 0.540372903125 0.8015333421875 0.5394766515625 0.786391340625 0.543697740625 0.77609065625 0.5528702375 0.7725389375 0.567320553125 0.776555140625 0.5794805281250001 0.785243178125 0.5868827453125001 0.802639625 0.5907284296875 0.8223201578125 0.5862355640625 0.8336405765625001 0.5810020687499999 0.8372173953125 0.567990128125 0.8360030796875 0.55290359375 0.8234306578125 0.5408929687499999 0.812009809375 0.540372903125
0 0.32140420625 0.573396603125 0.31099053906249996 0.5760963328125001 0.3015651890625 0.5809370515625 0.29224661093750004 0.59189095 0.2891074546875 0.6027369828125 0.2930671265625 0.611660571875 0.30077313125 0.6172814062499999 0.3131886046875 0.6203020515625 0.3271931625 0.6229176562500001 0.342191021875 0.62015553125 0.35348630000000003 0.613483615625 0.3584640625 0.5990084125 0.3496253109375 0.5829758234375 0.33568339375 0.5742264828125 0.32140420625 0.573396603125
0 0.42488523125000005 0.56331705 0.39775286875 0.5616324125000001 0.380246584375 0.5666141796875 0.368639146875 0.5826439359375 0.3717109953125 0.5951801078125001 0.3847687984375 0.6121945906249999 0.4034415875 0.6151296015625001 0.4205226609375 0.6130329046874999 0.43548887968749994 0.598743071875 0.43667644218749996 0.5850534265625 0.434042353125 0.57035136875 0.42488523125000005 0.56331705
0 0.4746271109375 0.552736684375 0.45050369999999995 0.5599922187499999 0.44406232812499996 0.572334721875 0.4453142671875 0.5895788625 0.4554659859375 0.599113771875 0.4564292609375 0.5998163703125 0.48143951406249996 0.6044333984375 0.5030570921875 0.6015204359374999 0.51574079375 0.5926660578125 0.51827270625 0.57427675 0.513312096875 0.562492971875 0.4941162375 0.5523965 0.4746271109375 0.552736684375
0 0.529549284375 0.5665260625 0.526998475 0.5838365546875 0.5387018125 0.6005385609375 0.5525433 0.6035343171875 0.5701819171875 0.602074553125 0.5889503671874999 0.5917478875 0.590550459375 0.5744539750000001 0.5850643390625 0.55980169375 0.5635168484374999 0.5511851078125 0.5374920640624999 0.5584738312499999 0.529549284375 0.5665260625
0 0.7418406328125 0.552029259375 0.73031929375 0.545755609375 0.717415940625 0.5420240453125 0.7026864953125 0.542640859375 0.6895274375 0.5515035390625 0.6859318203125 0.563436671875 0.692340528125 0.58374546875 0.70690523125 0.5936457625 0.7268697515625 0.5932972796875 0.7438943328125001 0.5879642109375001 0.75270623125 0.57522061875 0.7505412265625 0.5601506625 0.7418406328125 0.552029259375
0 0.6106137640625 0.5525212921875 0.6004573828125 0.5699645421875 0.603554271875 0.5839390953125 0.6222873296875 0.5947630671875 0.6556031984375 0.5932949609375 0.672529671875 0.585612803125 0.6745674625 0.5661529875 0.6652973578125 0.5526459015625 0.6480719171875 0.5464718421875 0.620952109375 0.54550636875 0.6106137640625 0.5525212921875
0 0.3899635953125 0.5239990140625 0.3760530578125 0.5170476640625 0.3570078421875 0.5155815578125 0.338494409375 0.5173435453125 0.32908795468749996 0.5232630625 0.329144446875 0.5264994515625 0.32578707812499996 0.5423631265625 0.3315165859375 0.55343615 0.3454648453125 0.562545103125 0.36641771562500003 0.5643376046874999 0.3877141328125 0.55857025625 0.3946497015625 0.5472982578125001 0.3899635953125 0.5239990140625
0 0.4258098484375 0.5073215921875 0.41217542656250006 0.5161925765625 0.40721649531250004 0.5317465968749999 0.41172685624999994 0.544977053125 0.42279156406249996 0.5523377796875 0.43948285781249996 0.5551486703124999 0.45652005781250005 0.55053479375 0.46634538281250004 0.54137059375 0.4713105265625 0.52617618125 0.46486734375000005 0.5111809125 0.44574053124999996 0.505040021875 0.4258098484375 0.5073215921875
0 0.3170902890625 0.4624572546875 0.3042747796875 0.4637600734375 0.2920476109375 0.47152737812499995 0.28709495625 0.487440975 0.2902295125 0.5035731234374999 0.2974601484375 0.5092022375 0.311320471875 0.5132767968749999 0.32558710625 0.513387490625 0.3380187578125 0.5077314234375 0.34771498749999996 0.500771165625 0.3532370859375 0.4902432515625 0.350127640625 0.4755494921875 0.34239659375 0.4684902734375 0.33280811250000003 0.46398144375 0.3170902890625 0.4624572546875
0 0.4192645609375 0.4592349640625 0.40872535625 0.4547427203125 0.39776728437500003 0.45349517187500005 0.3792853046875 0.45705514062499997 0.368046453125 0.46696343437500004 0.3630750328125 0.48179823906249997 0.36752261875 0.49143272343750005 0.38015232656250003 0.5009221796875 0.3876942421875 0.5029509890625 0.40910364218749995 0.503656415625 0.4189541390625 0.49593060156249996 0.4305804125 0.4809796546875 0.42657680156250005 0.46953886875000006 0.4192645609375 0.4592349640625
0 0.4809779328125 0.453481546875 0.4690880328125 0.45332937968750003 0.44868578125 0.45584375 0.44322016875000003 0.46960805624999996 0.4435026265625 0.48578998906250004 0.44985786875 0.49575088593750005 0.45877824375 0.5011694390625 0.47328790937500004 0.5032554874999999 0.495578915625 0.49998873593750004 0.501595275 0.4905313203125 0.5098627734375001 0.47384042812500005 0.49578897343749995 0.45753951875 0.4809779328125 0.453481546875
0 0.5046231265625 0.50055028125 0.48957524374999994 0.5101653484375 0.48222701875 0.525041659375 0.48819484218750003 0.540045221875 0.5001537859375 0.5441529671875001 0.5192429390625 0.5481362562500001 0.5400577203125 0.5420176156250001 0.546055184375 0.5314813843749999 0.5462292578125 0.514212365625 0.5379663640625 0.5039250578125001 0.5203095015625 0.5002764749999999 0.5046231265625 0.50055028125
0 0.5773322328125 0.4982020234375 0.56282248125 0.5114047703125 0.5630861078125 0.5265079109374999 0.5680717578125 0.5397300953124999 0.5833707125 0.54449895625 0.606078421875 0.5443542609375001 0.6254944640625 0.53333215625 0.6270820671874999 0.5153190484375 0.6236039625 0.506746746875 0.6144154562499999 0.4979144375 0.6020062562499999 0.495253378125 0.5773322328125 0.4982020234375
0 0.9548008765624999 0.494131234375 0.9384445328125001 0.48326578124999997 0.9183858546874999 0.4782202921875 0.9023056703125001 0.48317717499999996 0.8933808203125 0.4894479921875 0.8863950109375001 0.4978432125 0.885220365625 0.511137421875 0.9002382078125001 0.5281767671875001 0.9145739203125001 0.5322430390624999 0.93741563125 0.533283175 0.95106256875 0.5251313796875 0.957991909375 0.51349976875 0.9548008765624999 0.494131234375
0 0.8243551734375 0.48489752499999994 0.8130850000000001 0.4930078125 0.807144034375 0.5067804265625 0.8087520749999999 0.517183878125 0.81658358125 0.5299966828125 0.8332960328125001 0.5340214578125 0.8337776375000001 0.5343727578124999 0.85138253125 0.5335937421875 0.86366794375 0.530613646875 0.8753695703125001 0.5199778640625 0.87166553125 0.49846003593750005 0.8610635609375 0.49037180625000004 0.8467027421875001 0.484867140625 0.8243551734375 0.48489752499999994
0 0.6823773984375 0.496008734375 0.671913515625 0.4958316765625 0.66194379375 0.4967251234375 0.6543947421875 0.5000942562499999 0.647390103125 0.5074106796875 0.6451263453125 0.5139249359375 0.6467783609375 0.526845590625 0.6517264171875 0.5379101796875 0.6665186265624999 0.5408893515625001 0.6814185453125 0.5402047546875 0.694488728125 0.536084640625 0.7029068640625 0.528024115625 0.702693453125 0.5157977796875 0.7015920859375 0.5071840046875 0.6933919625 0.50049268125 0.6823773984375 0.496008734375
0 0.7745819468749999 0.4936798859375 0.760283890625 0.49177120781249994 0.7365982171875001 0.4968608484375 0.727329821875 0.5106915375 0.7266553109375 0.5265304640624999 0.7444752109375 0.537079496875 0.76348289375 0.5388371281250001 0.7805012312499999 0.5331444484375 0.790801915625 0.52397194375 0.7939472796875 0.5134855140625 0.786134634375 0.501751528125 0.7745819468749999 0.4936798859375
0 0.7443008296875 0.447806109375 0.7313723375000001 0.44263615468750006 0.7051718015625 0.4398561109375 0.68956699375 0.44480471250000003 0.6798106828125 0.45792449062499996 0.682391409375 0.4733759796875 0.6907202171875 0.48363305468749995 0.7112354203125 0.48759144687499995 0.736878996875 0.4857050015625 0.7424701765624999 0.47913267656249997 0.7479546203125 0.4664471609375 0.7443008296875 0.447806109375
0 0.6439651359375 0.44739923125000003 0.630129925 0.444763053125 0.6210983390625 0.44492070000000006 0.61122273125 0.45120811562499996 0.601009921875 0.46541501093750004 0.60363145625 0.4793978515625 0.610899759375 0.487184559375 0.6196032437500001 0.491883509375 0.6366625953125 0.4921304875 0.649471828125 0.490468075 0.6602478734375 0.48128728125000003 0.6646874734375 0.463224384375 0.6578443218750001 0.45255259062500003 0.6439651359375 0.44739923125000003
0 0.5564825859375 0.44784711406250005 0.537956728125 0.4488899046875 0.5285376562499999 0.45409022343750005 0.5216208531250001 0.46644103125 0.5223598421875 0.481535865625 0.52680115625 0.49081075937499996 0.5415897281250001 0.4960796796875 0.5644727171875 0.4969876453125 0.5786452671875 0.4917043578125 0.5835665390625 0.473992759375 0.5856858593750001 0.45920773906249995 0.571230921875 0.4483091015625 0.5564825859375 0.44784711406250005
0 0.9131741890624999 0.45205257187500003 0.9029533953125 0.438562071875 0.89242674375 0.434789025 0.8738694109375 0.4340338265625 0.85817045 0.4335884296875 0.848726296875 0.4373503578125 0.8412588515625 0.445394284375 0.8415629140625001 0.4612844703125 0.8498795234375001 0.4761787078125 0.8622824437500001 0.478480159375 0.888914403125 0.47873471875 0.9035873531249999 0.4748815140625 0.912918534375 0.464646821875 0.9131741890624999 0.45205257187500003
0 0.831439771875 0.45491808906250003 0.8298191734374999 0.4437954265625 0.8230827218749999 0.43923680625 0.78973945625 0.43586203125 0.7759732203125 0.43718143749999994 0.76470929375 0.4456513375 0.7606885296875 0.4604695484375 0.7641900640625 0.4715432578125 0.7738555453125 0.4793042515625 0.7957967609375001 0.48323774999999997 0.820483409375 0.48100830468750005 0.8289203437499999 0.4740266046875 0.8320971609375001 0.4653381421875 0.831439771875 0.45491808906250003
0 0.522358203125 0.399720603125 0.5085418234375 0.3981632234375 0.48722657343750003 0.4028518 0.476075596875 0.41779445156249995 0.48066127343750004 0.4353401203125 0.489871365625 0.44541273437499995 0.512253840625 0.4473784671875 0.5288470000000001 0.44457084843750005 0.5425001828125 0.436778653125 0.5469147140625 0.41727736406249993 0.538595325 0.40375369843750003 0.522358203125 0.399720603125
0 0.2837278203125 0.4095856953125 0.270380484375 0.4076604234375 0.254807059375 0.414407 0.2473396140625 0.4224509140625 0.2428184140625 0.43583904218749997 0.2425439109375 0.44735449687499995 0.2537399171875 0.45939735937500004 0.2718162 0.462670690625 0.2893726 0.460565696875 0.3048267984375 0.44698674687500006 0.307878009375 0.4311063328125 0.29617470468749996 0.41440433906249996 0.2837278203125 0.4095856953125
0 0.3730443859375 0.40524731875000003 0.35492471718749996 0.4023262265625 0.3344848671875 0.40268300625000003 0.322776996875 0.4129592296875 0.31776784999999996 0.42563643281249997 0.31943241875 0.43927626875000003 0.32954019843750004 0.44629398125 0.3419745359375 0.4503934703125 0.361507665625 0.4525704515625 0.3761241234375 0.44548085468750004 0.3850741171875 0.440648459375 0.3906150515625 0.4311993046875 0.3880061015625 0.4179356515625 0.3831082609375 0.40974787656249995 0.3730443859375 0.40524731875000003
0 0.44381445468749997 0.4007746515625 0.42620153437499997 0.399643259375 0.403035121875 0.40724178593750004 0.3951676671875 0.419609190625 0.39634431718749996 0.4325381421875 0.4083848921875 0.44132067499999994 0.427396196875 0.44983077031249996 0.4498592421875 0.447431175 0.4559571671875 0.44264853750000005 0.46059762656250003 0.43609279531249995 0.465112565625 0.42234508281250005 0.45726225 0.4084535140625 0.44381445468749997 0.4007746515625
0 0.6516621312499999 0.3500249078125 0.6405910765625 0.342304584375 0.621064225 0.340487171875 0.602144540625 0.34621303124999997 0.5938707390625 0.3625443140625 0.5940838828125 0.37808483125 0.602353353125 0.385417559375 0.6209797359375 0.3901283515625 0.6446905484375 0.38647710625 0.6598262734375 0.38189642031250004 0.6604506 0.36318070156250004 0.6516621312499999 0.3500249078125
0 0.55024396875 0.342083065625 0.5322058968750001 0.34383673593749997 0.5180648 0.3509180203125 0.5130682078125 0.3643144453125 0.5175596687499999 0.3764661078125 0.5263356515625001 0.38890270625 0.5482643515625 0.392117015625 0.56596499375 0.39112816562499997 0.5818130421875 0.38002077500000003 0.58493336875 0.3680959390625 0.5809108578125 0.35557636718749996 0.568363575 0.345004146875 0.55024396875 0.342083065625
0 0.710397875 0.3371293015625 0.7018353671875001 0.33691905312500003 0.690471009375 0.33963539374999996 0.6796698250000001 0.34737778124999996 0.6755486640624999 0.35644241718749997 0.676293928125 0.37189685781250004 0.68165454375 0.3793571671875 0.6941202343749999 0.3852546015625 0.7108273781250001 0.38657498437500004 0.72924565 0.3817638203125 0.739571409375 0.374029721875 0.7396827140625 0.3531647140625 0.735697934375 0.342802728125 0.72610314375 0.337934284375 0.710397875 0.3371293015625
0 0.5707311093749999 0.39891901875 0.5604869156250001 0.411327909375 0.5583235953125001 0.42359574375 0.5671434468750001 0.438549534375 0.581003828125 0.4426241046875 0.6080396078125 0.44222350625000006 0.6193875984375 0.43511965156250004 0.623402084375 0.41994183593749995 0.6184101234375 0.4063600796875 0.60494978125 0.3979620234375 0.5853915765625 0.394346628125 0.5707311093749999 0.39891901875
0 0.6599204265624999 0.3872903875 0.6415639828125 0.3980423453125 0.6332964921875 0.41473323593750006 0.63784450625 0.430121275 0.6705827921874999 0.4403219734375 0.6883441343750001 0.43571455468750003 0.703322971875 0.422143890625 0.7068432671875 0.40589559218750004 0.696622503125 0.392405084375 0.6822805484375001 0.3879792234375 0.6599204265624999 0.3872903875
0 0.7307532671875 0.386413703125 0.719514446875 0.39632199687499997 0.7164380640625 0.4107640234375 0.7223745015625 0.4239696234375 0.733895771875 0.43024323750000004 0.7467991625 0.43397479375000003 0.7630043484375 0.434254628125 0.780835734375 0.42258944375 0.783380271875 0.40491937031249997 0.7775003890625001 0.3949501421875 0.768806071875 0.3871883265625 0.7520998999999999 0.3835231609375 0.7307532671875 0.386413703125
0 0.83715959375 0.38047811249999997 0.82149829375 0.38219033125 0.8097903890625 0.3924665078125 0.8038556937499999 0.4065987203125 0.8055014312500001 0.4191597625 0.811825259375 0.427322671875 0.831419803125 0.431724196875 0.8447183031250001 0.4321441328125 0.8617303312500001 0.42609185624999996 0.86570715625 0.40875649531249997 0.8644865703125 0.393310315625 0.8552980890624999 0.38447800781249997 0.83715959375 0.38047811249999997
0 0.8233038374999999 0.349425375 0.8131520875 0.339890459375 0.7897220546875 0.33238585781249996 0.772609596875 0.33268455625 0.757611928125 0.34517640781250003 0.7525337703125 0.3538980421875 0.75316848125 0.3610143234375 0.760934753125 0.372096503125 0.7734381359375 0.3801515484375 0.7948663671875 0.38193575625 0.8090702640625 0.3784504546875 0.82032160625 0.36926136875000004 0.8233038374999999 0.349425375
0 0.9512506234375 0.406184171875 0.9443195921875001 0.39047799843750003 0.9288825640624999 0.3777979625 0.905052490625 0.3746168390625 0.8837686265625001 0.38110339843749996 0.8783984828125 0.3960810625 0.8770778218749999 0.40639974375000004 0.8868295328125001 0.4202581328125 0.8988324484374999 0.426883075 0.9179027765625 0.4297875734375 0.9382861484375 0.42619440781250006 0.9512506234375 0.406184171875
0 0.902998775 0.3386818859375 0.8881563515625001 0.3328259203125 0.8709497265625 0.3277306390625 0.84914031875 0.33134870781250003 0.8403472515624999 0.3451710828125 0.8366559578125001 0.3640111625 0.8513446609375 0.37591401874999997 0.873248253125 0.3776899421875 0.886526553125 0.3756596359375 0.8992855765625001 0.37112042343749996 0.9056014796875 0.35158594062500004 0.902998775 0.3386818859375
0 0.23807890625 0.36299096249999996 0.22381227187500002 0.36288028125 0.2044737890625 0.37185082343750003 0.20085927187500002 0.3827051609375 0.200616153125 0.3960186015625 0.21076794062499998 0.4055535328125 0.2227394328125 0.41038046093749997 0.2315331734375 0.4128142640625 0.249383946875 0.41135421718750004 0.2653573765625 0.40028414999999995 0.266019365625 0.38372602968749997 0.265368253125 0.3736655828125 0.2542971984375 0.3659452421875 0.23807890625 0.36299096249999996
0 0.15262333125 0.3705976359375 0.13930741875 0.370470359375 0.1265232234375 0.3735711609375 0.1172548609375 0.38740188125 0.11759380781249999 0.406820175 0.130185096875 0.41990958593750005 0.15307683593750002 0.4222821234375 0.172909746875 0.415926453125 0.18404810625 0.4002645828125 0.1828149921875 0.3840992609375 0.17168738125 0.373142525 0.16119845625 0.3715270765625 0.15262333125 0.3705976359375
0 0.04680323125 0.3828762734375 0.037997674999999995 0.3959794765625 0.034389434375 0.40719338125000004 0.041739271875 0.4196548671875 0.056600590625 0.4265896234375 0.06569488125 0.43002797187499997 0.0842093703125 0.429558009375 0.103953178125 0.4153315484375 0.10467165781250001 0.40200983749999997 0.10012364062500001 0.38662175 0.0804649703125 0.3772527765625 0.0671489296875 0.3771255140625 0.04680323125 0.3828762734375
0 0.40479988437500003 0.35288666874999997 0.3866865234375 0.3503251859375 0.37527819687499997 0.35052431875 0.362588225 0.3590190984375 0.354695659375 0.369948103125 0.3526013828125 0.3861715203125 0.37193442656250003 0.39781103125 0.387064778125 0.3992388765625 0.406015878125 0.3953110015625 0.4158914484375 0.389023584375 0.41805477187499995 0.3767557828125 0.4154269640625 0.3624132875 0.40479988437500003 0.35288666874999997
0 0.316867140625 0.354781259375 0.294500746875 0.353732828125 0.27987800625000003 0.3604628109375 0.272054490625 0.37534741875 0.272730709375 0.38684626718750004 0.287642178125 0.39665779687499997 0.2943158609375 0.3976204390625 0.3115582171875 0.40129442187500003 0.3271586640625 0.39956511093749997 0.3412558546875 0.3899666484375 0.346189646875 0.372974240625 0.33745139218750003 0.362695234375 0.3302207828125 0.357066115625 0.316867140625 0.354781259375
0 0.4560870375 0.3491137953125 0.4400256984375 0.35514946406250003 0.432690065625 0.3707449703125 0.436693675 0.3821857515625 0.44348034218750004 0.3896211390625 0.4549765375 0.394456390625 0.4718909328125 0.39444660468750004 0.48965794999999995 0.392771890625 0.49985192968750003 0.377486225 0.5001264328125 0.365970784375 0.4957101921875 0.35813428593749996 0.4817871046875 0.3504637328125 0.4560870375 0.3491137953125
0 0.0705796859375 0.2646699171875 0.045784890625000005 0.272720640625 0.033044334375 0.284551334375 0.0338465578125 0.3030379921875 0.0446144015625 0.31554660625 0.061001823437500005 0.320339190625 0.078160071875 0.31849823593750004 0.08965680937500001 0.3136721046875 0.1000322578125 0.3036965140625 0.09770330625 0.2801578546875 0.0874085203125 0.267278265625 0.0705796859375 0.2646699171875
0 0.13467697812499999 0.2555704328125 0.1128281015625 0.26756005156249996 0.10730353749999999 0.280715796875 0.1123758484375 0.2965886578125 0.12786778593749998 0.305024440625 0.1497185640625 0.3082653875 0.16614199999999998 0.30000325 0.176971521875 0.288568709375 0.17428344843750002 0.2719287328125 0.1630361421875 0.25942849843750004 0.14905194375 0.25495673750000003 0.13467697812499999 0.2555704328125
0 0.0714371265625 0.25885082187499997 0.10023776874999998 0.260524646875 0.12117210468749999 0.25109026874999996 0.12316387499999999 0.22783894531249999 0.1135558140625 0.2141584734375 0.09030661250000001 0.21353936093749998 0.079779375 0.2148114 0.058289684375 0.2199023625 0.053516578125000006 0.24864361562499998 0.0714371265625 0.25885082187499997
0 0.0596287078125 0.35156038437500003 0.069021675 0.36772057187499996 0.09405701250000001 0.3734504890625 0.118870665625 0.36648773437500004 0.13264603749999998 0.3589921109375 0.1352817140625 0.345161253125 0.13396260937499999 0.332633296875 0.12385090624999999 0.3221442140625 0.107949203125 0.317705946875 0.0859611359375 0.32171732343750004 0.0721984234375 0.3299382375 0.0596287078125 0.35156038437500003
0 0.18689164375 0.3623983140625 0.20453360781250002 0.3566490015625 0.2144676453125 0.348857659375 0.2165923453125 0.333221946875 0.2105675796875 0.3177285109375 0.1923876046875 0.3116041375 0.1711826609375 0.3140628640625 0.15977892968750002 0.32006605781249997 0.15148562968749998 0.339437015625 0.1594404890625 0.35562230625 0.18689164375 0.3623983140625
0 0.26296362812499996 0.29758771093749997 0.2333751125 0.30572211718750003 0.22493628437500002 0.3167521640625 0.2304752640625 0.3318913859375 0.2383668875 0.34445018125 0.2588484640625 0.3492376921875 0.280621696875 0.3477029375 0.2872253734375 0.3414207828125 0.2951975328125 0.3311243765625 0.294824059375 0.30972815 0.2807639046875 0.300904603125 0.26296362812499996 0.29758771093749997
0 0.2556826296875 0.2650665171875 0.23824780781250002 0.255213615625 0.2228316984375 0.2511295921875 0.2041297390625 0.25109327812500004 0.19079578125000002 0.2564046734375 0.1858074515625 0.272815875 0.1936489578125 0.2911644203125 0.20204464375 0.2964745109375 0.2313436671875 0.299227946875 0.2418330578125 0.2957800015625 0.2527004265625 0.2865213421875 0.252592815625 0.280356309375 0.2556826296875 0.2650665171875
0 0.2199727078125 0.224698115625 0.20711651875 0.20243147968750003 0.18833213437500002 0.197680734375 0.1644075671875 0.20063765312499998 0.14750481875000002 0.2123408296875 0.143266028125 0.22567426249999997 0.1555606109375 0.243234840625 0.17293853125 0.249823934375 0.196945384375 0.2515814390625 0.21261927187500002 0.24296440625 0.2199727078125 0.224698115625
0 0.155590846875 0.6896168109375 0.14095555625 0.6956275921875 0.132587571875 0.7065649031250001 0.131563334375 0.72960408125 0.1412334140625 0.7387877140625 0.160341403125 0.74384979375 0.17952535 0.7425170796875 0.19387760468749998 0.7310343421875001 0.1999378375 0.72409414375 0.20061859062499998 0.7086147875 0.1918552296875 0.6968973984375 0.1760370421875 0.6896196265625 0.155590846875 0.6896168109375
0 0.066564759375 0.710595 0.0497598078125 0.72851403125 0.0558468890625 0.750349953125 0.06932599843750001 0.7598267890625 0.0927120046875 0.7634685703125 0.1157906953125 0.7521813078124999 0.11886701562499999 0.73773929375 0.1161262265625 0.7169240609374999 0.10362922187500001 0.7092286125 0.086897909375 0.7041250453125001 0.066564759375 0.710595
0 0.207698590625 0.7056135421875 0.20810030624999998 0.7286278453125 0.2196592765625 0.737059065625 0.23354470156249998 0.7425720250000001 0.245916271875 0.743075515625 0.2649960921875 0.7365710625 0.2745922609375 0.7242298484374999 0.275166340625 0.7026373421875001 0.26309438125 0.6920568375 0.24401150624999998 0.688433128125 0.22313395625000002 0.6909558 0.207698590625 0.7056135421875
0 0.3352402203125 0.6846824734375 0.3181215234375 0.684621575 0.3072952953125 0.6909255828124999 0.295124553125 0.7019292640625 0.2935244921875 0.7192231859375 0.306565971875 0.73086590625 0.31792920625 0.7356471124999999 0.33568134375 0.73719215625 0.3554826671875 0.727494103125 0.360942034375 0.7133702000000001 0.3563312453125 0.6943861906250001 0.350070159375 0.6898192390625 0.3352402203125 0.6846824734375
0 0.13762760000000002 0.586694146875 0.1278399375 0.59801594375 0.1277161484375 0.6181617546875 0.1388687328125 0.6305568625 0.151772121875 0.6342884171875001 0.1786798875 0.632798525 0.19290755625 0.620980625 0.1969408734375 0.6068816125 0.18909685 0.5933496218750001 0.174679503125 0.5846085765625 0.15230061875 0.58284095 0.13762760000000002 0.586694146875
0 0.07478781875 0.5823954 0.0573067125 0.588815578125 0.04234670625 0.6034650234375001 0.0450623890625 0.622841846875 0.062400746875 0.6354886937499999 0.091063365625 0.6383770765625 0.1074895765625 0.63074488125 0.114425209375 0.619472875 0.11469977656250001 0.6079574171875 0.1072933828125 0.5922595609375 0.08958003437499999 0.5853745921875 0.07478781875 0.5823954
0 0.21424958906249997 0.645068240625 0.19373441875 0.64110985 0.17245683125 0.6479559874999999 0.1641077390625 0.659972075 0.1667041625 0.6725165390625001 0.17538593125 0.6795591703125 0.18922970156250002 0.6856588921875 0.20547081718750002 0.6869476062500001 0.22109442499999998 0.68307781875 0.2332965203125 0.6738721234375 0.23208848125 0.659145190625 0.22622742968749998 0.650254790625 0.21424958906249997 0.645068240625
0 0.24738318124999997 0.581947103125 0.2222023734375 0.5831060484374999 0.2128775171875 0.5937003437499999 0.210714196875 0.60596818125 0.2157688921875 0.62314594375 0.2306113796875 0.6290018921875 0.2396680421875 0.630282634375 0.2540621234375 0.6310616062500001 0.2619528109375 0.6266562796875 0.2718346578125 0.6207284750000001 0.2773253765625 0.60840255625 0.2723208625 0.59410158125 0.26414581406250004 0.5888486656249999 0.24738318124999997 0.581947103125
0 0.294914871875 0.6354333375000001 0.2782338375 0.633206559375 0.268783415625 0.6366088890625 0.257513178125 0.6447191937500001 0.2544368265625 0.659161196875 0.2637508703125 0.67518549375 0.28006107343750003 0.6804129484375 0.29995248124999996 0.678870071875 0.3088459453125 0.670801265625 0.316307153125 0.66239775 0.3175134828125 0.6497869140625 0.30880660625 0.6413059046875 0.294914871875 0.6354333375000001
0 0.056060609375 0.6536311890625 0.04780566875 0.67104125 0.0513715796875 0.68464791875 0.0649073140625 0.6973611421875 0.084408996875 0.6977401750000001 0.104884559375 0.6948084265625 0.1155935078125 0.6864046015625 0.12047711718750001 0.6665354171875 0.106415940625 0.6509536875 0.091592346875 0.6461765140625 0.0763436015625 0.6442844296875 0.056060609375 0.6536311890625
0 0.1919516953125 0.41953595468750005 0.173538696875 0.42705151875 0.16554570156249998 0.43222695 0.1591293734375 0.44600785 0.163158090625 0.45888702031250006 0.1757970609375 0.46764149687499995 0.191423203125 0.4709834296875 0.2141958796875 0.468067984375 0.2300563625 0.4505251453125 0.229830396875 0.437579603125 0.21484360468750002 0.423452871875 0.1919516953125 0.41953595468750005
0 0.0833673734375 0.43689874843750004 0.07607557499999999 0.4550114234375 0.084939434375 0.472482403125 0.0992751140625 0.47654867031250003 0.11736339843750002 0.477671775 0.132544675 0.47163582968749995 0.144657278125 0.461368203125 0.1433990609375 0.443764465625 0.13266521250000002 0.4281246875 0.10174258124999999 0.42722560156249995 0.0833673734375 0.43689874843750004
0 0.2138808640625 0.5317418 0.1967181609375 0.5291637109375 0.175440571875 0.53600986875 0.168130071875 0.5530437484374999 0.1700780078125 0.568971315625 0.18426844375 0.5786610578125 0.2076042984375 0.5807716625 0.22131403593750001 0.576215878125 0.22734916093750002 0.56783721875 0.22749181875 0.5487702140625 0.2138808640625 0.5317418
0 0.20243319999999998 0.5024455734375 0.212178634375 0.51594435625 0.23459521562500002 0.519869565625 0.249768634375 0.5174464734375 0.263809334375 0.5046116078125 0.26731707656250003 0.48764410468749997 0.26311913750000004 0.4758353640625 0.24846473281249998 0.469987765625 0.22850021250000002 0.470336246875 0.211050515625 0.47855440624999995 0.2027265328125 0.49200891249999995 0.20243319999999998 0.5024455734375
0 0.28122307812499997 0.52157363125 0.25942619218749996 0.5259108859375 0.24918827656250003 0.5386793828124999 0.2461182015625 0.55348098125 0.258709421875 0.566570434375 0.283479184375 0.5698263296875 0.302904059375 0.5650795765625001 0.308976846875 0.5588585265625 0.3106146265625 0.543722209375 0.30763699375 0.5365800234375 0.3013068578125 0.5280575453125 0.28122307812499997 0.52157363125
0 0.09468825625 0.5406567765625 0.084437784375 0.5527060578125 0.0861588140625 0.5695823156250001 0.10062009375 0.5808405343749999 0.123829528125 0.5851655453125 0.138578715625 0.5762211749999999 0.1488166328125 0.5634526796875 0.1451816765625 0.5458904390625 0.135054996875 0.537793909375 0.11691028750000002 0.533434428125 0.09468825625 0.5406567765625
0 0.122782215625 0.51570623125 0.13626138906250002 0.5251830671875 0.1543872734375 0.5284637734375 0.17332578125 0.5238166921875 0.18644090468750002 0.512436825 0.1875091390625 0.4919148265625 0.18139113906249998 0.48171605 0.16303429687499998 0.4790328265625 0.14974342812500002 0.4803439515625 0.1341197515625 0.4842137421875 0.1224620984375 0.49736671718750003 0.122782215625 0.51570623125
0 0.045837185937500004 0.49330858749999995 0.0390145375 0.5110534015625 0.044481896874999996 0.52462684375 0.0550148875 0.528759509375 0.0731219328125 0.5309613843750001 0.090246165625 0.5302777078124999 0.10011620624999999 0.5247348640625 0.10835859218749999 0.506605596875 0.102853578125 0.49087453124999997 0.0880174953125 0.4853781671875 0.06514435156250001 0.4825400484375 0.045837185937500004 0.49330858749999995
0 0.1504140171875 0.10074173281250001 0.1440792828125 0.119197415625 0.1496596171875 0.13924366875 0.164476934375 0.1436612296875 0.1883586953125 0.14550275625 0.201916259375 0.13653298125 0.20652536562499998 0.128179240625 0.2075873921875 0.1072976359375 0.1959656546875 0.0952704359375 0.1730549140625 0.0902747046875 0.1504140171875 0.10074173281250001
0 0.041329221875 0.1166744328125 0.0454898203125 0.1371051625 0.060914246875 0.14906600625 0.08569347031249999 0.146889865625 0.10111785312499999 0.136853584375 0.1055260390625 0.11699269999999999 0.0942917859375 0.0999228140625 0.0709684578125 0.0985313828125 0.050591378124999996 0.10248414374999999 0.041329221875 0.1166744328125
0 0.049656628125000005 0.15789549218750001 0.03126245625 0.1664898671875 0.023026346875 0.18497873125 0.028462317187500003 0.1967542 0.0385763734375 0.20413153906249998 0.050359906249999996 0.2062200109375 0.0723259921875 0.20354243749999998 0.0855163671875 0.1964777328125 0.09374620624999999 0.1776292703125 0.0897363125 0.165828896875 0.0748498875 0.1574557421875 0.049656628125000005 0.15789549218750001
0 0.20259875468750002 0.14839142656249998 0.190853221875 0.156510040625 0.18732037031249998 0.17203913125 0.193794875 0.1888324171875 0.20669198125000002 0.192204375 0.2250512015625 0.19466744375 0.239915959375 0.188746771875 0.2477959671875 0.17709857812500002 0.250935125 0.1662525453125 0.23826857656249997 0.148847940625 0.2172653625 0.1441786359375 0.20259875468750002 0.14839142656249998
0 0.127437584375 0.1464659984375 0.113765571875 0.1531793890625 0.10581644999999999 0.1608720140625 0.105598503125 0.17562384375 0.1119725765625 0.18666354062499999 0.12541403125 0.1939827828125 0.1349774046875 0.19705324062500001 0.15125151875 0.19514578124999998 0.1571995015625 0.1898308859375 0.1688885390625 0.1784759125 0.16768046718750002 0.1637489640625 0.155114353125 0.15209793437500002 0.143136578125 0.146911384375 0.127437584375 0.1464659984375
0 0.5682739578125 0.23375213593750002 0.5887389453125 0.23483374375000002 0.6000781953125001 0.2306790546875 0.611691940625 0.2150088640625 0.6100148562500001 0.2006498203125 0.601282875 0.1907304171875 0.5858388156250001 0.1814943328125 0.566888490625 0.18161864218749998 0.552828959375 0.19337472656250002 0.545956128125 0.2082427171875 0.55285574375 0.22215090625 0.5682739578125 0.23375213593750002
0 0.501763165625 0.237071325 0.5207079578125 0.23278385781250002 0.527775396875 0.22906341718749998 0.5363989640625 0.20553186874999999 0.521881221875 0.191037246875 0.5046172343750001 0.18574649999999998 0.4847415125 0.18808844062500002 0.47013760312499997 0.19589721875 0.4662109265625 0.21610941718749999 0.47600033125 0.2321254046875 0.501763165625 0.237071325
0 0.4791497984375 0.0856692625 0.4674544796875 0.09666464062499999 0.4615009578125 0.10971804999999998 0.46506686875 0.1233247109375 0.475224928125 0.133219221875 0.4989148484375 0.13482611718749998 0.51656115625 0.131418571875 0.5262861171875 0.1165008109375 0.5231390109375 0.0996494484375 0.510528953125 0.0854812359375 0.49815742187499995 0.0849777640625 0.4791497984375 0.0856692625
0 0.45438497499999997 0.137899484375 0.43301323593749996 0.13935165 0.4259897921875 0.14558928124999998 0.42582200312499996 0.16321791875 0.43561140624999994 0.17923390625 0.4471452046875 0.1862267390625 0.4655928125 0.18683259218749998 0.48315850937500004 0.17912336874999998 0.49093187499999996 0.161361996875 0.48452635468749994 0.1485243140625 0.473405153125 0.1379271921875 0.45438497499999997 0.137899484375
0 0.5149627484375 0.17605027812500001 0.5355156437499999 0.1821662578125 0.5563743624999999 0.17856479375 0.5670437015625 0.16327083125 0.5657477875 0.143509503125 0.5561536484375 0.1354466921875 0.5303399453125001 0.130818371875 0.5147602124999999 0.1372053375 0.5049537187500001 0.147448340625 0.5052361750000001 0.163630271875 0.5149627484375 0.17605027812500001
0 0.6080934328125001 0.2812579625 0.637127175 0.2829094171875 0.651549084375 0.264672275 0.6517984484375 0.25171843125 0.64686925625 0.24173264843750003 0.63704535 0.23485979375000002 0.6172031687499999 0.2310995265625 0.6039939624999999 0.237085425 0.5904474515625 0.2509907953125 0.5940761625000001 0.2681934265625 0.6080934328125001 0.2812579625
0 0.5137552359375 0.27031484687499996 0.5225060499999999 0.2813130703125 0.543014975 0.2849118703125 0.5581946390625 0.2828483640625 0.56992765 0.2740105796875 0.5734856374999999 0.25991987656250004 0.56659854375 0.24673086875 0.556871928125 0.23787890625000002 0.5450196671875001 0.23631627968750002 0.5331861953125 0.2394004984375 0.5172064890625 0.25011098125000003 0.5126475953125 0.2613414796875 0.5137552359375 0.27031484687499996
0 0.43009433281250004 0.271775153125 0.43977069062499996 0.2813183703125 0.45367501718750003 0.28791013125 0.4750718640625 0.2878963421875 0.48868117499999997 0.27758700625 0.49465353125 0.2656123765625 0.4896552609375 0.25167099843749996 0.47615675937499996 0.24050255312500002 0.45847528750000005 0.236028384375 0.4452471796875 0.2409354796875 0.43445236875 0.2490374890625 0.429418115625 0.2602763203125 0.43009433281250004 0.271775153125
0 0.47915875 0.33134969999999997 0.49071772031250005 0.33978091875 0.5083243687500001 0.3405527265625 0.5229973171875 0.33669951875000004 0.5314029 0.3279198171875 0.5365061984375 0.3206365765625 0.5381501953125001 0.3058598453125 0.529374309375 0.2934232359375 0.519251271875 0.288745653125 0.5026105359375 0.2856171328125 0.489357328125 0.289085840625 0.47767456406250003 0.300800403125 0.4731784390625 0.31562694375 0.47915875 0.33134969999999997
0 0.5905621125 0.28480136875 0.5715733828125 0.2865716203125 0.5617291953125 0.294657025 0.5571828890625 0.30660675937500004 0.5584474203124999 0.32457007031249996 0.5661784984375 0.33162928593749996 0.591738934375 0.33566585312499997 0.6047254265625 0.3334744046875 0.6140377609375001 0.3221609359375 0.6181840968750001 0.3145346625 0.617001165625 0.301246125 0.611127496875 0.2916365609375 0.5905621125 0.28480136875
0 0.6833612765625 0.28929655468750004 0.6738166999999999 0.287304915625 0.6628712125 0.28677655625 0.6505373046875 0.2884306734375 0.6397549484375 0.2972518671875 0.634670546875 0.3056139265625 0.6349090656249999 0.31927864375000004 0.6416831765625 0.32599486718750004 0.6606841234374999 0.33284273125 0.675551990625 0.332238121875 0.6897056734375 0.32587604375 0.6957345234375001 0.3171378234375 0.698429696875 0.3080981015625 0.6953453609375 0.2948427046875 0.6833612765625 0.28929655468750004
0 0.3497311796875 0.298717184375 0.33733447656250004 0.2967753046875 0.319828321875 0.3017570984375 0.3119231421875 0.31196689218749996 0.309297071875 0.324962221875 0.31476436093750004 0.33853569375000003 0.3263045 0.3458881359375 0.3368060421875 0.34822279218749996 0.3534139015625 0.34792423281249996 0.365251503125 0.3434097671875 0.3736445328125 0.3339108703125 0.3757953078125 0.3209238625 0.36942123437499996 0.30988415156250004 0.3545096953125 0.30007260156250004 0.3497311796875 0.298717184375
0 0.4347741640625 0.29471481875 0.4185747015625 0.2928393125 0.404890134375 0.2988335125 0.3946271109375 0.31016359531250004 0.3929077609375 0.3206251625 0.3969364140625 0.333504309375 0.408945571875 0.3404888453125 0.4255318265625 0.3430211296875 0.441769640625 0.3413547484375 0.4534837890625 0.33143813906249997 0.45713596250000005 0.322741403125 0.453100903125 0.3095026265625 0.44294290937499997 0.299608125 0.4347741640625 0.29471481875
0 0.412969321875 0.2713546578125 0.40982215312500003 0.254503315625 0.397825546875 0.24823797500000003 0.38541014218749997 0.2452173390625 0.37589063437500003 0.244664065625 0.3607486015625 0.24888515625 0.356057896875 0.252564109375 0.34977018437499996 0.2617398796875 0.3473590453125 0.2717804765625 0.35856184999999996 0.2870524046875 0.3753182703125 0.29359435624999997 0.39617691875 0.28999289687499996 0.40886696093749997 0.281498103125 0.412969321875 0.2713546578125
0 0.31174403125 0.24722257500000003 0.2936369203125 0.24502070312500002 0.27195929375 0.25619033281250003 0.26838250625 0.2692022328125 0.2699591625 0.27780771875 0.2737634515625 0.288981459375 0.2955103328125 0.29786506562500004 0.32020946562499997 0.29635480625 0.33236765468749996 0.2846319484375 0.3310152171875 0.26163423125 0.3237406375 0.253487940625 0.31174403125 0.24722257500000003
0 0.23300783281249998 0.2380067328125 0.2517032859375 0.2466730921875 0.2806365984375 0.24257097968750002 0.29465846875 0.2286573 0.29054184375 0.21074374843750002 0.27958839375 0.1961693078125 0.2688374328125 0.1931372046875 0.247484521875 0.1956681734375 0.2286025 0.20355164062500003 0.22460684375 0.219808246875 0.23300783281249998 0.2380067328125
0 0.325769365625 0.24034433437499997 0.35381478906249997 0.23985479999999998 0.36793705781249997 0.2316947203125 0.3742592375 0.21251982812499998 0.36777845937500003 0.19536696874999998 0.3511575109375 0.1904659453125 0.3235273296875 0.193621415625 0.31179432500000004 0.20245921562500002 0.3062910515625 0.214065934375 0.3132534296875 0.2315701078125 0.325769365625 0.24034433437499997
0 0.41657300468749997 0.23947876406250002 0.44070262343750005 0.2325828734375 0.4533800796875 0.2233688453125 0.45356042968750004 0.20645942343749998 0.44623566718749996 0.19543633124999998 0.43298442968749995 0.1902524109375 0.4104591703125 0.18886664375 0.38685505781249996 0.1986310640625 0.38668101718750003 0.2159000953125 0.38885230000000004 0.23132964375 0.41657300468749997 0.23947876406250002
0 0.31208426562499997 0.1373470125 0.3283339078125 0.1420992734375 0.3482733234375 0.1403124171875 0.3595184515625 0.1307636984375 0.36644777500000003 0.1191321 0.368154571875 0.10795135 0.35424556875 0.0916115703125 0.33309655 0.08805993281249999 0.314601984375 0.09090071562499999 0.30383849375 0.10080071093750001 0.300311921875 0.1166894265625 0.31208426562499997 0.1373470125
0 0.22234886718750002 0.11769056250000001 0.230718471875 0.134091046875 0.2460990234375 0.1435346890625 0.267020575 0.143529225 0.2815428484375 0.13104564375 0.28455643125 0.11300763750000001 0.27812587187500004 0.09873157187500001 0.2713704921875 0.0930581609375 0.25895511718750003 0.090073496875 0.24372520625 0.0892602078125 0.23005940625000001 0.096333203125 0.2249750015625 0.10469523124999999 0.22234886718750002 0.11769056250000001
0 0.2992030984375 0.1893697984375 0.3185981375 0.183635634375 0.323106784375 0.16952833750000001 0.3247633671875 0.15547079218749998 0.31663904375 0.14328791093749998 0.2950031984375 0.1394437 0.2770718640625 0.147310546875 0.2658832265625 0.1600956328125 0.27337749375 0.18082788125 0.2992030984375 0.1893697984375
0 0.3648916203125 0.1389432015625 0.34888046250000004 0.14785566875 0.344422 0.164839771875 0.3509028125 0.18199262968750002 0.3580832390625 0.18474496406250002 0.3746480109375 0.1880313171875 0.3961297375 0.1851599796875 0.40304653281249997 0.1728091703125 0.405121953125 0.1555069734375 0.39728417031249996 0.14233458125 0.3786452703125 0.136904590625 0.3648916203125 0.1389432015625
0 0.41197256250000003 0.084884609375 0.3987382171875 0.0894321109375 0.38560429531249996 0.0997331859375 0.3848670171875 0.1119761328125 0.387913665625 0.123073903125 0.39951026562499997 0.13366272031249998 0.415728525 0.13661700625 0.43573090312499996 0.13311075625 0.44257846250000005 0.12211972499999998 0.44719381406250003 0.11412559375 0.44604226562499993 0.10263502656250001 0.4416072328125 0.0937197375 0.427196228125 0.0853382921875 0.41197256250000003 0.084884609375
0 0.7153584578125 0.2920186546875 0.7118820671874999 0.31078415625 0.7216149484375001 0.3235637578125 0.7364699265625 0.3301389 0.7606874859375 0.32827735625 0.7715827890625 0.3259289390625 0.7801340156250001 0.31253632656249997 0.7814817265625 0.293742121875 0.7718053375 0.28419893281249997 0.750808528125 0.27988920781250004 0.735103290625 0.2790842109375 0.7153584578125 0.2920186546875
0 0.8425691328125 0.2793666515625 0.8225983343750001 0.279355525 0.7980121171875 0.2873385828125 0.793490915625 0.30072665625 0.797163603125 0.32044650625000004 0.8071222796875 0.3266423625 0.835804715625 0.32768559218750004 0.8537799875 0.32233594062500004 0.8573630515625 0.3096836265625 0.8590133578125 0.295266478125 0.8536276359375 0.286367809375 0.8425691328125 0.2793666515625
0 0.936331571875 0.2845644640625 0.9314525609375 0.27745546718749997 0.920431753125 0.27261194375 0.9042511546875 0.27181524375 0.8844058609375001 0.2789960828125 0.8769635156250001 0.28847841406249997 0.8729176453124999 0.3018582203125 0.8798172921875 0.3157664046875 0.8899761578125001 0.3239813828125 0.9032849875 0.3254285890625 0.91563145 0.32449366562500004 0.926476540625 0.31926847187499996 0.9353323453125 0.30904205625 0.9394472593750001 0.29961780625 0.936331571875 0.2845644640625
0 0.6789182968749999 0.27466931250000004 0.69186561875 0.280918059375 0.7070453140625 0.2788545515625 0.7235757375 0.2724510109375 0.73196249375 0.2625924765625 0.734106953125 0.2492458375 0.7257875703125001 0.2357221515625 0.7129484171875 0.232320140625 0.6924442671875 0.23234737343749998 0.6783094453125 0.23978825625 0.6703541109375 0.24712127499999997 0.6691980015625 0.2626089265625 0.6789182968749999 0.27466931250000004
0 0.6831034390624999 0.1875469125 0.670650303125 0.18236865625 0.6554266703125 0.181914971875 0.6412541890625 0.187198275 0.6309472281249999 0.196011165625 0.630222471875 0.20897332031250002 0.6406114515625 0.22467454843749998 0.6491187843749999 0.229146825 0.66672536875 0.22991863281249997 0.6785211796875 0.22467684375000002 0.6878334828125 0.2133633390625 0.6875635796874999 0.19790058906250002 0.6831034390624999 0.1875469125
0 0.7219374875 0.17859578125 0.7092726234375 0.1885289546875 0.7074904703125 0.1953945125 0.711125459375 0.2129567765625 0.7207955765625 0.22214039687499998 0.7332048015625 0.22480144531250001 0.74970694375 0.2239850390625 0.7625130453125 0.21493745625 0.7651454515625 0.2023017265625 0.7635122671875 0.19045987656250002 0.755793746875 0.184119846875 0.7376238953125 0.178321975 0.7219374875 0.17859578125
0 0.753414121875 0.2384773 0.7484426703125 0.2533121140625 0.7491314375 0.2655301625 0.76356755 0.27535001875 0.787372515625 0.277092740625 0.8043594359374999 0.2696020515625 0.8118096250000001 0.2581290703125 0.8110376875 0.2435865015625 0.8046949984375 0.2343448171875 0.7898901984375 0.2306464484375 0.7680368578125 0.23174731249999997 0.753414121875 0.2384773
0 0.59326810625 0.08043865781250001 0.5732596156249999 0.0782699375 0.5542708921874999 0.080040215625 0.54119970625 0.09393729843750001 0.5371349421875 0.1062383109375 0.538730496875 0.115922578125 0.5474248125 0.12368438906250001 0.559838171875 0.1320458375 0.57042349375 0.1337144765625 0.5827698546875 0.1327795703125 0.6011389203124999 0.12274680625 0.6046717687500001 0.10721770625 0.6005049625 0.08642736250000001 0.59326810625 0.08043865781250001
0 0.608375840625 0.1287355375 0.5928337671875 0.13728010156249998 0.583502634375 0.14751480156250002 0.5842164453125 0.161171246875 0.5920040453125 0.171466840625 0.612542753125 0.1793113515625 0.6329340234374999 0.1736301 0.6502582140625 0.1582199390625 0.6476178484374999 0.1431582953125 0.63936116875 0.133230590625 0.621185071875 0.1270731125 0.608375840625 0.1287355375
0 0.686745140625 0.12377051875 0.6693016890625 0.13234825781249998 0.6642612234375 0.143227490625 0.664055765625 0.15869855 0.6747016734375 0.1693039609375 0.6910626828125 0.1734866625 0.7165195718749999 0.1678545890625 0.7271763578125 0.15184143125 0.722603234375 0.1350149671875 0.712933121875 0.1258313515625 0.6971776359375 0.1221495625 0.686745140625 0.12377051875
0 0.788469184375 0.12199491874999999 0.7613933171875 0.12354663749999999 0.745895184375 0.1346084046875 0.742406265625 0.15265469843749999 0.75461163125 0.167923290625 0.7693583109375 0.17124880468749998 0.7902233375 0.1680069109375 0.8033698140625001 0.1584250421875 0.8122318953125 0.148558234375 0.8075772046875 0.127056996875 0.788469184375 0.12199491874999999
0 0.6257045625 0.08634720781250001 0.6227348828125 0.1069024140625 0.6309915640625 0.116830103125 0.645358696875 0.122694375 0.6687570203125001 0.12123641249999999 0.6765934203125 0.11423558593750001 0.6844169375 0.09935098906249999 0.675090340625 0.0826075234375 0.658840728125 0.0778552375 0.6440861796874999 0.0770336546875 0.6257045625 0.08634720781250001
0 0.890256503125 0.2328068203125 0.8729557109374999 0.22231755468749997 0.8539167671874999 0.221211053125 0.8383057125000001 0.22580007812499997 0.8332526281250001 0.235960065625 0.8302327999999999 0.2536384640625 0.8408713109375 0.26845745625 0.8505048859375 0.2709103265625 0.868593140625 0.272033446875 0.8837414499999999 0.268171940625 0.8906770500000001 0.2568999109375 0.895248496875 0.24638861093750003 0.890256503125 0.2328068203125
0 0.8451893890625 0.18431349375 0.8284142015624999 0.17669269999999998 0.81412870625 0.1755032265625 0.7975857609375 0.181187596875 0.7863657703125 0.19217468124999998 0.7851782390625 0.20586430781249998 0.79237349375 0.2170693125 0.8069140359375 0.225268865625 0.8206802078125 0.223949440625 0.831562990625 0.220881828125 0.8409129859375 0.211725921875 0.8496746359375 0.19610553749999998 0.8451893890625 0.18431349375
0 0.8925357 0.1726958140625 0.8721773859375 0.1777273546875 0.8694383312499999 0.18424989687499999 0.8678005515624999 0.1993862390625 0.8770957656249999 0.21433174375 0.8766267140625 0.2146996265625 0.8903255390625 0.2214333515625 0.912865984375 0.2205418109375 0.920789934375 0.211410796875 0.9247981125000001 0.195873384375 0.9192806078125001 0.17942313593749998 0.905382559375 0.173190959375 0.8925357 0.1726958140625
0 0.7115915921875 0.07621505468749999 0.7016783609374999 0.08034488281249999 0.695349903125 0.0991601546875 0.700285403125 0.10950555 0.7090048328125 0.11870574687499999 0.7185807921875 0.1224954 0.7418287984374999 0.119571640625 0.7541187390624999 0.115400346875 0.762106615625 0.10705446874999999 0.7631925859375001 0.0904220921875 0.758745 0.0807876078125 0.7462730015625 0.0745305625 0.7300610171875 0.07193587968750001 0.7115915921875 0.07621505468749999
0 0.825655790625 0.07314493125 0.8084993640624999 0.070926440625 0.79994316875 0.0710757890625 0.7853329875 0.078524965625 0.779417090625 0.093735971875 0.781037721875 0.10485864062500001 0.7959397046875 0.11496722968749999 0.81931649375 0.1185787953125 0.8368352296875001 0.1143162203125 0.8418568953125 0.102358196875 0.8406111968750001 0.08547366875 0.8352505812500001 0.0780133703125 0.825655790625 0.07314493125
0 0.8554678890625 0.119386596875 0.8402756078125 0.120730915625 0.827091471875 0.1281552015625 0.8239209687500001 0.1372032484375 0.8255667078125001 0.1497643015625 0.8314465828125 0.15973349375 0.8415230499999999 0.16495322031249998 0.84874320625 0.167899896875 0.8677172765625001 0.16737366250000002 0.878556090625 0.16178885781250002 0.88644865 0.15085985625 0.8842083234375 0.131474715625 0.8702412671875001 0.12128698125 0.8554678890625 0.119386596875
0 0.87378039375 0.1061174765625 0.8948148640625 0.11258476718749999 0.9071111109375 0.10877304531250001 0.914128340625 0.10217581718749999 0.9181553499999999 0.0877172078125 0.915058484375 0.0737426453125 0.906903090625 0.068084240625 0.8929980046875 0.0629767625 0.8692871921875 0.06662802031250001 0.859543434375 0.080466990625 0.8641479421874999 0.09909145 0.87378039375 0.1061174765625