0 0.31053485 0.2225136 0.3058802328125 0.19538778437499998 0.2892469375 0.18295678124999998 0.2619584890625 0.1824901015625 0.2522739875 0.2058077828125 0.2605464484375 0.23882580312499999 0.27912108281250003 0.2517038453125 0.3009003265625 0.24289794687500002 0.31053485 0.2225136
0 0.33024875468750003 0.1935747125 0.3215208734375 0.21543154687500002 0.327123996875 0.2506173171875 0.3375363671875 0.269204103125 0.35873611875 0.27332758125 0.37552399375 0.2642933640625 0.381855359375 0.2300855 0.3645823578125 0.1889238015625 0.34386789218749997 0.1904769796875 0.33024875468750003 0.1935747125
0 0.0107152 0.20329627968750003 0.0212598703125 0.21938402968749998 0.0382903671875 0.22431792968750003 0.054166956249999995 0.214757734375 0.061784528125 0.1925449515625 0.056379884375 0.16474046874999998 0.0427246921875 0.151730640625 0.0230249390625 0.1489644296875 0.01148745 0.1627490875 0.004891446875 0.179695425 0.0107152 0.20329627968750003
0 0.0903017453125 0.25042426406249996 0.1125668046875 0.250277090625 0.1257147296875 0.2320572328125 0.126729615625 0.2054782578125 0.1169128890625 0.1867756890625 0.09478657968750001 0.177885696875 0.0742706375 0.18682019218749998 0.06937314375 0.2125050640625 0.07396159062499999 0.2297506015625 0.0903017453125 0.25042426406249996
0 0.18602729843750002 0.2211580828125 0.1674932125 0.20757818281249998 0.15763585625 0.211837115625 0.139392040625 0.226100928125 0.136921221875 0.257909525 0.1522750203125 0.279657928125 0.172261496875 0.2807195375 0.1877257 0.2744158953125 0.1935496578125 0.2534975109375 0.18602729843750002 0.2211580828125
0 0.197660096875 0.1553117 0.18576269375 0.181636934375 0.189601075 0.19820381250000002 0.20374164218750002 0.21689033750000003 0.21779391874999998 0.22240314374999998 0.23517736406249998 0.213253190625 0.24142047031249997 0.1881311421875 0.2335009515625 0.163288809375 0.21971336562500002 0.1527779640625 0.197660096875 0.1553117
0 0.11894247656250001 0.178136865625 0.14009691875000002 0.1989826921875 0.1600184234375 0.18911436406249998 0.17305603125 0.17668696718750002 0.1686441578125 0.1412696546875 0.1561581296875 0.12473479999999999 0.1361495828125 0.12037976875 0.1243032234375 0.13257563125 0.117111575 0.1496377484375 0.11894247656250001 0.178136865625
0 0.25573756875 0.166386315625 0.277339378125 0.15745661875 0.283489353125 0.14697660625 0.2921149625 0.1213915046875 0.277334734375 0.09623389375 0.2555393015625 0.09222620312499999 0.239942759375 0.1010288890625 0.2265962234375 0.13412705625000002 0.2410896453125 0.1609892765625 0.25573756875 0.166386315625
0 0.2164038234375 0.30429188281249997 0.230238278125 0.3086042046875 0.24697920624999997 0.305768525 0.2586711484375 0.2927782421875 0.2533768234375 0.25918132968749996 0.2406040296875 0.2443510671875 0.2189630203125 0.2411378171875 0.20744755937499998 0.2582159 0.20510913125000002 0.28752548437500003 0.2164038234375 0.30429188281249997
0 0.3306975265625 0.31670149062499997 0.3251384640625 0.288102596875 0.30190916562500003 0.27035834375 0.281657915625 0.2742947890625 0.268995271875 0.298191303125 0.2741351828125 0.33099383125 0.29762921875 0.3437400640625 0.311981696875 0.342829740625 0.3306975265625 0.31670149062499997
0 0.3599493921875 0.298649053125 0.347154415625 0.302785053125 0.342190828125 0.3185895796875 0.3404039375 0.34119651875 0.3559341875 0.3670327828125 0.3759329046875 0.3749454125 0.38606833906250004 0.369419590625 0.395554240625 0.3609802765625 0.39835596406249996 0.3340539171875 0.3889804609375 0.31444115781250004 0.3778401453125 0.2984691765625 0.3599493921875 0.298649053125
0 0.09328538593749999 0.48816306875000004 0.11068262499999999 0.4840441125 0.1194487984375 0.47648194843749997 0.1209048640625 0.448992759375 0.1080438671875 0.42098876250000006 0.0820570265625 0.4144980953125 0.0682473265625 0.42295344375 0.0642984625 0.4566982234375 0.07067375625 0.47359643125 0.09328538593749999 0.48816306875000004
0 0.1881893140625 0.3891658078125 0.17623190312499998 0.4060855015625 0.1747317390625 0.42698785 0.187548628125 0.44840495156250004 0.20506437656249998 0.4590155703125 0.22291105625 0.452248765625 0.233830946875 0.4352864171875 0.23334566093750003 0.407350134375 0.21351364843749998 0.3848233578125 0.1881893140625 0.3891658078125
0 0.22196273125000002 0.3774100625 0.24461881562499999 0.40047028593749995 0.25551615625 0.40056737656249997 0.273186390625 0.3897127375 0.2758337 0.36199199375 0.2650464140625 0.3319361390625 0.2481483359375 0.324503134375 0.23266210625 0.32751335312499996 0.22101426562499998 0.3470904796875 0.22196273125000002 0.3774100625
0 0.331005946875 0.4295883921875 0.3436800921875 0.41648073124999996 0.3476394515625 0.39750015781250003 0.33925667187499997 0.3702745640625 0.31933636875000004 0.35683363749999997 0.30235005625 0.3584865875 0.2874373203125 0.380347225 0.2900182515625 0.4095250359375 0.30700446718749996 0.43013164374999996 0.331005946875 0.4295883921875
0 0.3599047515625 0.4256198875 0.37292020312499996 0.454418259375 0.390546265625 0.4592364203125 0.41388553437500003 0.4557331734375 0.418033275 0.44482476875000004 0.41220943437499996 0.42122390000000004 0.4004294171875 0.398780853125 0.38485498281249997 0.3886173359375 0.372832175 0.39672534531250003 0.361449065625 0.411304425 0.3599047515625 0.4256198875
0 0.3675373859375 0.49668606249999997 0.368530153125 0.466813625 0.34589649375 0.44895356406250003 0.31728445625 0.451217475 0.308901478125 0.4907707453125 0.318629875 0.51855920625 0.3447711765625 0.5258442750000001 0.362652609375 0.5176627984375 0.3675373859375 0.49668606249999997
0 0.091076621875 0.29017990781249997 0.0937934046875 0.31905624375 0.11437543593749999 0.34226165937499997 0.13716359375 0.338656515625 0.1494291109375 0.3222570359375 0.1508631078125 0.29147443125 0.1393919171875 0.2706201515625 0.11338304218749999 0.26083602968749997 0.09913211875 0.2702015703125 0.091076621875 0.29017990781249997
0 0.07557136875 0.4033923234375 0.0929522375 0.39282917500000003 0.10283782500000001 0.37830594375 0.0969699265625 0.34811822812500004 0.0780423953125 0.32706448906249996 0.055408653125 0.33146404375 0.0428563390625 0.349568153125 0.0461873265625 0.37942456875 0.0639015796875 0.3974164078125 0.07557136875 0.4033923234375
0 0.1186107109375 0.41811040781250003 0.1321145640625 0.4297633171875 0.1449063859375 0.42618989999999995 0.159289665625 0.41432538281250003 0.165576865625 0.395790175 0.1588266015625 0.367422828125 0.13189118125 0.3528722796875 0.1118825125 0.3707768765625 0.10954407968749999 0.400086434375 0.1186107109375 0.41811040781250003
0 0.15759138125 0.3165483203125 0.1583633890625 0.34277999062500003 0.1723935546875 0.3672589859375 0.195283796875 0.37200988281249997 0.20502055624999999 0.3633902203125 0.21225635468749998 0.3529150015625 0.2108887 0.32679908750000003 0.2018220375 0.30877517656250003 0.18743885 0.2983801046875 0.1686656578125 0.3003804203125 0.15759138125 0.3165483203125
0 0.060482553125000005 0.30986703125 0.07236814531249999 0.30124089062500004 0.08073392812499999 0.28367095937500003 0.0793883046875 0.2608484984375 0.06361535 0.2433037046875 0.04568041875 0.2368967546875 0.028208698437500002 0.2551326484375 0.0264658703125 0.2843264578125 0.0381135484375 0.30926856406250003 0.060482553125000005 0.30986703125
0 0.27622254218750003 0.49119244999999995 0.29751062031250003 0.48623002812499994 0.301503590625 0.459072128125 0.294135609375 0.4275271296875 0.2743697671875 0.414880625 0.2529493421875 0.4223420625 0.23938222968749998 0.4447655640625 0.24783082343750001 0.4778023625 0.27622254218750003 0.49119244999999995
0 0.2704866171875 0.5698037703125001 0.2911467640625 0.5826050234375 0.3056946296875 0.572853175 0.31901904375 0.558721171875 0.31915147187500004 0.5339625359375 0.3061801625 0.5117510109375 0.28734087656249996 0.503871025 0.26832492812500003 0.5141627625 0.2588389453125 0.544861690625 0.2704866171875 0.5698037703125001
0 0.28156064375 0.620414721875 0.284273996875 0.64709345625 0.3011499078125 0.6734925765625001 0.32766622343749996 0.6699871828124999 0.3397993515625 0.6560867390625 0.341696640625 0.6276873328125 0.3309534421875 0.6042182656249999 0.31524662187499997 0.5965537890625 0.299297140625 0.5971807734375 0.2898111921875 0.6056200656249999 0.28156064375 0.620414721875
0 0.40702620625 0.556368134375 0.426032965625 0.552759503125 0.4377028 0.5364758390625 0.4377911640625 0.505130315625 0.422856559375 0.4791782828125 0.38542043125 0.47738638437500003 0.375449121875 0.5024086328124999 0.3844937171875 0.5393987421875 0.39113374843750004 0.5512989312500001 0.40702620625 0.556368134375
0 0.33649051406249997 0.607264125 0.34996926093749997 0.616186125 0.374675584375 0.6081310359375001 0.38705249375 0.5875427281250001 0.38429511562499996 0.5542770828125 0.37046343125000003 0.5371793984375001 0.3477635140625 0.5316986406249999 0.3305124671875 0.5383496234375 0.3226368796875 0.5646133734375 0.32365159375 0.582553575 0.33649051406249997 0.607264125
0 0.18211317968750002 0.6875622546875 0.19973923437500002 0.692380390625 0.2175859609375 0.6856136015625001 0.2255938578125 0.6791104671875 0.22510203125 0.6613345625 0.2173875671875 0.6337131031250001 0.20002625 0.623896946875 0.1833267 0.6238452750000001 0.1716348 0.6368355546875 0.1677080390625 0.6516141171875 0.1730465125 0.6695383140625 0.18211317968750002 0.6875622546875
0 0.29062710625 0.7052174984375 0.291046334375 0.67875421875 0.27540045 0.6589819609374999 0.24853651718749997 0.65404011875 0.23205752031250002 0.6646631796875 0.22980729531250002 0.6848868968749999 0.2373076234375 0.7139328734375 0.25213203281249996 0.7234177234375 0.266934378125 0.7296091890625 0.28445019375 0.717960134375 0.29062710625 0.7052174984375
0 0.20046780156250002 0.53394828125 0.2170953296875 0.5450282171875 0.24002164062500003 0.5402750984375 0.2471029796875 0.529005465625 0.24659570468749997 0.4977757484375 0.23318321250000001 0.4764744078125 0.2072625 0.4798640328125 0.19632061875 0.49353292968750007 0.1934306890625 0.50728555625 0.20046780156250002 0.53394828125
0 0.23589627968750002 0.5699320140624999 0.2149611375 0.5830701109375 0.2209834578125 0.6140522671875 0.22927803125000001 0.6281041203125 0.2537868671875 0.63653096875 0.268589290625 0.6204627859375 0.2682446390625 0.593553115625 0.25546364062500004 0.575197221875 0.23589627968750002 0.5699320140624999
0 0.1028733171875 0.6106287890625001 0.1096677328125 0.6455830265625 0.11765346406249999 0.6580460359375 0.14172525 0.658052259375 0.152332090625 0.6488319140625001 0.15965613125 0.629270796875 0.15323673124999998 0.6057857203125 0.141677225 0.5940173828125 0.1294338578125 0.59145065 0.1144329546875 0.6001375296875 0.1028733171875 0.6106287890625001
0 0.158090003125 0.595773621875 0.1837900375 0.6039688937500001 0.19598934375 0.5999487640625001 0.204063446875 0.5810662765625 0.20139422968749998 0.560974371875 0.193982065625 0.5451021375 0.1805033140625 0.536180115625 0.1581564234375 0.53887506875 0.1503911203125 0.5593464015625 0.158090003125 0.595773621875
0 0.1533326421875 0.44234389375000005 0.13821425468749998 0.4553618859375 0.129390128125 0.47356570781249996 0.13671400625000002 0.498523840625 0.1522002015625 0.5177732703125 0.1815181953125 0.5096011093749999 0.1883569125 0.48436333125 0.1822022921875 0.45588021718749994 0.1661645609375 0.44333346406249996 0.1533326421875 0.44234389375000005
0 0.0890638703125 0.5523053015625 0.0994762390625 0.5708920749999999 0.12288203281250001 0.5704646 0.1338452421875 0.5602823390625 0.1364270765625 0.54474766875 0.1385669859375 0.5303164203125 0.12305876874999999 0.507773590625 0.1054327109375 0.50295544375 0.088358121875 0.513694315625 0.08103403125 0.5332554 0.0890638703125 0.5523053015625
0 0.4418485828125 0.977564265625 0.46018798125 0.97293876875 0.4668869671875 0.9537354062500001 0.462232384375 0.92660955 0.45215087656249997 0.9129050109374999 0.435407265625 0.9062664640625 0.4070157765625 0.919205078125 0.40948638906249996 0.9541753171874999 0.4167661734375 0.97254661875 0.4418485828125 0.977564265625
0 0.44248885937500004 0.8282180234375 0.43077492656249994 0.8156552515625 0.41681426874999994 0.8106080703125 0.39682433437500003 0.822254578125 0.38815461875 0.8412527843750001 0.3917282734375 0.8628177328125 0.4033539265625 0.8844664453125001 0.4284583546875 0.8927774609375 0.443569634375 0.8782982125000001 0.4535849984375 0.8598627796875 0.44248885937500004 0.8282180234375
0 0.42239245 0.7216508562499999 0.4428200515625 0.7440618078125001 0.47317484062500004 0.734863728125 0.483940275 0.7171069796875 0.472755934375 0.6722884890625 0.44954866562499995 0.6578376859375 0.4272408546875 0.667517334375 0.41921586718750004 0.6925887984375 0.42239245 0.7216508562499999
0 0.357271075 0.63785085 0.351601525 0.6595636140625001 0.3586607140625 0.6895197937499999 0.3718746859375 0.703439846875 0.393648046875 0.704154090625 0.40871525000000003 0.6830878874999999 0.41041401562499996 0.6473071984375001 0.3934277046875 0.62670055 0.375051628125 0.6212037796875001 0.357271075 0.63785085
0 0.3946183796875 0.8045459328125 0.41455451249999997 0.7989826328125 0.4267601734375 0.772740865625 0.42012019218749996 0.7385811234374999 0.3991189515625 0.719579271875 0.3789118109375 0.7301026375 0.368896396875 0.7485380203124999 0.37143325625 0.7711288749999999 0.377499753125 0.786438253125 0.3946183796875 0.8045459328125
0 0.125065503125 0.7184374906250001 0.1289479953125 0.7415912890625 0.136889671875 0.7474674515624999 0.1484050453125 0.7526489578125 0.16283082499999998 0.7523233359375 0.179730525 0.7325445953124999 0.1779216828125 0.7073388656249999 0.16406796875000002 0.6869477265625 0.15253053125 0.67847283125 0.1379487359375 0.6829560734375 0.1237419578125 0.698908471875 0.125065503125 0.7184374906250001
0 0.3419832 0.6927615734375 0.3307766703125 0.689168921875 0.3136936359375 0.6914447828125 0.30523091875 0.704027628125 0.30245122343749997 0.7342474125 0.315576953125 0.7572533625 0.32962927343750004 0.7627661609375 0.34780683749999997 0.7608817078125 0.35755746093749996 0.7474442953125 0.35795466875000004 0.7176876234375 0.3419832 0.6927615734375
0 0.3300702140625 0.8508944515625 0.3527252171875 0.8564756140625001 0.3627633140625 0.8569060374999999 0.37619803281249997 0.8369814984374999 0.3758451671875 0.8065461656249999 0.358086809375 0.7819674546875001 0.33086457812500003 0.7913810812500001 0.3235405 0.8109422046875 0.325128825 0.8254732015625 0.3300702140625 0.8508944515625
0 0.1928527703125 0.7279266078125 0.1893928296875 0.7504527249999999 0.19519455937500002 0.77076018125 0.21310733437499998 0.7961333046875 0.2345278453125 0.7886718734375 0.24352837656249998 0.7745558921875 0.2459992421875 0.742747315625 0.23106459687499997 0.716795278125 0.208938284375 0.7079052859375 0.1928527703125 0.7279266078125
0 0.29011395 0.824099484375 0.3132163296875 0.8055291531250001 0.31090013125 0.771353296875 0.2889724453125 0.747585078125 0.26673577656249997 0.7444875265625 0.2523966125 0.762938965625 0.2522641875 0.787697615625 0.259676340625 0.8035697921875 0.2776774125 0.8198570859375 0.29011395 0.824099484375
0 0.15537574062499998 0.8362102546875001 0.1777075078125 0.843164925 0.189988140625 0.83937540625 0.19746664687499998 0.82060871875 0.1956356984375 0.792109578125 0.17909065156249998 0.77059273125 0.1592585515625 0.770325540625 0.146375375 0.7835474062500001 0.14386045625 0.808769165625 0.15537574062499998 0.8362102546875001
0 0.2625880578125 0.8598894906250001 0.264683875 0.8388714171875 0.25709524687499996 0.8189112390625001 0.239557434375 0.80500723125 0.21562214375000002 0.81543085 0.2086730953125 0.8464609921875 0.22449011406250002 0.8705926859374999 0.2458777 0.8791007750000001 0.2625880578125 0.8598894906250001
0 0.28211102499999996 0.9476062640625 0.2815154625 0.9254624281250001 0.2695809828125 0.9022249531250001 0.24732230624999998 0.89583408125 0.230733065625 0.912249528125 0.22572525156249998 0.9437268124999999 0.24021867187499998 0.9705890437500001 0.2651218546875 0.970949515625 0.28211102499999996 0.9476062640625
0 0.237441265625 1 0.2367331109375 0.9844575046875 0.224666278125 0.9637190046875 0.2122905265625 0.9636513015625001 0.188156703125 0.9666935859375 0.1844725671875 0.9954403234375 0.18627938125000001 1 0.237441265625 1
0 0.325002678125 1 0.3372358484375 0.9949821359375 0.3536962171875 0.9724396953125 0.3459311171875 0.9483917749999999 0.3264520109375 0.9340407468749999 0.30695080468749997 0.9386557375000001 0.293185215625 0.9536979796875 0.2991854546875 0.9813866625 0.3178059828125 1 0.325002678125 1
0 0.338232275 0.88970494375 0.33474674531250004 0.9035733421875 0.341320559375 0.9278528312500001 0.3644005375 0.945155328125 0.3849555265625 0.9424550484375 0.395478265625 0.9329898249999999 0.39316206249999996 0.898813965625 0.3805436953125 0.88477814375 0.369866625 0.87118936875 0.3546891921875 0.87578841875 0.338232275 0.88970494375
0 0.3203416390625 0.8453655687499999 0.30015660781250003 0.83692271875 0.2733429140625 0.848704653125 0.265654384375 0.8724842859375 0.2726915125 0.899147071875 0.28797912812500004 0.9110151390624999 0.2900748609375 0.9122566765625001 0.311407071875 0.9138810749999999 0.3270035875 0.9050784609375 0.333952653125 0.8740481750000001 0.3203416390625 0.8453655687499999
0 0.2164820984375 0.9216150484375 0.21623961406249997 0.885387359375 0.208364134375 0.8671317921874999 0.1902527984375 0.8566369999999999 0.171082475 0.8661343515625 0.15991995312500001 0.8913881218749999 0.1711925953125 0.9271207875 0.19898690937500002 0.9383302671875 0.2164820984375 0.9216150484375