0 0.503125 0.09609375 0.078125 0.053125
0 0.59453125 0.11796875 0.0890625 0.05859375
0 0.2921875 0.571875 0.06015625 0.03984375
0 0.25 0.6203125 0.0703125 0.04921875
0 0.378125 0.59609375 0.06171875 0.06015625
0 0.3390625 0.65078125 0.0703125 0.05859375
0 0.4578125 0.6203125 0.0703125 0.05390625
0 0.41484375 0.6828125 0.0640625 0.05
0 0.5078125 0.71875 0.08125 0.06015625
0 0.5421875 0.6421875 0.06015625 0.05546875
0 0.59296875 0.73359375 0.07421875 0.0640625
0 0.63671875 0.675 0.08125 0.05234375